"Certaines données sont associées à l'ancienne version du formulaire incendie. Consultez la documentation pour plus d'informations."
"Nombre d'incendies suivant les critères de sélection : 28691"
"Critères de sélection =>";"Date de première alerte, de : 2014-01-01 00:00:00";"Date de première alerte, jusqu'à : 2024-12-31 23:59:00";"Surface min (m2) : 1 inclus";"Surface max (m2) : 100000000 inclus";"Zone : 13";"Type de feu : F"
Année;Numéro;Département;"Code INSEE";"Nom de la commune";"Date de première alerte";"Surface parcourue (m2)";"Surface forêt (m2)";"Surface maquis garrigues (m2)";"Autres surfaces naturelles hors forêt (m2)";"Surfaces agricoles (m2)";"Autres surfaces (m2)";"Surface autres terres boisées (m2)";"Surfaces non boisées naturelles (m2)";"Surfaces non boisées artificialisées (m2)";"Surfaces non boisées (m2)";"Précision des surfaces";"Type de peuplement";Nature;"Décès ou bâtiments touchés";"Nombre de décès";"Nombre de bâtiments totalement détruits";"Nombre de bâtiments partiellement détruits";"Précision de la donnée"
2014;6330;"66";"66190";"Salses-le-Château";"2014-01-02 14:56:00";10000;;10000;;;;;;;;;"1";"Involontaire (particulier)";;;;;""
2014;2369;"06";"06074";"Lantosque";"2014-01-07 13:50:00";48400;;48400;;;;;;;;;"1";;;;;;""
2014;2546;"2A";"2A139";"Lecci";"2014-01-09 16:14:00";10;;;;;;;;;;;;;;;;;""
2014;6;"65";"65173";"Esterre";"2014-01-10 20:04:00";10000;10000;;0;;;0;0;0;0;"Estimées";;;;;;;""
2014;8243;"2B";"2B058";"Canari";"2014-01-11 14:00:00";100;;;;;;;;;;;;;;;;;""
2014;7;"65";"65233";"Jarret";"2014-01-12 16:41:00";200;0;;200;;;200;0;0;0;"Estimées";;;;;;;""
2014;1997;"30";"30051";"Branoux-les-Taillades";"2014-01-13 19:24:00";2500;;;;;;;;;;;;;;;;;""
2014;6439;"66";"66196";"Sorède";"2014-01-17 16:40:00";10000;;10000;;;;;;;;;"1";"Involontaire (travaux)";;;;;""
2014;6002;"2B";"2B242";"Poggio-Mezzana";"2014-01-18 14:57:00";3000;0;3000;;;;;;;0;;"1";;;;;;""
2014;1986;"06";"06122";"Saint-Jeannet";"2014-01-26 12:21:00";3000;;3000;;;;;;;;;"1";"Malveillance";;;;;""
2014;5239;"2B";"2B036";"Bigorno";"2014-01-26 13:29:00";10000;0;10000;;;;;;;0;;"1";;;;;;""
2014;5458;"2B";"2B341";"Venaco";"2014-01-26 13:58:00";5000;0;5000;;;;;;;0;;"1";;;;;;""
2014;6548;"66";"66037";"Canet-en-Roussillon";"2014-01-26 16:14:00";15000;;15000;;;;;;;;;"1";"Malveillance";;;;;""
2014;5567;"2B";"2B346";"Vescovato";"2014-01-26 19:04:00";30000;;;;;;;;;;;"3";;;;;;""
2014;6658;"83";"83090";"Ollioules";"2014-01-27 11:11:00";250;250;;;;;;;;;;"4";"Malveillance";;;;;""
2014;2008;"06";"06074";"Lantosque";"2014-01-27 12:00:00";36000;;36000;;;;;;;;;"1";"Malveillance";;;;;""
2014;7643;"2B";"2B195";"Ortiporio";"2014-01-27 14:52:00";700;;;;;;;;;;;;;;;;;""
2014;10;"65";"65078";"Beaudéan";"2014-02-06 19:04:00";25000;10000;;15000;;;15000;0;0;0;"Estimées";;;;;;;""
2014;869;"41";"41232";"Salbris";"2014-02-07 10:02:00";6500;6500;;0;;;0;0;0;0;"Estimées";;"Accidentelle";;;;;""
2014;8360;"2B";"2B273";"Scata";"2014-02-07 14:14:00";10;;;;;;;;;;;;;;;;;""
2014;2514;"66";"66069";"Espira-de-l'Agly";"2014-02-11 13:55:00";20000;;20000;;;;;;;;;"1";"Involontaire (particulier)";;;;;""
2014;3812;"34";"34075";"Cesseras";"2014-02-12 14:10:00";9500;2000;7500;;;;;;;;;"1";"Malveillance";;;;;""
2014;5039;"11";"11014";"Armissan";"2014-02-12 17:23:00";15321;;15321;;;;;;;;;"1";"Involontaire (travaux)";;;;;""
2014;2525;"66";"66134";"Passa";"2014-02-13 13:10:00";10000;;10000;;;;;;;;;"1";"Involontaire (particulier)";;;;;""
2014;5050;"11";"11145";"Fleury";"2014-02-13 15:20:00";6000;;;;;;;;;;;;"Involontaire (travaux)";;;;;""
2014;2536;"66";"66183";"Saint-Marsal";"2014-02-13 15:41:00";1000;1000;;;;;;;;;;"3";;;;;;""
2014;2547;"66";"66190";"Salses-le-Château";"2014-02-13 19:02:00";200000;;200000;;;;;;;;;"1";"Involontaire (particulier)";;;;;""
2014;1311;"33";"33544";"Le Verdon-sur-Mer";"2014-02-14 03:28:00";40;40;;0;;;0;;;0;;;;;;;;""
2014;2558;"2B";"2B145";"Loreto-di-Casinca";"2014-02-14 12:40:00";1600;;;;;;;;;;;"1";;;;;;""
2014;2569;"2B";"2B145";"Loreto-di-Casinca";"2014-02-14 13:14:00";5000;0;5000;;;;;;;0;;"1";;;;;;""
2014;2580;"2B";"2B274";"Scolca";"2014-02-14 18:09:00";500;0;500;;;;;;;0;;"1";;;;;;""
2014;5061;"11";"11295";"Portel-des-Corbières";"2014-02-14 19:33:00";3000;;;;;;;;;;;;"Involontaire (travaux)";;;;;""
2014;5072;"11";"11203";"Lézignan-Corbières";"2014-02-17 11:52:00";500;;;;;;;;;;;;"Malveillance";;;;;""
2014;2768;"2B";"2B096";"Corte";"2014-02-17 12:08:00";20;0;20;;;;;;;0;;"1";"Involontaire (particulier)";;;;;""
2014;5083;"11";"11203";"Lézignan-Corbières";"2014-02-17 15:46:00";50;;;;;;;;;;;;"Malveillance";;;;;""
2014;4375;"34";"34319";"Vailhan";"2014-02-17 16:18:00";5000;;5000;;;;;;;;;"1";"Malveillance";;;;;""
2014;2548;"2A";"2A040";"Bocognano";"2014-02-18 15:52:00";1000;;;;;;;;;;;;;;;;;""
2014;3343;"34";"34245";"Saint-Chinian";"2014-02-19 16:33:00";800;800;;;;;;;;;;"4";"Malveillance";;;;;""
2014;2011;"11";"11360";"Saint-Nazaire-d'Aude";"2014-02-22 13:19:00";4000;;;;;;;;;;;;"Involontaire (travaux)";;;;;""
2014;2010;"11";"11132";"Fabrezan";"2014-02-22 15:31:00";7000;;;;;;;;;;;;"Involontaire (travaux)";;;;;""
2014;29;"63";"63127";"Creste";"2014-02-23 12:47:00";1149;0;;1149;;;1149;0;0;0;"Mesurées";;"Involontaire (particulier)";;;;;""
2014;3789;"48";"48163";"Saint-Julien-des-Points";"2014-02-23 13:31:00";2500;2500;;;;;;;;;;"5";"Involontaire (travaux)";;;;;""
2014;5017;"06";"06074";"Lantosque";"2014-02-23 14:53:00";5000;;5000;;;;;;;;;"1";;;;;;""
2014;3332;"34";"34170";"Montouliers";"2014-02-23 14:54:00";92000;50000;42000;;;;;;;;;"4";"Involontaire (particulier)";;;;;""
2014;16;"65";"65382";"Sacoué";"2014-02-23 22:55:00";10000;4000;;6000;;;6000;0;0;0;"Estimées";;;;;;;""
2014;5028;"06";"06153";"Valdeblore";"2014-02-24 13:13:00";5000;;5000;;;;;;;;;"1";;;;;;""
2014;3074;"06";"06153";"Valdeblore";"2014-02-24 13:13:00";2000;;2000;;;;;;;;;"1";;;;;;""
2014;2549;"2A";"2A040";"Bocognano";"2014-02-25 11:46:00";2000;;;;;;;;;;;;"Malveillance";;;;;""
2014;31;"63";"63335";"Saint-Diéry";"2014-02-25 13:46:00";3706;0;;3706;;;3706;0;0;0;"Mesurées";;"Accidentelle";;;;;""
2014;5094;"11";"11015";"Arques";"2014-02-25 14:53:00";14700;;14700;;;;;;;;;"1";"Involontaire (particulier)";;;;;""
2014;2550;"2A";"2A004";"Ajaccio";"2014-02-25 15:53:00";400;;;;;;;;;;;;;;;;;""
2014;2551;"2A";"2A272";"Sartène";"2014-02-25 16:29:00";30;;;;;;;;;;;;;;;;;""
2014;6132;"66";"66030";"Calce";"2014-02-26 11:43:00";15000;;15000;;;;;;;;;"1";;;;;;""
2014;3919;"2B";"2B143";"Linguizzetta";"2014-02-26 15:43:00";3000;0;3000;;;;;;;0;;"1";;;;;;""
2014;3930;"2B";"2B337";"Valle-di-Rostino";"2014-02-27 16:13:00";30000;0;30000;;;;;;;0;;"1";;;;;;""
2014;3941;"2B";"2B039";"Bisinchi";"2014-02-27 18:18:00";10698;0;10698;;;;;;;0;;"1";;;;;;""
2014;3963;"2B";"2B075";"Casevecchie";"2014-02-27 18:23:00";100;0;100;;;;;;;0;;"1";"Involontaire (travaux)";;;;;""
2014;3985;"2B";"2B346";"Vescovato";"2014-02-27 18:32:00";40000;;;;;;;;;;;"1";;;;;;""
2014;6143;"66";"66176";"Saint-Hippolyte";"2014-03-05 16:11:00";10000;;10000;;;;;;;;;"1";"Involontaire (travaux)";;;;;""
2014;8451;"34";"34190";"Oupia";"2014-03-05 22:27:00";150;;150;;;;;;;;;"1";"Malveillance";;;;;""
2014;6154;"66";"66014";"Baixas";"2014-03-06 06:42:00";10000;;10000;;;;;;;;;"1";;;;;;""
2014;8315;"48";"48148";"Saint-Étienne-Vallée-Française";"2014-03-06 10:55:00";1000;;;;;;;;;;;"1";"Accidentelle";;;;;""
2014;5105;"48";"48080";"Langogne";"2014-03-06 13:41:00";5200;;5200;;;;;;;;;"1";;;;;;""
2014;2552;"2A";"2A092";"Conca";"2014-03-07 13:09:00";50;;;;;;;;;;;;"Involontaire (particulier)";;;;;""
2014;1959;"34";"34147";"Magalas";"2014-03-07 13:44:00";20000;;20000;;;;;;;;;"1";"Malveillance";;;;;""
2014;2038;"04";"04020";"Barles";"2014-03-07 14:27:00";23100;23100;;;;;;;;;;"4";"Involontaire (travaux)";;;;;""
2014;5205;"48";"48194";"Vialas";"2014-03-07 14:28:00";5800;5700;100;;;;;;;;;"3";"Involontaire (particulier)";;;;;""
2014;8418;"48";"48004";"Altier";"2014-03-07 16:42:00";48000;;48000;;;;;;;;;"1";"Involontaire (travaux)";;;;;""
2014;3075;"06";"06072";"Ilonse";"2014-03-07 18:39:00";2500;;2500;;;;;;;;;"1";;;;;;""
2014;43;"82";"82013";"Beaumont-de-Lomagne";"2014-03-07 19:51:00";30;0;;30;;;30;0;0;0;"Estimées";;;;;;;""
2014;5384;"48";"48178";"Saint-Privat-de-Vallongue";"2014-03-08 10:38:00";14200;;14200;;;;;;;;;"1";"Involontaire (particulier)";;;;;""
2014;2553;"2A";"2A212";"Piana";"2014-03-08 12:50:00";200;;;;;;;;;;;"1";;;;;;""
2014;5617;"2B";"2B235";"Pioggiola";"2014-03-08 13:17:00";3000;;;;;;;;;;;;;;;;;""
2014;7033;"04";"04088";"Forcalquier";"2014-03-08 13:28:00";3300;;;;;;;;;;;;;;;;;""
2014;37;"68";"68294";"Sainte-Croix-aux-Mines";"2014-03-08 13:28:00";100;100;;0;;;0;0;0;0;"Estimées";;;;;;;""
2014;2012;"11";"11075";"Castans";"2014-03-08 13:46:00";29000;;;;;;;;;;;;"Involontaire (travaux)";;;;;""
2014;8313;"48";"48148";"Saint-Étienne-Vallée-Française";"2014-03-08 14:28:00";1400;1400;;;;;;;;;;"2";"Involontaire (particulier)";;;;;""
2014;5628;"2B";"2B049";"Calenzana";"2014-03-08 14:46:00";450;450;0;;;;;;;0;;"1";;;;;;""
2014;33;"63";"63076";"Chambon-sur-Dolore";"2014-03-08 15:08:00";700;0;;700;;;700;0;0;0;"Mesurées";;"Involontaire (particulier)";;;;;""
2014;8453;"34";"34105";"Fouzilhon";"2014-03-08 15:10:00";42600;2600;20000;;;;;;;20000;;"1";"Malveillance";;;;;""
2014;1910;"63";"63163";"Gelles";"2014-03-08 15:45:00";3728;0;;3728;;;3728;0;0;0;"Mesurées";;;;;;;""
2014;1911;"63";"63145";"Égliseneuve-des-Liards";"2014-03-08 15:56:00";776;776;;0;;;0;0;0;0;"Mesurées";;"Accidentelle";;;;;""
2014;2013;"11";"11303";"Puivert";"2014-03-08 16:15:00";300;;;;;;;;;;;;"Involontaire (particulier)";;;;;""
2014;730;"16";"16384";"Touvérac";"2014-03-08 16:17:00";60000;60000;;0;;;0;0;0;0;"Estimées";;;;;;;""
2014;8303;"48";"48036";"Cassagnas";"2014-03-08 16:34:00";4300;;4300;;;;;;;;;"1";"Involontaire (travaux)";;;;;""
2014;8339;"34";"34045";"Cabrières";"2014-03-08 16:50:00";75000;30000;30000;;;;;;;15000;;"1";"Involontaire (travaux)";;;;;""
2014;99;"15";"15149";"Paulhenc";"2014-03-08 16:50:00";10000;0;;10000;;;10000;0;0;0;"Estimées";;;;;;;""
2014;20;"43";"43192";"Saint-Haon";"2014-03-08 17:42:00";33700;5000;;5000;;;5000;23700;0;23700;"Mesurées";;"Involontaire (travaux)";;;;;""
2014;8454;"34";"34092";"Cruzy";"2014-03-09 11:10:00";3600;1000;2600;;;;;;;;;"1";"Involontaire (travaux)";;;;;""
2014;5639;"2B";"2B286";"Sorbo-Ocagnano";"2014-03-09 11:29:00";3000;3000;0;;;;;;;0;;"3";;;;;;""
2014;5240;"07";"07161";"Montpezat-sous-Bauzon";"2014-03-09 11:38:00";1500;1500;;;;;;;;;;"5";"Involontaire (particulier)";;;;;""
2014;5251;"07";"07184";"Pranles";"2014-03-09 12:07:00";45000;45000;;;;;;;;;;"5";"Involontaire (particulier)";;;;;""
2014;36;"63";"63453";"Vertaizon";"2014-03-09 12:21:00";2035;1035;;1000;;;1000;0;0;0;"Mesurées";;;;;;;""
2014;21;"43";"43216";"Saint-Paulien";"2014-03-09 12:50:00";28700;28700;;0;;;0;0;0;0;"Mesurées";;"Involontaire (travaux)";;;;;""
2014;5183;"83";"83016";"Le Beausset";"2014-03-09 13:13:00";500;500;;;;;;;;;;"5";"Involontaire (particulier)";;;;;""
2014;2554;"2A";"2A212";"Piana";"2014-03-09 15:01:00";2000;;;;;;;;;;;"2";"Involontaire (particulier)";;;;;""
2014;73;"65";"65176";"Ferrières";"2014-03-09 16:06:00";100;0;;100;;;100;0;0;0;"Estimées";;;;;;;""
2014;1774;"24";"24016";"Augignac";"2014-03-09 16:22:00";10000;10000;;0;;;0;;;0;;;;;;;;""
2014;24;"43";"43229";"Saint-Vidal";"2014-03-09 16:47:00";5400;0;;5400;;;5400;0;0;0;"Estimées";;;;;;;""
2014;65;"65";"65233";"Jarret";"2014-03-09 17:26:00";10000;0;;10000;;;10000;0;0;0;"Estimées";;;;;;;""
2014;45;"82";"82051";"Durfort-Lacapelette";"2014-03-09 17:28:00";800;0;;800;;;800;0;0;0;"Estimées";;"Accidentelle";;;;;""
2014;1470;"47";"47049";"Casseneuil";"2014-03-09 17:52:00";200;200;;0;;;0;;;0;;;;;;;;""
2014;1310;"33";"33389";"Saint-Ciers-sur-Gironde";"2014-03-09 18:20:00";320;320;;0;;;0;;;0;;;"Malveillance";;;;;""
2014;562;"86";"86279";"Vaux-sur-Vienne";"2014-03-10 00:00:00";40000;40000;;0;;;0;0;0;0;"Estimées";;;;;;;"Données partielles ou non valides"
2014;5650;"2B";"2B283";"Solaro";"2014-03-10 00:21:00";7000;7000;0;;;;;;;0;;"4";"Malveillance";;;;;""
2014;1304;"33";"33436";"Saint-Magne";"2014-03-10 09:13:00";50;50;;0;;;0;;;0;;;"Accidentelle";;;;;""
2014;5373;"48";"48173";"Saint-Michel-de-Dèze";"2014-03-10 11:30:00";4200;4000;200;;;;;;;;;"5";"Involontaire (particulier)";;;;;""
2014;1773;"24";"24576";"Veyrines-de-Vergt";"2014-03-10 11:46:00";800;800;;0;;;0;;;0;;;"Involontaire (particulier)";;;;;""
2014;74;"65";"65045";"Aucun";"2014-03-10 11:52:00";20;0;;20;;;20;0;0;0;"Estimées";;;;;;;""
2014;75;"65";"65111";"Bulan";"2014-03-10 12:00:00";300;0;;300;;;300;0;0;0;"Estimées";;;;;;;""
2014;5661;"2B";"2B170";"Morsiglia";"2014-03-10 12:38:00";60000;0;60000;;;;;;;0;;"1";"Malveillance";;;;;""
2014;1772;"24";"24557";"Trélissac";"2014-03-10 12:49:00";3000;3000;;0;;;0;;;0;;;;;;;;""
2014;2014;"11";"11322";"Roquefort-des-Corbières";"2014-03-10 13:01:00";3450;;;;;;;;;;;;"Involontaire (travaux)";;;;;""
2014;5;"81";"81105";"Graulhet";"2014-03-10 14:09:00";15000;0;;15000;;;15000;0;0;0;"Estimées";;"Naturelle";;;;;""
2014;6057;"34";"34338";"Villeneuvette";"2014-03-10 14:27:00";200;;200;;;;;;;;;"3";"Malveillance";;;;;""
2014;8456;"34";"34279";"Saint-Nazaire-de-Ladarez";"2014-03-10 14:41:00";13100;3100;10000;;;;;;;;;"1";"Involontaire (travaux)";;;;;""
2014;8455;"34";"34201";"Pierrerue";"2014-03-10 14:41:00";5000;2000;3000;;;;;;;;;"1";"Involontaire (travaux)";;;;;""
2014;5673;"2B";"2B350";"Vignale";"2014-03-10 15:38:00";3100;0;3100;;;;;;;0;;"1";;;;;;""
2014;8457;"34";"34144";"Lunas";"2014-03-10 15:47:00";8000;;8000;;;;;;;;;"1";"Involontaire (travaux)";;;;;""
2014;46;"82";"82056";"Espinas";"2014-03-10 15:47:00";20000;0;;20000;;;20000;0;0;0;"Estimées";;"Involontaire (travaux)";;;;;""
2014;1303;"33";"33537";"Uzeste";"2014-03-10 16:21:00";10000;10000;;0;;;0;;;0;;;"Accidentelle";;;;;""
2014;1302;"33";"33051";"Biganos";"2014-03-10 16:35:00";10000;10000;;0;;;0;;;0;;;;;;;;""
2014;6058;"34";"34197";"Péret";"2014-03-10 16:46:00";22000;10000;10000;;;;;;;2000;;"1";"Malveillance";;;;;""
2014;5684;"2B";"2B042";"Borgo";"2014-03-10 16:46:00";50;0;50;;;;;;;0;;"1";;;;;;""
2014;1912;"77";"77386";"Recloses";"2014-03-10 18:01:00";15000;15000;;0;;;0;0;0;0;"Estimées";;;;;;;""
2014;2015;"11";"11272";"Palaja";"2014-03-10 18:08:00";7244;;;;;;;;;;;;"Malveillance";;;;;""
2014;100;"15";"15149";"Paulhenc";"2014-03-10 18:53:00";16000;0;;16000;;;16000;0;0;0;"Estimées";;;;;;;""
2014;5284;"07";"07018";"Astet";"2014-03-10 19:25:00";10000;;10000;;;;;;;;;"1";"Malveillance";;;;;""
2014;5695;"2B";"2B214";"Piano";"2014-03-10 19:44:00";300;;;;;;;;;;;;;;;;;""
2014;66;"65";"65193";"Gembrie";"2014-03-10 21:16:00";100;0;;100;;;100;0;0;0;"Estimées";;;;;;;""
2014;1301;"33";"33212";"Labescau";"2014-03-11 12:40:00";60000;60000;;0;;;0;;;0;;;"Involontaire (particulier)";;;;;""
2014;8465;"34";"34268";"Saint-Jean-de-la-Blaquière";"2014-03-11 13:19:00";27400;;27400;;;;;;;;;"1";"Involontaire (travaux)";;;;;""
2014;870;"41";"41243";"Selommes";"2014-03-11 15:40:00";30000;30000;;0;;;0;0;0;0;"Estimées";;;;;;;""
2014;2470;"04";"04104";"Limans";"2014-03-11 15:58:00";10600;10600;;;;;;;;;;"5";"Involontaire (travaux)";;;;;""
2014;7909;"30";"30306";"Salinelles";"2014-03-11 16:55:00";866;;;;;;;;;;;"1";"Involontaire (particulier)";;;;;""
2014;1300;"33";"33233";"Laruscade";"2014-03-11 22:51:00";8000;8000;;0;;;0;;;0;;;;;;;;""
2014;2472;"04";"04049";"Château-Arnoux-Saint-Auban";"2014-03-12 11:38:00";260;;260;;;;;;;;;"1";"Malveillance";;;;;""
2014;873;"41";"41043";"Châtillon-sur-Cher";"2014-03-12 13:24:00";10000;0;;10000;;;10000;0;0;0;"Estimées";;;;;;;""
2014;5717;"2B";"2B120";"Furiani";"2014-03-12 13:38:00";20000;;;;;;;;;;;;;;;;;""
2014;5706;"2B";"2B188";"Olmeta-di-Tuda";"2014-03-12 13:38:00";150;0;150;;;;;;;0;;"1";"Involontaire (particulier)";;;;;""
2014;2555;"2A";"2A345";"Vero";"2014-03-12 14:24:00";6000;;;;;;;;;;;;;;;;;""
2014;76;"65";"65228";"Ilhet";"2014-03-12 14:27:00";1000;0;;1000;;;1000;0;0;0;"Estimées";;;;;;;""
2014;5408;"26";"26143";"Le Grand-Serre";"2014-03-12 14:28:00";50000;;;;;;;;;;;"1";;;;;;""
2014;533;"12";"12223";"Sainte-Geneviève-sur-Argence";"2014-03-12 15:10:00";10000;0;;10000;;;10000;0;0;0;"Estimées";;;;;;;""
2014;5728;"2B";"2B274";"Scolca";"2014-03-12 15:10:00";2000;2000;0;;;;;;;0;;"3";;;;;;""
2014;871;"41";"41149";"Montoire-sur-le-Loir";"2014-03-12 16:23:00";20000;20000;;0;;;0;0;0;0;"Estimées";;;;;;;""
2014;5606;"07";"07322";"Thueyts";"2014-03-12 16:27:00";60000;;60000;;;;;;;;;"1";"Malveillance";;;;;""
2014;2016;"11";"11386";"Talairan";"2014-03-12 17:42:00";2000;;;;;;;;;;;;"Involontaire (travaux)";;;;;""
2014;5739;"2B";"2B185";"Oletta";"2014-03-12 17:55:00";3000;0;3000;;;;;;;0;;"1";;;;;;""
2014;5750;"2B";"2B188";"Olmeta-di-Tuda";"2014-03-12 18:22:00";2000;0;2000;;;;;;;0;;"1";;;;;;""
2014;5761;"2B";"2B148";"Lucciana";"2014-03-12 18:25:00";30000;30000;0;;;;;;;0;;"3";;;;;;""
2014;1873;"40";"40158";"Losse";"2014-03-13 03:45:00";10000;4000;;0;;;0;;;6000;;;;;;;;""
2014;5925;"2B";"2B335";"Valle-di-Campoloro";"2014-03-13 12:20:00";1000;0;1000;;;;;;;0;;"1";;;;;;""
2014;1765;"24";"24364";"Saint-Amand-de-Coly";"2014-03-13 12:42:00";500;500;;0;;;0;;;0;;;"Involontaire (travaux)";;;;;""
2014;1764;"24";"24294";"Montpon-Ménestérol";"2014-03-13 13:16:00";5000;5000;;0;;;0;;;0;;;"Involontaire (particulier)";;;;;""
2014;884;"12";"12145";"Millau";"2014-03-13 13:39:00";40000;0;;40000;;;40000;0;0;0;"Estimées";;"Involontaire (particulier)";;;;;""
2014;2781;"34";"34092";"Cruzy";"2014-03-13 13:52:00";4000;4000;;;;;;;;;;"4";"Involontaire (travaux)";;;;;""
2014;5958;"07";"07003";"Aizac";"2014-03-13 14:02:00";50000;50000;;;;;;;;;;"5";"Involontaire (particulier)";;;;;""
2014;1297;"33";"33508";"Savignac";"2014-03-13 14:22:00";10000;10000;;0;;;0;;;0;;;;;;;;""
2014;5969;"07";"07224";"Saint-Cirgues-en-Montagne";"2014-03-13 15:09:00";5000;;5000;;;;;;;;;"1";"Involontaire (particulier)";;;;;""
2014;1464;"47";"47168";"Miramont-de-Guyenne";"2014-03-13 16:11:00";50;50;;0;;;0;;;0;;;"Involontaire (travaux)";;;;;""
2014;8365;"34";"34286";"Saint-Privat";"2014-03-13 16:30:00";16700;10000;6700;;;;;;;;;"5";"Involontaire (particulier)";;;;;""
2014;1762;"24";"24522";"Sarrazac";"2014-03-13 18:15:00";40000;40000;;0;;;0;;;0;;;;;;;;""
2014;874;"41";"41046";"Chaumont-sur-Tharonne";"2014-03-13 18:29:00";20000;20000;;0;;;0;0;0;0;"Estimées";;;;;;;""
2014;525;"12";"12226";"Saint-Hippolyte";"2014-03-13 19:25:00";50000;500;;0;;;0;49500;0;49500;"Estimées";;;;;;;""
2014;535;"12";"12076";"Conques";"2014-03-13 21:34:00";2000;0;;2000;;;2000;0;0;0;"Estimées";;;;;;;""
2014;6231;"2B";"2B029";"Barbaggio";"2014-03-14 10:35:00";150;0;150;;;;;;;0;;"1";;;;;;""
2014;6035;"05";"05017";"La Bâtie-Neuve";"2014-03-14 11:26:00";10000;;;;;;;;;;;;;;;;;""
2014;1463;"47";"47106";"Fumel";"2014-03-14 12:23:00";200;200;;0;;;0;;;0;;;"Involontaire (travaux)";;;;;""
2014;6242;"2B";"2B214";"Piano";"2014-03-14 13:13:00";12000;;;;;;;;;;;;;;;;;""
2014;1761;"24";"24294";"Montpon-Ménestérol";"2014-03-14 13:22:00";2000;2000;;0;;;0;;;0;;;"Involontaire (particulier)";;;;;""
2014;567;"12";"12192";"Mounes-Prohencoux";"2014-03-14 13:38:00";10005;0;;10005;;;10005;0;0;0;"Estimées";;"Malveillance";;;;;""
2014;758;"12";"12019";"Balaguier-sur-Rance";"2014-03-14 14:33:00";20000;0;;20000;;;20000;0;0;0;"Estimées";;;;;;;""
2014;6264;"06";"06070";"Gréolières";"2014-03-14 15:31:00";45600;45600;;;;;;;;;;"2";"Involontaire (particulier)";;;;;""
2014;759;"12";"12198";"Rieupeyroux";"2014-03-14 15:59:00";500;0;;500;;;500;0;0;0;"Estimées";;;;;;;""
2014;8589;"48";"48138";"Saint-Bonnet-de-Chirac";"2014-03-14 16:00:00";30000;;;;;;;;;;;"1";"Involontaire (travaux)";;;;;""
2014;6253;"2B";"2B246";"La Porta";"2014-03-14 16:08:00";1000;;;;;;;;;;;;;;;;;""
2014;8458;"34";"34225";"Puisserguier";"2014-03-14 16:33:00";12700;10000;2700;;;;;;;;;"3";"Involontaire (travaux)";;;;;""
2014;6275;"2B";"2B242";"Poggio-Mezzana";"2014-03-14 17:49:00";7000;;;;;;;;;;;"1";;;;;;""
2014;6451;"07";"07153";"Mayres";"2014-03-14 21:20:00";10000;;10000;;;;;;;;;"1";"Malveillance";;;;;""
2014;2758;"34";"34158";"Minerve";"2014-03-15 08:43:00";60000;20000;40000;;;;;;;;;"1";"Malveillance";;;;;""
2014;6472;"07";"07240";"Saint-Georges-les-Bains";"2014-03-15 09:57:00";12500;12500;;;;;;;;;;"5";;;;;;""
2014;2017;"11";"11145";"Fleury";"2014-03-15 10:23:00";2000;;;;;;;;;;;;"Involontaire (travaux)";;;;;""
2014;6286;"2B";"2B245";"Porri";"2014-03-15 10:24:00";20000;;;;;;;;;;;"1";;;;;;""
2014;2018;"11";"11124";"Durban-Corbières";"2014-03-15 11:11:00";1;;;;;;;;;;;;"Involontaire (particulier)";;;;;""
2014;6296;"2B";"2B148";"Lucciana";"2014-03-15 11:50:00";2000;;;;;;;;;;;"3";;;;;;""
2014;2487;"04";"04112";"Manosque";"2014-03-15 12:05:00";7500;;7500;;;;;;;;;"1";"Involontaire (particulier)";;;;;""
2014;6976;"2B";"2B223";"Pietralba";"2014-03-15 12:50:00";20000;0;20000;;;;;;;0;;"1";;;;;;""
2014;6988;"2B";"2B046";"Cagnano";"2014-03-15 16:14:00";600;0;600;;;;;;;0;;"1";"Malveillance";;;;;""
2014;8314;"48";"48148";"Saint-Étienne-Vallée-Française";"2014-03-15 19:13:00";1700;1700;;;;;;;;;;"5";"Accidentelle";;;;;""
2014;8460;"34";"34190";"Oupia";"2014-03-15 20:21:00";77800;60000;17800;;;;;;;;;"4";"Malveillance";;;;;""
2014;761;"12";"12225";"Saint-Georges-de-Luzençon";"2014-03-15 23:04:00";100;0;;100;;;100;0;0;0;"Estimées";;;;;;;""
2014;8289;"48";"48158";"Saint-Hilaire-de-Lavit";"2014-03-15 23:55:00";17200;17100;100;;;;;;;;;"5";;;;;;""
2014;8297;"06";"06153";"Valdeblore";"2014-03-16 10:46:00";10600;1600;;;;;;;;9000;;"4";"Involontaire (particulier)";;;;;""
2014;101;"15";"15187";"Saint-Flour";"2014-03-16 11:17:00";3000;0;;3000;;;3000;0;0;0;"Estimées";;;;;;;""
2014;78;"65";"65096";"Bonnemazon";"2014-03-16 11:27:00";100;0;;100;;;100;0;0;0;"Estimées";;;;;;;""
2014;6307;"2B";"2B280";"Silvareccio";"2014-03-16 13:16:00";1500;;;;;;;;;;;;;;;;;""
2014;1760;"24";"24421";"Saint-Geyrac";"2014-03-16 14:04:00";30000;30000;;0;;;0;;;0;;;;;;;;""
2014;2557;"2A";"2A040";"Bocognano";"2014-03-16 15:41:00";2500;;;;;;;;;;;"1";"Involontaire (particulier)";;;;;""
2014;6164;"66";"66141";"Pia";"2014-03-16 16:25:00";10000;;10000;;;;;;;;;"1";"Involontaire (travaux)";;;;;""
2014;8476;"34";"34130";"Laurens";"2014-03-16 16:51:00";8300;;8300;;;;;;;;;"1";"Malveillance";;;;;""
2014;8293;"48";"48112";"Pierrefiche";"2014-03-16 19:15:00";950;;950;;;;;;;;;"1";"Involontaire (travaux)";;;;;""
2014;69;"65";"65127";"Capvern";"2014-03-16 20:35:00";10000;0;;10000;;;10000;0;0;0;"Estimées";;;;;;;""
2014;70;"65";"65162";"Esconnets";"2014-03-16 21:43:00";150;0;;150;;;150;0;0;0;"Estimées";;;;;;;""
2014;8477;"34";"34028";"Bédarieux";"2014-03-17 04:20:00";22200;2200;10000;;;;;;;10000;;"1";"Involontaire (travaux)";;;;;""
2014;2351;"06";"06074";"Lantosque";"2014-03-17 10:40:00";700300;260000;40000;;;;;;;400300;;"4";"Malveillance";;;;;""
2014;6461;"05";"05017";"La Bâtie-Neuve";"2014-03-17 11:13:00";70000;70000;0;;;;;;;0;;"4";;;;;;""
2014;80;"65";"65147";"Cieutat";"2014-03-17 13:39:00";300;0;;300;;;300;0;0;0;"Estimées";;;;;;;""
2014;6813;"66";"66084";"Fourques";"2014-03-17 14:09:00";30000;30000;;;;;;;;;;"3";"Involontaire (travaux)";;;;;""
2014;8288;"48";"48111";"Pelouse";"2014-03-17 14:47:00";3900;3700;;;;;;;;200;;"4";"Involontaire (travaux)";;;;;""
2014;81;"65";"65279";"Lortet";"2014-03-17 14:58:00";500;0;;500;;;500;0;0;0;"Estimées";;;;;;;""
2014;6999;"2B";"2B147";"Lozzi";"2014-03-17 16:05:00";150;;;;;;;;;;;"1";;;;;;""
2014;2559;"2A";"2A040";"Bocognano";"2014-03-17 16:14:00";400;;;;;;;;;;;;"Involontaire (particulier)";;;;;""
2014;8485;"34";"34339";"Villespassans";"2014-03-17 16:30:00";1000;;1000;;;;;;;;;"1";"Malveillance";;;;;""
2014;2020;"11";"11010";"Antugnac";"2014-03-17 16:41:00";2000;;;;;;;;;;;;"Accidentelle";;;;;""
2014;569;"12";"12037";"Broquiès";"2014-03-17 16:54:00";200;0;;200;;;200;0;0;0;"Estimées";;"Accidentelle";;;;;""
2014;537;"12";"12285";"Vabre-Tizac";"2014-03-17 20:53:00";1000;0;;1000;;;1000;0;0;0;"Estimées";;"Malveillance";;;;;""
2014;570;"12";"12285";"Vabre-Tizac";"2014-03-17 20:56:00";1000;0;;1000;;;1000;0;0;0;"Estimées";;"Accidentelle";;;;;""
2014;2560;"2A";"2A114";"Figari";"2014-03-18 12:12:00";200;;;;;;;;;;;"1";"Accidentelle";;;;;""
2014;7220;"30";"30052";"Bréau-et-Salagosse";"2014-03-18 13:55:00";41099;;;;;;;;;;;"5";;;;;;""
2014;2500;"04";"04097";"La Javie";"2014-03-18 14:17:00";52000;52000;;;;;;;;;;"4";"Involontaire (travaux)";;;;;""
2014;8301;"48";"48172";"Saint-Maurice-de-Ventalon";"2014-03-18 14:27:00";172000;85000;87000;;;;;;;;;"1";"Involontaire (travaux)";;;;;""
2014;2562;"2A";"2A117";"Forciolo";"2014-03-18 14:43:00";10000;;;;;;;;;;;"1";"Involontaire (particulier)";;;;;""
2014;737;"88";"88085";"Champdray";"2014-03-18 15:54:00";10000;10000;;0;;;0;0;0;0;"Estimées";;;;;;;""
2014;738;"88";"88160";"Épinal";"2014-03-18 16:01:00";10000;10000;;0;;;0;0;0;0;"Estimées";;;;;;;""
2014;8482;"34";"34245";"Saint-Chinian";"2014-03-18 16:52:00";4100;2000;2100;;;;;;;;;"1";"Involontaire (travaux)";;;;;""
2014;8290;"48";"48051";"Le Collet-de-Dèze";"2014-03-18 17:19:00";105;;;;;;;;;;;"2";"Involontaire (particulier)";;;;;""
2014;8480;"34";"34147";"Magalas";"2014-03-18 20:00:00";12000;;12000;;;;;;;;;"1";"Malveillance";;;;;""
2014;7010;"2B";"2B354";"Vivario";"2014-03-18 20:34:00";30;0;30;;;;;;;0;;"4";"Involontaire (travaux)";;;;;""
2014;8479;"34";"34020";"Azillanet";"2014-03-18 23:18:00";1100;1100;;;;;;;;;;"1";"Malveillance";;;;;""
2014;8483;"34";"34289";"Saint-Thibéry";"2014-03-19 10:17:00";1600;;1600;;;;;;;;;"1";"Involontaire (travaux)";;;;;""
2014;7142;"07";"07156";"Meyras";"2014-03-19 11:19:00";60000;60000;;;;;;;;;;"1";;;;;;""
2014;7153;"07";"07210";"Saint-Andéol-de-Vals";"2014-03-19 11:49:00";300000;280000;20000;;;;;;;;;"2";"Involontaire (travaux)";;;;;""
2014;7395;"66";"66144";"Pollestres";"2014-03-19 13:18:00";5000;5000;;;;;;;;;;"4";;;;;;""
2014;7164;"07";"07244";"Saint-Jean-Chambre";"2014-03-19 13:57:00";8000;8000;;;;;;;;;;"5";"Involontaire (particulier)";;;;;""
2014;8302;"48";"48115";"Le Pompidou";"2014-03-19 13:58:00";1100;100;1000;;;;;;;;;"1";"Involontaire (particulier)";;;;;""
2014;7405;"66";"66024";"Le Boulou";"2014-03-19 14:15:00";3000;3000;;;;;;;;;;"3";;;;;;""
2014;156;"28";"28084";"Chartainvilliers";"2014-03-19 15:26:00";10000;0;;10000;;;10000;0;0;0;"Estimées";;;;;;;""
2014;7428;"66";"66072";"Estavar";"2014-03-19 15:33:00";100000;50000;50000;;;;;;;;;"4";"Involontaire (travaux)";;;;;""
2014;8298;"06";"06013";"Belvédère";"2014-03-19 15:45:00";77400;;77400;;;;;;;;;"1";"Malveillance";;;;;""
2014;1758;"24";"24223";"Lalinde";"2014-03-19 16:05:00";40000;40000;;0;;;0;;;0;;;;;;;;""
2014;8292;"48";"48088";"La Malène";"2014-03-19 16:41:00";11000;;11000;;;;;;;;;"1";"Involontaire (particulier)";;;;;""
2014;8291;"48";"48095";"Mende";"2014-03-19 16:51:00";2700;2700;;;;;;;;;;"4";"Malveillance";;;;;""
2014;2021;"11";"11393";"Tourouzelle";"2014-03-19 17:40:00";2500;;;;;;;;;;;;"Involontaire (travaux)";;;;;""
2014;7076;"2B";"2B337";"Valle-di-Rostino";"2014-03-19 18:17:00";500;0;500;;;;;;;0;;"1";;;;;;""
2014;102;"15";"15045";"Chaudes-Aigues";"2014-03-19 18:55:00";30000;0;;30000;;;30000;0;0;0;"Estimées";;"Involontaire (travaux)";;;;;""
2014;7087;"2B";"2B124";"Ghisoni";"2014-03-19 20:06:00";200;200;0;;;;;;;0;;"4";"Involontaire (travaux)";;;;;""
2014;739;"88";"88351";"Plombières-les-Bains";"2014-03-20 10:07:00";4000;4000;;0;;;0;0;0;0;"Estimées";;;;;;;""
2014;7175;"07";"07192";"Rochepaule";"2014-03-20 11:50:00";5000;1000;3000;;;;;;;1000;;"6";"Accidentelle";;;;;""
2014;904;"45";"45314";"Sully-la-Chapelle";"2014-03-20 12:11:00";20000;20000;;0;;;0;0;0;0;"Estimées";;;;;;;""
2014;8389;"2B";"2B046";"Cagnano";"2014-03-20 12:37:00";5;5;0;;;;;;;0;;"3";"Involontaire (travaux)";;;;;""
2014;740;"88";"88160";"Épinal";"2014-03-20 12:40:00";5000;5000;;0;;;0;0;0;0;"Estimées";;;;;;;""
2014;2564;"2A";"2A035";"Belvédère-Campomoro";"2014-03-20 14:01:00";200;;;;;;;;;;;;"Involontaire (particulier)";;;;;""
2014;71;"65";"65352";"Ouzous";"2014-03-20 14:24:00";150000;0;;150000;;;150000;0;0;0;"Estimées";;"Involontaire (travaux)";;;;;""
2014;520;"16";"16068";"Cellefrouin";"2014-03-20 16:28:00";20000;20000;;0;;;0;0;0;0;"Estimées";;;;;;;""
2014;5574;"2A";"2A359";"Zicavo";"2014-03-20 16:38:00";600;;600;;;;;;;;;"1";"Malveillance";;;;;""
2014;103;"15";"15251";"Védrines-Saint-Loup";"2014-03-20 17:20:00";60000;0;;60000;;;60000;0;0;0;"Estimées";;"Accidentelle";;;;;""
2014;189;"15";"15149";"Paulhenc";"2014-03-20 19:51:00";60000;0;;60000;;;60000;0;0;0;"Estimées";;"Involontaire (travaux)";;;;;""
2014;190;"15";"15215";"Saint-Simon";"2014-03-20 20:00:00";10000;0;;10000;;;10000;0;0;0;"Estimées";;;;;;;""
2014;8391;"2B";"2B171";"Muracciole";"2014-03-20 20:35:00";800;;;;;;;;;;;"5";"Involontaire (particulier)";;;;;""
2014;82;"65";"65040";"Aspin-en-Lavedan";"2014-03-20 22:13:00";30000;0;;25000;;;25000;5000;0;5000;"Estimées";;;;;;;""
2014;7416;"07";"07100";"Gravières";"2014-03-21 13:44:00";50;50;;;;;;;;;;"4";;;;;;""
2014;2022;"11";"11203";"Lézignan-Corbières";"2014-03-21 14:53:00";100;;;;;;;;;;;;"Malveillance";;;;;""
2014;2023;"11";"11203";"Lézignan-Corbières";"2014-03-21 14:53:00";500;;;;;;;;;;;;"Malveillance";;;;;""
2014;84;"65";"65166";"Espèche";"2014-03-21 15:25:00";30000;30000;;0;;;0;0;0;0;"Estimées";;;;;;;""
2014;85;"65";"65140";"Cazaux-Debat";"2014-03-21 15:50:00";10000;0;;5000;;;5000;5000;0;5000;"Estimées";;;;;;;""
2014;1872;"40";"40296";"Seignosse";"2014-03-21 16:00:00";500;500;;0;;;0;;;0;;;"Involontaire (travaux)";;;;;""
2014;87;"65";"65432";"Soublecause";"2014-03-21 18:44:00";20000;0;;5000;;;5000;5000;10000;15000;"Estimées";;;;;;;""
2014;764;"12";"12208";"Saint-Affrique";"2014-03-21 19:19:00";1;0;;1;;;1;0;0;0;"Estimées";;"Involontaire (particulier)";;;;;""
2014;2565;"2A";"2A001";"Afa";"2014-03-22 14:02:00";2000;;;;;;;;;;;;;;;;;""
2014;2566;"2A";"2A359";"Zicavo";"2014-03-22 15:45:00";500;;;;;;;;;;;"1";;;;;;""
2014;8394;"2B";"2B230";"Piève";"2014-03-22 16:48:00";5;0;5;;;;;;;0;;"1";"Malveillance";;;;;""
2014;8395;"2B";"2B242";"Poggio-Mezzana";"2014-03-24 12:58:00";20000;;;;;;;;;;;;;;;;;""
2014;6977;"34";"34189";"Olonzac";"2014-03-24 15:55:00";800;;800;;;;;;;;;"1";"Malveillance";;;;;""
2014;2135;"34";"34114";"Gignac";"2014-03-24 21:25:00";4200;1000;3200;;;;;;;;;"4";"Involontaire (travaux)";;;;;""
2014;8397;"2B";"2B214";"Piano";"2014-03-25 13:39:00";1000;;;;;;;;;;;;;;;;;""
2014;2140;"34";"34341";"Villeveyrac";"2014-03-25 17:36:00";25000;500;16500;;;;;;;8000;;"5";"Involontaire (travaux)";;;;;""
2014;1286;"33";"33322";"Le Pian-Médoc";"2014-03-27 19:46:00";300;300;;0;;;0;;;0;;;;;;;;""
2014;2141;"34";"34210";"Le Pouget";"2014-03-28 12:33:00";2600;;2600;;;;;;;;;"1";"Involontaire (travaux)";;;;;""
2014;8509;"34";"34158";"Minerve";"2014-03-28 13:50:00";1000;;1000;;;;;;;;;"1";"Involontaire (particulier)";;;;;""
2014;8475;"34";"34162";"Montagnac";"2014-03-28 13:52:00";200;;200;;;;;;;;;"1";"Involontaire (travaux)";;;;;""
2014;1756;"24";"24183";"Fleurac";"2014-03-28 15:18:00";5000;5000;;0;;;0;;;0;;;;;;;;""
2014;2851;"11";"11202";"Leucate";"2014-03-28 17:05:00";50;;;;;;;;;;;;"Malveillance";;;;;""
2014;8372;"66";"66008";"Argelès-sur-Mer";"2014-03-29 04:56:00";9000;9000;;;;;;;;;;"4";"Involontaire (particulier)";;;;;""
2014;3076;"06";"06065";"La Gaude";"2014-03-29 10:03:00";3000;;3000;;;;;;;;;"2";"Involontaire (travaux)";;;;;""
2014;872;"41";"41249";"Souesmes";"2014-03-29 13:02:00";10000;10000;;0;;;0;0;0;0;"Estimées";;;;;;;""
2014;1754;"24";"24008";"Angoisse";"2014-03-29 14:53:00";5000;5000;;0;;;0;;;0;;;;;;;;""
2014;526;"71";"71373";"Romenay";"2014-03-29 15:14:00";200;200;;0;;;0;0;0;0;"Estimées";;;;;;;"Données partielles ou non valides"
2014;876;"68";"68063";"Cernay";"2014-03-29 16:35:00";20000;20000;;0;;;0;0;0;0;"Estimées";;;;;;;""
2014;1753;"24";"24306";"Nastringues";"2014-03-29 17:59:00";2500;2500;;0;;;0;;;0;;;;;;;;""
2014;3077;"06";"06074";"Lantosque";"2014-03-29 22:00:00";4000;;4000;;;;;;;;;"1";;;;;;""
2014;2738;"34";"34061";"Causses-et-Veyran";"2014-03-30 12:00:00";105000;;105000;;;;;;;;;"1";"Involontaire (travaux)";;;;;""
2014;91;"38";"38027";"Barraux";"2014-03-30 15:31:00";70000;70000;;0;;;0;0;0;0;"Estimées";;;;;;;""
2014;8429;"06";"06024";"Briançonnet";"2014-03-31 12:30:00";48900;;48900;;;;;;;;;"1";;;;;;""
2014;2371;"06";"06104";"Roquebrune-Cap-Martin";"2014-03-31 12:59:00";8000;;8000;;;;;;;;;"1";"Involontaire (particulier)";;;;;""
2014;7034;"04";"04076";"Entrevaux";"2014-03-31 14:33:00";10900;;;;;;;;;;;;;;;;;""
2014;2568;"2A";"2A308";"Sainte-Lucie-de-Tallano";"2014-03-31 15:32:00";2500;;;;;;;;;;;"1";"Involontaire (particulier)";;;;;""
2014;8432;"2B";"2B242";"Poggio-Mezzana";"2014-03-31 15:50:00";15000;;;;;;;;;;;;;;;;;""
2014;157;"28";"28323";"Saint-Ange-et-Torçay";"2014-03-31 18:23:00";3000;0;;3000;;;3000;0;0;0;"Estimées";;;;;;;""
2014;334;"70";"70575";"Voray-sur-l'Ognon";"2014-03-31 21:30:00";2500;2500;;0;;;0;0;0;0;"Estimées";;;;;;;""
2014;90;"25";"25318";"Jougne";"2014-04-01 11:45:00";690;690;;0;;;0;0;0;0;"Estimées";;"Involontaire (particulier)";;;;;""
2014;1871;"40";"40053";"Bourriot-Bergonce";"2014-04-01 13:41:00";2500;2500;;0;;;0;;;0;;;"Involontaire (travaux)";;;;;""
2014;191;"15";"15186";"Sainte-Eulalie";"2014-04-01 13:46:00";10000;0;;10000;;;10000;0;0;0;"Estimées";;;;;;;""
2014;2024;"11";"11259";"Moussoulens";"2014-04-01 15:35:00";12418;;;;;;;;;;;;"Involontaire (particulier)";;;;;""
2014;360;"65";"65029";"Arras-en-Lavedan";"2014-04-01 17:52:00";100;0;;100;;;100;0;0;0;"Estimées";;;;;;;""
2014;1752;"24";"24428";"Saint-Jory-de-Chalais";"2014-04-01 19:15:00";2000;2000;;0;;;0;;;0;;;;;;;;""
2014;1456;"47";"47186";"Montesquieu";"2014-04-02 14:24:00";30000;30000;;0;;;0;;;0;;;;;;;;""
2014;741;"88";"88319";"Moyenmoutier";"2014-04-02 15:17:00";1000;1000;;0;;;0;0;0;0;"Estimées";;;;;;;""
2014;3561;"2A";"2A117";"Forciolo";"2014-04-03 15:38:00";10000;;;;;;;;;;;"1";"Involontaire (particulier)";;;;;""
2014;3569;"2A";"2A040";"Bocognano";"2014-04-03 17:07:00";500;;500;;;;;;;;;"1";;;;;;""
2014;3782;"2A";"2A031";"Bastelica";"2014-04-03 19:54:00";200;;200;;;;;;;;;"1";"Involontaire (particulier)";;;;;""
2014;3783;"2A";"2A031";"Bastelica";"2014-04-03 22:22:00";1000;;;;;;;;;;;"1";"Involontaire (particulier)";;;;;""
2014;2316;"06";"06017";"Bézaudun-les-Alpes";"2014-04-03 22:54:00";9200;;9200;;;;;;;;;"1";"Malveillance";;;;;""
2014;2853;"11";"11203";"Lézignan-Corbières";"2014-04-05 09:02:00";10;;;;;;;;;;;;"Involontaire (particulier)";;;;;""
2014;2854;"11";"11266";"Port-la-Nouvelle";"2014-04-06 01:21:00";3000;;;;;;;;;;;;;;;;;""
2014;2109;"66";"66103";"Marquixanes";"2014-04-06 13:16:00";15000;;15000;;;;;;;;;"1";;;;;;""
2014;767;"12";"12123";"Lapanouse";"2014-04-06 15:10:00";20000;0;;20000;;;20000;0;0;0;"Estimées";;;;;;;""
2014;192;"15";"15058";"Cros-de-Ronesque";"2014-04-06 15:23:00";10000;0;;10000;;;10000;0;0;0;"Estimées";;"Accidentelle";;;;;""
2014;2124;"06";"06130";"Saint-Vallier-de-Thiey";"2014-04-06 16:48:00";1000;;1000;;;;;;;;;"1";;;;;;""
2014;2123;"06";"06024";"Briançonnet";"2014-04-06 16:48:00";35400;35400;;;;;;;;;;"2";;;;;;""
2014;3245;"13";"13002";"Allauch";"2014-04-06 17:18:00";10;10;;;;;;;;;;"4";;;;;;""
2014;2902;"34";"34204";"Plaissan";"2014-04-06 20:00:00";32000;;32000;;;;;;;;;"1";"Involontaire (travaux)";;;;;""
2014;2317;"06";"06017";"Bézaudun-les-Alpes";"2014-04-06 20:29:00";1000;;1000;;;;;;;;;"1";"Involontaire (travaux)";;;;;""
2014;2094;"07";"07100";"Gravières";"2014-04-07 00:03:00";20;20;;;;;;;;;;"5";;;;;;""
2014;193;"15";"15126";"Molèdes";"2014-04-07 13:10:00";15000;0;;15000;;;15000;0;0;0;"Estimées";;;;;;;""
2014;2331;"34";"34092";"Cruzy";"2014-04-07 13:22:00";800;800;;;;;;;;;;"1";"Accidentelle";;;;;""
2014;2126;"06";"06053";"Daluis";"2014-04-07 14:15:00";650;;650;;;;;;;;;"1";;;;;;""
2014;1749;"24";"24243";"Lisle";"2014-04-07 15:16:00";25000;25000;;0;;;0;;;0;;;;;;;;""
2014;2856;"11";"11386";"Talairan";"2014-04-07 15:29:00";100;;;;;;;;;;;;"Malveillance";;;;;""
2014;571;"12";"12101";"Flagnac";"2014-04-07 16:02:00";15000;0;;15000;;;15000;0;0;0;"Estimées";;;;;;;""
2014;2605;"34";"34281";"Saint-Pargoire";"2014-04-07 16:24:00";15000;5000;10000;;;;;;;;;"5";"Involontaire (travaux)";;;;;""
2014;1452;"47";"47251";"Saint-Léon";"2014-04-07 16:30:00";400;400;;0;;;0;;;0;;;"Involontaire (travaux)";;;;;""
2014;361;"65";"65296";"Madiran";"2014-04-07 17:11:00";10000;0;;1000;;;1000;0;9000;9000;"Estimées";;;;;;;""
2014;769;"12";"12267";"La Selve";"2014-04-07 18:04:00";10;0;;10;;;10;0;0;0;"Estimées";;;;;;;""
2014;1748;"24";"24396";"Saint-Cyprien";"2014-04-07 18:55:00";4000;4000;;0;;;0;;;0;;;"Involontaire (particulier)";;;;;""
2014;2383;"30";"30105";"Dourbies";"2014-04-07 23:21:00";119728;1000;21000;;;;;;;97728;;"1";"Malveillance";;;;;""
2014;3784;"2A";"2A324";"Tavera";"2014-04-08 15:28:00";2500;;;;;;;;;;;;;;;;;""
2014;127;"17";"17236";"Mirambeau";"2014-04-08 21:56:00";6000;6000;;0;;;0;0;0;0;"Estimées";;"Accidentelle";;;;;""
2014;1870;"40";"40178";"Mazerolles";"2014-04-09 12:25:00";2000;2000;;0;;;0;;;0;;;;;;;;""
2014;2365;"06";"06082";"Massoins";"2014-04-09 13:22:00";172200;12000;60200;;;;;;;100000;;"2";"Involontaire (particulier)";;;;;""
2014;2328;"34";"34098";"Ferrals-les-Montagnes";"2014-04-09 15:10:00";5500;5500;;;;;;;;;;"3";"Involontaire (particulier)";;;;;""
2014;6782;"04";"04163";"Revest-du-Bion";"2014-04-09 15:38:00";1400;1400;;;;;;;;;;"6";"Involontaire (particulier)";;;;;""
2014;1746;"24";"24266";"Mensignac";"2014-04-09 15:41:00";30000;30000;;0;;;0;;;0;;;;;;;;""
2014;1745;"24";"24243";"Lisle";"2014-04-09 15:47:00";15000;15000;;0;;;0;;;0;;;;;;;;""
2014;1744;"24";"24266";"Mensignac";"2014-04-09 16:18:00";50000;50000;;0;;;0;;;0;;;;;;;;""
2014;7031;"04";"04123";"Mison";"2014-04-09 16:34:00";3100;;;;;;;;;;;;;;;;;""
2014;2858;"11";"11145";"Fleury";"2014-04-09 16:36:00";3;;;;;;;;;;;;"Involontaire (particulier)";;;;;""
2014;122;"21";"21317";"Is-sur-Tille";"2014-04-09 17:39:00";10000;10000;;0;;;0;0;0;0;"Estimées";;;;;;;""
2014;2129;"2B";"2B188";"Olmeta-di-Tuda";"2014-04-09 17:50:00";40000;0;40000;;;;;;;0;;"1";"Malveillance";;;;;""
2014;1869;"40";"40046";"Biscarrosse";"2014-04-09 18:28:00";500;500;;0;;;0;;;0;;;;;;;;""
2014;2859;"11";"11041";"Bize-Minervois";"2014-04-10 11:17:00";100;;;;;;;;;;;;"Involontaire (particulier)";;;;;""
2014;2136;"83";"83123";"Sanary-sur-Mer";"2014-04-10 12:35:00";1500;1500;;;;;;;;;;"4";"Accidentelle";;;;;""
2014;885;"12";"12051";"Cantoin";"2014-04-10 13:39:00";10000;0;;10000;;;10000;0;0;0;"Estimées";;;;;;;""
2014;128;"17";"17199";"Jussas";"2014-04-10 14:52:00";5000;5000;;0;;;0;0;0;0;"Mesurées";;;;;;;""
2014;194;"15";"15116";"Marchastel";"2014-04-10 15:03:00";30000;0;;30000;;;30000;0;0;0;"Estimées";;;;;;;""
2014;2178;"2B";"2B190";"Olmi-Cappella";"2014-04-10 15:38:00";8500;;;;;;;;;;;;;;;;;""
2014;1280;"33";"33264";"Maransin";"2014-04-10 16:04:00";60000;60000;;0;;;0;;;0;;;;;;;;""
2014;1868;"40";"40287";"Sanguinet";"2014-04-10 17:22:00";1000;1000;;0;;;0;;;0;;;;;;;;""
2014;2329;"34";"34201";"Pierrerue";"2014-04-10 17:36:00";150;150;;;;;;;;;;"3";"Malveillance";;;;;""
2014;3237;"13";"13040";"Fuveau";"2014-04-10 17:46:00";50;20;30;;;;;;;;;"4";"Malveillance";;;;;""
2014;770;"12";"12043";"Calmont";"2014-04-10 20:12:00";2000;0;;2000;;;2000;0;0;0;"Estimées";;;;;;;""
2014;1279;"33";"33233";"Laruscade";"2014-04-10 23:15:00";10000;10000;;0;;;0;;;0;;;;;;;;""
2014;1742;"24";"24330";"Plazac";"2014-04-11 10:34:00";5000;5000;;0;;;0;;;0;;;;;;;;""
2014;742;"88";"88078";"Bruyères";"2014-04-11 13:28:00";3000;3000;;0;;;0;0;0;0;"Estimées";;;;;;;""
2014;1278;"33";"33189";"Gornac";"2014-04-11 16:31:00";100;50;;0;;;0;;;50;;;"Involontaire (travaux)";;;;;""
2014;332;"90";"90053";"Grandvillars";"2014-04-11 16:46:00";8800;8800;;0;;;0;0;0;0;"Estimées";;;;;;;""
2014;2862;"11";"11203";"Lézignan-Corbières";"2014-04-11 20:09:00";100;;;;;;;;;;;;"Involontaire (particulier)";;;;;""
2014;2330;"34";"34245";"Saint-Chinian";"2014-04-12 14:56:00";2500;1000;1500;;;;;;;;;"1";"Involontaire (travaux)";;;;;""
2014;1277;"33";"33170";"Fontet";"2014-04-12 16:05:00";100;100;;0;;;0;;;0;;;"Involontaire (travaux)";;;;;""
2014;3786;"2A";"2A345";"Vero";"2014-04-12 20:27:00";300;;;;;;;;;;;"1";"Accidentelle";;;;;""
2014;1867;"40";"40184";"Mimizan";"2014-04-12 20:39:00";200;200;;0;;;0;;;0;;;;;;;;""
2014;129;"17";"17241";"Montguyon";"2014-04-12 21:41:00";20000;20000;;0;;;0;0;0;0;"Estimées";;;;;;;""
2014;2696;"34";"34092";"Cruzy";"2014-04-13 12:30:00";2500;2500;;;;;;;;;;"4";"Accidentelle";;;;;""
2014;3149;"26";"26289";"Saillans";"2014-04-13 13:26:00";100000;;;;;;;;;;;"4";;;;;;""
2014;2181;"07";"07003";"Aizac";"2014-04-13 14:22:00";10000;10000;;;;;;;;;;"5";"Involontaire (travaux)";;;;;""
2014;1275;"33";"33502";"Saugon";"2014-04-13 16:31:00";12000;12000;;0;;;0;;;0;;;;;;;;""
2014;2427;"30";"30076";"Cavillargues";"2014-04-13 16:42:00";2247;;;;;;;;;;;"4";"Malveillance";;;;;""
2014;1674;"54";"54396";"Neufmaisons";"2014-04-13 17:21:00";20000;20000;;0;;;0;0;0;0;"Mesurées";;;;;;;""
2014;130;"17";"17110";"Clérac";"2014-04-13 17:29:00";500;500;;0;;;0;0;0;0;"Estimées";;;;;;;""
2014;2692;"34";"34201";"Pierrerue";"2014-04-13 17:30:00";210;210;;;;;;;;;;"1";"Malveillance";;;;;""
2014;879;"68";"68112";"Guebwiller";"2014-04-13 18:27:00";10000;10000;;0;;;0;0;0;0;"Estimées";;;;;;;""
2014;2931;"07";"07266";"Sainte-Marguerite-Lafigère";"2014-04-13 22:14:00";1500;1500;;;;;;;;;;"5";;;;;;""
2014;2645;"34";"34226";"Quarante";"2014-04-14 08:17:00";150;150;;;;;;;;;;"4";"Involontaire (travaux)";;;;;""
2014;771;"12";"12262";"Sauveterre-de-Rouergue";"2014-04-14 12:24:00";650;650;;0;;;0;0;0;0;"Estimées";;;;;;;""
2014;743;"88";"88410";"Sainte-Barbe";"2014-04-14 14:37:00";100000;100000;;0;;;0;0;0;0;"Estimées";;;;;;;""
2014;3235;"13";"13040";"Fuveau";"2014-04-14 16:42:00";100;100;;;;;;;;;;"4";"Malveillance";;;;;""
2014;3236;"13";"13040";"Fuveau";"2014-04-14 16:42:00";100;50;50;;;;;;;;;"4";"Malveillance";;;;;""
2014;1451;"47";"47029";"Blanquefort-sur-Briolance";"2014-04-14 16:53:00";60000;60000;;0;;;0;;;0;;;;;;;;""
2014;3240;"13";"13044";"Grans";"2014-04-14 18:10:00";20;20;;;;;;;;;;"4";;;;;;""
2014;362;"65";"65123";"Campan";"2014-04-14 18:31:00";100;0;;100;;;100;0;0;0;"Estimées";;;;;;;""
2014;772;"12";"12215";"Saint-Christophe-Vallon";"2014-04-14 18:44:00";20000;0;;20000;;;20000;0;0;0;"Estimées";;;;;;;""
2014;773;"12";"12017";"Ayssènes";"2014-04-14 18:49:00";20000;20000;;0;;;0;0;0;0;"Estimées";;;;;;;""
2014;2646;"34";"34092";"Cruzy";"2014-04-15 04:03:00";2400;2000;400;;;;;;;;;"4";"Involontaire (travaux)";;;;;""
2014;2324;"30";"30076";"Cavillargues";"2014-04-15 09:53:00";1508;0;;;;;;;;;;"2";"Involontaire (travaux)";;;;;""
2014;1739;"24";"24377";"Saint-Avit-de-Vialard";"2014-04-15 10:25:00";500;500;;0;;;0;;;0;;;;;;;;""
2014;572;"12";"12123";"Lapanouse";"2014-04-15 10:53:00";40000;0;;40000;;;40000;0;0;0;"Estimées";;"Accidentelle";;;;;""
2014;774;"12";"12196";"Recoules-Prévinquières";"2014-04-15 10:59:00";60000;60000;;0;;;0;0;0;0;"Estimées";;;;;;;""
2014;729;"16";"16347";"Saint-Romain";"2014-04-15 11:07:00";30000;30000;;0;;;0;0;0;0;"Estimées";;;;;;;""
2014;1272;"33";"33019";"Audenge";"2014-04-15 11:12:00";2000;1000;;0;;;0;;;1000;;;"Involontaire (particulier)";;;;;""
2014;6783;"04";"04148";"Peyroules";"2014-04-15 11:29:00";40000;40000;;;;;;;;;;"4";"Involontaire (travaux)";;;;;""
2014;2390;"48";"48186";"La Salle-Prunet";"2014-04-15 13:02:00";23000;23000;;;;;;;;;;"2";"Involontaire (particulier)";;;;;""
2014;2305;"48";"48005";"Antrenas";"2014-04-15 13:26:00";1000;1000;;;;;;;;;;"3";"Involontaire (travaux)";;;;;""
2014;1738;"24";"24293";"Monplaisant";"2014-04-15 14:42:00";500;500;;0;;;0;;;0;;;;;;;;""
2014;137;"43";"43211";"Saint-Maurice-de-Lignon";"2014-04-15 15:05:00";6200;6200;;0;;;0;0;0;0;"Mesurées";;;;;;;""
2014;3787;"2A";"2A024";"Aullène";"2014-04-15 15:24:00";40;;;;;;;;;;;"1";"Involontaire (particulier)";;;;;""
2014;2312;"07";"07118";"Laboule";"2014-04-15 15:43:00";400;400;;;;;;;;;;"3";"Involontaire (particulier)";;;;;""
2014;2315;"07";"07323";"Toulaud";"2014-04-15 16:33:00";400;400;;;;;;;;;;"3";"Involontaire (travaux)";;;;;""
2014;1737;"24";"24239";"Ligueux";"2014-04-15 16:41:00";25000;25000;;0;;;0;;;0;;;"Accidentelle";;;;;""
2014;2301;"2B";"2B167";"Montegrosso";"2014-04-15 17:03:00";3000;;;;;;;;;;;"1";"Involontaire (travaux)";;;;;""
2014;126;"81";"81077";"Curvalle";"2014-04-15 17:10:00";1000;0;;1000;;;1000;0;0;0;"Estimées";;"Malveillance";;;;;""
2014;2302;"2B";"2B167";"Montegrosso";"2014-04-15 17:12:00";2000;0;2000;;;;;;;0;;"1";"Involontaire (travaux)";;;;;""
2014;2304;"2B";"2B167";"Montegrosso";"2014-04-15 20:23:00";400;0;400;;;;;;;0;;"1";"Involontaire (travaux)";;;;;""
2014;158;"28";"28214";"La Loupe";"2014-04-16 02:03:00";300;0;;300;;;300;0;0;0;"Estimées";;;;;;;""
2014;195;"15";"15257";"Vezels-Roussy";"2014-04-16 09:13:00";80000;0;;80000;;;80000;0;0;0;"Estimées";;;;;;;""
2014;1865;"40";"40019";"Aureilhan";"2014-04-16 11:19:00";2000;2000;;0;;;0;;;0;;;"Involontaire (particulier)";;;;;""
2014;1864;"40";"40326";"Vielle-Saint-Girons";"2014-04-16 11:19:00";50;50;;0;;;0;;;0;;;"Involontaire (travaux)";;;;;""
2014;744;"88";"88410";"Sainte-Barbe";"2014-04-16 12:09:00";30000;30000;;0;;;0;0;0;0;"Estimées";;;;;;;""
2014;1913;"77";"77186";"Fontainebleau";"2014-04-16 12:50:00";65000;65000;;0;;;0;0;0;0;"Mesurées";;;;;;;""
2014;159;"28";"28404";"Vernouillet";"2014-04-16 14:47:00";500;0;;500;;;500;0;0;0;"Estimées";;;;;;;""
2014;2327;"30";"30007";"Alès";"2014-04-16 14:59:00";10853;;;;;;;;;;;"5";"Malveillance";;;;;""
2014;903;"45";"45096";"Les Choux";"2014-04-16 15:33:00";40000;40000;;0;;;0;0;0;0;"Estimées";;;;;;;""
2014;2326;"30";"30334";"Uzès";"2014-04-16 15:51:00";5000;;;;;;;;;;;"1";"Involontaire (particulier)";;;;;""
2014;2648;"34";"34178";"Murviel-lès-Béziers";"2014-04-16 16:26:00";30000;10000;20000;;;;;;;;;"1";"Involontaire (particulier)";;;;;""
2014;147;"82";"82107";"Maumusson";"2014-04-16 16:33:00";10000;0;;10000;;;10000;0;0;0;"Estimées";;;;;;;""
2014;573;"12";"12248";"Saint-Sernin-sur-Rance";"2014-04-16 16:56:00";10000;0;;10000;;;10000;0;0;0;"Estimées";;;;;;;""
2014;2611;"34";"34215";"Pouzols";"2014-04-16 17:07:00";6200;2000;4200;;;;;;;;;"1";"Involontaire (particulier)";;;;;""
2014;574;"12";"12184";"Pomayrols";"2014-04-16 17:13:00";10000;0;;10000;;;10000;0;0;0;"Estimées";;;;;;;""
2014;775;"12";"12184";"Pomayrols";"2014-04-16 17:18:00";10000;10000;;0;;;0;0;0;0;"Mesurées";;;;;;;""
2014;1449;"47";"47077";"Cuzorn";"2014-04-16 17:40:00";5000;5000;;0;;;0;;;0;;;"Involontaire (travaux)";;;;;""
2014;160;"28";"28348";"Saint-Lubin-des-Joncherets";"2014-04-16 19:06:00";800;0;;800;;;800;0;0;0;"Estimées";;;;;;;""
2014;731;"16";"16294";"Saint-Amant";"2014-04-16 20:00:00";15000;0;;15000;;;15000;0;0;0;"Estimées";;;;;;;""
2014;2323;"84";"84102";"Roussillon";"2014-04-16 20:28:00";4000;;;;;;;;;;;;;;;;;""
2014;168;"70";"70120";"Champagney";"2014-04-17 14:00:00";5200;5200;;0;;;0;0;0;0;"Mesurées";;;;;;;""
2014;2338;"30";"30269";"Saint-Jean-du-Gard";"2014-04-17 14:51:00";29955;;;;;;;;;;;"4";"Involontaire (particulier)";;;;;""
2014;3790;"2A";"2A254";"Quenza";"2014-04-17 15:48:00";100;;;;;;;;;;;;;;;;;""
2014;1207;"33";"33229";"Lanton";"2014-04-17 16:12:00";15000;15000;;0;;;0;;;0;;;;;;;;""
2014;776;"12";"12151";"Montézic";"2014-04-17 16:19:00";200;0;;200;;;200;0;0;0;"Estimées";;;;;;;""
2014;1860;"40";"40217";"Parentis-en-Born";"2014-04-17 16:48:00";5000;5000;;0;;;0;;;0;;;;;;;;""
2014;2333;"2B";"2B059";"Canavaggia";"2014-04-17 17:00:00";1000;0;1000;;;;;;;0;;"1";;;;;;""
2014;134;"43";"43186";"Saint-Front";"2014-04-17 17:37:00";8400;0;;5000;;;5000;3400;0;3400;"Mesurées";;"Malveillance";;;;;""
2014;777;"12";"12151";"Montézic";"2014-04-17 18:30:00";10000;10000;;0;;;0;0;0;0;"Estimées";;;;;;;""
2014;2334;"2B";"2B343";"Venzolasca";"2014-04-17 19:32:00";10000;0;10000;;;;;;;0;;"1";;;;;;""
2014;1859;"40";"40192";"Mont-de-Marsan";"2014-04-17 23:10:00";15000;15000;;0;;;0;;;0;;;;;;;;""
2014;2649;"34";"34319";"Vailhan";"2014-04-18 07:06:00";17000;7000;10000;;;;;;;;;"1";"Malveillance";;;;;""
2014;2865;"11";"11344";"Saint-Hilaire";"2014-04-18 14:17:00";150;;;;;;;;;;;;"Involontaire (travaux)";;;;;""
2014;3241;"13";"13038";"Fontvieille";"2014-04-18 14:27:00";2200;1700;300;;;;;;;200;;"4";"Involontaire (travaux)";;;;;""
2014;196;"15";"15105";"Leyvaux";"2014-04-18 15:08:00";15000;0;;15000;;;15000;0;0;0;"Estimées";;;;;;;""
2014;2979;"30";"30269";"Saint-Jean-du-Gard";"2014-04-18 15:26:00";1426;;;;;;;;;;;"4";"Involontaire (travaux)";;;;;""
2014;1858;"40";"40028";"Bastennes";"2014-04-18 15:37:00";1000;1000;;0;;;0;;;0;;;;;;;;""
2014;2366;"07";"07184";"Pranles";"2014-04-18 15:46:00";15000;;15000;;;;;;;;;"1";"Involontaire (travaux)";;;;;""
2014;139;"81";"81163";"Mazamet";"2014-04-18 15:54:00";20000;0;;20000;;;20000;0;0;0;"Estimées";;;;;;;""
2014;2353;"2B";"2B145";"Loreto-di-Casinca";"2014-04-18 16:05:00";10300;;;;;;;;;;;"1";;;;;;""
2014;164;"28";"28134";"Dreux";"2014-04-18 16:29:00";30000;0;;30000;;;30000;0;0;0;"Estimées";;;;;;;""
2014;161;"28";"28113";"Coulombs";"2014-04-18 17:16:00";2500;0;;2500;;;2500;0;0;0;"Estimées";;;;;;;""
2014;1735;"24";"24249";"Manaurie";"2014-04-18 17:50:00";30000;30000;;0;;;0;;;0;;;;;;;;""
2014;1448;"47";"47026";"Beauziac";"2014-04-18 18:04:00";20000;20000;;0;;;0;;;0;;;;;;;;""
2014;1734;"24";"24377";"Saint-Avit-de-Vialard";"2014-04-18 18:47:00";10000;10000;;0;;;0;;;0;;;;;;;;""
2014;2868;"11";"11396";"Trausse";"2014-04-19 01:42:00";2000;;;;;;;;;;;;"Malveillance";;;;;""
2014;1733;"24";"24002";"Agonac";"2014-04-19 09:50:00";200;200;;0;;;0;;;0;;;;;;;;""
2014;5409;"26";"26377";"Vinsobres";"2014-04-19 11:47:00";5000;;;;;;;;;;;"4";;;;;;""
2014;2354;"2B";"2B126";"Giuncaggio";"2014-04-19 12:17:00";300;;;;;;;;;;;"1";;;;;;""
2014;165;"17";"17033";"La Barde";"2014-04-19 14:26:00";7500;7500;;0;;;0;0;0;0;"Estimées";;;;;;;""
2014;2355;"2B";"2B361";"Zilia";"2014-04-19 14:27:00";500;500;0;;;;;;;0;;"4";"Involontaire (travaux)";;;;;""
2014;2367;"07";"07281";"Saint-Péray";"2014-04-19 15:42:00";2000;1000;1000;;;;;;;;;"1";;;;;;""
2014;1855;"40";"40151";"Lesgor";"2014-04-19 17:24:00";5000;5000;;0;;;0;;;0;;;"Involontaire (travaux)";;;;;""
2014;3246;"13";"13002";"Allauch";"2014-04-19 18:42:00";200;200;;;;;;;;;;"4";;;;;;""
2014;166;"17";"17225";"Les Mathes";"2014-04-19 20:21:00";800;800;;0;;;0;0;0;0;"Estimées";;;;;;;""
2014;1204;"33";"33316";"Pellegrue";"2014-04-19 20:23:00";300;225;;0;;;0;;;75;;;"Involontaire (travaux)";;;;;""
2014;902;"45";"45122";"Dampierre-en-Burly";"2014-04-19 21:34:00";500;500;;0;;;0;0;0;0;"Estimées";;;;;;;""
2014;779;"12";"12123";"Lapanouse";"2014-04-19 21:43:00";10000;0;;10000;;;10000;0;0;0;"Estimées";;;;;;;""
2014;527;"71";"71153";"Le Creusot";"2014-04-20 15:41:00";3500;3500;;0;;;0;0;0;0;"Estimées";;;;;;;"Données partielles ou non valides"
2014;162;"28";"28001";"Abondant";"2014-04-22 15:24:00";11000;6000;;5000;;;5000;0;0;0;"Estimées";;;;;;;""
2014;2928;"48";"48198";"Villefort";"2014-04-23 11:51:00";2400;;2400;;;;;;;;;"1";"Involontaire (travaux)";;;;;""
2014;1200;"33";"33422";"Saint-Jean-d'Illac";"2014-04-23 14:48:00";3000;1500;;0;;;0;;;1500;;;"Involontaire (particulier)";;;;;""
2014;2406;"83";"83009";"Bandol";"2014-04-23 15:40:00";5000;5000;;;;;;;;;;"4";"Involontaire (particulier)";;;;;""
2014;1199;"33";"33095";"Captieux";"2014-04-23 16:02:00";1000000;300000;;0;;;0;;;700000;;;"Involontaire (particulier)";;;;;""
2014;1196;"33";"33312";"Parempuyre";"2014-04-23 21:04:00";6000;6000;;0;;;0;;;0;;;;;;;;""
2014;2875;"11";"11203";"Lézignan-Corbières";"2014-04-24 14:26:00";3000;;;;;;;;;;;;"Accidentelle";;;;;""
2014;2460;"83";"83090";"Ollioules";"2014-04-24 14:36:00";1000;;1000;;;;;;;;;"1";"Malveillance";;;;;""
2014;3708;"66";"66225";"Villelongue-dels-Monts";"2014-04-24 16:14:00";10000;;10000;;;;;;;;;"1";;;;;;""
2014;1195;"33";"33452";"Saint-Michel-de-Rieufret";"2014-04-24 22:01:00";50;50;;0;;;0;;;0;;;;;;;;""
2014;163;"28";"28289";"Ormoy";"2014-04-25 17:30:00";150;0;;150;;;150;0;0;0;"Estimées";;;;;;;""
2014;6059;"34";"34116";"Grabels";"2014-04-26 15:44:00";8000;8000;;;;;;;;;;"4";"Involontaire (particulier)";;;;;""
2014;2860;"06";"06162";"La Brigue";"2014-04-26 16:31:00";900;;900;;;;;;;;;"1";"Involontaire (particulier)";;;;;""
2014;2606;"66";"66008";"Argelès-sur-Mer";"2014-04-26 16:50:00";10000;;10000;;;;;;;;;"1";;;;;;""
2014;2698;"48";"48155";"Saint-Germain-de-Calberte";"2014-04-26 17:27:00";750;750;;;;;;;;;;"2";"Naturelle";;;;;""
2014;2608;"83";"83123";"Sanary-sur-Mer";"2014-04-28 13:09:00";300;300;;;;;;;;;;"4";"Malveillance";;;;;""
2014;2617;"2B";"2B123";"Ghisonaccia";"2014-04-28 15:43:00";15000;;;;;;;;;;;;"Malveillance";;;;;""
2014;2906;"34";"34045";"Cabrières";"2014-04-29 12:34:00";81600;10000;10500;;;;;;;61100;;"1";"Involontaire (particulier)";;;;;""
2014;3792;"2A";"2A362";"Zonza";"2014-04-29 14:51:00";30;;;;;;;;;;;;;;;;;""
2014;6784;"04";"04197";"Sainte-Tulle";"2014-04-29 17:02:00";43600;43600;;;;;;;;;;"4";"Involontaire (particulier)";;;;;""
2014;2656;"83";"83046";"Cotignac";"2014-04-29 18:19:00";2000;2000;;;;;;;;;;"6";"Involontaire (particulier)";;;;;""
2014;2639;"2B";"2B347";"Vezzani";"2014-04-29 21:16:00";100;0;100;;;;;;;0;;"1";;;;;;""
2014;3364;"11";"11027";"Barbaira";"2014-04-30 12:46:00";50;;;;;;;;;;;;"Involontaire (particulier)";;;;;""
2014;3259;"13";"13069";"Pélissanne";"2014-04-30 16:36:00";800;400;400;;;;;;;;;"4";;;;;;""
2014;3367;"11";"11202";"Leucate";"2014-04-30 17:31:00";500;;;;;;;;;;;;"Malveillance";;;;;""
2014;3368;"11";"11077";"Castelnau-d'Aude";"2014-05-01 16:03:00";1281;;;;;;;;;;;;"Involontaire (particulier)";;;;;""
2014;4954;"30";"30269";"Saint-Jean-du-Gard";"2014-05-01 16:09:00";619;;;;;;;;;;;"1";"Involontaire (particulier)";;;;;""
2014;6785;"04";"04081";"Esparron-de-Verdon";"2014-05-01 18:21:00";420;420;;;;;;;;;;"5";"Involontaire (travaux)";;;;;""
2014;2885;"84";"84026";"Cadenet";"2014-05-02 13:24:00";20000;;;;;;;;;;;;;;;;;""
2014;3315;"84";"84024";"Cabrières-d'Aigues";"2014-05-03 13:20:00";2700;;;;;;;;;;;;;;;;;""
2014;2903;"34";"34159";"Mireval";"2014-05-03 15:30:00";5200;2000;1000;;;;;;;2200;;"1";"Involontaire (particulier)";;;;;""
2014;2879;"11";"11203";"Lézignan-Corbières";"2014-05-03 16:14:00";600;;;;;;;;;;;;"Malveillance";;;;;""
2014;3817;"2A";"2A017";"Appietto";"2014-05-05 13:25:00";300;;;;;;;;;;;;"Involontaire (particulier)";;;;;""
2014;167;"17";"17380";"Saint-Palais-sur-Mer";"2014-05-05 14:45:00";200;200;;0;;;0;0;0;0;"Estimées";;;;;;;""
2014;2929;"48";"48198";"Villefort";"2014-05-05 15:32:00";1100;1100;;;;;;;;;;"5";;;;;;""
2014;3818;"2A";"2A362";"Zonza";"2014-05-06 14:46:00";400;;;;;;;;;;;;;;;;;""
2014;3369;"11";"11144";"Fitou";"2014-05-06 21:10:00";50;;;;;;;;;;;;"Involontaire (particulier)";;;;;""
2014;4955;"30";"30284";"Saint-Martin-de-Valgalgues";"2014-05-07 14:26:00";7611;;;;;;;;;;;"4";;;;;;""
2014;3819;"2A";"2A249";"Propriano";"2014-05-07 16:52:00";3000;;;;;;;;;;;"1";"Involontaire (travaux)";;;;;""
2014;2925;"34";"34208";"Popian";"2014-05-08 08:07:00";20000;5000;;;;;;;;15000;;"1";"Involontaire (travaux)";;;;;""
2014;1853;"40";"40217";"Parentis-en-Born";"2014-05-08 08:47:00";150;150;;0;;;0;;;0;;;;;;;;""
2014;3370;"11";"11024";"Bages";"2014-05-08 10:18:00";300;;;;;;;;;;;;"Involontaire (travaux)";;;;;""
2014;3371;"11";"11024";"Bages";"2014-05-08 13:22:00";500;;;;;;;;;;;;"Involontaire (travaux)";;;;;""
2014;2926;"34";"34208";"Popian";"2014-05-08 15:55:00";36700;5000;6700;;;;;;;25000;;"3";"Involontaire (travaux)";;;;;""
2014;1192;"33";"33199";"Gujan-Mestras";"2014-05-08 18:32:00";5;5;;0;;;0;;;0;;;;;;;;""
2014;3087;"2B";"2B037";"Biguglia";"2014-05-09 14:50:00";4000;;;;;;;;;;;"1";;;;;;""
2014;2973;"66";"66093";"Laroque-des-Albères";"2014-05-09 14:59:00";15000;15000;;;;;;;;;;"3";;;;;;""
2014;3238;"13";"13040";"Fuveau";"2014-05-09 17:40:00";800;400;400;;;;;;;;;"4";"Malveillance";;;;;""
2014;2961;"83";"83143";"Le Val";"2014-05-09 18:20:00";45000;45000;;;;;;;;;;"5";"Involontaire (particulier)";;;;;""
2014;2962;"83";"83137";"Toulon";"2014-05-10 07:34:00";200;200;;;;;;;;;;"4";"Malveillance";;;;;""
2014;3088;"2B";"2B224";"Pietracorbara";"2014-05-10 12:47:00";2000;;;;;;;;;;;;;;;;;""
2014;3821;"2A";"2A288";"Sotta";"2014-05-10 13:10:00";150;;;;;;;;;;;"1";"Involontaire (particulier)";;;;;""
2014;3073;"06";"06074";"Lantosque";"2014-05-11 12:31:00";600;;600;;;;;;;;;"1";;;;;;""
2014;3270;"30";"30201";"Ponteils-et-Brésis";"2014-05-11 16:17:00";15000;;;;;;;;;;;;"Involontaire (particulier)";;;;;""
2014;3242;"13";"13063";"Miramas";"2014-05-11 16:31:00";200;100;100;;;;;;;;;"4";"Malveillance";;;;;""
2014;3079;"06";"06114";"Saint-André-de-la-Roche";"2014-05-11 16:44:00";18700;18700;;;;;;;;;;"1";"Involontaire (particulier)";;;;;""
2014;1190;"33";"33336";"Préchac";"2014-05-11 17:00:00";1000;1000;;0;;;0;;;0;;;;;;;;""
2014;3991;"34";"34069";"Cazouls-lès-Béziers";"2014-05-11 19:06:00";1000;;1000;;;;;;;;;"1";"Involontaire (particulier)";;;;;""
2014;1189;"33";"33238";"Léognan";"2014-05-12 08:40:00";1500;1500;;0;;;0;;;0;;;"Malveillance";;;;;""
2014;3200;"07";"07244";"Saint-Jean-Chambre";"2014-05-12 11:13:00";1000;1000;;;;;;;;;;"2";;;;;;""
2014;2970;"83";"83090";"Ollioules";"2014-05-12 13:13:00";400;400;;;;;;;;;;"5";"Malveillance";;;;;""
2014;3080;"06";"06088";"Nice";"2014-05-12 13:58:00";200;;200;;;;;;;;;"1";"Involontaire (travaux)";;;;;""
2014;3822;"2A";"2A139";"Lecci";"2014-05-12 14:38:00";800;;;;;;;;;;;;"Involontaire (travaux)";;;;;""
2014;2971;"83";"83129";"Six-Fours-les-Plages";"2014-05-12 14:58:00";600;600;;;;;;;;;;"4";"Malveillance";;;;;""
2014;3090;"2B";"2B292";"Sant'Andréa-di-Bozio";"2014-05-12 16:01:00";524;0;524;;;;;;;0;;"1";;;;;;""
2014;3091;"2B";"2B292";"Sant'Andréa-di-Bozio";"2014-05-12 16:01:00";10;10;0;;;;;;;0;;"1";;;;;;""
2014;3239;"13";"13040";"Fuveau";"2014-05-12 17:22:00";400;200;200;;;;;;;;;"4";"Malveillance";;;;;""
2014;3002;"07";"07002";"Ailhon";"2014-05-12 18:32:00";500;500;;;;;;;;;;"4";"Involontaire (particulier)";;;;;""
2014;3082;"06";"06088";"Nice";"2014-05-13 07:45:00";100;;100;;;;;;;;;"1";"Involontaire (travaux)";;;;;""
2014;3092;"2B";"2B352";"Ville-di-Paraso";"2014-05-13 09:45:00";20000;;;;;;;;;;;"1";;;;;;""
2014;6063;"34";"34123";"Juvignac";"2014-05-13 11:20:00";605000;155000;300000;;;;;;;150000;;"1";"Involontaire (particulier)";;;;;""
2014;4000;"34";"34092";"Cruzy";"2014-05-13 12:50:00";6600;600;;;;;;;;6000;;"1";"Involontaire (travaux)";;;;;""
2014;6067;"34";"34197";"Péret";"2014-05-13 13:43:00";20500;;10000;;;;;;;10500;;"1";"Involontaire (particulier)";;;;;""
2014;3244;"13";"13056";"Martigues";"2014-05-13 13:43:00";2200;1500;700;;;;;;;;;"4";;;;;;""
2014;3081;"06";"06130";"Saint-Vallier-de-Thiey";"2014-05-13 14:08:00";2000;;2000;;;;;;;;;"1";;;;;;""
2014;3271;"30";"30091";"Congénies";"2014-05-13 14:53:00";294471;294471;;;;;;;;;;"4";"Malveillance";;;;;""
2014;4010;"34";"34187";"Olargues";"2014-05-13 15:23:00";23000;23000;;;;;;;;;;"4";"Malveillance";;;;;""
2014;3062;"83";"83007";"Aups";"2014-05-13 15:59:00";80;80;;;;;;;;;;"2";"Malveillance";;;;;""
2014;3093;"2B";"2B199";"Palasca";"2014-05-13 16:09:00";20000;0;20000;;;;;;;0;;"1";;;;;;""
2014;3095;"2B";"2B075";"Casevecchie";"2014-05-13 17:14:00";600;0;600;;;;;;;0;;"1";;;;;;""
2014;3824;"2A";"2A103";"Cuttoli-Corticchiato";"2014-05-13 20:30:00";10;;;;;;;;;;;;"Involontaire (particulier)";;;;;""
2014;3825;"2A";"2A004";"Ajaccio";"2014-05-14 10:43:00";500;;;;;;;;;;;;;;;;;""
2014;3387;"30";"30106";"Durfort-et-Saint-Martin-de-Sossenac";"2014-05-14 12:40:00";4619;;;;;;;;;;;"2";"Malveillance";;;;;""
2014;4020;"34";"34178";"Murviel-lès-Béziers";"2014-05-14 14:05:00";77000;7000;20000;;;;;;;50000;;"1";"Involontaire (particulier)";;;;;""
2014;3162;"06";"06050";"Coursegoules";"2014-05-14 14:38:00";1000;;1000;;;;;;;;;"1";;;;;;""
2014;3148;"26";"26005";"Allan";"2014-05-14 14:55:00";3000;;;;;;;;;;;"4";;;;;;""
2014;3163;"06";"06071";"Guillaumes";"2014-05-14 16:39:00";3700;;3700;;;;;;;;;"1";"Involontaire (travaux)";;;;;""
2014;3826;"2A";"2A114";"Figari";"2014-05-14 18:15:00";900;;;;;;;;;;;"1";"Involontaire (particulier)";;;;;""
2014;3827;"2A";"2A004";"Ajaccio";"2014-05-14 18:24:00";1000;;;;;;;;;;;;;;;;;""
2014;528;"71";"71333";"Oslon";"2014-05-14 21:39:00";1;1;;0;;;0;0;0;0;"Estimées";;;;;;;""
2014;3120;"2B";"2B313";"San-Nicolao";"2014-05-15 08:55:00";66906;10000;56906;;;;;;;0;;"1";;;;;;""
2014;1187;"33";"33230";"Lapouyade";"2014-05-15 10:58:00";30000;30000;;0;;;0;;;0;;;;;;;;""
2014;3121;"2B";"2B320";"Tallone";"2014-05-15 11:33:00";25000;;;;;;;;;;;"1";;;;;;""
2014;3171;"07";"07091";"Fons";"2014-05-15 13:29:00";960000;960000;0;;;;;;;0;;"4";;;;;;""
2014;3372;"11";"11262";"Narbonne";"2014-05-15 13:51:00";13451;;;;;;;;;;;;"Involontaire (travaux)";;;;;""
2014;3828;"2A";"2A119";"Frasseto";"2014-05-15 18:49:00";1000;;;;;;;;;;;;"Involontaire (particulier)";;;;;""
2014;3123;"2B";"2B231";"Pigna";"2014-05-15 19:30:00";1000;;;;;;;;;;;"1";"Accidentelle";;;;;""
2014;3172;"07";"07116";"Labégude";"2014-05-15 21:26:00";4830;4830;;;;;;;;;;"4";"Malveillance";;;;;""
2014;3551;"13";"13055";"Marseille";"2014-05-15 22:38:00";20000;;20000;;;;;;;;;"1";"Malveillance";;;;;""
2014;1185;"33";"33473";"Saint-Savin";"2014-05-16 03:18:00";100;100;;0;;;0;;;0;;;;;;;;""
2014;1184;"33";"33202";"Hostens";"2014-05-16 03:25:00";8000;8000;;0;;;0;;;0;;;"Involontaire (particulier)";;;;;""
2014;1852;"40";"40261";"Saint-Geours-de-Maremne";"2014-05-16 03:44:00";5000;5000;;0;;;0;;;0;;;;;;;;""
2014;4001;"34";"34092";"Cruzy";"2014-05-16 05:08:00";5000;500;;;;;;;;4500;;"1";"Involontaire (travaux)";;;;;""
2014;3173;"2B";"2B307";"Santa-Lucia-di-Moriani";"2014-05-16 11:53:00";10000;;;;;;;;;;;"1";;;;;;""
2014;3203;"07";"07147";"Malarce-sur-la-Thines";"2014-05-16 14:42:00";500;500;;;;;;;;;;"1";;;;;;""
2014;3247;"13";"13023";"Ceyreste";"2014-05-16 15:01:00";2000;1500;500;;;;;;;;;"4";"Involontaire (travaux)";;;;;""
2014;1731;"24";"24366";"Saint-André-d'Allas";"2014-05-16 16:27:00";100;100;;0;;;0;;;0;;;;;;;;""
2014;1730;"24";"24238";"Lempzours";"2014-05-16 16:39:00";20000;20000;;0;;;0;;;0;;;;;;;;""
2014;783;"12";"12205";"La Rouquette";"2014-05-16 16:40:00";100;0;;100;;;100;0;0;0;"Estimées";;"Involontaire (particulier)";;;;;""
2014;3174;"2B";"2B355";"Volpajola";"2014-05-16 16:53:00";5000;;;;;;;;;;;;;;;;;""
2014;1180;"33";"33233";"Laruscade";"2014-05-16 17:00:00";7000;7000;;0;;;0;;;0;;;;;;;;""
2014;3990;"34";"34065";"Cazedarnes";"2014-05-16 18:39:00";20000;;10000;;;;;;;10000;;"1";"Involontaire (travaux)";;;;;""
2014;3175;"2B";"2B055";"Campitello";"2014-05-17 10:08:00";30000;;;;;;;;;;;"1";;;;;;""
2014;3253;"06";"06069";"Grasse";"2014-05-17 12:03:00";4000;;4000;;;;;;;;;"1";;;;;;""
2014;3256;"06";"06025";"Le Broc";"2014-05-17 12:04:00";29400;29400;;;;;;;;;;"3";;;;;;""
2014;3176;"2B";"2B039";"Bisinchi";"2014-05-17 13:17:00";15000;;;;;;;;;;;"1";;;;;;""
2014;3829;"2A";"2A040";"Bocognano";"2014-05-17 17:27:00";150;;;;;;;;;;;;;;;;;""
2014;1721;"24";"24380";"Saint-Barthélemy-de-Bellegarde";"2014-05-17 20:24:00";10000;10000;;0;;;0;;;0;;;;;;;;""
2014;4008;"34";"34187";"Olargues";"2014-05-17 21:02:00";820;820;;;;;;;;;;"4";"Malveillance";;;;;""
2014;3830;"2A";"2A345";"Vero";"2014-05-18 09:01:00";300;;;;;;;;;;;;"Involontaire (travaux)";;;;;""
2014;3178;"2B";"2B302";"San-Giovanni-di-Moriani";"2014-05-18 09:49:00";198293;0;198293;;;;;;;0;;"2";;;;;;""
2014;3183;"2B";"2B299";"San-Gavino-d'Ampugnani";"2014-05-18 11:44:00";6000;;;;;;;;;;;;;;;;;""
2014;3201;"07";"07171";"Payzac";"2014-05-18 13:04:00";1000;1000;;;;;;;;;;"5";;;;;;""
2014;6070;"34";"34116";"Grabels";"2014-05-18 15:26:00";23000;20000;3000;;;;;;;;;"4";"Involontaire (particulier)";;;;;""
2014;365;"65";"65425";"Siarrouy";"2014-05-18 15:34:00";30000;30000;;0;;;0;0;0;0;"Estimées";;;;;;;""
2014;3180;"2B";"2B233";"Pino";"2014-05-18 15:46:00";20000;;;;;;;;;;;"1";"Malveillance";;;;;""
2014;3179;"2B";"2B058";"Canari";"2014-05-18 15:46:00";20000;;;;;;;;;;;;;;;;;""
2014;3181;"2B";"2B341";"Venaco";"2014-05-18 16:17:00";200;0;200;;;;;;;0;;"1";;;;;;""
2014;3182;"2B";"2B087";"Cervione";"2014-05-18 16:19:00";8000;;;;;;;;;;;"1";;;;;;""
2014;3261;"26";"26348";"Taulignan";"2014-05-18 17:00:00";40000;5000;35000;;;;;;;;;"4";"Malveillance";;;;;""
2014;175;"82";"82062";"Finhan";"2014-05-18 18:12:00";10000;0;;10000;;;10000;0;0;0;"Estimées";;;;;;;""
2014;1170;"33";"33229";"Lanton";"2014-05-18 20:37:00";2000;1500;;0;;;0;;;500;;;;;;;;""
2014;3373;"11";"11206";"Limoux";"2014-05-18 20:46:00";2116;;;;;;;;;;;;"Involontaire (particulier)";;;;;""
2014;1168;"33";"33436";"Saint-Magne";"2014-05-18 22:11:00";68000;68000;;0;;;0;;;0;;;;;;;;""
2014;1167;"33";"33422";"Saint-Jean-d'Illac";"2014-05-19 01:46:00";5000;5000;;0;;;0;;;0;;;;;;;;""
2014;1718;"24";"24454";"Saint-Martin-de-Gurson";"2014-05-19 01:56:00";50000;50000;;0;;;0;;;0;;;;;;;;""
2014;3217;"48";"48152";"Saint-Frézal-de-Ventalon";"2014-05-19 04:38:00";7790;;7790;;;;;;;;;"1";;;;;;""
2014;3762;"48";"48128";"Rimeize";"2014-05-19 08:54:00";7800;2000;5800;;;;;;;;;"1";"Malveillance";;;;;""
2014;208;"17";"17074";"Bussac-Forêt";"2014-05-19 11:22:00";15000;15000;;0;;;0;0;0;0;"Mesurées";;;;;;;""
2014;209;"17";"17099";"Chepniers";"2014-05-19 13:27:00";10000;10000;;0;;;0;0;0;0;"Estimées";;;;;;;""
2014;211;"17";"17074";"Bussac-Forêt";"2014-05-19 13:27:00";1000;1000;;0;;;0;0;0;0;"Estimées";;;;;;;""
2014;1166;"33";"33233";"Laruscade";"2014-05-19 13:36:00";5000;5000;;0;;;0;;;0;;;;;;;;""
2014;1426;"47";"47013";"Argenton";"2014-05-19 16:09:00";1000;1000;;0;;;0;;;0;;;;;;;;""
2014;1161;"33";"33205";"Illats";"2014-05-19 16:15:00";2000;2000;;0;;;0;;;0;;;"Accidentelle";;;;;""
2014;210;"17";"17074";"Bussac-Forêt";"2014-05-19 16:53:00";10;10;;0;;;0;0;0;0;"Estimées";;;;;;;""
2014;3612;"11";"11304";"Quillan";"2014-05-20 16:15:00";100;;;;;;;;;;;;"Accidentelle";;;;;""
2014;3233;"66";"66127";"Opoul-Périllos";"2014-05-20 16:45:00";500;;500;;;;;;;;;"1";;;;;;""
2014;3262;"26";"26326";"Saint-Restitut";"2014-05-21 15:59:00";1000;;;;;;;;;;;"5";;;;;;""
2014;3763;"48";"48177";"Saint-Pierre-le-Vieux";"2014-05-21 16:41:00";3500;;3500;;;;;;;;;"1";"Involontaire (travaux)";;;;;""
2014;197;"43";"43133";"Mercur";"2014-05-21 16:43:00";6800;6800;;0;;;0;0;0;0;"Estimées";;;;;;;""
2014;785;"12";"12100";"Firmi";"2014-05-21 20:28:00";2000;2000;;0;;;0;0;0;0;"Estimées";;;;;;;""
2014;3281;"66";"66049";"Céret";"2014-05-22 15:54:00";10000;10000;;;;;;;;;;"3";;;;;;""
2014;3831;"2A";"2A288";"Sotta";"2014-05-23 13:50:00";1500;;;;;;;;;;;"1";"Malveillance";;;;;""
2014;3538;"2B";"2B058";"Canari";"2014-05-23 16:04:00";50;50;0;;;;;;;0;;"2";"Malveillance";;;;;""
2014;3443;"2B";"2B039";"Bisinchi";"2014-05-24 09:55:00";2000;2000;0;;;;;;;0;;"3";;;;;;""
2014;3832;"2A";"2A209";"Peri";"2014-05-24 10:58:00";400;;;;;;;;;;;"1";"Involontaire (particulier)";;;;;""
2014;3444;"2B";"2B039";"Bisinchi";"2014-05-24 15:45:00";700;;;;;;;;;;;"1";;;;;;""
2014;3445;"2B";"2B030";"Barrettali";"2014-05-24 16:31:00";196367;0;156367;;;;;;;40000;;"3";"Malveillance";;;;;""
2014;3446;"2B";"2B058";"Canari";"2014-05-25 09:20:00";2000;;;;;;;;;;;"1";"Malveillance";;;;;""
2014;532;"71";"71417";"Saint-Gengoux-le-National";"2014-05-25 12:31:00";1500;1500;;0;;;0;0;0;0;"Estimées";;;;;;;"Données partielles ou non valides"
2014;3283;"06";"06148";"Tourrettes-sur-Loup";"2014-05-25 14:19:00";27300;;27300;;;;;;;;;"1";;;;;;""
2014;3282;"66";"66071";"Estagel";"2014-05-25 14:40:00";5000;;5000;;;;;;;;;"1";;;;;;""
2014;3447;"2B";"2B037";"Biguglia";"2014-05-26 11:15:00";2500;;;;;;;;;;;;;;;;;""
2014;4629;"30";"30057";"Cabrières";"2014-05-26 15:11:00";727;;;;;;;;;;;"1";"Involontaire (travaux)";;;;;""
2014;3448;"2B";"2B188";"Olmeta-di-Tuda";"2014-05-26 15:15:00";2776;0;2776;;;;;;;0;;"1";"Accidentelle";;;;;""
2014;3285;"07";"07334";"Les Vans";"2014-05-27 09:32:00";40;40;;;;;;;;;;"4";"Accidentelle";;;;;""
2014;3833;"2A";"2A288";"Sotta";"2014-05-27 10:24:00";300;;;;;;;;;;;"1";"Malveillance";;;;;""
2014;3449;"2B";"2B143";"Linguizzetta";"2014-05-27 11:34:00";40000;;;;;;;;;;;"2";;;;;;""
2014;3450;"2B";"2B148";"Lucciana";"2014-05-27 12:03:00";10000;;;;;;;;;;;"1";;;;;;""
2014;3284;"06";"06006";"Aspremont";"2014-05-27 13:50:00";500;;500;;;;;;;;;"5";"Involontaire (travaux)";;;;;""
2014;3374;"11";"11188";"La Palme";"2014-05-27 13:50:00";11300;;;;;;;;;;;;"Malveillance";;;;;""
2014;3555;"13";"13092";"Saint-Chamas";"2014-05-27 15:10:00";2500;2000;500;;;;;;;;;"3";"Involontaire (particulier)";;;;;""
2014;3375;"11";"11188";"La Palme";"2014-05-28 10:55:00";80;;;;;;;;;;;;"Involontaire (travaux)";;;;;""
2014;3837;"2A";"2A181";"Ocana";"2014-05-28 14:18:00";1000;;;;;;;;;;;"1";"Involontaire (particulier)";;;;;""
2014;3451;"2B";"2B199";"Palasca";"2014-05-28 17:01:00";500;0;500;;;;;;;0;;"1";;;;;;""
2014;3453;"2B";"2B263";"Rospigliani";"2014-05-28 17:14:00";200;200;0;;;;;;;0;;"4";;;;;;""
2014;3887;"11";"11262";"Narbonne";"2014-05-28 18:40:00";5;;;;;;;;;;;;"Accidentelle";;;;;""
2014;3838;"2A";"2A048";"Calcatoggio";"2014-05-29 12:08:00";200;;;;;;;;;;;;;;;;;""
2014;3318;"66";"66180";"Saint-Laurent-de-la-Salanque";"2014-05-29 15:10:00";20000;;20000;;;;;;;;;"1";;;;;;""
2014;3319;"66";"66053";"Collioure";"2014-05-29 15:10:00";3000;;3000;;;;;;;;;"1";;;;;;""
2014;3839;"2A";"2A032";"Bastelicaccia";"2014-05-29 15:21:00";50;;;;;;;;;;;;"Involontaire (particulier)";;;;;""
2014;4050;"34";"34025";"Bassan";"2014-05-29 16:20:00";51000;1000;10000;;;;;;;40000;;"1";"Involontaire (travaux)";;;;;""
2014;4648;"30";"30037";"Bessèges";"2014-05-29 18:40:00";1779;;;;;;;;;;;"1";;;;;;""
2014;3570;"13";"13028";"La Ciotat";"2014-05-29 21:00:00";10;10;;;;;;;;;;"1";"Malveillance";;;;;""
2014;3320;"66";"66002";"Alénya";"2014-05-29 23:45:00";35000;;35000;;;;;;;;;"1";;;;;;""
2014;3840;"2A";"2A300";"San-Gavino-di-Carbini";"2014-05-30 11:48:00";250;;;;;;;;;;;;"Involontaire (particulier)";;;;;""
2014;3376;"11";"11296";"Pouzols-Minervois";"2014-05-30 12:18:00";50714;;;;;;;;;;;;"Involontaire (particulier)";;;;;""
2014;3454;"2B";"2B346";"Vescovato";"2014-05-30 13:08:00";20000;;;;;;;;;;;"1";;;;;;""
2014;5585;"2A";"2A001";"Afa";"2014-05-30 13:22:00";2000;;;;;;;;;;;;;;;;;""
2014;3573;"13";"13013";"Belcodène";"2014-05-30 13:53:00";100;100;;;;;;;;;;"4";"Involontaire (particulier)";;;;;""
2014;3841;"2A";"2A041";"Bonifacio";"2014-05-30 15:32:00";20;;;;;;;;;;;"1";"Involontaire (particulier)";;;;;""
2014;3842;"2A";"2A272";"Sartène";"2014-05-30 16:55:00";1500;;;;;;;;;;;"1";"Involontaire (travaux)";;;;;""
2014;3322;"66";"66217";"Trouillas";"2014-05-30 17:25:00";10000;;10000;;;;;;;;;"1";;;;;;""
2014;3455;"2B";"2B341";"Venaco";"2014-05-30 17:37:00";500;0;500;;;;;;;0;;"1";;;;;;""
2014;3843;"2A";"2A181";"Ocana";"2014-05-30 20:34:00";500;;;;;;;;;;;;"Involontaire (particulier)";;;;;""
2014;3334;"06";"06026";"Cabris";"2014-05-30 22:50:00";1000;;1000;;;;;;;;;"2";"Involontaire (travaux)";;;;;""
2014;3336;"66";"66065";"Elne";"2014-05-31 04:56:00";10000;10000;;;;;;;;;;"3";"Malveillance";;;;;""
2014;3363;"83";"83002";"Aiguines";"2014-05-31 10:01:00";4;4;;;;;;;;;;"3";"Naturelle";;;;;""
2014;3574;"13";"13092";"Saint-Chamas";"2014-05-31 11:23:00";500;500;;;;;;;;;;"3";"Involontaire (particulier)";;;;;""
2014;3337;"66";"66093";"Laroque-des-Albères";"2014-05-31 13:35:00";10000;;10000;;;;;;;;;"1";;;;;;""
2014;3338;"66";"66217";"Trouillas";"2014-06-01 01:22:00";20000;20000;;;;;;;;;;"3";;;;;;""
2014;3335;"06";"06019";"Blausasc";"2014-06-01 12:32:00";1200;;1200;;;;;;;;;"1";"Involontaire (particulier)";;;;;""
2014;3339;"66";"66210";"Thuir";"2014-06-01 15:03:00";20000;20000;;;;;;;;;;"3";;;;;;""
2014;3456;"2B";"2B030";"Barrettali";"2014-06-01 18:17:00";1000;;;;;;;;;;;;;;;;;""
2014;3378;"66";"66008";"Argelès-sur-Mer";"2014-06-02 09:18:00";20000;20000;;;;;;;;;;"3";"Involontaire (particulier)";;;;;""
2014;5586;"2A";"2A362";"Zonza";"2014-06-02 10:18:00";100;;;;;;;;;;;;;;;;;""
2014;3850;"2A";"2A269";"Sari-Solenzara";"2014-06-02 10:45:00";150;;;;;;;;;;;"1";"Involontaire (particulier)";;;;;""
2014;3975;"2A";"2A348";"Vico";"2014-06-02 14:31:00";600;;600;;;;;;;;;"1";;;;;;""
2014;3613;"11";"11296";"Pouzols-Minervois";"2014-06-02 14:38:00";2723;;;;;;;;;;;;"Involontaire (travaux)";;;;;""
2014;3976;"2A";"2A114";"Figari";"2014-06-02 14:44:00";5000;;5000;;;;;;;;;"1";"Accidentelle";;;;;""
2014;3614;"11";"11255";"Montredon-des-Corbières";"2014-06-02 15:02:00";3890;;;;;;;;;;;;"Involontaire (particulier)";;;;;""
2014;3615;"11";"11190";"La Redorte";"2014-06-02 16:12:00";1000;;;;;;;;;;;;"Accidentelle";;;;;""
2014;4688;"30";"30194";"Peyremale";"2014-06-02 19:13:00";2445;;;;;;;;;;;"1";;;;;;""
2014;3379;"66";"66030";"Calce";"2014-06-02 20:58:00";15000;;15000;;;;;;;;;"1";;;;;;""
2014;3380;"06";"06027";"Cagnes-sur-Mer";"2014-06-03 15:35:00";6000;;6000;;;;;;;;;"1";"Involontaire (particulier)";;;;;""
2014;3554;"13";"13055";"Marseille";"2014-06-03 15:45:00";3500;500;3000;;;;;;;;;"1";;;;;;""
2014;3553;"13";"13055";"Marseille";"2014-06-03 15:45:00";3500;500;3000;;;;;;;;;"1";;;;;;""
2014;3977;"2A";"2A189";"Olmeto";"2014-06-03 22:41:00";50;;50;;;;;;;;;"1";"Involontaire (travaux)";;;;;""
2014;3457;"2B";"2B183";"Ogliastro";"2014-06-04 13:02:00";305959;0;155959;;;;;;;150000;;"1";"Malveillance";;;;;""
2014;3616;"11";"11040";"Bizanet";"2014-06-04 19:08:00";1180;;;;;;;;;;;;"Involontaire (particulier)";;;;;""
2014;3384;"83";"83118";"Saint-Raphaël";"2014-06-05 11:23:00";1800;1800;;;;;;;;;;"3";"Involontaire (particulier)";;;;;""
2014;3979;"2A";"2A114";"Figari";"2014-06-05 15:39:00";400;;400;;;;;;;;;"1";"Involontaire (particulier)";;;;;""
2014;3407;"83";"83100";"Puget-Ville";"2014-06-06 21:24:00";10;10;;;;;;;;;;"2";"Involontaire (particulier)";;;;;""
2014;1848;"40";"40262";"Saint-Gor";"2014-06-06 23:45:00";4000;4000;;0;;;0;;;0;;;"Naturelle";;;;;""
2014;534;"71";"71294";"Mercurey";"2014-06-07 11:31:00";400;400;;0;;;0;0;0;0;"Estimées";;;;;;;"Données partielles ou non valides"
2014;3618;"11";"11270";"Padern";"2014-06-07 14:31:00";20;;;;;;;;;;;;;;;;;""
2014;5006;"11";"11145";"Fleury";"2014-06-08 07:54:00";2;;;;;;;;;;;;"Involontaire (particulier)";;;;;""
2014;5298;"13";"13005";"Aubagne";"2014-06-08 11:54:00";1500;500;1000;;;;;;;;;"1";;;;;;""
2014;5297;"13";"13050";"Lambesc";"2014-06-08 12:59:00";17000;;9000;;;;;;;8000;;"1";;;;;;""
2014;3459;"2B";"2B350";"Vignale";"2014-06-08 13:20:00";4378;4378;0;;;;;;;0;;"3";;;;;;""
2014;221;"81";"81174";"Montdragon";"2014-06-08 13:22:00";50000;50000;;0;;;0;0;0;0;"Estimées";;;;;;;""
2014;5007;"11";"11370";"Salles-d'Aude";"2014-06-08 13:26:00";2;;;;;;;;;;;;"Involontaire (particulier)";;;;;""
2014;5307;"13";"13019";"Cabriès";"2014-06-08 14:39:00";2500;2500;;;;;;;;;;"4";;;;;;""
2014;3619;"11";"11190";"La Redorte";"2014-06-08 15:06:00";100;;;;;;;;;;;;"Malveillance";;;;;""
2014;3424;"84";"84075";"Méthamis";"2014-06-08 16:30:00";1000;;;;;;;;;;;;;;;;;""
2014;6073;"34";"34116";"Grabels";"2014-06-08 16:38:00";10500;5500;5000;;;;;;;;;"4";"Malveillance";;;;;""
2014;1154;"33";"33429";"Saint-Léger-de-Balson";"2014-06-08 17:04:00";1500;1500;;0;;;0;;;0;;;;;;;;""
2014;6072;"34";"34281";"Saint-Pargoire";"2014-06-08 17:52:00";2500;1000;1500;;;;;;;;;"1";"Malveillance";;;;;""
2014;1715;"24";"24584";"Villefranche-de-Lonchat";"2014-06-08 18:41:00";1000;1000;;0;;;0;;;0;;;;;;;;""
2014;1151;"33";"33539";"Vayres";"2014-06-08 18:42:00";4000;4000;;0;;;0;;;0;;;"Involontaire (travaux)";;;;;""
2014;3981;"2A";"2A288";"Sotta";"2014-06-08 18:44:00";500;;500;;;;;;;;;"1";"Malveillance";;;;;""
2014;1847;"40";"40192";"Mont-de-Marsan";"2014-06-08 20:37:00";3000;3000;;0;;;0;;;0;;;;;;;;""
2014;1714;"24";"24520";"Sarlat-la-Canéda";"2014-06-08 21:59:00";100;100;;0;;;0;;;0;;;;;;;;""
2014;5008;"11";"11124";"Durban-Corbières";"2014-06-08 22:44:00";20;;;;;;;;;;;;"Accidentelle";;;;;""
2014;3403;"07";"07089";"Félines";"2014-06-09 12:08:00";20000;2500;;;;;;;;17500;;"5";"Involontaire (travaux)";;;;;""
2014;3404;"07";"07204";"Saint-Agrève";"2014-06-09 13:56:00";500;500;;;;;;;;;;"4";"Involontaire (particulier)";;;;;""
2014;6075;"34";"34116";"Grabels";"2014-06-09 13:58:00";160;160;;;;;;;;;;"4";"Involontaire (travaux)";;;;;""
2014;3983;"2A";"2A041";"Bonifacio";"2014-06-09 14:31:00";500;;500;;;;;;;;;"1";"Involontaire (particulier)";;;;;""
2014;3620;"11";"11361";"Saint-Papoul";"2014-06-09 14:34:00";300;;;;;;;;;;;;"Involontaire (particulier)";;;;;""
2014;3413;"83";"83154";"Saint-Antonin-du-Var";"2014-06-09 14:49:00";1000;1000;;;;;;;;;;"5";"Naturelle";;;;;""
2014;3982;"2A";"2A276";"Serra-di-Ferro";"2014-06-09 14:59:00";600;;600;;;;;;;;;"1";;;;;;""
2014;3414;"83";"83100";"Puget-Ville";"2014-06-09 15:47:00";500;500;;;;;;;;;;"5";"Malveillance";;;;;""
2014;3571;"13";"13028";"La Ciotat";"2014-06-09 16:49:00";20;10;10;;;;;;;;;"1";"Malveillance";;;;;""
2014;3984;"2A";"2A209";"Peri";"2014-06-09 16:58:00";100;;100;;;;;;;;;"1";"Involontaire (particulier)";;;;;""
2014;3621;"11";"11143";"Feuilla";"2014-06-09 17:10:00";5014;;;;;;;;;;;;"Malveillance";;;;;""
2014;1147;"33";"33205";"Illats";"2014-06-09 21:59:00";1000;1000;;0;;;0;;;0;;;;;;;;""
2014;3986;"2A";"2A089";"Ciamannacce";"2014-06-10 11:39:00";20;;20;;;;;;;;;"1";;;;;;""
2014;6080;"34";"34202";"Pignan";"2014-06-10 11:48:00";21500;1500;20000;;;;;;;;;"1";"Involontaire (travaux)";;;;;""
2014;3588;"66";"66065";"Elne";"2014-06-10 12:27:00";10000;;10000;;;;;;;;;"1";;;;;;""
2014;239;"43";"43121";"Léotoing";"2014-06-10 12:59:00";44350;44350;;0;;;0;0;0;0;"Mesurées";;;;;;;""
2014;3582;"66";"66136";"Perpignan";"2014-06-10 14:52:00";80000;;80000;;;;;;;;;"1";;;;;;""
2014;3420;"83";"83067";"Gonfaron";"2014-06-10 15:05:00";200;200;;;;;;;;;;"3";"Malveillance";;;;;""
2014;5305;"13";"13092";"Saint-Chamas";"2014-06-10 15:24:00";1000;200;800;;;;;;;;;"1";;;;;;""
2014;3585;"66";"66049";"Céret";"2014-06-10 16:03:00";20000;20000;;;;;;;;;;"3";;;;;;""
2014;3586;"66";"66096";"Latour-de-France";"2014-06-10 16:51:00";10000;;10000;;;;;;;;;"1";"Involontaire (travaux)";;;;;""
2014;3587;"66";"66118";"Montner";"2014-06-10 17:40:00";10000;;10000;;;;;;;;;"1";;;;;;""
2014;5956;"34";"34241";"Saint-Bauzille-de-la-Sylve";"2014-06-10 20:54:00";2400;1000;1400;;;;;;;;;"4";"Malveillance";;;;;""
2014;5730;"34";"34055";"Castanet-le-Haut";"2014-06-10 22:00:00";800;;;;;;;;;;;;;;;;;""
2014;4043;"2A";"2A362";"Zonza";"2014-06-11 11:23:00";100;;100;;;;;;;;;;"Involontaire (particulier)";;;;;""
2014;3442;"83";"83004";"Les Arcs";"2014-06-11 14:05:00";5000;5000;;;;;;;;;;"3";"Involontaire (travaux)";;;;;""
2014;787;"12";"12145";"Millau";"2014-06-11 15:00:00";1500;0;;1500;;;1500;0;0;0;"Estimées";;;;;;;""
2014;5735;"34";"34162";"Montagnac";"2014-06-11 16:08:00";500;100;400;;;;;;;;;"4";"Involontaire (particulier)";;;;;""
2014;3660;"2B";"2B073";"Casamaccioli";"2014-06-11 17:08:00";10;10;0;;;;;;;0;;"4";"Naturelle";;;;;""
2014;3659;"2B";"2B007";"Albertacce";"2014-06-11 17:08:00";10;10;0;;;;;;;0;;"4";"Naturelle";;;;;""
2014;4044;"2A";"2A048";"Calcatoggio";"2014-06-11 17:22:00";20000;;20000;;;;;;;;;"1";"Involontaire (travaux)";;;;;""
2014;3460;"2B";"2B123";"Ghisonaccia";"2014-06-11 18:15:00";500;;;;;;;;;;;"1";"Malveillance";;;;;""
2014;3461;"2B";"2B355";"Volpajola";"2014-06-11 18:53:00";100;0;100;;;;;;;0;;"1";;;;;;""
2014;3543;"2B";"2B109";"Farinole";"2014-06-12 07:16:00";6511;0;2000;;;;;;;4511;;"2";"Malveillance";;;;;""
2014;4045;"2A";"2A181";"Ocana";"2014-06-12 10:51:00";3000;;3000;;;;;;;;;"1";"Involontaire (travaux)";;;;;""
2014;3589;"66";"66136";"Perpignan";"2014-06-12 13:13:00";10000;;10000;;;;;;;;;"1";;;;;;""
2014;5964;"34";"34163";"Montarnaud";"2014-06-12 13:28:00";1070;1070;;;;;;;;;;"4";"Malveillance";;;;;""
2014;3590;"66";"66136";"Perpignan";"2014-06-12 14:23:00";10000;;10000;;;;;;;;;"1";;;;;;""
2014;3544;"2B";"2B261";"Rogliano";"2014-06-12 18:14:00";15000;;;;;;;;;;;;"Malveillance";;;;;""
2014;3575;"13";"13069";"Pélissanne";"2014-06-12 19:22:00";250;250;;;;;;;;;;"4";"Naturelle";;;;;""
2014;3576;"13";"13088";"Le Rove";"2014-06-12 20:25:00";200;200;;;;;;;;;;"3";"Naturelle";;;;;""
2014;3545;"2B";"2B148";"Lucciana";"2014-06-12 21:30:00";20000;;;;;;;;;;;"1";;;;;;""
2014;3888;"11";"11148";"Fontcouverte";"2014-06-13 01:27:00";3046;;;;;;;;;;;;"Accidentelle";;;;;""
2014;3577;"13";"13049";"Lamanon";"2014-06-13 12:13:00";600;600;;;;;;;;;;"4";"Naturelle";;;;;""
2014;4046;"2A";"2A040";"Bocognano";"2014-06-13 12:45:00";50;;50;;;;;;;;;;"Involontaire (particulier)";;;;;""
2014;3889;"11";"11401";"Tuchan";"2014-06-13 14:44:00";9862;;;;;;;;;;;;"Accidentelle";;;;;""
2014;3632;"2B";"2B354";"Vivario";"2014-06-13 15:48:00";200;200;0;;;;;;;0;;"4";;;;;;""
2014;5575;"2A";"2A108";"Évisa";"2014-06-13 16:41:00";20;;20;;;;;;;;;"1";"Naturelle";;;;;""
2014;250;"17";"17161";"La Flotte";"2014-06-13 17:08:00";50;50;;0;;;0;0;0;0;"Estimées";;;;;;;""
2014;3661;"2B";"2B007";"Albertacce";"2014-06-13 18:57:00";10;;;;;;;;;;;;"Naturelle";;;;;""
2014;3610;"07";"07089";"Félines";"2014-06-14 12:43:00";30000;30000;;;;;;;;;;"2";;;;;;""
2014;5299;"13";"13028";"La Ciotat";"2014-06-14 14:56:00";100;100;;;;;;;;;;"1";"Malveillance";;;;;""
2014;3627;"66";"66172";"Saint-Estève";"2014-06-14 15:12:00";50000;;50000;;;;;;;;;"1";;;;;;""
2014;4075;"2A";"2A362";"Zonza";"2014-06-14 16:11:00";400;;400;;;;;;;;;"1";"Involontaire (particulier)";;;;;""
2014;4073;"2A";"2A198";"Ota";"2014-06-14 16:13:00";100;;100;;;;;;;;;"1";;;;;;""
2014;5300;"13";"13028";"La Ciotat";"2014-06-14 16:36:00";100;;100;;;;;;;;;"1";"Malveillance";;;;;""
2014;5301;"13";"13028";"La Ciotat";"2014-06-14 16:40:00";100;;100;;;;;;;;;"1";"Malveillance";;;;;""
2014;3628;"66";"66190";"Salses-le-Château";"2014-06-14 16:48:00";60000;;60000;;;;;;;;;"1";"Involontaire (particulier)";;;;;""
2014;3593;"30";"30122";"Gajan";"2014-06-14 18:18:00";2000;;;;;;;;;;;;;;;;;""
2014;3591;"06";"06079";"Mandelieu-la-Napoule";"2014-06-14 19:10:00";200;;200;;;;;;;;;"1";"Naturelle";;;;;""
2014;1143;"33";"33552";"Virelade";"2014-06-14 20:41:00";3500;3500;;0;;;0;;;0;;;;;;;;""
2014;3890;"11";"11024";"Bages";"2014-06-14 20:57:00";6032;;;;;;;;;;;;"Involontaire (particulier)";;;;;""
2014;3629;"66";"66227";"Villeneuve-de-la-Raho";"2014-06-14 23:47:00";30000;;30000;;;;;;;;;"1";;;;;;""
2014;5482;"11";"11011";"Aragon";"2014-06-15 12:06:00";5;;;;;;;;;;;;"Involontaire (particulier)";;;;;""
2014;1138;"33";"33042";"Belin-Béliet";"2014-06-15 16:25:00";5000;5000;;0;;;0;;;0;;;;;;;;""
2014;4076;"2A";"2A247";"Porto-Vecchio";"2014-06-15 18:02:00";300;;300;;;;;;;;;"1";"Involontaire (particulier)";;;;;""
2014;1134;"33";"33205";"Illats";"2014-06-15 20:22:00";12000;12000;;0;;;0;;;0;;;;;;;;""
2014;4077;"2A";"2A212";"Piana";"2014-06-15 21:09:00";2000;;2000;;;;;;;;;"1";"Naturelle";;;;;""
2014;1133;"33";"33473";"Saint-Savin";"2014-06-15 21:52:00";100;100;;0;;;0;;;0;;;;;;;;""
2014;3611;"07";"07082";"Dornas";"2014-06-16 00:06:00";20000;10000;10000;;;;;;;;;"1";;;;;;""
2014;1130;"33";"33279";"Mazères";"2014-06-16 12:05:00";5000;5000;;0;;;0;;;0;;;"Accidentelle";;;;;""
2014;1909;"54";"54519";"Thiaville-sur-Meurthe";"2014-06-16 15:38:00";20000;20000;;0;;;0;0;0;0;"Estimées";;;;;;;""
2014;1128;"33";"33047";"Berson";"2014-06-16 15:48:00";1000;1000;;0;;;0;;;0;;;;;;;;""
2014;3630;"66";"66193";"Serdinya";"2014-06-16 18:11:00";1000;1000;;;;;;;;;;"3";;;;;;""
2014;3631;"66";"66114";"Montescot";"2014-06-16 18:43:00";15000;;15000;;;;;;;;;"1";"Malveillance";;;;;""
2014;6084;"34";"34157";"Mèze";"2014-06-16 18:44:00";3000;;3000;;;;;;;;;"1";"Involontaire (particulier)";;;;;""
2014;3624;"07";"07265";"Saint-Marcel-lès-Annonay";"2014-06-16 20:19:00";1000;1000;;;;;;;;;;"2";;;;;;""
2014;3625;"07";"07042";"Bourg-Saint-Andéol";"2014-06-16 21:23:00";3000;;3000;;;;;;;;;"1";;;;;;""
2014;1708;"24";"24165";"Eygurande-et-Gardedeuil";"2014-06-17 06:10:00";25000;25000;;0;;;0;;;0;;;"Malveillance";;;;;""
2014;4078;"2A";"2A288";"Sotta";"2014-06-17 08:33:00";3000;3000;;;;;;;;;;"1";"Malveillance";;;;;""
2014;3664;"66";"66048";"Cerbère";"2014-06-17 10:01:00";30000;;30000;;;;;;;;;"1";"Involontaire (travaux)";;;;;""
2014;880;"68";"68334";"Thann";"2014-06-17 11:18:00";10000;0;;10000;;;10000;0;0;0;"Estimées";;;;;;;""
2014;3710;"06";"06007";"Auribeau-sur-Siagne";"2014-06-17 13:32:00";5000;;5000;;;;;;;;;"1";"Involontaire (travaux)";;;;;""
2014;3662;"07";"07118";"Laboule";"2014-06-17 15:36:00";1000;200;800;;;;;;;;;"3";;;;;;""
2014;3667;"66";"66136";"Perpignan";"2014-06-17 15:42:00";400000;;400000;;;;;;;;;"1";;;;;;""
2014;3665;"66";"66140";"Pézilla-la-Rivière";"2014-06-17 15:51:00";60000;;60000;;;;;;;;;"1";;;;;;""
2014;3666;"66";"66093";"Laroque-des-Albères";"2014-06-17 18:27:00";10000;10000;;;;;;;;;;"3";;;;;;""
2014;1842;"40";"40168";"Magescq";"2014-06-17 20:06:00";2200;2200;;0;;;0;;;0;;;"Malveillance";;;;;""
2014;1706;"24";"24471";"Sainte-Nathalène";"2014-06-17 20:47:00";500;500;;0;;;0;;;0;;;;;;;;""
2014;5577;"2A";"2A041";"Bonifacio";"2014-06-18 15:06:00";3;;3;;;;;;;0;;"1";"Accidentelle";;;;;""
2014;3668;"66";"66016";"Banyuls-sur-Mer";"2014-06-18 16:50:00";10000;;10000;;;;;;;;;"1";"Involontaire (travaux)";;;;;""
2014;3876;"26";"26275";"Rochegude";"2014-06-19 12:51:00";1000;1000;;;;;;;;;;"4";;;;;;""
2014;3670;"66";"66136";"Perpignan";"2014-06-19 15:16:00";10000;;10000;;;;;;;;;"1";;;;;;""
2014;3732;"07";"07147";"Malarce-sur-la-Thines";"2014-06-19 17:19:00";150;150;;;;;;;;;;"4";"Naturelle";;;;;""
2014;3766;"48";"48076";"Javols";"2014-06-19 17:21:00";900;;;;;;;;;;;"1";"Involontaire (particulier)";;;;;""
2014;3891;"11";"11006";"Albas";"2014-06-19 18:29:00";47100;;;;;;;;;;;;"Malveillance";;;;;""
2014;3815;"84";"84014";"Beaumont-de-Pertuis";"2014-06-19 18:53:00";1500;;;;;;;;;;;;;;;;;""
2014;3892;"11";"11351";"Saint-Laurent-de-la-Cabrerisse";"2014-06-19 19:41:00";2000;;;;;;;;;;;;"Malveillance";;;;;""
2014;5302;"13";"13028";"La Ciotat";"2014-06-20 11:44:00";150;50;100;;;;;;;;;"5";"Malveillance";;;;;""
2014;3733;"07";"07163";"Montselgues";"2014-06-20 13:50:00";1000;;1000;;;;;;;;;"1";;;;;;""
2014;3727;"83";"83137";"Toulon";"2014-06-20 14:20:00";100;100;;;;;;;;;;"2";"Malveillance";;;;;""
2014;3712;"2B";"2B182";"Occhiatana";"2014-06-20 14:34:00";28418;0;23418;;;;;;;5000;;"1";"Malveillance";;;;;""
2014;5303;"13";"13028";"La Ciotat";"2014-06-20 16:38:00";100;;100;;;;;;;;;"2";"Malveillance";;;;;""
2014;3714;"2B";"2B034";"Belgodère";"2014-06-20 16:42:00";184082;0;184082;;;;;;;0;;"1";"Involontaire (travaux)";;;;;""
2014;3715;"2B";"2B049";"Calenzana";"2014-06-20 17:07:00";17857;0;17857;;;;;;;0;;"1";"Involontaire (particulier)";;;;;""
2014;790;"12";"12031";"Bournazel";"2014-06-20 17:43:00";100;0;;100;;;100;0;0;0;"Estimées";;;;;;;""
2014;3716;"2B";"2B167";"Montegrosso";"2014-06-20 18:08:00";6225;0;6225;;;;;;;0;;"1";"Malveillance";;;;;""
2014;1702;"24";"24273";"Molières";"2014-06-20 19:04:00";100;100;;0;;;0;;;0;;;;;;;;""
2014;5009;"11";"11048";"Boutenac";"2014-06-20 19:34:00";5700;;;;;;;;;;;;"Involontaire (travaux)";;;;;""
2014;5483;"11";"11407";"Verdun-en-Lauragais";"2014-06-21 06:48:00";3000;;;;;;;;;;;;;;;;;""
2014;331;"70";"70227";"Faucogney-et-la-Mer";"2014-06-21 09:30:00";200;200;;0;;;0;0;0;0;"Mesurées";;"Involontaire (particulier)";;;;;""
2014;4080;"2A";"2A209";"Peri";"2014-06-21 11:54:00";50;;;;;;;;;;;;"Involontaire (particulier)";;;;;""
2014;1403;"47";"47209";"Pont-du-Casse";"2014-06-21 14:07:00";15000;15000;;0;;;0;;;0;;;;;;;;""
2014;366;"65";"65353";"Ozon";"2014-06-21 14:19:00";100;0;;100;;;100;0;0;0;"Estimées";;"Accidentelle";;;;;""
2014;1673;"54";"54427";"Pierre-Percée";"2014-06-21 14:37:00";40000;40000;;0;;;0;0;0;0;"Estimées";;"Malveillance";;;;;""
2014;3734;"07";"07200";"Le Roux";"2014-06-21 15:22:00";230000;30000;200000;;;;;;;;;"1";;;;;;""
2014;529;"71";"71401";"Sainte-Croix";"2014-06-21 22:03:00";5;0;;5;;;5;0;0;0;"Estimées";;;;;;;"Données partielles ou non valides"
2014;4081;"2A";"2A004";"Ajaccio";"2014-06-22 04:21:00";40;;40;;;;;;;0;;;;;;;;""
2014;4082;"2A";"2A284";"Sollacaro";"2014-06-22 10:52:00";2000;;2000;;;;;;;0;;"1";"Involontaire (travaux)";;;;;""
2014;745;"88";"88243";"Housseras";"2014-06-22 14:03:00";2000;2000;;0;;;0;0;0;0;"Estimées";;;;;;;""
2014;3711;"06";"06007";"Auribeau-sur-Siagne";"2014-06-22 14:33:00";5000;;5000;;;;;;;;;"1";"Involontaire (travaux)";;;;;""
2014;482;"28";"28360";"Saint-Sauveur-Marville";"2014-06-22 16:53:00";600;0;;600;;;600;0;0;0;"Estimées";;;;;;;""
2014;580;"86";"86284";"Vernon";"2014-06-22 17:36:00";10000;10000;;0;;;0;0;0;0;"Estimées";;;;;;;""
2014;886;"12";"12300";"Villefranche-de-Rouergue";"2014-06-22 18:20:00";20;0;;20;;;20;0;0;0;"Estimées";;"Involontaire (particulier)";;;;;""
2014;1098;"33";"33139";"Coutures";"2014-06-22 19:12:00";10000;3000;;0;;;0;;;7000;;;"Involontaire (particulier)";;;;;""
2014;791;"12";"12078";"Les Costes-Gozon";"2014-06-22 19:26:00";1;0;;1;;;1;0;0;0;"Estimées";;;;;;;""
2014;1096;"33";"33122";"Cestas";"2014-06-22 19:54:00";400;400;;0;;;0;;;0;;;"Accidentelle";;;;;""
2014;5304;"13";"13028";"La Ciotat";"2014-06-22 20:30:00";150;;150;;;;;;;;;"2";"Malveillance";;;;;""
2014;792;"12";"12176";"Onet-le-Château";"2014-06-23 08:47:00";1;1;;0;;;0;0;0;0;"Estimées";;"Malveillance";;;;;""
2014;1839;"40";"40105";"Garein";"2014-06-23 13:54:00";50;50;;0;;;0;;;0;;;;;;;;""
2014;1838;"40";"40200";"Moustey";"2014-06-23 15:35:00";10000;10000;;0;;;0;;;0;;;"Naturelle";;;;;""
2014;3740;"06";"06095";"Peymeinade";"2014-06-24 11:00:00";1500;;1500;;;;;;;;;"1";"Involontaire (particulier)";;;;;""
2014;4097;"2A";"2A362";"Zonza";"2014-06-24 13:19:00";2500;;2500;;;;;;;0;;;"Involontaire (particulier)";;;;;""
2014;1837;"40";"40279";"Saint-Paul-lès-Dax";"2014-06-24 13:54:00";5000;5000;;0;;;0;;;0;;;"Naturelle";;;;;""
2014;793;"12";"12300";"Villefranche-de-Rouergue";"2014-06-24 16:04:00";20;0;;20;;;20;0;0;0;"Estimées";;"Accidentelle";;;;;""
2014;795;"12";"12259";"Sanvensa";"2014-06-24 16:30:00";100;0;;100;;;100;0;0;0;"Estimées";;"Accidentelle";;;;;""
2014;3747;"07";"07088";"Faugères";"2014-06-24 18:01:00";20;20;;;;;;;;;;"4";"Naturelle";;;;;""
2014;1698;"24";"24264";"Ménesplet";"2014-06-24 19:28:00";7000;7000;;0;;;0;;;0;;;;;;;;""
2014;1836;"40";"40150";"Léon";"2014-06-24 20:06:00";1000;1000;;0;;;0;;;0;;;;;;;;""
2014;4098;"2A";"2A276";"Serra-di-Ferro";"2014-06-25 12:43:00";1500;;1500;;;;;;;;;"1";"Involontaire (particulier)";;;;;""
2014;291;"17";"17199";"Jussas";"2014-06-25 15:16:00";2000;2000;;0;;;0;0;0;0;"Estimées";;;;;;;""
2014;1087;"33";"33498";"Salles";"2014-06-25 15:30:00";6500;6500;;0;;;0;;;0;;;"Naturelle";;;;;""
2014;3768;"2B";"2B320";"Tallone";"2014-06-25 15:36:00";10000;;;;;;;;;;;"1";"Involontaire (particulier)";;;;;""
2014;4100;"2A";"2A288";"Sotta";"2014-06-25 16:00:00";3000;;3000;;;;;;;;;"1";"Malveillance";;;;;""
2014;4099;"2A";"2A362";"Zonza";"2014-06-25 16:01:00";3000;;3000;;;;;;;;;"1";"Involontaire (particulier)";;;;;""
2014;1834;"40";"40046";"Biscarrosse";"2014-06-25 16:18:00";5000;5000;;0;;;0;;;0;;;;;;;;""
2014;3770;"2B";"2B123";"Ghisonaccia";"2014-06-25 17:10:00";5000;;;;;;;;;;;"1";"Malveillance";;;;;""
2014;302;"17";"17380";"Saint-Palais-sur-Mer";"2014-06-25 21:17:00";400;400;;0;;;0;0;0;0;"Estimées";;;;;;;""
2014;1832;"40";"40093";"Escalans";"2014-06-25 21:53:00";22000;22000;;0;;;0;;;0;;;"Naturelle";;;;;""
2014;5308;"13";"13050";"Lambesc";"2014-06-26 11:21:00";500;200;300;;;;;;;;;;"Naturelle";;;;;""
2014;3771;"06";"06059";"Èze";"2014-06-26 11:45:00";2000;;2000;;;;;;;;;"1";"Involontaire (particulier)";;;;;""
2014;3816;"84";"84135";"Uchaux";"2014-06-26 12:56:00";2000;;;;;;;;;;;;;;;;;""
2014;5010;"11";"11126";"Escales";"2014-06-26 14:19:00";40523;;;;;;;;;;;;"Accidentelle";;;;;""
2014;5309;"13";"13028";"La Ciotat";"2014-06-26 14:32:00";100;;100;;;;;;;;;"4";"Malveillance";;;;;""
2014;794;"12";"12150";"Monteils";"2014-06-26 16:09:00";10;0;;10;;;10;0;0;0;"Estimées";;"Accidentelle";;;;;""
2014;5310;"13";"13028";"La Ciotat";"2014-06-26 20:31:00";50;;50;;;;;;;;;"2";"Malveillance";;;;;""
2014;5311;"13";"13001";"Aix-en-Provence";"2014-06-26 21:42:00";250;200;50;;;;;;;;;"1";"Involontaire (particulier)";;;;;""
2014;3781;"07";"07182";"Prades";"2014-06-26 23:16:00";100;100;;;;;;;;;;"1";;;;;;""
2014;5361;"13";"13055";"Marseille";"2014-06-27 13:47:00";2000;;;;;;;;;;;;;;;;;""
2014;4101;"2A";"2A362";"Zonza";"2014-06-27 13:56:00";50;;50;;;;;;;;;"1";;;;;;""
2014;4698;"30";"30022";"Aujac";"2014-06-27 14:52:00";30000;;;;;;;;;;;;;;;;;""
2014;5011;"11";"11190";"La Redorte";"2014-06-27 21:33:00";10;;;;;;;;;;;;"Malveillance";;;;;""
2014;3893;"11";"11170";"Gruissan";"2014-06-28 03:23:00";350;;;;;;;;;;;;"Malveillance";;;;;""
2014;7945;"34";"34157";"Mèze";"2014-06-28 05:24:00";400;400;;;;;;;;;;"4";"Malveillance";;;;;""
2014;4933;"30";"30323";"Soustelle";"2014-06-28 06:07:00";874;;;;;;;;;;;"4";;;;;;""
2014;7946;"34";"34157";"Mèze";"2014-06-28 11:41:00";100;100;;;;;;;;;;"4";"Involontaire (travaux)";;;;;""
2014;4104;"2A";"2A362";"Zonza";"2014-06-28 13:26:00";150;;150;;;;;;;;;;;;;;;""
2014;4106;"2A";"2A272";"Sartène";"2014-06-28 14:07:00";90000;;90000;;;;;;;;;"1";"Involontaire (travaux)";;;;;""
2014;4415;"2A";"2A048";"Calcatoggio";"2014-06-28 14:50:00";280000;;280000;;;;;;;0;;"1";"Malveillance";;;;;""
2014;1829;"40";"40244";"Rivière-Saas-et-Gourby";"2014-06-28 15:18:00";280000;260000;;0;;;0;;;20000;;;"Involontaire (particulier)";;;;;""
2014;5312;"13";"13040";"Fuveau";"2014-06-28 16:55:00";50;50;;;;;;;;;;"4";;;;;;""
2014;6008;"34";"34010";"Aniane";"2014-06-28 22:01:00";3000;3000;;;;;;;;;;"3";"Naturelle";;;;;""
2014;4418;"2A";"2A133";"Guitera-les-Bains";"2014-06-29 11:22:00";30;;30;;;;;;;0;;"1";"Involontaire (particulier)";;;;;""
2014;4422;"2A";"2A362";"Zonza";"2014-06-29 11:57:00";3000;;3000;;;;;;;;;"1";;;;;;""
2014;3894;"11";"11351";"Saint-Laurent-de-la-Cabrerisse";"2014-06-29 14:22:00";57902;;;;;;;;;;;;"Involontaire (particulier)";;;;;""
2014;4423;"2A";"2A288";"Sotta";"2014-06-29 16:30:00";2000;;2000;;;;;;;0;;;;;;;;""
2014;4429;"2A";"2A288";"Sotta";"2014-06-30 00:12:00";20;;20;;;;;;;;;"1";"Malveillance";;;;;""
2014;333;"90";"90052";"Giromagny";"2014-06-30 08:00:00";180;180;;0;;;0;0;0;0;"Estimées";;"Accidentelle";;;;;""
2014;7248;"2A";"2A139";"Lecci";"2014-06-30 08:42:00";20;;20;;;;;;;;;;"Malveillance";;;;;""
2014;3805;"2B";"2B050";"Calvi";"2014-06-30 11:02:00";17071;0;10000;;;;;;;7071;;"1";"Involontaire (travaux)";;;;;""
2014;4550;"2A";"2A004";"Ajaccio";"2014-06-30 11:08:00";100;;100;;;;;;;0;;;;;;;;""
2014;3844;"66";"66101";"Llupia";"2014-06-30 12:57:00";10000;;10000;;;;;;;;;"1";"Involontaire (travaux)";;;;;""
2014;3846;"66";"66136";"Perpignan";"2014-06-30 12:59:00";20000;;20000;;;;;;;;;"1";"Involontaire (particulier)";;;;;""
2014;3847;"66";"66057";"Corneilla-de-Conflent";"2014-06-30 15:24:00";10000;10000;;;;;;;;;;"3";"Involontaire (travaux)";;;;;""
2014;5313;"13";"13056";"Martigues";"2014-06-30 15:29:00";5000;4000;1000;;;;;;;;;"4";;;;;;""
2014;3895;"11";"11116";"Cuxac-d'Aude";"2014-06-30 19:04:00";10700;;;;;;;;;;;;"Accidentelle";;;;;""
2014;3897;"11";"11190";"La Redorte";"2014-06-30 19:12:00";1000;;;;;;;;;;;;"Malveillance";;;;;""
2014;4556;"2A";"2A288";"Sotta";"2014-06-30 22:34:00";10;;10;;;;;;;;;"1";"Malveillance";;;;;""
2014;1075;"33";"33529";"La Teste-de-Buch";"2014-07-01 06:39:00";4;4;;0;;;0;;;0;;;;;;;;""
2014;4561;"2A";"2A130";"Grosseto-Prugna";"2014-07-01 13:32:00";200;;200;;;;;;;;;;;;;;;""
2014;3835;"2B";"2B251";"Prunelli-di-Fiumorbo";"2014-07-01 14:45:00";5000;;;;;;;;;;;"3";"Malveillance";;;;;""
2014;3836;"2B";"2B086";"Centuri";"2014-07-01 19:46:00";40;0;40;;;;;;;0;;"1";"Accidentelle";;;;;""
2014;4572;"2A";"2A362";"Zonza";"2014-07-01 20:13:00";30;;;;;;;;;;;;;;;;;""
2014;4068;"34";"34069";"Cazouls-lès-Béziers";"2014-07-02 15:20:00";6500;2000;4500;;;;;;;;;"3";"Accidentelle";;;;;""
2014;5363;"13";"13055";"Marseille";"2014-07-02 19:04:00";5000;;;;;;;;;;;;;;;;;""
2014;5364;"13";"13055";"Marseille";"2014-07-02 22:33:00";100;;;;;;;;;;;;;;;;;""
2014;4573;"2A";"2A345";"Vero";"2014-07-02 22:44:00";200;;200;;;;;;;;;"1";"Malveillance";;;;;""
2014;5465;"13";"13055";"Marseille";"2014-07-03 06:58:00";30;;;;;;;;;;;;;;;;;""
2014;8096;"2A";"2A362";"Zonza";"2014-07-03 11:39:00";40;;40;;;;;;;;;"1";"Involontaire (particulier)";;;;;""
2014;5315;"13";"13001";"Aix-en-Provence";"2014-07-03 12:31:00";100;;100;;;;;;;;;"5";"Malveillance";;;;;""
2014;4576;"2A";"2A272";"Sartène";"2014-07-03 12:45:00";6800;;6800;;;;;;;;;"1";"Malveillance";;;;;""
2014;4577;"2A";"2A272";"Sartène";"2014-07-03 12:54:00";4200;;4200;;;;;;;;;"1";"Malveillance";;;;;""
2014;301;"17";"17452";"La Tremblade";"2014-07-03 14:33:00";200;200;;0;;;0;0;0;0;"Estimées";;;;;;;""
2014;5314;"13";"13001";"Aix-en-Provence";"2014-07-03 14:42:00";50;50;;;;;;;;;;;"Malveillance";;;;;""
2014;3962;"2B";"2B314";"Santo-Pietro-di-Tenda";"2014-07-03 15:13:00";683810;0;603810;;;;;;;80000;;"1";"Involontaire (travaux)";;;;;""
2014;4578;"2A";"2A004";"Ajaccio";"2014-07-03 16:04:00";20;;20;;;;;;;0;;;;;;;;""
2014;5329;"13";"13040";"Fuveau";"2014-07-03 16:22:00";100;100;;;;;;;;;;"4";"Malveillance";;;;;""
2014;5316;"13";"13001";"Aix-en-Provence";"2014-07-03 16:30:00";100;;100;;;;;;;;;"1";"Malveillance";;;;;""
2014;5318;"13";"13056";"Martigues";"2014-07-03 19:35:00";150;150;;;;;;;;;;"1";"Malveillance";;;;;""
2014;5326;"13";"13111";"Vauvenargues";"2014-07-03 19:47:00";100;100;;;;;;;;;;"5";"Accidentelle";;;;;""
2014;5320;"13";"13001";"Aix-en-Provence";"2014-07-03 20:58:00";120;120;;;;;;;;;;"1";"Malveillance";;;;;""
2014;5323;"13";"13050";"Lambesc";"2014-07-03 21:51:00";100;100;;;;;;;;;;"4";"Involontaire (particulier)";;;;;""
2014;3964;"2B";"2B320";"Tallone";"2014-07-04 00:58:00";150;0;150;;;;;;;0;;"1";;;;;;""
2014;5366;"13";"13055";"Marseille";"2014-07-04 03:02:00";15000;;;;;;;;;;;;;;;;;""
2014;5588;"2A";"2A272";"Sartène";"2014-07-04 07:59:00";1200;;1200;;;;;;;;;"1";"Involontaire (travaux)";;;;;""
2014;5576;"2A";"2A232";"Pila-Canale";"2014-07-04 10:46:00";2000;;2000;;;;;;;;;"1";"Involontaire (travaux)";;;;;""
2014;4579;"2A";"2A006";"Alata";"2014-07-04 14:17:00";50;;50;;;;;;;0;;"1";;;;;;""
2014;4580;"2A";"2A249";"Propriano";"2014-07-04 16:07:00";20;;20;;;;;;;0;;;"Involontaire (travaux)";;;;;""
2014;5365;"13";"13055";"Marseille";"2014-07-04 17:14:00";5000;;;;;;;;;;;;;;;;;""
2014;1828;"40";"40229";"Pontenx-les-Forges";"2014-07-04 17:51:00";4;4;;0;;;0;;;0;;;;;;;;""
2014;6786;"04";"04109";"Mallefougasse-Augès";"2014-07-04 18:48:00";27;27;;;;;;;;;;"4";"Naturelle";;;;;""
2014;4581;"2A";"2A272";"Sartène";"2014-07-05 13:17:00";745;;745;;;;;;;;;"1";"Malveillance";;;;;""
2014;3965;"2B";"2B314";"Santo-Pietro-di-Tenda";"2014-07-05 14:57:00";352974;0;339974;;;;;;;13000;;"1";"Involontaire (travaux)";;;;;""
2014;6787;"04";"04244";"Volonne";"2014-07-05 15:31:00";150;150;;;;;;;;;;"6";"Naturelle";;;;;""
2014;5344;"13";"13003";"Alleins";"2014-07-05 16:45:00";300;300;;;;;;;;;;;"Naturelle";;;;;""
2014;5336;"13";"13040";"Fuveau";"2014-07-05 17:03:00";100;100;;;;;;;;;;"4";"Malveillance";;;;;""
2014;3959;"83";"83070";"Le Lavandou";"2014-07-05 18:15:00";300;300;;;;;;;;;;"1";"Malveillance";;;;;""
2014;8109;"2A";"2A092";"Conca";"2014-07-05 23:28:00";100;;;;;;;;;;;;"Involontaire (particulier)";;;;;""
2014;5012;"11";"11185";"Lagrasse";"2014-07-06 15:36:00";100;;;;;;;;;;;;"Naturelle";;;;;""
2014;5013;"11";"11124";"Durban-Corbières";"2014-07-06 15:59:00";25;;;;;;;;;;;;"Naturelle";;;;;""
2014;5014;"11";"11188";"La Palme";"2014-07-06 17:18:00";1;;;;;;;;;;;;"Naturelle";;;;;""
2014;4582;"2A";"2A362";"Zonza";"2014-07-07 16:56:00";10;10;0;;;;;;;0;;"2";"Malveillance";;;;;""
2014;5343;"13";"13002";"Allauch";"2014-07-07 19:17:00";3000;3000;;;;;;;;;;"1";;;;;;""
2014;4095;"66";"66136";"Perpignan";"2014-07-08 16:09:00";45000;;45000;;;;;;;;;"1";;;;;;""
2014;5015;"11";"11188";"La Palme";"2014-07-08 16:38:00";1000;;;;;;;;;;;;"Involontaire (particulier)";;;;;""
2014;5377;"2A";"2A362";"Zonza";"2014-07-09 12:31:00";10;;;;;;;;;;;;;;;;;""
2014;6015;"34";"34035";"La Boissière";"2014-07-09 13:32:00";2000;2000;;;;;;;;;;"3";"Malveillance";;;;;""
2014;4109;"2B";"2B190";"Olmi-Cappella";"2014-07-09 13:35:00";20;;;;;;;;;;;;"Accidentelle";;;;;""
2014;4119;"2B";"2B042";"Borgo";"2014-07-09 16:30:00";800;;;;;;;;;;;"4";;;;;;""
2014;5340;"13";"13028";"La Ciotat";"2014-07-09 16:41:00";3000;1000;2000;;;;;;;;;"1";"Malveillance";;;;;""
2014;5341;"13";"13028";"La Ciotat";"2014-07-09 17:00:00";200;;200;;;;;;;;;"1";"Malveillance";;;;;""
2014;4114;"83";"83094";"Le Plan-de-la-Tour";"2014-07-09 18:02:00";100;100;;;;;;;;;;"4";"Involontaire (particulier)";;;;;""
2014;5342;"13";"13028";"La Ciotat";"2014-07-09 20:27:00";100;;100;;;;;;;;;"1";"Malveillance";;;;;""
2014;4120;"2B";"2B224";"Pietracorbara";"2014-07-10 01:43:00";10;;;;;;;;;;;;;;;;;""
2014;4246;"83";"83072";"Lorgues";"2014-07-10 08:15:00";2;;2;;;;;;;;;"1";"Accidentelle";;;;;""
2014;5345;"13";"13028";"La Ciotat";"2014-07-10 12:12:00";50;50;;;;;;;;;;"1";"Malveillance";;;;;""
2014;5917;"34";"34309";"Teyran";"2014-07-10 13:06:00";1000;;1000;;;;;;;;;"1";"Involontaire (particulier)";;;;;""
2014;5346;"13";"13028";"La Ciotat";"2014-07-10 18:27:00";50;50;;;;;;;;;;"1";"Malveillance";;;;;""
2014;5919;"34";"34163";"Montarnaud";"2014-07-10 18:46:00";13265;;13265;;;;;;;;;"1";"Malveillance";;;;;""
2014;5378;"2A";"2A114";"Figari";"2014-07-10 21:32:00";5800;;5800;;;;;;;;;"1";"Malveillance";;;;;""
2014;4395;"2B";"2B316";"Santa-Reparata-di-Balagna";"2014-07-11 11:38:00";30;0;30;;;;;;;0;;"1";;;;;;""
2014;5347;"13";"13047";"Istres";"2014-07-11 14:45:00";20000;10000;10000;;;;;;;;;"1";;;;;;""
2014;6788;"04";"04094";"Gréoux-les-Bains";"2014-07-11 14:52:00";484;44;;;;;;;;440;;"3";"Involontaire (travaux)";;;;;""
2014;5921;"34";"34248";"Sainte-Croix-de-Quintillargues";"2014-07-11 18:17:00";240;240;;;;;;;;;;"3";"Involontaire (particulier)";;;;;""
2014;5348;"13";"13056";"Martigues";"2014-07-11 23:45:00";200;200;;;;;;;;;;"4";"Malveillance";;;;;""
2014;4756;"83";"83061";"Fréjus";"2014-07-12 15:42:00";2;2;;;;;;;;;;"3";"Naturelle";;;;;""
2014;427;"35";"35211";"Paimpont";"2014-07-12 16:37:00";30000;30000;;0;;;0;0;0;0;"Estimées";;;;;;;""
2014;5511;"11";"11132";"Fabrezan";"2014-07-12 23:43:00";200;;;;;;;;;;;;"Malveillance";;;;;""
2014;5583;"66";"66097";"Lesquerde";"2014-07-13 04:08:00";16000;;16000;;;;;;;;;"1";"Malveillance";;;;;""
2014;4747;"2B";"2B307";"Santa-Lucia-di-Moriani";"2014-07-13 09:30:00";5000;0;5000;;;;;;;0;;"1";"Malveillance";;;;;""
2014;5018;"11";"11203";"Lézignan-Corbières";"2014-07-13 17:26:00";37200;;;;;;;;;;;;"Involontaire (particulier)";;;;;""
2014;4748;"2B";"2B046";"Cagnano";"2014-07-14 09:42:00";100;;;;;;;;;;;"1";"Involontaire (travaux)";;;;;""
2014;4734;"66";"66227";"Villeneuve-de-la-Raho";"2014-07-14 12:24:00";20000;;20000;;;;;;;;;"1";"Involontaire (particulier)";;;;;""
2014;4735;"66";"66136";"Perpignan";"2014-07-14 12:24:00";30000;;30000;;;;;;;;;"1";;;;;;""
2014;6085;"34";"34225";"Puisserguier";"2014-07-14 14:03:00";4200;2200;2000;;;;;;;;;"1";"Involontaire (particulier)";;;;;""
2014;6789;"04";"04112";"Manosque";"2014-07-14 14:50:00";810;310;;;;;;;;500;;"3";"Involontaire (particulier)";;;;;""
2014;4736;"66";"66165";"Rodès";"2014-07-14 15:47:00";10000;;10000;;;;;;;;;"1";"Accidentelle";;;;;""
2014;5019;"11";"11262";"Narbonne";"2014-07-14 15:49:00";29900;;;;;;;;;;;;"Involontaire (particulier)";;;;;""
2014;5466;"13";"13055";"Marseille";"2014-07-14 16:55:00";600;;;;;;;;;;;;;;;;;""
2014;4737;"66";"66114";"Montescot";"2014-07-14 18:33:00";20000;10000;10000;;;;;;;;;"4";;;;;;""
2014;5379;"2A";"2A062";"Carbuccia";"2014-07-15 00:26:00";20;;;;;;;;;;;"1";"Malveillance";;;;;""
2014;6237;"13";"13055";"Marseille";"2014-07-15 00:50:00";15000;;;;;;;;;;;;;;;;;""
2014;5380;"2A";"2A041";"Bonifacio";"2014-07-15 12:08:00";2;;2;;;;;;;;;"1";"Accidentelle";;;;;""
2014;889;"12";"12063";"La Cavalerie";"2014-07-15 12:17:00";50;0;;50;;;50;0;0;0;"Estimées";;;;;;;""
2014;5182;"2B";"2B251";"Prunelli-di-Fiumorbo";"2014-07-15 12:27:00";100;;;;;;;;;;;;"Malveillance";;;;;""
2014;4852;"83";"83120";"Saint-Zacharie";"2014-07-15 15:39:00";9000;9000;;;;;;;;;;"5";"Malveillance";;;;;""
2014;5381;"2A";"2A272";"Sartène";"2014-07-16 12:13:00";500;;500;;;;;;;;;"1";"Malveillance";;;;;""
2014;4992;"83";"83072";"Lorgues";"2014-07-16 13:10:00";200;200;;;;;;;;;;"3";"Malveillance";;;;;""
2014;5512;"11";"11203";"Lézignan-Corbières";"2014-07-16 14:45:00";50;;;;;;;;;;;;"Involontaire (travaux)";;;;;""
2014;5382;"2A";"2A098";"Coti-Chiavari";"2014-07-16 15:37:00";400;;400;;;;;;;0;;"1";"Malveillance";;;;;""
2014;5383;"2A";"2A004";"Ajaccio";"2014-07-16 17:29:00";400;;400;;;;;;;0;;"1";"Malveillance";;;;;""
2014;5349;"13";"13104";"Sausset-les-Pins";"2014-07-16 17:30:00";800;800;;;;;;;;;;"4";"Involontaire (particulier)";;;;;""
2014;6024;"34";"34157";"Mèze";"2014-07-16 17:41:00";1100;;1100;;;;;;;;;"1";"Involontaire (particulier)";;;;;""
2014;5922;"34";"34116";"Grabels";"2014-07-16 17:43:00";36600;;20000;;;;;;;16600;;"1";"Involontaire (particulier)";;;;;""
2014;5385;"2A";"2A288";"Sotta";"2014-07-17 03:49:00";50;;50;;;;;;;;;"1";"Malveillance";;;;;""
2014;5386;"2A";"2A271";"Sarrola-Carcopino";"2014-07-17 10:57:00";150;;150;;;;;;;;;"1";"Accidentelle";;;;;""
2014;6790;"04";"04124";"Montagnac-Montpezat";"2014-07-17 10:58:00";10000;200;;;;;;;;9800;;"5";"Involontaire (travaux)";;;;;""
2014;5387;"2A";"2A272";"Sartène";"2014-07-17 12:17:00";300;;;;;;;;;;;"1";"Malveillance";;;;;""
2014;1827;"40";"40009";"Arjuzanx";"2014-07-17 13:23:00";25000;25000;;0;;;0;;;0;;;;;;;;""
2014;5020;"11";"11198";"Laure-Minervois";"2014-07-17 13:34:00";1303800;380500;894300;;;;;;;29000;;;"Accidentelle";;;;;""
2014;1058;"33";"33347";"Puynormand";"2014-07-17 14:50:00";500;500;;0;;;0;;;0;;;"Involontaire (travaux)";;;;;""
2014;428;"35";"35211";"Paimpont";"2014-07-17 15:09:00";500;500;;0;;;0;0;0;0;"Estimées";;"Involontaire (travaux)";;;;;""
2014;5353;"13";"13092";"Saint-Chamas";"2014-07-17 17:51:00";1500;1500;;;;;;;;;;"5";;;;;;""
2014;5352;"13";"13051";"Lançon-Provence";"2014-07-17 18:21:00";100;100;;;;;;;;;;"4";"Accidentelle";;;;;""
2014;5003;"2B";"2B055";"Campitello";"2014-07-17 22:55:00";1000;0;1000;;;;;;;0;;"1";;;;;;""
2014;5111;"07";"07323";"Toulaud";"2014-07-18 09:31:00";100;;100;;;;;;;;;"1";"Involontaire (travaux)";;;;;""
2014;575;"12";"12205";"La Rouquette";"2014-07-18 13:53:00";2000;0;;2000;;;2000;0;0;0;"Estimées";;;;;;;""
2014;1054;"33";"33450";"Saint-Michel-de-Castelnau";"2014-07-18 14:17:00";10;10;;0;;;0;;;0;;;"Naturelle";;;;;""
2014;1826;"40";"40053";"Bourriot-Bergonce";"2014-07-18 14:51:00";50;50;;0;;;0;;;0;;;"Naturelle";;;;;""
2014;1825;"40";"40053";"Bourriot-Bergonce";"2014-07-18 14:54:00";5;5;;0;;;0;;;0;;;"Naturelle";;;;;""
2014;1824;"40";"40320";"Uchacq-et-Parentis";"2014-07-18 15:58:00";19500;19500;;0;;;0;;;0;;;"Naturelle";;;;;""
2014;1823;"40";"40053";"Bourriot-Bergonce";"2014-07-18 16:16:00";2;2;;0;;;0;;;0;;;"Naturelle";;;;;""
2014;1051;"33";"33255";"Lucmau";"2014-07-18 17:01:00";15000;15000;;0;;;0;;;0;;;"Naturelle";;;;;""
2014;5881;"34";"34225";"Puisserguier";"2014-07-18 21:35:00";250;250;;;;;;;;;;"4";"Malveillance";;;;;""
2014;367;"65";"65286";"Lourdes";"2014-07-18 22:33:00";100;10;;90;;;90;0;0;0;"Estimées";;;;;;;""
2014;5391;"2A";"2A006";"Alata";"2014-07-19 00:01:00";10;;10;;;;;;;;;;;;;;;""
2014;5354;"13";"13026";"Châteauneuf-les-Martigues";"2014-07-19 03:26:00";100;100;;;;;;;;;;"4";;;;;;""
2014;1050;"33";"33177";"Gaillan-en-Médoc";"2014-07-19 09:54:00";10;10;;0;;;0;;;0;;;"Naturelle";;;;;""
2014;5355;"13";"13106";"Septèmes-les-Vallons";"2014-07-19 11:27:00";400;200;200;;;;;;;;;"1";"Malveillance";;;;;""
2014;5498;"34";"34037";"Boujan-sur-Libron";"2014-07-19 12:56:00";46000;10000;6000;;;;;;;30000;;"1";"Accidentelle";;;;;""
2014;5923;"34";"34009";"Alignan-du-Vent";"2014-07-19 13:01:00";300;;300;;;;;;;;;"1";"Involontaire (particulier)";;;;;""
2014;803;"12";"12284";"Le Truel";"2014-07-19 13:10:00";300;0;;300;;;300;0;0;0;"Estimées";;;;;;;""
2014;5924;"34";"34281";"Saint-Pargoire";"2014-07-19 15:47:00";49200;30000;19200;;;;;;;;;"3";"Malveillance";;;;;""
2014;1049;"33";"33351";"Reignac";"2014-07-19 15:51:00";500;500;;0;;;0;;;0;;;;;;;;""
2014;1695;"24";"24540";"Sorges";"2014-07-19 16:07:00";100;100;;0;;;0;;;0;;;;;;;;""
2014;5926;"34";"34321";"Valergues";"2014-07-19 17:30:00";8400;1400;2000;;;;;;;5000;;"1";"Involontaire (particulier)";;;;;""
2014;1822;"40";"40230";"Pontonx-sur-l'Adour";"2014-07-19 20:22:00";500;500;;0;;;0;;;0;;;"Naturelle";;;;;""
2014;1047;"33";"33528";"Le Temple";"2014-07-19 20:38:00";1000;1000;;0;;;0;;;0;;;"Naturelle";;;;;""
2014;5356;"13";"13056";"Martigues";"2014-07-20 02:47:00";50;20;30;;;;;;;;;"4";"Malveillance";;;;;""
2014;6389;"48";"48193";"Vebron";"2014-07-20 11:34:00";2;;2;;;;;;;;;"1";"Naturelle";;;;;""
2014;5514;"11";"11041";"Bize-Minervois";"2014-07-20 12:29:00";300;;;;;;;;;;;;;;;;;""
2014;5467;"13";"13055";"Marseille";"2014-07-20 17:54:00";50;;;;;;;;;;;;;;;;;""
2014;5392;"2A";"2A091";"Cognocoli-Monticchi";"2014-07-20 18:00:00";300;300;;;;;;;;0;;"2";"Involontaire (particulier)";;;;;""
2014;5103;"2B";"2B290";"Speloncato";"2014-07-20 19:08:00";10;0;10;;;;;;;0;;"1";"Malveillance";;;;;""
2014;5460;"34";"34190";"Oupia";"2014-07-20 23:50:00";3600;1000;2600;;;;;;;;;"1";"Malveillance";;;;;""
2014;5112;"2B";"2B190";"Olmi-Cappella";"2014-07-21 08:45:00";100;0;100;;;;;;;0;;"1";"Naturelle";;;;;""
2014;1046;"33";"33115";"Cazalis";"2014-07-21 11:28:00";50;50;;0;;;0;;;0;;;;;;;;""
2014;5188;"83";"83107";"Roquebrune-sur-Argens";"2014-07-21 11:35:00";800;800;;;;;;;;;;"4";"Malveillance";;;;;""
2014;5357;"13";"13028";"La Ciotat";"2014-07-21 13:05:00";3000;3000;;;;;;;;;;"4";;;;;;""
2014;5358;"13";"13051";"Lançon-Provence";"2014-07-21 13:41:00";1000;500;500;;;;;;;;;"1";"Naturelle";;;;;""
2014;5359;"13";"13112";"Velaux";"2014-07-21 16:39:00";30;30;;;;;;;;;;"4";"Naturelle";;;;;""
2014;350;"17";"17485";"Le Grand-Village-Plage";"2014-07-21 16:49:00";200;200;;0;;;0;0;0;0;"Estimées";;;;;;;""
2014;5177;"2B";"2B002";"Aghione";"2014-07-22 11:20:00";50;;;;;;;;;;;"3";"Involontaire (particulier)";;;;;""
2014;5580;"66";"66191";"Sansa";"2014-07-22 12:14:00";500;500;;;;;;;;;;"1";;;;;;""
2014;5396;"2B";"2B037";"Biguglia";"2014-07-22 13:13:00";140500;0;140500;;;;;;;0;;"1";"Involontaire (particulier)";;;;;""
2014;5360;"13";"13007";"Auriol";"2014-07-22 22:55:00";100;;100;;;;;;;;;"4";"Involontaire (particulier)";;;;;""
2014;431;"35";"35211";"Paimpont";"2014-07-23 14:11:00";10000;10000;;0;;;0;0;0;0;"Estimées";;;;;;;""
2014;5393;"2A";"2A098";"Coti-Chiavari";"2014-07-23 16:47:00";100;;100;;;;;;;;;;;;;;;""
2014;1044;"33";"33199";"Gujan-Mestras";"2014-07-23 18:03:00";300;300;;0;;;0;;;0;;;;;;;;""
2014;1043;"33";"33540";"Vendays-Montalivet";"2014-07-24 13:48:00";500;500;;0;;;0;;;0;;;;;;;;""
2014;1040;"33";"33221";"Lamothe-Landerron";"2014-07-25 02:59:00";10;10;;0;;;0;;;0;;;"Involontaire (particulier)";;;;;""
2014;5515;"11";"11124";"Durban-Corbières";"2014-07-25 06:28:00";1;;;;;;;;;;;;"Naturelle";;;;;""
2014;5397;"2B";"2B182";"Occhiatana";"2014-07-25 10:49:00";17268;0;200;;;;;;;17068;;"1";"Involontaire (travaux)";;;;;""
2014;5394;"2A";"2A041";"Bonifacio";"2014-07-25 19:06:00";250;;250;;;;;;;;;"1";"Malveillance";;;;;""
2014;5398;"2B";"2B304";"San-Lorenzo";"2014-07-25 19:32:00";6;0;6;;;;;;;0;;"1";"Naturelle";;;;;""
2014;5516;"11";"11198";"Laure-Minervois";"2014-07-26 08:25:00";80;;;;;;;;;;;;"Involontaire (travaux)";;;;;""
2014;5564;"2A";"2A103";"Cuttoli-Corticchiato";"2014-07-26 10:38:00";3;;3;;;;;;;0;;;;;;;;""
2014;5565;"2A";"2A272";"Sartène";"2014-07-26 15:45:00";80;;80;;;;;;;;;"1";"Malveillance";;;;;""
2014;5566;"2A";"2A272";"Sartène";"2014-07-26 16:12:00";180;;180;;;;;;;;;"1";"Malveillance";;;;;""
2014;5569;"2A";"2A247";"Porto-Vecchio";"2014-07-26 16:35:00";5000;;5000;;;;;;;0;;"1";"Involontaire (travaux)";;;;;""
2014;5927;"34";"34024";"Balaruc-le-Vieux";"2014-07-26 16:36:00";4800;;2800;;;;;;;2000;;"1";"Involontaire (particulier)";;;;;""
2014;5517;"11";"11144";"Fitou";"2014-07-26 16:39:00";30;;;;;;;;;;;;"Involontaire (particulier)";;;;;""
2014;5928;"34";"34157";"Mèze";"2014-07-26 17:40:00";1200;600;;;;;;;;600;;"4";"Naturelle";;;;;""
2014;5399;"2B";"2B007";"Albertacce";"2014-07-26 18:05:00";20;;;;;;;;;;;"1";"Accidentelle";;;;;""
2014;5484;"11";"11221";"Les Martys";"2014-07-27 12:12:00";16700;;;;;;;;;;;;"Naturelle";;;;;""
2014;5929;"34";"34341";"Villeveyrac";"2014-07-27 12:43:00";300;300;;;;;;;;;;"4";"Accidentelle";;;;;""
2014;7165;"34";"34162";"Montagnac";"2014-07-27 12:52:00";7;;7;;;;;;;;;"1";"Accidentelle";;;;;""
2014;6086;"34";"34341";"Villeveyrac";"2014-07-27 12:52:00";750;;750;;;;;;;;;"1";"Involontaire (travaux)";;;;;""
2014;5518;"11";"11433";"Villeneuve-Minervois";"2014-07-27 14:06:00";200;;;;;;;;;;;;"Involontaire (travaux)";;;;;""
2014;5400;"2B";"2B281";"Sisco";"2014-07-27 15:42:00";100;;;;;;;;;;;"1";;;;;;""
2014;5468;"13";"13055";"Marseille";"2014-07-27 17:34:00";20000;;;;;;;;;;;;;;;;;""
2014;1694;"24";"24543";"Sourzac";"2014-07-27 17:46:00";10000;10000;;0;;;0;;;0;;;;;;;;""
2014;433;"35";"35290";"Saint-Malon-sur-Mel";"2014-07-27 19:02:00";20000;0;;20000;;;20000;0;0;0;"Estimées";;;;;;;""
2014;5425;"34";"34189";"Olonzac";"2014-07-28 14:00:00";400;400;;;;;;;;;;"4";"Naturelle";;;;;""
2014;5570;"2A";"2A272";"Sartène";"2014-07-28 14:14:00";180;;180;;;;;;;;;"1";"Malveillance";;;;;""
2014;5571;"2A";"2A272";"Sartène";"2014-07-28 14:27:00";150;;150;;;;;;;;;"1";"Malveillance";;;;;""
2014;5412;"2B";"2B166";"Monte";"2014-07-28 15:55:00";30000;;;;;;;;;;;"1";"Accidentelle";;;;;""
2014;5578;"2B";"2B049";"Calenzana";"2014-07-28 22:01:00";600;0;600;;;;;;;0;;"1";"Malveillance";;;;;""
2014;5930;"34";"34053";"Carlencas-et-Levas";"2014-07-29 13:31:00";200;;200;;;;;;;;;"1";"Malveillance";;;;;""
2014;5469;"13";"13055";"Marseille";"2014-07-29 18:23:00";100;;;;;;;;;;;;;;;;;""
2014;5632;"83";"83087";"Nans-les-Pins";"2014-07-29 18:27:00";350;350;;;;;;;;;;"5";"Naturelle";;;;;""
2014;5519;"11";"11144";"Fitou";"2014-07-29 18:52:00";4000;;;;;;;;;;;;"Malveillance";;;;;""
2014;5471;"13";"13055";"Marseille";"2014-07-29 21:08:00";5000;;;;;;;;;;;;;;;;;""
2014;1037;"33";"33540";"Vendays-Montalivet";"2014-07-30 02:39:00";100;100;;0;;;0;;;0;;;;;;;;""
2014;5424;"34";"34189";"Olonzac";"2014-07-30 07:32:00";100;100;;;;;;;;;;"4";"Malveillance";;;;;""
2014;5581;"66";"66014";"Baixas";"2014-07-30 11:15:00";100000;50000;50000;;;;;;;;;"4";;;;;;""
2014;5485;"11";"11285";"Peyriac-de-Mer";"2014-07-30 11:22:00";3099000;510000;2559000;;;;;;;30000;;;"Malveillance";;;;;""
2014;5551;"2B";"2B168";"Monticello";"2014-07-30 13:43:00";967;0;967;;;;;;;0;;"1";"Malveillance";;;;;""
2014;5486;"11";"11122";"Douzens";"2014-07-30 14:00:00";26600;;;;;;;;;;;;"Accidentelle";;;;;""
2014;5976;"11";"11425";"Villegailhenc";"2014-07-30 19:31:00";2000;;;;;;;;;;;;;;;;;""
2014;6094;"34";"34244";"Saint-Brès";"2014-07-30 19:49:00";25;25;;;;;;;;;;"6";"Involontaire (particulier)";;;;;""
2014;5977;"11";"11202";"Leucate";"2014-07-30 20:21:00";3;;;;;;;;;;;;;;;;;""
2014;5520;"11";"11132";"Fabrezan";"2014-07-30 23:22:00";50;;;;;;;;;;;;;;;;;""
2014;5477;"84";"84026";"Cadenet";"2014-07-31 03:50:00";7000;;;;;;;;;;;;;;;;;""
2014;5552;"2B";"2B172";"Murato";"2014-07-31 09:32:00";10;0;10;;;;;;;0;;"1";"Malveillance";;;;;""
2014;5553;"2B";"2B172";"Murato";"2014-07-31 10:00:00";10;0;10;;;;;;;0;;"1";"Malveillance";;;;;""
2014;5582;"66";"66217";"Trouillas";"2014-07-31 11:19:00";30000;30000;;;;;;;;;;"5";"Malveillance";;;;;""
2014;5554;"2B";"2B050";"Calvi";"2014-07-31 12:42:00";50;0;50;;;;;;;0;;"1";"Malveillance";;;;;""
2014;5521;"11";"11198";"Laure-Minervois";"2014-07-31 15:29:00";250;;;;;;;;;;;;"Involontaire (travaux)";;;;;""
2014;5640;"83";"83133";"Tanneron";"2014-07-31 15:51:00";300;300;;;;;;;;;;"4";"Accidentelle";;;;;""
2014;5931;"34";"34113";"Gigean";"2014-07-31 16:05:00";365000;300000;40000;;;;;;;25000;;"6";"Involontaire (particulier)";;;;;""
2014;5904;"34";"34015";"Assignan";"2014-07-31 17:12:00";200;;;;;;;;;;;;;;;;;""
2014;6088;"34";"34244";"Saint-Brès";"2014-07-31 18:53:00";70;70;;;;;;;;;;"6";"Involontaire (particulier)";;;;;""
2014;5522;"11";"11330";"Rustiques";"2014-07-31 19:11:00";3000;;;;;;;;;;;;"Malveillance";;;;;""
2014;5523;"11";"11198";"Laure-Minervois";"2014-08-01 05:29:00";7500;;;;;;;;;;;;"Malveillance";;;;;""
2014;1819;"40";"40157";"Lit-et-Mixe";"2014-08-01 13:58:00";20;20;;0;;;0;;;0;;;"Naturelle";;;;;""
2014;1817;"40";"40167";"Luxey";"2014-08-01 15:41:00";4000;4000;;0;;;0;;;0;;;"Naturelle";;;;;""
2014;1032;"33";"33225";"Landiras";"2014-08-01 16:02:00";5000;5000;;0;;;0;;;0;;;;;;;;""
2014;5480;"34";"34302";"Siran";"2014-08-01 16:06:00";122700;80000;20000;;;;;;;22700;;"4";"Malveillance";;;;;""
2014;5555;"2B";"2B248";"Prato-di-Giovellina";"2014-08-01 16:09:00";50;0;50;;;;;;;0;;"1";"Involontaire (particulier)";;;;;""
2014;6100;"34";"34082";"Combaillaux";"2014-08-01 16:23:00";1400;1400;;;;;;;;;;"4";"Accidentelle";;;;;""
2014;5641;"83";"83115";"Sainte-Maxime";"2014-08-01 17:23:00";150;150;;;;;;;;;;"3";"Involontaire (particulier)";;;;;""
2014;6238;"13";"13055";"Marseille";"2014-08-01 18:38:00";30;;;;;;;;;;;;;;;;;""
2014;1816;"40";"40242";"Rimbez-et-Baudiets";"2014-08-01 18:41:00";150;150;;0;;;0;;;0;;;;;;;;""
2014;1031;"33";"33494";"Salaunes";"2014-08-01 18:54:00";500;500;;0;;;0;;;0;;;"Naturelle";;;;;""
2014;1030;"33";"33022";"Avensan";"2014-08-01 19:15:00";30;30;;0;;;0;;;0;;;"Naturelle";;;;;""
2014;6103;"34";"34244";"Saint-Brès";"2014-08-01 19:48:00";15;15;;;;;;;;;;"6";"Involontaire (particulier)";;;;;""
2014;1029;"33";"33091";"Cantenac";"2014-08-01 20:40:00";20;20;;0;;;0;;;0;;;;;;;;""
2014;5912;"13";"13082";"Rognes";"2014-08-02 16:41:00";50;50;;;;;;;;;;"4";;;;;;""
2014;1028;"33";"33095";"Captieux";"2014-08-02 16:47:00";40000;20000;;0;;;0;;;20000;;;"Naturelle";;;;;""
2014;5659;"48";"48148";"Saint-Étienne-Vallée-Française";"2014-08-02 16:58:00";160;160;;;;;;;;;;"5";"Naturelle";;;;;""
2014;807;"12";"12089";"Decazeville";"2014-08-02 18:13:00";20;0;;20;;;20;0;0;0;"Estimées";;"Involontaire (particulier)";;;;;""
2014;1026;"33";"33115";"Cazalis";"2014-08-03 10:46:00";10;10;;0;;;0;;;0;;;"Naturelle";;;;;""
2014;1025;"33";"33095";"Captieux";"2014-08-03 11:55:00";3000;3000;;0;;;0;;;0;;;"Naturelle";;;;;""
2014;5557;"2B";"2B123";"Ghisonaccia";"2014-08-03 13:15:00";2;;;;;;;;;;;;"Malveillance";;;;;""
2014;5558;"2B";"2B009";"Aléria";"2014-08-04 13:23:00";70365;0;50000;;;;;;;20365;;"1";;;;;;""
2014;5978;"11";"11386";"Talairan";"2014-08-04 13:50:00";20;;;;;;;;;;;;"Malveillance";;;;;""
2014;5932;"34";"34095";"Fabrègues";"2014-08-04 17:00:00";2800;2800;;;;;;;;;;"4";"Involontaire (particulier)";;;;;""
2014;1023;"33";"33494";"Salaunes";"2014-08-04 20:24:00";1000;1000;;0;;;0;;;0;;;"Naturelle";;;;;""
2014;5979;"11";"11433";"Villeneuve-Minervois";"2014-08-05 13:55:00";300;;;;;;;;;;;;"Involontaire (particulier)";;;;;""
2014;5913;"13";"13077";"Port-de-Bouc";"2014-08-05 14:15:00";3000;100;2500;;;;;;;400;;"1";;;;;;""
2014;5981;"11";"11188";"La Palme";"2014-08-05 18:28:00";600;;;;;;;;;;;;"Malveillance";;;;;""
2014;5592;"2B";"2B087";"Cervione";"2014-08-05 22:50:00";4;4;0;;;;;;;0;;"3";"Involontaire (particulier)";;;;;""
2014;5647;"83";"83107";"Roquebrune-sur-Argens";"2014-08-06 09:54:00";300;300;;;;;;;;;;"4";"Malveillance";;;;;""
2014;5593;"2B";"2B147";"Lozzi";"2014-08-06 11:06:00";300;;;;;;;;;;;;"Involontaire (travaux)";;;;;""
2014;5589;"2A";"2A272";"Sartène";"2014-08-06 12:01:00";30;;;;;;;;;;;"1";"Malveillance";;;;;""
2014;5982;"11";"11122";"Douzens";"2014-08-06 12:35:00";3500;;;;;;;;;;;;"Malveillance";;;;;""
2014;5594;"2B";"2B333";"Vallecalle";"2014-08-06 15:22:00";100;0;100;;;;;;;0;;"1";"Involontaire (particulier)";;;;;""
2014;7107;"34";"34152";"Mas-de-Londres";"2014-08-06 15:56:00";250;;250;;;;;;;;;"1";"Involontaire (particulier)";;;;;""
2014;6398;"34";"34095";"Fabrègues";"2014-08-06 16:54:00";20;;20;;;;;;;;;"1";"Involontaire (particulier)";;;;;""
2014;5662;"34";"34020";"Azillanet";"2014-08-06 19:02:00";8000;8000;;;;;;;;;;"4";"Accidentelle";;;;;""
2014;6427;"34";"34108";"Frontignan";"2014-08-07 00:04:00";10400;10400;;;;;;;;;;"4";"Involontaire (particulier)";;;;;""
2014;5983;"11";"11258";"Moussan";"2014-08-07 01:08:00";5000;;;;;;;;;;;;"Malveillance";;;;;""
2014;5652;"83";"83056";"Figanières";"2014-08-07 17:46:00";20;20;;;;;;;;;;"5";"Malveillance";;;;;""
2014;6434;"34";"34032";"Béziers";"2014-08-07 23:51:00";1800;;1800;;;;;;;;;"1";"Malveillance";;;;;""
2014;5653;"83";"83056";"Figanières";"2014-08-08 00:54:00";2;2;;;;;;;;;;"5";"Malveillance";;;;;""
2014;5611;"2B";"2B147";"Lozzi";"2014-08-08 11:39:00";20;;;;;;;;;;;"1";;;;;;""
2014;7935;"11";"11285";"Peyriac-de-Mer";"2014-08-08 13:43:00";20;;;;;;;;;;;;"Involontaire (travaux)";;;;;""
2014;6443;"34";"34084";"Corneilhan";"2014-08-08 14:00:00";12000;2000;10000;;;;;;;;;"1";"Involontaire (particulier)";;;;;""
2014;7108;"34";"34145";"Lunel";"2014-08-08 14:30:00";3000;;3000;;;;;;;;;"1";"Involontaire (particulier)";;;;;""
2014;6530;"30";"30334";"Uzès";"2014-08-08 14:56:00";1200;;;;;;;;;;;;;;;;;""
2014;1019;"33";"33095";"Captieux";"2014-08-08 15:41:00";270000;270000;;0;;;0;;;0;;;"Naturelle";;;;;""
2014;5656;"83";"83014";"Baudinard-sur-Verdon";"2014-08-08 18:13:00";50;50;;;;;;;;;;"3";"Naturelle";;;;;""
2014;5984;"11";"11048";"Boutenac";"2014-08-09 12:53:00";22993;;;;;;;;;;;;"Involontaire (particulier)";;;;;""
2014;6643;"83";"83126";"La Seyne-sur-Mer";"2014-08-09 14:43:00";300;300;;;;;;;;;;"1";"Naturelle";;;;;""
2014;5607;"06";"06088";"Nice";"2014-08-10 13:33:00";5000;;5000;;;;;;;;;"1";"Malveillance";;;;;""
2014;5609;"06";"06025";"Le Broc";"2014-08-10 14:40:00";50;;50;;;;;;;;;"1";"Involontaire (particulier)";;;;;""
2014;5608;"06";"06150";"La Turbie";"2014-08-10 15:40:00";300;;300;;;;;;;;;;"Accidentelle";;;;;""
2014;5610;"06";"06088";"Nice";"2014-08-10 19:53:00";100;;100;;;;;;;;;"1";;;;;;""
2014;6453;"34";"34014";"Assas";"2014-08-11 12:43:00";50;50;;;;;;;;;;"3";"Naturelle";;;;;""
2014;5989;"66";"66212";"Torreilles";"2014-08-11 12:50:00";20000;20000;;;;;;;;;;"4";;;;;;""
2014;5990;"66";"66190";"Salses-le-Château";"2014-08-11 13:52:00";20000;;20000;;;;;;;;;"1";;;;;;""
2014;5651;"30";"30311";"Sauve";"2014-08-11 14:58:00";150;;;;;;;;;;;"1";"Accidentelle";;;;;""
2014;5670;"06";"06117";"Saint-Blaise";"2014-08-12 11:38:00";15900;15900;;;;;;;;;;"5";"Involontaire (particulier)";;;;;""
2014;6529;"30";"30141";"Laudun-l'Ardoise";"2014-08-12 14:07:00";1800;;;;;;;;;;;;;;;;;""
2014;5671;"06";"06088";"Nice";"2014-08-12 16:08:00";4000;;4000;;;;;;;;;"1";"Involontaire (particulier)";;;;;""
2014;5674;"06";"06114";"Saint-André-de-la-Roche";"2014-08-12 18:06:00";300;;300;;;;;;;;;"1";"Malveillance";;;;;""
2014;6514;"34";"34116";"Grabels";"2014-08-13 17:29:00";200;200;;;;;;;;;;"4";"Involontaire (particulier)";;;;;""
2014;6112;"2A";"2A272";"Sartène";"2014-08-14 12:19:00";3100;;3100;;;;;;;;;"1";"Malveillance";;;;;""
2014;6113;"2A";"2A272";"Sartène";"2014-08-14 12:42:00";3200;;3200;;;;;;;0;;"1";"Malveillance";;;;;""
2014;5992;"66";"66164";"Rivesaltes";"2014-08-14 13:35:00";20000;;20000;;;;;;;;;"1";;;;;;""
2014;6168;"34";"34190";"Oupia";"2014-08-14 13:50:00";500;;500;;;;;;;;;"1";"Malveillance";;;;;""
2014;5774;"2B";"2B320";"Tallone";"2014-08-14 14:21:00";20000;;;;;;;;;;;"1";"Involontaire (particulier)";;;;;""
2014;5691;"83";"83137";"Toulon";"2014-08-14 15:21:00";12000;12000;;;;;;;;;;"5";"Involontaire (particulier)";;;;;""
2014;6114;"2A";"2A247";"Porto-Vecchio";"2014-08-14 16:14:00";5200;;5200;;;;;;;;;"1";;;;;;""
2014;5775;"2B";"2B023";"Asco";"2014-08-14 17:45:00";10;;;;;;;;;;;;;;;;;""
2014;6520;"34";"34116";"Grabels";"2014-08-14 21:37:00";300;;;;;;;;;;;;"Malveillance";;;;;""
2014;6115;"2A";"2A247";"Porto-Vecchio";"2014-08-14 22:58:00";170;;170;;;;;;;;;"4";"Involontaire (particulier)";;;;;""
2014;5776;"2B";"2B316";"Santa-Reparata-di-Balagna";"2014-08-15 08:05:00";95770;0;85770;;;;;;;10000;;"1";"Malveillance";;;;;""
2014;5781;"2B";"2B110";"Favalello";"2014-08-15 12:28:00";3;0;3;;;;;;;0;;"1";"Malveillance";;;;;""
2014;5777;"2B";"2B110";"Favalello";"2014-08-15 12:28:00";100;0;100;;;;;;;0;;"1";"Malveillance";;;;;""
2014;5785;"2B";"2B110";"Favalello";"2014-08-15 12:28:00";10;0;10;;;;;;;0;;"1";"Malveillance";;;;;""
2014;5789;"2B";"2B236";"Poggio-di-Nazza";"2014-08-15 15:48:00";500;;;;;;;;;;;;"Malveillance";;;;;""
2014;6431;"2B";"2B123";"Ghisonaccia";"2014-08-15 16:22:00";847798;0;60000;;;;;;;787798;;"1";"Malveillance";;;;;""
2014;6287;"2B";"2B283";"Solaro";"2014-08-15 16:50:00";304678;120000;80000;;;;;;;104678;;"1";"Involontaire (particulier)";;;;;""
2014;6116;"2A";"2A269";"Sari-Solenzara";"2014-08-15 16:56:00";330000;;330000;;;;;;;;;"1";"Involontaire (particulier)";;;;;""
2014;5987;"11";"11170";"Gruissan";"2014-08-15 20:38:00";200;;;;;;;;;;;;;;;;;""
2014;5985;"11";"11257";"Monze";"2014-08-15 23:08:00";588;;;;;;;;;;;;"Malveillance";;;;;""
2014;5993;"66";"66014";"Baixas";"2014-08-16 09:16:00";20000;;20000;;;;;;;;;"1";"Malveillance";;;;;""
2014;6117;"2A";"2A200";"Palneca";"2014-08-16 10:20:00";50;;50;;;;;;;;;"1";"Malveillance";;;;;""
2014;6522;"34";"34244";"Saint-Brès";"2014-08-16 12:46:00";2200;2200;;;;;;;;;;"6";"Involontaire (particulier)";;;;;""
2014;5915;"13";"13023";"Ceyreste";"2014-08-16 16:36:00";350;350;;;;;;;;;;"4";"Malveillance";;;;;""
2014;5916;"13";"13023";"Ceyreste";"2014-08-16 16:36:00";34900;34900;;;;;;;;;;"4";"Malveillance";;;;;""
2014;5986;"11";"11122";"Douzens";"2014-08-16 16:55:00";939;;;;;;;;;;;;"Malveillance";;;;;""
2014;6333;"06";"06075";"Levens";"2014-08-16 18:06:00";60;;60;;;;;;;;;"1";"Naturelle";;;;;""
2014;6167;"34";"34006";"Aigne";"2014-08-16 18:30:00";500;500;;;;;;;;;;"4";"Malveillance";;;;;""
2014;6480;"11";"11145";"Fleury";"2014-08-16 18:31:00";1;;;;;;;;;;;;"Involontaire (particulier)";;;;;""
2014;5920;"13";"13056";"Martigues";"2014-08-16 19:50:00";500;400;100;;;;;;;;;"4";"Malveillance";;;;;""
2014;5918;"13";"13022";"Cassis";"2014-08-16 22:30:00";200;200;;;;;;;;;;"4";;;;;;""
2014;5994;"66";"66008";"Argelès-sur-Mer";"2014-08-17 12:00:00";15000;;15000;;;;;;;;;"1";;;;;;""
2014;6644;"83";"83144";"La Valette-du-Var";"2014-08-17 12:23:00";500;;500;;;;;;;;;"1";"Involontaire (particulier)";;;;;""
2014;5796;"2B";"2B355";"Volpajola";"2014-08-17 16:50:00";15000;0;15000;;;;;;;0;;"1";"Involontaire (particulier)";;;;;""
2014;5988;"11";"11257";"Monze";"2014-08-17 18:49:00";2136;;;;;;;;;;;;"Malveillance";;;;;""
2014;6524;"34";"34178";"Murviel-lès-Béziers";"2014-08-18 11:50:00";800;800;;;;;;;;;;"4";"Involontaire (travaux)";;;;;""
2014;5708;"83";"83086";"Le Muy";"2014-08-18 16:32:00";20;20;;;;;;;;;;"2";"Malveillance";;;;;""
2014;6118;"2A";"2A099";"Cozzano";"2014-08-18 18:07:00";60;;60;;;;;;;;;"1";"Involontaire (particulier)";;;;;""
2014;6974;"13";"13056";"Martigues";"2014-08-18 18:14:00";500;500;;;;;;;;;;"4";"Malveillance";;;;;""
2014;6119;"2A";"2A018";"Arbellara";"2014-08-19 12:44:00";690;;690;;;;;;;;;"1";"Malveillance";;;;;""
2014;6120;"2A";"2A272";"Sartène";"2014-08-19 12:52:00";50;;50;;;;;;;;;"1";"Malveillance";;;;;""
2014;435;"17";"17167";"Le Fouilloux";"2014-08-19 15:19:00";1000;1000;;0;;;0;0;0;0;"Estimées";;;;;;;""
2014;6563;"34";"34213";"Poussan";"2014-08-20 01:24:00";17000;;3000;;;;;;;14000;;"1";"Malveillance";;;;;""
2014;5995;"83";"83031";"Le Cannet-des-Maures";"2014-08-20 11:26:00";100;100;;;;;;;;;;"1";"Accidentelle";;;;;""
2014;6551;"34";"34020";"Azillanet";"2014-08-20 16:37:00";2400;400;2000;;;;;;;;;"1";"Accidentelle";;;;;""
2014;6553;"34";"34016";"Aumelas";"2014-08-20 17:35:00";6500;;3000;;;;;;;3500;;"1";"Malveillance";;;;;""
2014;5997;"2B";"2B049";"Calenzana";"2014-08-20 21:30:00";50;;;;;;;;;;;;"Malveillance";;;;;""
2014;6141;"2B";"2B049";"Calenzana";"2014-08-20 21:35:00";35000;0;35000;;;;;;;0;;"1";"Malveillance";;;;;""
2014;6106;"11";"11257";"Monze";"2014-08-21 06:47:00";120;;;;;;;;;;;;"Malveillance";;;;;""
2014;6142;"2B";"2B049";"Calenzana";"2014-08-21 09:50:00";4587;0;2587;;;;;;;2000;;"1";"Malveillance";;;;;""
2014;6144;"2B";"2B037";"Biguglia";"2014-08-21 10:55:00";3000;;;;;;;;;;;;;;;;;""
2014;6184;"2B";"2B049";"Calenzana";"2014-08-21 11:25:00";49833;8000;41833;;;;;;;0;;"1";"Malveillance";;;;;""
2014;6122;"2A";"2A272";"Sartène";"2014-08-21 11:49:00";27500;;27500;;;;;;;;;"1";"Malveillance";;;;;""
2014;6124;"83";"83107";"Roquebrune-sur-Argens";"2014-08-21 13:11:00";200;200;;;;;;;;;;"2";"Malveillance";;;;;""
2014;6562;"34";"34116";"Grabels";"2014-08-21 16:04:00";200;200;;;;;;;;;;"4";"Involontaire (particulier)";;;;;""
2014;6170;"34";"34189";"Olonzac";"2014-08-21 21:51:00";100;;;;;;;;;;;"4";"Malveillance";;;;;""
2014;6169;"34";"34302";"Siran";"2014-08-22 13:01:00";150;150;;;;;;;;;;"4";"Malveillance";;;;;""
2014;6145;"2B";"2B153";"Manso";"2014-08-22 13:35:00";4248;0;4248;;;;;;;0;;"1";"Malveillance";;;;;""
2014;809;"12";"12200";"Rivière-sur-Tarn";"2014-08-22 14:03:00";20;0;;20;;;20;0;0;0;"Estimées";;;;;;;""
2014;6153;"83";"83143";"Le Val";"2014-08-22 15:03:00";150;150;;;;;;;;;;"4";"Involontaire (particulier)";;;;;""
2014;6481;"11";"11433";"Villeneuve-Minervois";"2014-08-23 09:27:00";200;;;;;;;;;;;;"Involontaire (particulier)";;;;;""
2014;1004;"33";"33374";"Saint-Aubin-de-Blaye";"2014-08-23 20:42:00";50;50;;0;;;0;;;0;;;;;;;;""
2014;6172;"34";"34341";"Villeveyrac";"2014-08-23 21:36:00";68000;;68000;;;;;;;;;"1";"Malveillance";;;;;""
2014;6171;"34";"34189";"Olonzac";"2014-08-24 04:04:00";900;450;450;;;;;;;;;"4";"Malveillance";;;;;""
2014;6156;"83";"83140";"Tourves";"2014-08-24 10:09:00";20;20;;;;;;;;;;"1";"Involontaire (particulier)";;;;;""
2014;6146;"2B";"2B314";"Santo-Pietro-di-Tenda";"2014-08-24 12:38:00";2;0;2;;;;;;;0;;"1";"Accidentelle";;;;;""
2014;6482;"11";"11379";"Sigean";"2014-08-24 12:51:00";1000;;;;;;;;;;;;"Accidentelle";;;;;""
2014;1003;"33";"33009";"Arcachon";"2014-08-24 14:27:00";10;10;;0;;;0;;;0;;;;;;;;""
2014;6792;"04";"04070";"Digne-les-Bains";"2014-08-24 18:05:00";110;110;;;;;;;;;;"5";;;;;;""
2014;1001;"33";"33233";"Laruscade";"2014-08-25 13:32:00";10;10;;0;;;0;;;0;;;"Malveillance";;;;;""
2014;810;"12";"12167";"Najac";"2014-08-25 17:01:00";200;0;;200;;;200;0;0;0;"Estimées";;"Involontaire (particulier)";;;;;""
2014;6230;"2A";"2A272";"Sartène";"2014-08-26 11:47:00";100;;100;;;;;;;;;"1";"Malveillance";;;;;""
2014;6232;"2A";"2A272";"Sartène";"2014-08-26 12:44:00";100;;100;;;;;;;0;;"1";"Malveillance";;;;;""
2014;6727;"66";"66231";"Vingrau";"2014-08-26 16:40:00";30;30;;;;;;;;;;"4";;;;;;""
2014;6728;"66";"66145";"Ponteilla";"2014-08-26 18:57:00";1500;1500;;;;;;;;;;"5";;;;;;""
2014;7999;"34";"34026";"Beaufort";"2014-08-26 19:00:00";500;;;;;;;;;;;"1";"Malveillance";;;;;""
2014;6233;"2A";"2A108";"Évisa";"2014-08-26 22:48:00";100;;100;;;;;;;;;"4";"Accidentelle";;;;;""
2014;6484;"11";"11386";"Talairan";"2014-08-26 23:47:00";20;;;;;;;;;;;;"Malveillance";;;;;""
2014;6416;"34";"34074";"Cessenon-sur-Orb";"2014-08-27 12:36:00";230000;150000;50000;;;;;;;30000;;"3";"Involontaire (particulier)";;;;;""
2014;6413;"34";"34069";"Cazouls-lès-Béziers";"2014-08-27 13:46:00";27500;7500;;;;;;;;20000;;"3";"Involontaire (particulier)";;;;;""
2014;6410;"34";"34166";"Montblanc";"2014-08-27 14:07:00";5400;5400;;;;;;;;;;"3";"Malveillance";;;;;""
2014;6297;"2A";"2A362";"Zonza";"2014-08-27 14:17:00";17000;;17000;;;;;;;;;"1";"Malveillance";;;;;""
2014;6409;"34";"34178";"Murviel-lès-Béziers";"2014-08-27 14:51:00";6000;2000;;;;;;;;4000;;"3";"Involontaire (particulier)";;;;;""
2014;6334;"06";"06088";"Nice";"2014-08-27 15:33:00";5000;;5000;;;;;;;;;"1";"Involontaire (travaux)";;;;;""
2014;6298;"2A";"2A247";"Porto-Vecchio";"2014-08-27 17:49:00";30600;;30600;;;;;;;;;"1";"Malveillance";;;;;""
2014;6408;"34";"34194";"Paulhan";"2014-08-27 18:46:00";4700;2000;;;;;;;;2700;;"3";"Involontaire (travaux)";;;;;""
2014;6485;"11";"11202";"Leucate";"2014-08-27 19:59:00";4756;;;;;;;;;;;;"Malveillance";;;;;""
2014;6278;"07";"07058";"Chassiers";"2014-08-27 20:01:00";200;200;;;;;;;;;;"4";"Malveillance";;;;;""
2014;6288;"2B";"2B039";"Bisinchi";"2014-08-27 20:22:00";6800;;;;;;;;;;;"3";;;;;;""
2014;6289;"2B";"2B248";"Prato-di-Giovellina";"2014-08-27 21:10:00";800;0;800;;;;;;;0;;"1";;;;;;""
2014;6290;"2B";"2B329";"Tralonca";"2014-08-28 03:38:00";50;0;50;;;;;;;0;;"1";;;;;;""
2014;6406;"34";"34075";"Cesseras";"2014-08-28 12:45:00";200;;200;;;;;;;;;"1";"Malveillance";;;;;""
2014;6407;"34";"34075";"Cesseras";"2014-08-28 12:45:00";150;;150;;;;;;;;;"1";"Malveillance";;;;;""
2014;6404;"34";"34116";"Grabels";"2014-08-28 17:56:00";70000;60000;10000;;;;;;;;;"4";"Malveillance";;;;;""
2014;6539;"34";"34006";"Aigne";"2014-08-28 18:55:00";500;;500;;;;;;;;;"1";"Malveillance";;;;;""
2014;1814;"40";"40307";"Sore";"2014-08-29 07:15:00";3;3;;0;;;0;;;0;;;"Naturelle";;;;;""
2014;6403;"34";"34302";"Siran";"2014-08-29 12:08:00";195800;195800;;;;;;;;;;"4";"Malveillance";;;;;""
2014;6314;"2B";"2B140";"Lento";"2014-08-30 01:15:00";10;0;10;;;;;;;0;;"1";;;;;;""
2014;6313;"2B";"2B140";"Lento";"2014-08-30 01:15:00";2000;0;2000;;;;;;;0;;"1";;;;;;""
2014;6315;"2B";"2B140";"Lento";"2014-08-30 01:15:00";2;0;2;;;;;;;0;;"1";;;;;;""
2014;6598;"2A";"2A048";"Calcatoggio";"2014-08-30 13:00:00";61000;;61000;;;;;;;;;"1";"Malveillance";;;;;""
2014;6405;"34";"34244";"Saint-Brès";"2014-08-30 16:15:00";2500;2500;;;;;;;;;;"6";"Involontaire (particulier)";;;;;""
2014;6886;"11";"11322";"Roquefort-des-Corbières";"2014-08-30 17:33:00";5;;;;;;;;;;;;"Involontaire (particulier)";;;;;""
2014;6599;"2A";"2A130";"Grosseto-Prugna";"2014-08-30 17:39:00";5000;;5000;;;;;;;;;"1";"Malveillance";;;;;""
2014;6316;"2B";"2B096";"Corte";"2014-08-30 17:42:00";600;0;600;;;;;;;0;;"1";"Involontaire (particulier)";;;;;""
2014;6340;"83";"83073";"Le Luc";"2014-08-31 11:40:00";30;30;;;;;;;;;;"5";"Involontaire (particulier)";;;;;""
2014;6341;"83";"83019";"Bormes-les-Mimosas";"2014-08-31 15:09:00";600;600;;;;;;;;;;"4";"Involontaire (particulier)";;;;;""
2014;1813;"40";"40310";"Soustons";"2014-08-31 17:25:00";5;5;;0;;;0;;;0;;;"Involontaire (particulier)";;;;;""
2014;6402;"34";"34179";"Murviel-lès-Montpellier";"2014-08-31 17:54:00";10800;;10800;;;;;;;;;"1";"Accidentelle";;;;;""
2014;994;"33";"33529";"La Teste-de-Buch";"2014-08-31 18:22:00";500;500;;0;;;0;;;0;;;;;;;;""
2014;6600;"2A";"2A139";"Lecci";"2014-09-01 02:47:00";930000;;930000;;;;;;;;;"1";"Malveillance";;;;;""
2014;6356;"07";"07194";"Rochessauve";"2014-09-01 13:50:00";1000;;1000;;;;;;;;;"3";"Involontaire (particulier)";;;;;""
2014;6486;"11";"11260";"Mouthoumet";"2014-09-01 14:49:00";50700;;;;;;;;;;;;"Malveillance";;;;;""
2014;6357;"07";"07133";"Larnas";"2014-09-01 15:08:00";11000;1000;10000;;;;;;;;;"1";;;;;;""
2014;6729;"66";"66141";"Pia";"2014-09-01 16:17:00";30000;;30000;;;;;;;;;"1";"Involontaire (travaux)";;;;;""
2014;6564;"34";"34179";"Murviel-lès-Montpellier";"2014-09-01 16:46:00";2;;2;;;;;;;;;"1";"Involontaire (travaux)";;;;;""
2014;6401;"34";"34116";"Grabels";"2014-09-01 17:34:00";1500;;1500;;;;;;;;;"1";"Malveillance";;;;;""
2014;6400;"34";"34053";"Carlencas-et-Levas";"2014-09-01 18:27:00";1100;1100;;;;;;;;;;"4";"Accidentelle";;;;;""
2014;6565;"34";"34016";"Aumelas";"2014-09-01 19:11:00";1200;;1200;;;;;;;;;"1";"Malveillance";;;;;""
2014;6730;"66";"66224";"Villelongue-de-la-Salanque";"2014-09-01 21:55:00";15000;;15000;;;;;;;;;"1";;;;;;""
2014;6628;"84";"84026";"Cadenet";"2014-09-02 02:30:00";4000;;;;;;;;;;;;;;;;;""
2014;7536;"34";"34289";"Saint-Thibéry";"2014-09-02 03:36:00";10000;;;;;;;;;;;;"Accidentelle";;;;;""
2014;6601;"2A";"2A360";"Zigliara";"2014-09-02 03:49:00";300;;300;;;;;;;0;;;;;;;;""
2014;6433;"2B";"2B236";"Poggio-di-Nazza";"2014-09-02 10:03:00";3500;;;;;;;;;;;;"Involontaire (travaux)";;;;;""
2014;6602;"2A";"2A272";"Sartène";"2014-09-02 11:50:00";20;;20;;;;;;;0;;;;;;;;""
2014;6603;"2A";"2A091";"Cognocoli-Monticchi";"2014-09-02 12:02:00";25000;;25000;;;;;;;;;;"Malveillance";;;;;""
2014;7110;"34";"34016";"Aumelas";"2014-09-02 12:09:00";20;;20;;;;;;;;;"1";"Involontaire (travaux)";;;;;""
2014;6435;"2B";"2B096";"Corte";"2014-09-02 12:48:00";7955;0;5500;;;;;;;2455;;"1";"Involontaire (travaux)";;;;;""
2014;6980;"13";"13077";"Port-de-Bouc";"2014-09-02 13:03:00";4200;3000;1000;;;;;;;200;;"3";"Malveillance";;;;;""
2014;6978;"13";"13086";"Roquevaire";"2014-09-02 14:33:00";700;400;300;;;;;;;;;"5";"Involontaire (particulier)";;;;;""
2014;6391;"2B";"2B039";"Bisinchi";"2014-09-02 16:51:00";100;;;;;;;;;;;"1";;;;;;""
2014;6430;"07";"07024";"Banne";"2014-09-02 19:16:00";880000;880000;;;;;;;;;;"4";;;;;;""
2014;6436;"2B";"2B012";"Altiani";"2014-09-02 22:00:00";200;0;200;;;;;;;0;;"1";;;;;;""
2014;6487;"11";"11262";"Narbonne";"2014-09-02 22:40:00";3000;;;;;;;;;;;;"Accidentelle";;;;;""
2014;6488;"11";"11386";"Talairan";"2014-09-03 00:55:00";100;;;;;;;;;;;;"Malveillance";;;;;""
2014;6423;"83";"83095";"Pontevès";"2014-09-03 04:30:00";5000;5000;;;;;;;;;;"3";"Accidentelle";;;;;""
2014;6489;"11";"11024";"Bages";"2014-09-03 12:02:00";100;;;;;;;;;;;;;;;;;""
2014;6441;"2B";"2B238";"Poggio-di-Venaco";"2014-09-03 13:20:00";200;0;200;;;;;;;0;;"1";;;;;;""
2014;6490;"2B";"2B286";"Sorbo-Ocagnano";"2014-09-03 15:19:00";62191;10000;52191;;;;;;;0;;"3";;;;;;""
2014;6606;"2A";"2A092";"Conca";"2014-09-03 16:27:00";10;;10;;;;;;;0;;;;;;;;""
2014;6502;"06";"06046";"Colomars";"2014-09-03 16:35:00";200;;200;;;;;;;;;"1";"Malveillance";;;;;""
2014;6501;"06";"06059";"Èze";"2014-09-03 21:42:00";200;;200;;;;;;;;;"1";"Accidentelle";;;;;""
2014;987;"33";"33514";"Soulac-sur-Mer";"2014-09-04 01:39:00";15000;15000;;0;;;0;;;0;;;;;;;;""
2014;986;"33";"33514";"Soulac-sur-Mer";"2014-09-04 08:13:00";200;200;;0;;;0;;;0;;;;;;;;""
2014;6464;"2B";"2B096";"Corte";"2014-09-04 11:14:00";9002;0;9002;;;;;;;0;;"1";;;;;;""
2014;6465;"2B";"2B074";"Casanova";"2014-09-04 11:53:00";50;;;;;;;;;;;;"Malveillance";;;;;""
2014;6531;"30";"30061";"La Calmette";"2014-09-04 13:15:00";1000;;;;;;;;;;;;"Accidentelle";;;;;""
2014;6468;"2B";"2B275";"Sermano";"2014-09-04 13:24:00";55;0;55;;;;;;;0;;"1";;;;;;""
2014;6466;"2B";"2B110";"Favalello";"2014-09-04 13:24:00";297;0;297;;;;;;;0;;"1";"Malveillance";;;;;""
2014;6537;"34";"34075";"Cesseras";"2014-09-04 13:25:00";7000;3000;4000;;;;;;;;;"4";"Malveillance";;;;;""
2014;6470;"2B";"2B079";"Castello-di-Rostino";"2014-09-04 14:33:00";300;0;300;;;;;;;0;;"1";;;;;;""
2014;6793;"04";"04094";"Gréoux-les-Bains";"2014-09-04 14:46:00";2100;2100;;;;;;;;;;"3";;;;;;""
2014;6534;"07";"07217";"Saint-Barthélemy-le-Plain";"2014-09-04 15:47:00";30;30;;;;;;;;;;"3";;;;;;""
2014;6607;"2A";"2A004";"Ajaccio";"2014-09-04 20:02:00";350;;350;;;;;;;0;;"1";;;;;;""
2014;6887;"11";"11351";"Saint-Laurent-de-la-Cabrerisse";"2014-09-05 16:04:00";300;;;;;;;;;;;;"Malveillance";;;;;""
2014;6570;"34";"34285";"Saint-Pons-de-Mauchiens";"2014-09-05 20:46:00";1200;;1200;;;;;;;;;"1";"Malveillance";;;;;""
2014;6586;"2B";"2B286";"Sorbo-Ocagnano";"2014-09-06 06:28:00";10000;;;;;;;;;;;;;;;;;""
2014;6536;"34";"34158";"Minerve";"2014-09-06 10:40:00";15;;15;;;;;;;;;"1";"Malveillance";;;;;""
2014;6608;"2A";"2A031";"Bastelica";"2014-09-06 11:07:00";30;;30;;;;;;;0;;;;;;;;""
2014;7111;"34";"34189";"Olonzac";"2014-09-06 11:30:00";400;400;;;;;;;;;;"4";"Malveillance";;;;;""
2014;6587;"2B";"2B341";"Venaco";"2014-09-06 13:25:00";10;0;10;;;;;;;0;;"1";"Naturelle";;;;;""
2014;6566;"34";"34313";"Tressan";"2014-09-06 15:37:00";52000;2000;20000;;;;;;;30000;;"3";"Involontaire (particulier)";;;;;""
2014;6567;"34";"34070";"Cébazan";"2014-09-06 15:42:00";300;300;;;;;;;;;;"3";"Malveillance";;;;;""
2014;983;"33";"33106";"Castets-en-Dorthe";"2014-09-06 16:34:00";2000;2000;;0;;;0;;;0;;;;;;;;""
2014;982;"33";"33229";"Lanton";"2014-09-06 16:57:00";2000;2000;;0;;;0;;;0;;;;;;;;""
2014;6568;"34";"34333";"Vic-la-Gardiole";"2014-09-06 17:50:00";90;;90;;;;;;;;;"1";"Malveillance";;;;;""
2014;980;"33";"33123";"Cézac";"2014-09-06 21:20:00";200;100;;0;;;0;;;100;;;;;;;;""
2014;1812;"40";"40062";"Campet-et-Lamolère";"2014-09-06 21:35:00";200;200;;0;;;0;;;0;;;;;;;;""
2014;7113;"34";"34313";"Tressan";"2014-09-06 23:39:00";750;750;;;;;;;;;;"3";"Involontaire (travaux)";;;;;""
2014;7112;"34";"34313";"Tressan";"2014-09-07 12:00:00";5;5;;;;;;;;;;"3";"Involontaire (travaux)";;;;;""
2014;6890;"11";"11397";"Trèbes";"2014-09-07 12:02:00";500;;;;;;;;;;;;"Malveillance";;;;;""
2014;6541;"34";"34075";"Cesseras";"2014-09-07 12:40:00";7;0;7;;;;;;;;;"1";"Malveillance";;;;;""
2014;979;"33";"33097";"Carcans";"2014-09-07 13:41:00";3000;3000;;0;;;0;;;0;;;;;;;;""
2014;6794;"04";"04208";"Simiane-la-Rotonde";"2014-09-07 16:18:00";3500;3500;;;;;;;;;;"2";"Accidentelle";;;;;""
2014;6589;"2B";"2B301";"San-Gavino-di-Tenda";"2014-09-07 16:50:00";3000;0;2000;;;;;;;1000;;"1";;;;;;""
2014;6590;"2B";"2B301";"San-Gavino-di-Tenda";"2014-09-07 16:50:00";200;0;200;;;;;;;0;;"1";;;;;;""
2014;6687;"05";"05166";"Serres";"2014-09-07 17:14:00";40000;;;;;;;;;;;;"Involontaire (particulier)";;;;;""
2014;6569;"34";"34116";"Grabels";"2014-09-07 17:34:00";6000;2000;;;;;;;;4000;;"1";"Malveillance";;;;;""
2014;6677;"34";"34026";"Beaufort";"2014-09-07 20:04:00";280;;280;;;;;;;;;"1";"Malveillance";;;;;""
2014;6889;"11";"11397";"Trèbes";"2014-09-07 20:56:00";200;;;;;;;;;;;;"Accidentelle";;;;;""
2014;6891;"11";"11386";"Talairan";"2014-09-08 08:35:00";30;;;;;;;;;;;;"Accidentelle";;;;;""
2014;7020;"2B";"2B183";"Ogliastro";"2014-09-08 17:58:00";9262;0;9262;;;;;;;0;;"1";"Malveillance";;;;;""
2014;6892;"11";"11145";"Fleury";"2014-09-09 08:27:00";5;;;;;;;;;;;;"Naturelle";;;;;""
2014;6595;"2B";"2B042";"Borgo";"2014-09-09 09:08:00";1000;0;1000;;;;;;;0;;"1";;;;;;""
2014;1811;"40";"40287";"Sanguinet";"2014-09-09 10:29:00";100;100;;0;;;0;;;0;;;"Malveillance";;;;;""
2014;6611;"2A";"2A004";"Ajaccio";"2014-09-09 14:06:00";75;;75;;;;;;;;;"1";"Involontaire (travaux)";;;;;""
2014;1810;"40";"40184";"Mimizan";"2014-09-09 15:42:00";5000;5000;;0;;;0;;;0;;;"Involontaire (travaux)";;;;;""
2014;6893;"11";"11188";"La Palme";"2014-09-09 16:22:00";5760;;;;;;;;;;;;"Accidentelle";;;;;""
2014;6612;"2A";"2A031";"Bastelica";"2014-09-10 13:04:00";600;;600;;;;;;;0;;;"Malveillance";;;;;""
2014;6663;"2B";"2B080";"Castifao";"2014-09-10 13:39:00";24552;0;24552;;;;;;;0;;"1";"Malveillance";;;;;""
2014;6625;"83";"83028";"Callas";"2014-09-10 15:26:00";2;2;;;;;;;;;;"5";"Naturelle";;;;;""
2014;973;"33";"33193";"Grayan-et-l'Hôpital";"2014-09-10 16:04:00";20;20;;0;;;0;;;0;;;;;;;;""
2014;6620;"2B";"2B039";"Bisinchi";"2014-09-10 16:10:00";3665;0;3665;;;;;;;0;;"1";;;;;;""
2014;6627;"83";"83002";"Aiguines";"2014-09-10 18:25:00";20;20;;;;;;;;;;"3";"Accidentelle";;;;;""
2014;6981;"13";"13098";"Saint-Mitre-les-Remparts";"2014-09-11 09:53:00";500;250;250;;;;;;;;;"4";"Involontaire (particulier)";;;;;""
2014;1685;"24";"24543";"Sourzac";"2014-09-11 10:31:00";3000;3000;;0;;;0;;;0;;;;;;;;""
2014;478;"17";"17199";"Jussas";"2014-09-11 14:18:00";3000;3000;;0;;;0;0;0;0;"Estimées";;;;;;;""
2014;477;"17";"17199";"Jussas";"2014-09-11 14:36:00";1000;1000;;0;;;0;0;0;0;"Estimées";;;;;;;""
2014;6795;"04";"04133";"Moriez";"2014-09-11 16:01:00";15;15;;;;;;;;;;"4";"Naturelle";;;;;""
2014;6982;"13";"13056";"Martigues";"2014-09-11 16:03:00";3000;3000;;;;;;;;;;"4";"Malveillance";;;;;""
2014;882;"41";"41018";"Blois";"2014-09-11 19:35:00";50000;0;;50000;;;50000;0;0;0;"Estimées";;"Malveillance";;;;;""
2014;1684;"24";"24034";"Beleymas";"2014-09-11 19:50:00";20000;20000;;0;;;0;;;0;;;;;;;;""
2014;6678;"34";"34075";"Cesseras";"2014-09-11 20:26:00";600;;600;;;;;;;;;"1";"Malveillance";;;;;""
2014;1683;"24";"24543";"Sourzac";"2014-09-11 22:57:00";100;100;;0;;;0;;;0;;;;;;;;""
2014;6983;"13";"13029";"Cornillon-Confoux";"2014-09-12 10:58:00";50;;50;;;;;;;;;"1";;;;;;""
2014;6698;"2B";"2B143";"Linguizzetta";"2014-09-12 15:05:00";57089;5000;32089;;;;;;;20000;;"2";;;;;;""
2014;967;"33";"33529";"La Teste-de-Buch";"2014-09-12 17:44:00";100;50;;0;;;0;;;50;;;;;;;;""
2014;6683;"34";"34158";"Minerve";"2014-09-12 20:10:00";2000;;2000;;;;;;;;;"1";"Malveillance";;;;;""
2014;963;"33";"33473";"Saint-Savin";"2014-09-13 05:11:00";100;100;;0;;;0;;;0;;;;;;;;""
2014;1808;"40";"40326";"Vielle-Saint-Girons";"2014-09-13 11:04:00";10;10;;0;;;0;;;0;;;;;;;;""
2014;6700;"2B";"2B079";"Castello-di-Rostino";"2014-09-13 11:24:00";174142;0;174142;;;;;;;0;;"1";"Malveillance";;;;;""
2014;6699;"2B";"2B079";"Castello-di-Rostino";"2014-09-13 11:24:00";29743;0;29743;;;;;;;0;;"1";"Malveillance";;;;;""
2014;6664;"2B";"2B039";"Bisinchi";"2014-09-13 12:28:00";140;140;0;;;;;;;0;;"1";;;;;;""
2014;962;"33";"33233";"Laruscade";"2014-09-13 12:48:00";30;30;;0;;;0;;;0;;;"Involontaire (particulier)";;;;;""
2014;6665;"2B";"2B143";"Linguizzetta";"2014-09-13 15:44:00";1000;0;1000;;;;;;;0;;"1";;;;;;""
2014;960;"33";"33366";"Saint-André-de-Cubzac";"2014-09-13 15:57:00";400;400;;0;;;0;;;0;;;"Involontaire (particulier)";;;;;""
2014;7114;"34";"34255";"Saint-Gély-du-Fesc";"2014-09-13 17:36:00";2000;2000;;;;;;;;;;"4";"Malveillance";;;;;""
2014;959;"33";"33528";"Le Temple";"2014-09-13 17:58:00";10000;10000;;0;;;0;;;0;;;;;;;;""
2014;6666;"2B";"2B177";"Noceta";"2014-09-13 19:45:00";20;20;0;;;;;;;0;;"2";;;;;;""
2014;958;"33";"33366";"Saint-André-de-Cubzac";"2014-09-13 21:25:00";200;200;;0;;;0;;;0;;;;;;;;""
2014;6686;"07";"07161";"Montpezat-sous-Bauzon";"2014-09-14 01:25:00";30000;10000;20000;;;;;;;;;"1";;;;;;""
2014;6894;"11";"11296";"Pouzols-Minervois";"2014-09-14 13:44:00";7300;;;;;;;;;;;;"Malveillance";;;;;""
2014;6796;"04";"04087";"Fontienne";"2014-09-14 14:51:00";41;41;;;;;;;;;;"6";"Accidentelle";;;;;""
2014;6701;"2B";"2B361";"Zilia";"2014-09-14 21:13:00";3;;3;;;;;;;;;"2";"Involontaire (particulier)";;;;;""
2014;6702;"2B";"2B079";"Castello-di-Rostino";"2014-09-14 22:52:00";850;0;850;;;;;;;0;;"1";;;;;;""
2014;8258;"48";"48022";"Bédouès";"2014-09-15 02:09:00";21520;21520;;;;;;;;;;"2";;;;;;""
2014;818;"12";"12208";"Saint-Affrique";"2014-09-15 13:55:00";500;0;;500;;;500;0;0;0;"Estimées";;;;;;;""
2014;6693;"34";"34302";"Siran";"2014-09-15 14:12:00";900;900;;;;;;;;;;"5";"Malveillance";;;;;""
2014;6694;"34";"34302";"Siran";"2014-09-15 17:28:00";100;100;;;;;;;;;;"4";"Naturelle";;;;;""
2014;6895;"11";"11436";"Villesèque-des-Corbières";"2014-09-15 18:31:00";100;;;;;;;;;;;;"Naturelle";;;;;""
2014;6704;"2B";"2B023";"Asco";"2014-09-16 12:40:00";8;8;0;;;;;;;0;;"4";;;;;;""
2014;6755;"2A";"2A004";"Ajaccio";"2014-09-16 16:34:00";800;;800;;;;;;;0;;"1";;;;;;""
2014;6756;"2A";"2A004";"Ajaccio";"2014-09-16 21:20:00";300;;300;;;;;;;;;"1";"Malveillance";;;;;""
2014;1681;"24";"24494";"Saint-Rémy";"2014-09-17 05:43:00";1000;1000;;0;;;0;;;0;;;"Malveillance";;;;;""
2014;1806;"40";"40310";"Soustons";"2014-09-17 13:31:00";6000;6000;;0;;;0;;;0;;;;;;;;""
2014;878;"41";"41129";"Maslives";"2014-09-17 15:04:00";30000;0;;30000;;;30000;0;0;0;"Estimées";;;;;;;""
2014;1805;"40";"40291";"Saubion";"2014-09-17 16:45:00";600;600;;0;;;0;;;0;;;"Naturelle";;;;;""
2014;1267;"33";"33501";"Saucats";"2014-09-17 17:01:00";2000;2000;;0;;;0;;;0;;;;;;;;""
2014;6731;"66";"66108";"Millas";"2014-09-17 17:11:00";200000;200000;;;;;;;;;;"5";"Involontaire (travaux)";;;;;""
2014;1266;"33";"33503";"Saumos";"2014-09-17 17:32:00";5000;5000;;0;;;0;;;0;;;"Naturelle";;;;;""
2014;1265;"33";"33248";"Listrac-Médoc";"2014-09-17 18:15:00";3000;3000;;0;;;0;;;0;;;;;;;;""
2014;1804;"40";"40150";"Léon";"2014-09-17 18:30:00";600;600;;0;;;0;;;0;;;;;;;;""
2014;1803;"40";"40142";"Laluque";"2014-09-17 18:42:00";900;900;;0;;;0;;;0;;;"Naturelle";;;;;""
2014;6979;"34";"34189";"Olonzac";"2014-09-17 20:00:00";65;;65;;;;;;;;;"1";"Malveillance";;;;;""
2014;6726;"83";"83121";"Salernes";"2014-09-18 14:17:00";5;;5;;;;;;;;;"5";"Involontaire (particulier)";;;;;""
2014;1802;"40";"40281";"Saint-Pierre-du-Mont";"2014-09-18 17:22:00";500;500;;0;;;0;;;0;;;;;;;;""
2014;6761;"2B";"2B361";"Zilia";"2014-09-18 17:56:00";1500;;;;;;;;;;;;"Malveillance";;;;;""
2014;1262;"33";"33026";"Balizac";"2014-09-18 19:00:00";1000;1000;;0;;;0;;;0;;;"Naturelle";;;;;""
2014;1261;"33";"33122";"Cestas";"2014-09-18 20:02:00";1500;1500;;0;;;0;;;0;;;;;;;;""
2014;1260;"33";"33019";"Audenge";"2014-09-18 21:30:00";15000;15000;;0;;;0;;;0;;;;;;;;""
2014;1259;"33";"33555";"Marcheprime";"2014-09-18 21:37:00";1000;1000;;0;;;0;;;0;;;"Naturelle";;;;;""
2014;1258;"33";"33011";"Arès";"2014-09-18 22:57:00";500;500;;0;;;0;;;0;;;;;;;;""
2014;1257;"33";"33555";"Marcheprime";"2014-09-19 11:53:00";20000;20000;;0;;;0;;;0;;;;;;;;""
2014;1801;"40";"40229";"Pontenx-les-Forges";"2014-09-19 12:54:00";5000;5000;;0;;;0;;;0;;;;;;;;""
2014;1800;"40";"40075";"Castets";"2014-09-19 15:32:00";20000;20000;;0;;;0;;;0;;;;;;;;""
2014;1799;"40";"40075";"Castets";"2014-09-19 15:32:00";15000;15000;;0;;;0;;;0;;;;;;;;""
2014;6896;"11";"11023";"Badens";"2014-09-19 16:23:00";500;;;;;;;;;;;;"Accidentelle";;;;;""
2014;821;"12";"12137";"Manhac";"2014-09-19 16:56:00";100;0;;100;;;100;0;0;0;"Estimées";;;;;;;""
2014;1256;"33";"33555";"Marcheprime";"2014-09-19 18:40:00";3000;3000;;0;;;0;;;0;;;"Naturelle";;;;;""
2014;1255;"33";"33019";"Audenge";"2014-09-19 20:48:00";5000;5000;;0;;;0;;;0;;;;;;;;""
2014;1253;"33";"33019";"Audenge";"2014-09-20 14:43:00";320000;320000;;0;;;0;;;0;;;;;;;;""
2014;1252;"33";"33498";"Salles";"2014-09-20 15:34:00";4000;4000;;0;;;0;;;0;;;"Naturelle";;;;;""
2014;1352;"47";"47119";"Houeillès";"2014-09-20 17:52:00";2000;2000;;0;;;0;;;0;;;;;;;;""
2014;6758;"2A";"2A130";"Grosseto-Prugna";"2014-09-20 18:18:00";20;;20;;;;;;;;;;;;;;;""
2014;6744;"83";"83071";"La Londe-les-Maures";"2014-09-21 10:39:00";80;80;0;;;;;;;;;"4";"Involontaire (particulier)";;;;;""
2014;6759;"2A";"2A130";"Grosseto-Prugna";"2014-09-21 11:27:00";2000;;;;;;;;;;;;;;;;;""
2014;8089;"2A";"2A359";"Zicavo";"2014-09-21 12:43:00";20;;20;;;;;;;;;"1";"Malveillance";;;;;""
2014;6798;"2B";"2B058";"Canari";"2014-09-21 15:00:00";5000;;;;;;;;;;;"1";"Malveillance";;;;;""
2014;6897;"11";"11188";"La Palme";"2014-09-21 19:48:00";1;;;;;;;;;;;;"Involontaire (particulier)";;;;;""
2014;1249;"33";"33528";"Le Temple";"2014-09-21 20:26:00";300;300;;0;;;0;;;0;;;;;;;;""
2014;6763;"2B";"2B315";"Santo-Pietro-di-Venaco";"2014-09-22 07:50:00";2000;;;;;;;;;;;"1";;;;;;""
2014;6811;"2B";"2B275";"Sermano";"2014-09-22 11:53:00";20000;0;20000;;;;;;;0;;"1";;;;;;""
2014;7456;"34";"34157";"Mèze";"2014-09-22 17:47:00";500;;500;;;;;;;;;"1";"Malveillance";;;;;""
2014;6777;"2B";"2B251";"Prunelli-di-Fiumorbo";"2014-09-22 18:19:00";2500;;;;;;;;;;;"2";"Malveillance";;;;;""
2014;6984;"13";"13056";"Martigues";"2014-09-22 22:36:00";3600;2000;1600;;;;;;;;;"4";"Accidentelle";;;;;""
2014;6781;"2B";"2B355";"Volpajola";"2014-09-22 22:58:00";6110;0;6110;;;;;;;0;;"1";"Malveillance";;;;;""
2014;6902;"2A";"2A089";"Ciamannacce";"2014-09-23 14:02:00";60;;60;;;;;;;0;;"1";"Malveillance";;;;;""
2014;6801;"2B";"2B185";"Oletta";"2014-09-23 18:12:00";10000;0;10000;;;;;;;0;;"1";"Involontaire (travaux)";;;;;""
2014;6816;"66";"66016";"Banyuls-sur-Mer";"2014-09-24 09:08:00";90000;90000;;;;;;;;;;"4";;;;;;""
2014;1794;"40";"40246";"Sabres";"2014-09-24 16:36:00";11000;11000;;0;;;0;;;0;;;;;;;;""
2014;512;"82";"82142";"Pompignan";"2014-09-24 17:34:00";3000;0;;3000;;;3000;0;0;0;"Estimées";;;;;;;""
2014;1240;"33";"33529";"La Teste-de-Buch";"2014-09-24 18:31:00";200;200;;0;;;0;;;0;;;;;;;;""
2014;6805;"34";"34189";"Olonzac";"2014-09-24 20:55:00";250;250;;;;;;;;;;"4";"Malveillance";;;;;""
2014;6806;"34";"34189";"Olonzac";"2014-09-24 21:07:00";1000;;1000;;;;;;;;;"1";"Malveillance";;;;;""
2014;6807;"34";"34075";"Cesseras";"2014-09-24 21:10:00";1000;;1000;;;;;;;;;"1";"Malveillance";;;;;""
2014;6818;"66";"66148";"Port-Vendres";"2014-09-25 07:28:00";500;500;;;;;;;;;;"4";"Accidentelle";;;;;""
2014;1238;"33";"33503";"Saumos";"2014-09-25 09:35:00";8000;8000;;0;;;0;;;0;;;;;;;;""
2014;6817;"66";"66037";"Canet-en-Roussillon";"2014-09-25 14:18:00";20000;;20000;;;;;;;;;"1";;;;;;""
2014;6975;"13";"13038";"Fontvieille";"2014-09-25 14:25:00";50;50;;;;;;;;;;"4";;;;;;""
2014;1235;"33";"33180";"Gans";"2014-09-25 14:45:00";600;200;;0;;;0;;;400;;;;;;;;""
2014;6814;"34";"34226";"Quarante";"2014-09-26 13:14:00";130000;130000;;;;;;;;;;"4";"Involontaire (particulier)";;;;;""
2014;1234;"33";"33236";"Lège-Cap-Ferret";"2014-09-26 13:55:00";300;300;;0;;;0;;;0;;;;;;;;""
2014;1233;"33";"33527";"Le Teich";"2014-09-26 14:56:00";15000;15000;;0;;;0;;;0;;;;;;;;""
2014;8090;"2A";"2A094";"Corrano";"2014-09-26 22:53:00";30;;30;;;;;;;;;"1";"Malveillance";;;;;""
2014;8091;"2A";"2A322";"Tasso";"2014-09-27 11:19:00";60;;60;;;;;;;;;"1";"Involontaire (particulier)";;;;;""
2014;6903;"2A";"2A254";"Quenza";"2014-09-27 12:30:00";160000;;160000;;;;;;;;;"1";"Malveillance";;;;;""
2014;1345;"47";"47301";"Seyches";"2014-09-27 13:41:00";2000;2000;;0;;;0;;;0;;;;;;;;""
2014;6831;"2B";"2B143";"Linguizzetta";"2014-09-27 14:57:00";8000;;;;;;;;;;;;;;;;;""
2014;576;"12";"12013";"Aubin";"2014-09-27 15:16:00";800;0;;800;;;800;0;0;0;"Estimées";;;;;;;""
2014;6819;"66";"66108";"Millas";"2014-09-27 15:37:00";20000;;20000;;;;;;;;;"1";"Accidentelle";;;;;""
2014;7115;"34";"34074";"Cessenon-sur-Orb";"2014-09-27 16:00:00";2500;2500;;;;;;;;;;"3";"Involontaire (particulier)";;;;;""
2014;6904;"2A";"2A133";"Guitera-les-Bains";"2014-09-27 17:36:00";200;;200;;;;;;;;;"1";"Involontaire (particulier)";;;;;""
2014;1677;"24";"24042";"Biras";"2014-09-27 19:05:00";20;20;;0;;;0;;;0;;;"Involontaire (travaux)";;;;;""
2014;7140;"66";"66065";"Elne";"2014-09-27 20:09:00";15000;;15000;;;;;;;;;"1";;;;;;""
2014;1792;"40";"40217";"Parentis-en-Born";"2014-09-27 23:57:00";500;500;;0;;;0;;;0;;;;;;;;""
2014;1224;"33";"33527";"Le Teich";"2014-09-28 03:18:00";10000;3000;;0;;;0;;;7000;;;;;;;;""
2014;1221;"33";"33003";"Ambarès-et-Lagrave";"2014-09-28 16:23:00";2000;1000;;0;;;0;;;1000;;;"Malveillance";;;;;""
2014;6901;"07";"07002";"Ailhon";"2014-09-28 17:58:00";500;500;;;;;;;;;;"1";;;;;;""
2014;6907;"2A";"2A004";"Ajaccio";"2014-09-28 18:02:00";109000;;109000;;;;;;;;;"1";"Malveillance";;;;;""
2014;1219;"33";"33376";"Saint-Aubin-de-Médoc";"2014-09-29 07:29:00";10000;10000;;0;;;0;;;0;;;"Accidentelle";;;;;""
2014;6908;"2A";"2A133";"Guitera-les-Bains";"2014-09-29 12:37:00";200;;200;;;;;;;;;"1";"Malveillance";;;;;""
2014;1217;"33";"33471";"Saint-Sauveur";"2014-09-29 13:27:00";200;200;;0;;;0;;;0;;;;;;;;""
2014;1216;"33";"33122";"Cestas";"2014-09-29 15:29:00";4000;4000;;0;;;0;;;0;;;"Involontaire (travaux)";;;;;""
2014;7089;"2A";"2A271";"Sarrola-Carcopino";"2014-09-30 04:38:00";50;;50;;;;;;;0;;;;;;;;""
2014;7090;"2A";"2A004";"Ajaccio";"2014-09-30 16:54:00";40000;;40000;;;;;;;;;;;;;;;""
2014;6917;"2B";"2B037";"Biguglia";"2014-10-01 17:05:00";100;;;;;;;;;;;;"Accidentelle";;;;;""
2014;1212;"33";"33318";"Pessac";"2014-10-02 10:14:00";600;600;;0;;;0;;;0;;;;;;;;""
2014;538;"17";"17199";"Jussas";"2014-10-02 14:17:00";4000;4000;;0;;;0;0;0;0;"Estimées";;"Malveillance";;;;;""
2014;1791;"40";"40046";"Biscarrosse";"2014-10-02 14:27:00";105000;105000;;0;;;0;;;0;;;"Involontaire (travaux)";;;;;""
2014;6918;"2B";"2B012";"Altiani";"2014-10-02 16:40:00";258448;0;258448;;;;;;;0;;"1";;;;;;""
2014;945;"33";"33422";"Saint-Jean-d'Illac";"2014-10-02 18:56:00";150;150;;0;;;0;;;0;;;"Accidentelle";;;;;""
2014;944;"33";"33051";"Biganos";"2014-10-03 11:27:00";20;20;;0;;;0;;;0;;;"Malveillance";;;;;""
2014;942;"33";"33514";"Soulac-sur-Mer";"2014-10-03 13:29:00";100;100;;0;;;0;;;0;;;"Involontaire (travaux)";;;;;""
2014;943;"33";"33514";"Soulac-sur-Mer";"2014-10-03 13:29:00";100;100;;0;;;0;;;0;;;"Involontaire (travaux)";;;;;""
2014;1342;"47";"47294";"Savignac-de-Duras";"2014-10-03 13:54:00";40000;10000;;0;;;0;;;30000;;;"Involontaire (travaux)";;;;;""
2014;6992;"2B";"2B292";"Sant'Andréa-di-Bozio";"2014-10-03 14:37:00";9895;0;9895;;;;;;;0;;"1";;;;;;""
2014;881;"68";"68294";"Sainte-Croix-aux-Mines";"2014-10-03 15:13:00";20000;20000;;0;;;0;0;0;0;"Estimées";;"Involontaire (travaux)";;;;;""
2014;822;"12";"12191";"Privezac";"2014-10-03 16:00:00";20;0;;20;;;20;0;0;0;"Mesurées";;"Involontaire (particulier)";;;;;""
2014;539;"82";"82096";"La Ville-Dieu-du-Temple";"2014-10-03 16:31:00";3000;0;;3000;;;3000;0;0;0;"Estimées";;;;;;;""
2014;7597;"34";"34144";"Lunas";"2014-10-03 16:33:00";9000;4000;5000;;;;;;;;;"3";"Involontaire (particulier)";;;;;""
2014;6993;"2B";"2B096";"Corte";"2014-10-04 11:40:00";37169;0;37169;;;;;;;0;;"1";;;;;;""
2014;6994;"2B";"2B218";"Piedicorte-di-Gaggio";"2014-10-04 14:10:00";1000;;;;;;;;;;;"1";;;;;;""
2014;6996;"2B";"2B058";"Canari";"2014-10-04 15:48:00";1500;;;;;;;;;;;;;;;;;""
2014;6997;"2B";"2B110";"Favalello";"2014-10-05 11:49:00";20;;;;;;;;;;;;;;;;;""
2014;7091;"2A";"2A004";"Ajaccio";"2014-10-05 15:09:00";200;;200;;;;;;;0;;;;;;;;""
2014;7012;"2B";"2B329";"Tralonca";"2014-10-05 16:23:00";1000;0;1000;;;;;;;0;;"1";;;;;;""
2014;7564;"11";"11145";"Fleury";"2014-10-05 16:52:00";293;;;;;;;;;;;;"Malveillance";;;;;""
2014;7013;"2B";"2B049";"Calenzana";"2014-10-05 18:00:00";69664;0;69664;;;;;;;0;;"1";"Malveillance";;;;;""
2014;7565;"11";"11115";"Cuxac-Cabardès";"2014-10-05 19:39:00";20;;;;;;;;;;;;"Malveillance";;;;;""
2014;7015;"2B";"2B124";"Ghisoni";"2014-10-06 11:32:00";200;;;;;;;;;;;;;;;;;""
2014;7014;"2B";"2B343";"Venzolasca";"2014-10-06 11:32:00";90663;10500;80163;;;;;;;0;;"1";;;;;;""
2014;7092;"2A";"2A130";"Grosseto-Prugna";"2014-10-06 13:32:00";1000;;1000;;;;;;;0;;;;;;;;""
2014;7016;"2B";"2B275";"Sermano";"2014-10-06 13:42:00";100;0;100;;;;;;;0;;"1";;;;;;""
2014;1338;"47";"47284";"Salles";"2014-10-06 16:46:00";100;50;;0;;;0;;;50;;;;;;;;""
2014;7093;"2A";"2A114";"Figari";"2014-10-06 17:02:00";5000;;5000;;;;;;;0;;"1";"Malveillance";;;;;""
2014;7141;"66";"66119";"Mosset";"2014-10-07 13:03:00";3000;3000;;;;;;;;;;"2";"Involontaire (travaux)";;;;;""
2014;7094;"2A";"2A160";"Moca-Croce";"2014-10-07 16:15:00";500;;500;;;;;;;0;;;;;;;;""
2014;901;"28";"28064";"Bû";"2014-10-07 21:48:00";200;0;;200;;;200;0;0;0;"Estimées";;;;;;;""
2014;7095;"2A";"2A032";"Bastelicaccia";"2014-10-08 12:27:00";57000;;57000;;;;;;;;;"1";;;;;;""
2014;7035;"2B";"2B058";"Canari";"2014-10-08 13:46:00";100000;;;;;;;;;;;;;;;;;""
2014;7036;"2B";"2B292";"Sant'Andréa-di-Bozio";"2014-10-08 14:11:00";1974;0;1974;;;;;;;0;;"1";;;;;;""
2014;7037;"2B";"2B049";"Calenzana";"2014-10-08 15:05:00";7337;0;7337;;;;;;;0;;"1";"Malveillance";;;;;""
2014;7038;"2B";"2B145";"Loreto-di-Casinca";"2014-10-09 09:33:00";1000;;;;;;;;;;;"1";;;;;;""
2014;7039;"2B";"2B123";"Ghisonaccia";"2014-10-09 10:48:00";1000;;;;;;;;;;;;"Malveillance";;;;;""
2014;7040;"2B";"2B140";"Lento";"2014-10-09 14:11:00";10000;0;10000;;;;;;;0;;"1";;;;;;""
2014;7041;"2B";"2B110";"Favalello";"2014-10-09 14:30:00";200;0;200;;;;;;;0;;"1";;;;;;""
2014;7096;"2A";"2A006";"Alata";"2014-10-09 15:09:00";100;;100;;;;;;;;;;;;;;;""
2014;7099;"2A";"2A031";"Bastelica";"2014-10-09 15:52:00";50;;50;;;;;;;;;;;;;;;""
2014;7100;"2A";"2A062";"Carbuccia";"2014-10-09 17:24:00";150;;150;;;;;;;;;;;;;;;""
2014;7042;"2B";"2B287";"Sorio";"2014-10-10 12:37:00";98454;0;98454;;;;;;;0;;"1";"Malveillance";;;;;""
2014;7045;"2B";"2B238";"Poggio-di-Venaco";"2014-10-10 14:45:00";8627;0;8627;;;;;;;0;;"1";;;;;;""
2014;7046;"2B";"2B079";"Castello-di-Rostino";"2014-10-10 16:15:00";20000;0;20000;;;;;;;0;;"1";;;;;;""
2014;7047;"2B";"2B058";"Canari";"2014-10-10 16:40:00";50000;0;50000;;;;;;;0;;"1";;;;;;""
2014;7567;"11";"11145";"Fleury";"2014-10-10 21:36:00";2;;;;;;;;;;;;"Accidentelle";;;;;""
2014;7254;"34";"34141";"La Livinière";"2014-10-11 13:00:00";4500;4500;;;;;;;;;;"3";"Involontaire (travaux)";;;;;""
2014;7048;"2B";"2B002";"Aghione";"2014-10-11 19:30:00";250;250;0;;;;;;;0;;"2";;;;;;""
2014;7101;"2A";"2A200";"Palneca";"2014-10-12 11:24:00";2000;;2000;;;;;;;0;;"1";"Involontaire (particulier)";;;;;""
2014;7049;"2B";"2B055";"Campitello";"2014-10-12 12:02:00";10000;0;10000;;;;;;;0;;"1";;;;;;""
2014;7102;"2A";"2A186";"Olivese";"2014-10-12 13:07:00";500;500;;;;;;;;;;"2";"Involontaire (particulier)";;;;;""
2014;7050;"2B";"2B007";"Albertacce";"2014-10-12 13:45:00";120;;;;;;;;;;;"1";;;;;;""
2014;7051;"2B";"2B354";"Vivario";"2014-10-12 14:15:00";100;100;0;;;;;;;0;;"1";;;;;;""
2014;7052;"2B";"2B292";"Sant'Andréa-di-Bozio";"2014-10-12 14:23:00";1007;0;1007;;;;;;;0;;"1";;;;;;""
2014;7053;"2B";"2B184";"Olcani";"2014-10-12 14:29:00";20000;0;20000;;;;;;;0;;"1";"Malveillance";;;;;""
2014;7056;"2B";"2B337";"Valle-di-Rostino";"2014-10-12 15:24:00";30000;;;;;;;;;;;"3";;;;;;""
2014;7057;"2B";"2B047";"Calacuccia";"2014-10-12 15:58:00";1000;;;;;;;;;;;;;;;;;""
2014;7058;"2B";"2B140";"Lento";"2014-10-12 16:10:00";10000;0;10000;;;;;;;0;;"1";;;;;;""
2014;7059;"2B";"2B238";"Poggio-di-Venaco";"2014-10-12 17:29:00";100;0;100;;;;;;;0;;"1";;;;;;""
2014;7103;"2A";"2A031";"Bastelica";"2014-10-12 18:13:00";500;;500;;;;;;;;;;"Malveillance";;;;;""
2014;7104;"2A";"2A090";"Coggia";"2014-10-12 18:41:00";30000;;30000;;;;;;;0;;;;;;;;""
2014;7060;"2B";"2B173";"Muro";"2014-10-12 19:41:00";20;;;;;;;;;;;;"Malveillance";;;;;""
2014;7061;"2B";"2B047";"Calacuccia";"2014-10-12 21:03:00";70;;;;;;;;;;;;;;;;;""
2014;7062;"2B";"2B002";"Aghione";"2014-10-12 23:53:00";10000;;;;;;;;;;;;;;;;;""
2014;936;"33";"33236";"Lège-Cap-Ferret";"2014-10-13 13:00:00";400;400;;0;;;0;;;0;;;"Malveillance";;;;;""
2014;7116;"2A";"2A362";"Zonza";"2014-10-13 14:10:00";10000;;10000;;;;;;;;;;"Involontaire (particulier)";;;;;""
2014;7256;"2B";"2B049";"Calenzana";"2014-10-13 15:28:00";1918821;0;1918821;;;;;;;0;;"1";"Malveillance";;;;;""
2014;7105;"2A";"2A200";"Palneca";"2014-10-13 16:13:00";50;;50;;;;;;;;;"1";"Involontaire (particulier)";;;;;""
2014;7606;"34";"34097";"Félines-Minervois";"2014-10-13 16:30:00";300;300;;;;;;;;;;"3";"Involontaire (travaux)";;;;;""
2014;7074;"2B";"2B354";"Vivario";"2014-10-13 18:07:00";800;;;;;;;;;;;"2";;;;;;""
2014;7075;"2B";"2B096";"Corte";"2014-10-13 19:20:00";100;;;;;;;;;;;;;;;;;""
2014;7106;"2A";"2A098";"Coti-Chiavari";"2014-10-13 20:03:00";30;;30;;;;;;;;;;;;;;;""
2014;8110;"2A";"2A200";"Palneca";"2014-10-14 13:50:00";50;;50;;;;;;;;;"1";"Malveillance";;;;;""
2014;7658;"2A";"2A200";"Palneca";"2014-10-14 13:50:00";200;;200;;;;;;;0;;"1";"Malveillance";;;;;""
2014;7117;"2A";"2A090";"Coggia";"2014-10-14 14:18:00";200;;200;;;;;;;;;;;;;;;""
2014;7607;"34";"34141";"La Livinière";"2014-10-14 16:29:00";100;100;;;;;;;;;;"3";"Involontaire (travaux)";;;;;""
2014;568;"12";"12200";"Rivière-sur-Tarn";"2014-10-14 17:51:00";500;0;;500;;;500;0;0;0;"Estimées";;;;;;;""
2014;7659;"2A";"2A006";"Alata";"2014-10-15 12:12:00";30;;30;;;;;;;;;;;;;;;""
2014;7568;"11";"11203";"Lézignan-Corbières";"2014-10-15 17:05:00";10;;;;;;;;;;;;"Involontaire (particulier)";;;;;""
2014;7570;"11";"11144";"Fitou";"2014-10-15 17:49:00";20;;;;;;;;;;;;"Malveillance";;;;;""
2014;7569;"11";"11144";"Fitou";"2014-10-15 17:49:00";10;;;;;;;;;;;;"Malveillance";;;;;""
2014;7118;"2B";"2B140";"Lento";"2014-10-15 18:06:00";500;;;;;;;;;;;;;;;;;""
2014;7119;"2B";"2B140";"Lento";"2014-10-16 14:00:00";100;0;100;;;;;;;0;;"1";;;;;;""
2014;7121;"2B";"2B140";"Lento";"2014-10-16 15:45:00";98496;0;90000;;;;;;;8496;;"1";;;;;;""
2014;7123;"2B";"2B355";"Volpajola";"2014-10-16 16:00:00";4000;4000;0;;;;;;;0;;"3";;;;;;""
2014;7148;"2B";"2B286";"Sorbo-Ocagnano";"2014-10-17 07:25:00";100;0;100;;;;;;;0;;"3";;;;;;""
2014;7571;"11";"11157";"Fraissé-des-Corbières";"2014-10-17 13:52:00";15348;;;;;;;;;;;;"Involontaire (travaux)";;;;;""
2014;7572;"11";"11386";"Talairan";"2014-10-17 15:09:00";1600;;;;;;;;;;;;"Malveillance";;;;;""
2014;7676;"2A";"2A004";"Ajaccio";"2014-10-17 16:42:00";50;;50;;;;;;;;;;;;;;;""
2014;7149;"2B";"2B007";"Albertacce";"2014-10-18 12:58:00";18820;0;18820;;;;;;;0;;"1";"Involontaire (particulier)";;;;;""
2014;7150;"2B";"2B140";"Lento";"2014-10-19 11:35:00";68109;0;68109;;;;;;;0;;"1";;;;;;""
2014;7151;"2B";"2B015";"Ampriani";"2014-10-19 12:58:00";30000;;;;;;;;;;;"3";;;;;;""
2014;7152;"2B";"2B292";"Sant'Andréa-di-Bozio";"2014-10-19 13:05:00";2819;0;2819;;;;;;;0;;"1";;;;;;""
2014;826;"12";"12059";"Castanet";"2014-10-20 14:28:00";500;0;;500;;;500;0;0;0;"Estimées";;;;;;;""
2014;7155;"2B";"2B306";"Santa-Lucia-di-Mercurio";"2014-10-20 15:16:00";500;0;500;;;;;;;0;;"1";;;;;;""
2014;827;"12";"12194";"Quins";"2014-10-20 18:28:00";20;0;;20;;;20;0;0;0;"Estimées";;;;;;;""
2014;7181;"2B";"2B147";"Lozzi";"2014-10-21 00:12:00";2500;0;2500;;;;;;;0;;"1";;;;;;""
2014;7316;"2B";"2B007";"Albertacce";"2014-10-21 01:09:00";4281937;0;1280000;;;;;;;3001937;;"1";"Malveillance";;;;;""
2014;7222;"66";"66103";"Marquixanes";"2014-10-21 11:11:00";100000;100000;;;;;;;;;;"3";;;;;;""
2014;7660;"2A";"2A017";"Appietto";"2014-10-21 13:20:00";25000;;25000;;;;;;;;;;;;;;;""
2014;7196;"2B";"2B337";"Valle-di-Rostino";"2014-10-21 14:38:00";60125;0;60125;;;;;;;0;;"1";;;;;;""
2014;7195;"2B";"2B079";"Castello-di-Rostino";"2014-10-21 14:38:00";30000;0;30000;;;;;;;0;;"1";;;;;;""
2014;7253;"34";"34141";"La Livinière";"2014-10-21 15:00:00";30;30;;;;;;;;;;"4";"Malveillance";;;;;""
2014;7228;"2B";"2B306";"Santa-Lucia-di-Mercurio";"2014-10-21 15:20:00";117063;0;117063;;;;;;;0;;"1";;;;;;""
2014;7255;"34";"34141";"La Livinière";"2014-10-21 18:50:00";3100;3100;;;;;;;;;;"3";"Involontaire (travaux)";;;;;""
2014;7661;"2A";"2A027";"Azzana";"2014-10-21 20:48:00";8000;;8000;;;;;;;;;;"Malveillance";;;;;""
2014;7198;"2B";"2B110";"Favalello";"2014-10-21 22:59:00";500;0;500;;;;;;;0;;"1";;;;;;""
2014;7662;"2A";"2A349";"Viggianello";"2014-10-22 03:41:00";10000;;10000;;;;;;;;;;"Accidentelle";;;;;""
2014;7663;"2A";"2A139";"Lecci";"2014-10-22 04:46:00";3000;;3000;;;;;;;;;;;;;;;""
2014;7664;"2A";"2A004";"Ajaccio";"2014-10-22 04:58:00";230000;;230000;;;;;;;;;;;;;;;""
2014;7229;"2B";"2B206";"Penta-Acquatella";"2014-10-22 06:44:00";50;;;;;;;;;;;;;;;;;""
2014;7199;"2B";"2B177";"Noceta";"2014-10-22 07:04:00";250;0;250;;;;;;;0;;"1";;;;;;""
2014;7201;"2B";"2B148";"Lucciana";"2014-10-22 07:33:00";300;;;;;;;;;;;;;;;;;""
2014;7327;"84";"84065";"Lauris";"2014-10-22 09:20:00";10000;;;;;;;;;;;;;;;;;""
2014;7203;"2B";"2B230";"Piève";"2014-10-22 10:48:00";100;0;100;;;;;;;0;;"1";"Malveillance";;;;;""
2014;7464;"2B";"2B340";"Velone-Orneto";"2014-10-22 11:30:00";1093835;200000;893835;;;;;;;0;;"1";"Malveillance";;;;;""
2014;7257;"2B";"2B292";"Sant'Andréa-di-Bozio";"2014-10-22 11:50:00";16150;3000;13150;;;;;;;0;;"1";;;;;;""
2014;7465;"2B";"2B319";"Talasani";"2014-10-22 12:30:00";5418965;5298965;0;;;;;;;120000;;"3";"Malveillance";;;;;""
2014;7389;"34";"34291";"Saint-Vincent-d'Olargues";"2014-10-22 14:00:00";43000;43000;;;;;;;;;;"3";"Involontaire (travaux)";;;;;""
2014;7258;"2B";"2B086";"Centuri";"2014-10-22 14:50:00";25000;;;;;;;;;;;;;;;;;""
2014;7259;"2B";"2B292";"Sant'Andréa-di-Bozio";"2014-10-22 15:32:00";37081;0;37081;;;;;;;0;;"1";;;;;;""
2014;828;"12";"12255";"Salmiech";"2014-10-22 15:38:00";30;0;;30;;;30;0;0;0;"Estimées";;;;;;;""
2014;928;"33";"33540";"Vendays-Montalivet";"2014-10-22 15:43:00";5000;5000;;0;;;0;;;0;;;;;;;;""
2014;1788;"40";"40184";"Mimizan";"2014-10-22 15:51:00";5;5;;0;;;0;;;0;;;"Involontaire (particulier)";;;;;""
2014;7683;"84";"84008";"Le Barroux";"2014-10-22 16:43:00";440000;440000;;;;;;;;;;;;;;;;""
2014;7219;"2B";"2B042";"Borgo";"2014-10-22 16:44:00";8000;0;8000;;;;;;;0;;"1";;;;;;""
2014;7260;"2B";"2B162";"Moltifao";"2014-10-22 18:45:00";15000;;;;;;;;;;;"3";;;;;;""
2014;7232;"2B";"2B110";"Favalello";"2014-10-22 19:10:00";50;0;50;;;;;;;0;;"1";;;;;;""
2014;7233;"2B";"2B355";"Volpajola";"2014-10-22 20:14:00";50;50;0;;;;;;;0;;"3";;;;;;""
2014;7234;"2B";"2B054";"Campile";"2014-10-22 20:20:00";3000;;;;;;;;;;;;;;;;;""
2014;7261;"2B";"2B355";"Volpajola";"2014-10-22 20:57:00";4608;0;4608;;;;;;;0;;"1";;;;;;""
2014;7235;"2B";"2B355";"Volpajola";"2014-10-22 20:57:00";50;0;50;;;;;;;0;;"1";;;;;;""
2014;7236;"2B";"2B355";"Volpajola";"2014-10-22 21:27:00";30;0;30;;;;;;;0;;"1";;;;;;""
2014;7237;"2B";"2B148";"Lucciana";"2014-10-22 22:30:00";500;;;;;;;;;;;;;;;;;""
2014;7262;"2B";"2B286";"Sorbo-Ocagnano";"2014-10-23 06:15:00";638;638;0;;;;;;;0;;"3";"Malveillance";;;;;""
2014;7264;"2B";"2B039";"Bisinchi";"2014-10-23 10:17:00";200;0;200;;;;;;;0;;"1";;;;;;""
2014;7265;"2B";"2B355";"Volpajola";"2014-10-23 12:21:00";10000;;;;;;;;;;;"1";;;;;;""
2014;7247;"66";"66007";"Arboussols";"2014-10-23 13:30:00";20000;20000;;;;;;;;;;"3";"Malveillance";;;;;""
2014;7250;"34";"34225";"Puisserguier";"2014-10-24 03:02:00";58000;58000;;;;;;;;;;"4";"Malveillance";;;;;""
2014;7328;"84";"84054";"L'Isle-sur-la-Sorgue";"2014-10-24 07:29:00";300;;;;;;;;;;;;;;;;;""
2014;7268;"2B";"2B342";"Ventiseri";"2014-10-24 08:40:00";300;;;;;;;;;;;;;;;;;""
2014;7573;"11";"11180";"Labastide-Esparbairenque";"2014-10-24 11:41:00";300;;;;;;;;;;;;"Involontaire (travaux)";;;;;""
2014;7270;"2B";"2B123";"Ghisonaccia";"2014-10-24 12:56:00";150;;;;;;;;;;;;;;;;;""
2014;7272;"2B";"2B145";"Loreto-di-Casinca";"2014-10-24 16:07:00";6;;;;;;;;;;;;;;;;;""
2014;1787;"40";"40163";"Lüe";"2014-10-24 16:15:00";10000;10000;;0;;;0;;;0;;;"Accidentelle";;;;;""
2014;7274;"2B";"2B155";"Matra";"2014-10-24 16:40:00";30;30;0;;;;;;;0;;"2";;;;;;""
2014;7275;"2B";"2B016";"Antisanti";"2014-10-24 18:29:00";20;;;;;;;;;;;;;;;;;""
2014;7276;"2B";"2B007";"Albertacce";"2014-10-24 19:04:00";50;;;;;;;;;;;;;;;;;""
2014;924;"33";"33221";"Lamothe-Landerron";"2014-10-24 19:28:00";300;300;;0;;;0;;;0;;;;;;;;""
2014;7277;"2B";"2B054";"Campile";"2014-10-25 00:21:00";10000;;;;;;;;;;;;;;;;;""
2014;7280;"2B";"2B206";"Penta-Acquatella";"2014-10-25 00:21:00";10;;;;;;;;;;;;;;;;;""
2014;7279;"2B";"2B206";"Penta-Acquatella";"2014-10-25 00:21:00";1000;;;;;;;;;;;;;;;;;""
2014;7278;"2B";"2B355";"Volpajola";"2014-10-25 00:21:00";2000;300;300;;;;;;;1400;;"1";;;;;;""
2014;7281;"2B";"2B355";"Volpajola";"2014-10-25 00:21:00";1000;0;1000;;;;;;;0;;"1";;;;;;""
2014;7282;"2B";"2B346";"Vescovato";"2014-10-25 04:28:00";30000;;;;;;;;;;;"1";;;;;;""
2014;7249;"34";"34158";"Minerve";"2014-10-25 11:00:00";7500;;7500;;;;;;;;;"1";"Involontaire (travaux)";;;;;""
2014;7283;"2B";"2B188";"Olmeta-di-Tuda";"2014-10-25 11:48:00";1000;0;1000;;;;;;;0;;"1";"Malveillance";;;;;""
2014;7483;"06";"06031";"Cantaron";"2014-10-25 14:28:00";200;;200;;;;;;;;;"1";"Involontaire (travaux)";;;;;""
2014;829;"12";"12215";"Saint-Christophe-Vallon";"2014-10-25 16:42:00";100;0;;100;;;100;0;0;0;"Estimées";;;;;;;""
2014;7574;"11";"11386";"Talairan";"2014-10-25 17:11:00";4130;;;;;;;;;;;;"Malveillance";;;;;""
2014;7285;"2B";"2B355";"Volpajola";"2014-10-25 18:09:00";20;;;;;;;;;;;;;;;;;""
2014;7286;"2B";"2B184";"Olcani";"2014-10-26 14:12:00";150;0;150;;;;;;;0;;"1";"Involontaire (travaux)";;;;;""
2014;7287;"2B";"2B281";"Sisco";"2014-10-26 15:10:00";50;;;;;;;;;;;;;;;;;""
2014;7288;"2B";"2B355";"Volpajola";"2014-10-26 15:14:00";2;;;;;;;;;;;;;;;;;""
2014;7289;"2B";"2B036";"Bigorno";"2014-10-26 15:35:00";5000;0;5000;;;;;;;0;;"1";;;;;;""
2014;923;"33";"33194";"Grézillac";"2014-10-26 17:44:00";150;150;;0;;;0;;;0;;;"Accidentelle";;;;;""
2014;7671;"2A";"2A209";"Peri";"2014-10-26 21:59:00";700;;700;;;;;;;;;;;;;;;""
2014;7672;"2A";"2A288";"Sotta";"2014-10-27 10:45:00";5000;;;;;;;;;;;;;;;;;""
2014;7674;"2A";"2A258";"Renno";"2014-10-27 10:54:00";3500;;3500;;;;;;;;;;;;;;;""
2014;7675;"2A";"2A247";"Porto-Vecchio";"2014-10-27 11:43:00";300;;300;;;;;;;;;;;;;;;""
2014;7311;"2B";"2B355";"Volpajola";"2014-10-27 13:54:00";50;;;;;;;;;;;;;;;;;""
2014;7312;"2B";"2B281";"Sisco";"2014-10-27 13:55:00";2700;;;;;;;;;;;;;;;;;""
2014;7313;"2B";"2B046";"Cagnano";"2014-10-27 16:29:00";3000;;;;;;;;;;;;;;;;;""
2014;7575;"11";"11409";"Vignevieille";"2014-10-27 18:16:00";200;;;;;;;;;;;;"Accidentelle";;;;;""
2014;7576;"11";"11261";"Moux";"2014-10-28 17:42:00";1000;;;;;;;;;;;;;;;;;""
2014;1322;"47";"47185";"Montayral";"2014-10-28 19:14:00";300;300;;0;;;0;;;0;;;;;;;;""
2014;917;"33";"33026";"Balizac";"2014-10-29 12:51:00";10000;10000;;0;;;0;;;0;;;;;;;;""
2014;7404;"2B";"2B275";"Sermano";"2014-10-29 13:51:00";1000;;;;;;;;;;;;;;;;;""
2014;8111;"2A";"2A200";"Palneca";"2014-10-29 14:45:00";200;;200;;;;;;;;;"1";"Accidentelle";;;;;""
2014;7406;"2B";"2B218";"Piedicorte-di-Gaggio";"2014-10-30 12:27:00";15;;;;;;;;;;;;;;;;;""
2014;7418;"2B";"2B059";"Canavaggia";"2014-10-30 13:15:00";800;0;800;;;;;;;0;;"1";;;;;;""
2014;7417;"2B";"2B059";"Canavaggia";"2014-10-30 13:15:00";1000;0;1000;;;;;;;0;;"1";;;;;;""
2014;7578;"11";"11386";"Talairan";"2014-10-30 13:43:00";2800;;;;;;;;;;;;"Involontaire (travaux)";;;;;""
2014;7665;"2A";"2A024";"Aullène";"2014-10-30 14:10:00";200;;;;;;;;;;;;"Involontaire (particulier)";;;;;""
2014;830;"12";"12057";"Cassagnes-Bégonhès";"2014-10-30 14:44:00";100;0;;100;;;100;0;0;0;"Estimées";;"Malveillance";;;;;""
2014;7579;"11";"11188";"La Palme";"2014-10-30 16:15:00";1;;;;;;;;;;;;"Involontaire (particulier)";;;;;""
2014;7423;"2B";"2B162";"Moltifao";"2014-10-31 12:10:00";20000;;;;;;;;;;;"2";;;;;;""
2014;7667;"2A";"2A345";"Vero";"2014-10-31 12:24:00";2000;;2000;;;;;;;;;;;;;;;""
2014;912;"33";"33529";"La Teste-de-Buch";"2014-10-31 14:17:00";400;400;;0;;;0;;;0;;;;;;;;""
2014;7424;"2B";"2B039";"Bisinchi";"2014-10-31 15:31:00";5000;;;;;;;;;;;"1";;;;;;""
2014;909;"33";"33117";"Cazaugitat";"2014-10-31 17:16:00";300;150;;0;;;0;;;150;;;;;;;;""
2014;1779;"40";"40163";"Lüe";"2014-11-01 06:33:00";10000;10000;;0;;;0;;;0;;;;;;;;""
2014;908;"33";"33019";"Audenge";"2014-11-01 10:10:00";30;30;;0;;;0;;;0;;;"Involontaire (particulier)";;;;;""
2014;7668;"2A";"2A272";"Sartène";"2014-11-01 13:25:00";1200;;1200;;;;;;;;;;"Involontaire (travaux)";;;;;""
2014;907;"33";"33449";"Saint-Médard-en-Jalles";"2014-11-01 13:51:00";200;200;;0;;;0;;;0;;;;;;;;""
2014;7419;"04";"04127";"Montfort";"2014-11-01 14:30:00";480;480;;;;;;;;;;"4";"Involontaire (particulier)";;;;;""
2014;906;"33";"33264";"Maransin";"2014-11-01 15:18:00";100;100;;0;;;0;;;0;;;;;;;;""
2014;7466;"2B";"2B124";"Ghisoni";"2014-11-01 17:03:00";700000;;;;;;;;;;;;;;;;;""
2014;8112;"2A";"2A200";"Palneca";"2014-11-02 10:21:00";60;;;;;;;;;;;"1";"Malveillance";;;;;""
2014;7430;"2B";"2B229";"Pietroso";"2014-11-02 12:26:00";3000;;;;;;;;;;;"1";"Malveillance";;;;;""
2014;7467;"2B";"2B007";"Albertacce";"2014-11-02 13:42:00";100;0;100;;;;;;;0;;"1";;;;;;""
2014;7669;"2A";"2A085";"Cauro";"2014-11-03 12:58:00";200;;200;;;;;;;;;;;;;;;""
2014;7469;"2B";"2B166";"Monte";"2014-11-03 13:45:00";40000;;;;;;;;;;;;;;;;;""
2014;7470;"2B";"2B188";"Olmeta-di-Tuda";"2014-11-03 14:15:00";875810;200000;675810;;;;;;;0;;"1";;;;;;""
2014;7471;"2B";"2B218";"Piedicorte-di-Gaggio";"2014-11-03 15:09:00";12850;0;12850;;;;;;;0;;"1";"Malveillance";;;;;""
2014;7580;"11";"11435";"Villerouge-Termenès";"2014-11-03 15:41:00";2500;;;;;;;;;;;;"Involontaire (particulier)";;;;;""
2014;7581;"11";"11122";"Douzens";"2014-11-03 16:16:00";500;;;;;;;;;;;;"Involontaire (travaux)";;;;;""
2014;7673;"2A";"2A062";"Carbuccia";"2014-11-03 17:15:00";300;;;;;;;;;;;;;;;;;""
2014;7474;"2B";"2B185";"Oletta";"2014-11-04 09:06:00";8000;0;8000;;;;;;;0;;"1";;;;;;""
2014;7472;"2B";"2B116";"Focicchia";"2014-11-04 13:40:00";8578;0;8578;;;;;;;0;;"1";"Malveillance";;;;;""
2014;7473;"2B";"2B173";"Muro";"2014-11-04 14:07:00";15000;;;;;;;;;;;"1";"Involontaire (travaux)";;;;;""
2014;7670;"2A";"2A041";"Bonifacio";"2014-11-04 15:04:00";500;;500;;;;;;;;;;;;;;;""
2014;7476;"2B";"2B230";"Piève";"2014-11-04 17:46:00";50;50;0;;;;;;;0;;"2";;;;;;""
2014;1313;"47";"47254";"Saint-Martin-Curton";"2014-11-12 07:40:00";500;500;;0;;;0;;;0;;;;;;;;""
2014;8192;"11";"11203";"Lézignan-Corbières";"2014-11-13 11:01:00";190;;;;;;;;;;;;"Malveillance";;;;;""
2014;8193;"11";"11203";"Lézignan-Corbières";"2014-11-17 10:42:00";80;;;;;;;;;;;;"Accidentelle";;;;;""
2014;8185;"2A";"2A004";"Ajaccio";"2014-11-21 16:53:00";20;;20;;;;;;;;;;;;;;;""
2014;8183;"2A";"2A041";"Bonifacio";"2014-11-22 16:37:00";50;;50;;;;;;;;;;;;;;;""
2014;686;"31";"31337";"Melles";"2014-11-23 12:36:00";250000;0;;10000;;;10000;240000;0;240000;"Estimées";;;;;;;"Données partielles ou non valides"
2014;8245;"2A";"2A362";"Zonza";"2014-11-24 06:25:00";10;;10;;;;;;;0;;;;;;;;""
2014;7805;"2B";"2B109";"Farinole";"2014-11-24 15:23:00";4000;;;;;;;;;;;;"Malveillance";;;;;""
2014;8186;"2A";"2A139";"Lecci";"2014-11-27 16:50:00";10;;10;;;;;;;;;;;;;;;""
2014;8175;"2A";"2A017";"Appietto";"2014-11-29 14:27:00";300;;300;;;;;;;;;;;;;;;""
2014;8176;"2A";"2A288";"Sotta";"2014-11-30 15:11:00";10;10;;;;;;;;;;;;;;;;""
2014;834;"12";"12198";"Rieupeyroux";"2014-12-03 12:30:00";10;0;;10;;;10;0;0;0;"Estimées";;;;;;;""
2014;7979;"06";"06074";"Lantosque";"2014-12-11 12:40:00";8000;;8000;;;;;;;;;"1";;;;;;""
2014;8191;"2A";"2A215";"Pianottoli-Caldarello";"2014-12-13 21:20:00";10;;10;;;;;;;;;;;;;;;""
2014;8187;"2A";"2A209";"Peri";"2014-12-20 17:48:00";2;;2;;;;;;;;;;;;;;;""
2014;8188;"2A";"2A004";"Ajaccio";"2014-12-20 18:01:00";50;;50;;;;;;;;;;;;;;;""
2014;8177;"2A";"2A031";"Bastelica";"2014-12-23 16:03:00";25000;;25000;;;;;;;;;"1";"Malveillance";;;;;""
2014;8178;"2A";"2A004";"Ajaccio";"2014-12-23 18:04:00";10;;10;;;;;;;;;;;;;;;""
2014;8179;"2A";"2A127";"Giuncheto";"2014-12-24 13:09:00";30;;30;;;;;;;;;;"Malveillance";;;;;""
2014;8180;"2A";"2A031";"Bastelica";"2014-12-26 12:04:00";100;100;;;;;;;;;;"3";"Involontaire (particulier)";;;;;""
2014;8181;"2A";"2A041";"Bonifacio";"2014-12-27 18:10:00";3;;3;;;;;;;;;;;;;;;""
2014;8083;"06";"06132";"Saorge";"2014-12-29 05:37:00";78900;;78900;;;;;;;;;"1";"Malveillance";;;;;""
2014;8182;"2A";"2A189";"Olmeto";"2014-12-29 08:57:00";100;;;;;;;;;;;;;;;;;""
2014;8093;"04";"04230";"Valensole";"2014-12-30 11:48:00";521;521;;;;;;;;;;"6";"Involontaire (particulier)";;;;;""
2014;8189;"2A";"2A362";"Zonza";"2014-12-31 18:36:00";4;;4;;;;;;;;;;;;;;;""
2014;8190;"2A";"2A215";"Pianottoli-Caldarello";"2014-12-31 19:18:00";50;;50;;;;;;;;;;"Involontaire (particulier)";;;;;""
2015;5769;"66";"66100";"Llo";"2015-01-01 00:09:00";5000;5000;;;;;;;;;;"4";"Involontaire (particulier)";;;;;""
2015;6760;"07";"07176";"Planzolles";"2015-01-01 13:13:00";10000;;10000;;;;;;;;;"1";"Involontaire (particulier)";;;;;""
2015;12057;"2A";"2A362";"Zonza";"2015-01-01 15:16:00";4000;;4000;;;;;;;;;;;;;;;""
2015;6978;"34";"34260";"Saint-Gervais-sur-Mare";"2015-01-02 14:13:00";6450;6450;;;;;;;;;;"3";"Involontaire (travaux)";;;;;""
2015;2;"12";"12270";"Sévérac-le-Château";"2015-01-02 19:19:00";50;0;;50;;;50;0;0;0;"Estimées";;"Involontaire (particulier)";;;;;""
2015;7580;"66";"66030";"Calce";"2015-01-03 15:11:00";1000;;1000;;;;;;;;;"1";"Malveillance";;;;;""
2015;12047;"2B";"2B334";"Valle-d'Alesani";"2015-01-03 17:10:00";5;5;0;;;;;;;0;;"3";;;;;;""
2015;12145;"06";"06101";"Rigaud";"2015-01-03 18:28:00";1000;;1000;;;;;;;;;"1";;;;;;""
2015;4671;"2B";"2B265";"Rutali";"2015-01-04 12:20:00";1000;;;;;;;;;;;;;;;;;""
2015;12157;"06";"06074";"Lantosque";"2015-01-04 12:20:00";73100;40000;;;;;;;;33100;;"4";"Malveillance";;;;;""
2015;4948;"2A";"2A031";"Bastelica";"2015-01-04 14:11:00";5000;;5000;;;;;;;;;"1";"Malveillance";;;;;""
2015;5658;"48";"48170";"Saint-Martin-de-Boubaux";"2015-01-04 15:02:00";3410;1710;;;;;;;;1700;;"5";"Involontaire (particulier)";;;;;""
2015;4781;"2B";"2B315";"Santo-Pietro-di-Venaco";"2015-01-04 17:20:00";300;300;0;;;;;;;0;;"2";;;;;;""
2015;5479;"13";"13055";"Marseille";"2015-01-05 18:35:00";150;150;;;;;;;;;;"4";"Accidentelle";;;;;""
2015;12060;"2A";"2A349";"Viggianello";"2015-01-07 12:54:00";20;;20;;;;;;;;;"1";"Involontaire (travaux)";;;;;""
2015;12061;"2A";"2A118";"Fozzano";"2015-01-08 18:20:00";150;;150;;;;;;;;;;;;;;;""
2015;12062;"2A";"2A198";"Ota";"2015-01-09 13:15:00";2000;;2000;;;;;;;;;;"Involontaire (travaux)";;;;;""
2015;4815;"2B";"2B059";"Canavaggia";"2015-01-09 16:13:00";300;150;150;;;;;;;0;;"1";;;;;;""
2015;12063;"2A";"2A254";"Quenza";"2015-01-09 17:29:00";15000;;15000;;;;;;;;;;;;;;;""
2015;7594;"66";"66014";"Baixas";"2015-01-10 06:48:00";6000;;6000;;;;;;;;;"1";"Malveillance";;;;;""
2015;4837;"2B";"2B112";"Feliceto";"2015-01-10 13:50:00";6000;0;6000;;;;;;;0;;"1";;;;;;""
2015;12065;"2A";"2A247";"Porto-Vecchio";"2015-01-10 15:09:00";20000;;20000;;;;;;;;;"1";;;;;;""
2015;1;"43";"43234";"Saugues";"2015-01-10 15:55:00";150;0;;150;;;150;0;0;0;"Estimées";;;;;;;""
2015;12168;"06";"06156";"Venanson";"2015-01-10 18:05:00";17800;7800;;;;;;;;10000;;"1";"Malveillance";;;;;""
2015;11259;"66";"66119";"Mosset";"2015-01-10 20:26:00";50000;50000;;;;;;;;;;"5";;;;;;""
2015;10373;"34";"34319";"Vailhan";"2015-01-11 07:59:00";7100;;7100;;;;;;;;;"1";"Malveillance";;;;;""
2015;4848;"2B";"2B290";"Speloncato";"2015-01-11 09:58:00";566826;0;566826;;;;;;;0;;"1";;;;;;""
2015;4859;"2B";"2B138";"Lavatoggio";"2015-01-11 10:25:00";10;0;10;;;;;;;0;;"1";;;;;;""
2015;4881;"2B";"2B356";"Zalana";"2015-01-11 11:41:00";200;200;0;;;;;;;0;;"1";;;;;;""
2015;4893;"2B";"2B275";"Sermano";"2015-01-11 12:25:00";10000;;;;;;;;;;;"1";;;;;;""
2015;12066;"2A";"2A092";"Conca";"2015-01-11 13:09:00";50;;50;;;;;;;;;;;;;;;""
2015;4904;"2B";"2B161";"Moïta";"2015-01-11 13:45:00";2500;1000;1500;;;;;;;0;;"2";;;;;;""
2015;4915;"2B";"2B058";"Canari";"2015-01-11 14:00:00";100;0;100;;;;;;;0;;"2";;;;;;""
2015;10484;"34";"34339";"Villespassans";"2015-01-11 14:34:00";121500;30000;30000;;;;;;;61500;;"1";"Malveillance";;;;;""
2015;4937;"2B";"2B155";"Matra";"2015-01-11 15:08:00";5000;1000;4000;;;;;;;0;;"3";;;;;;""
2015;4947;"2B";"2B012";"Altiani";"2015-01-11 15:12:00";250;0;250;;;;;;;0;;"3";;;;;;""
2015;4958;"2B";"2B097";"Costa";"2015-01-11 16:11:00";10;10;0;;;;;;;0;;"2";;;;;;""
2015;4969;"2B";"2B049";"Calenzana";"2015-01-11 16:51:00";1000;0;1000;;;;;;;0;;"1";"Involontaire (travaux)";;;;;""
2015;4980;"2B";"2B167";"Montegrosso";"2015-01-11 17:24:00";10;0;10;;;;;;;0;;"1";"Involontaire (particulier)";;;;;""
2015;12048;"04";"04111";"Mane";"2015-01-11 19:11:00";280;280;;;;;;;;;;"2";"Involontaire (particulier)";;;;;""
2015;4990;"2B";"2B143";"Linguizzetta";"2015-01-12 11:36:00";65098;10000;55098;;;;;;;0;;"2";;;;;;""
2015;4965;"2A";"2A089";"Ciamannacce";"2015-01-12 12:27:00";200;;200;;;;;;;;;"1";"Involontaire (travaux)";;;;;""
2015;11592;"83";"83134";"Taradeau";"2015-01-12 12:45:00";2500;2500;;;;;;;;;;"4";"Involontaire (particulier)";;;;;""
2015;5002;"2B";"2B167";"Montegrosso";"2015-01-12 14:15:00";500;0;500;;;;;;;0;;"1";"Involontaire (particulier)";;;;;""
2015;12059;"04";"04084";"Estoublon";"2015-01-12 15:10:00";5700;;5700;;;;;;;;;"1";"Involontaire (travaux)";;;;;""
2015;12101;"2A";"2A247";"Porto-Vecchio";"2015-01-12 15:26:00";700;;700;;;;;;;;;;;;;;;""
2015;5013;"2B";"2B361";"Zilia";"2015-01-12 16:00:00";50;0;50;;;;;;;0;;"1";"Involontaire (travaux)";;;;;""
2015;12179;"06";"06074";"Lantosque";"2015-01-12 18:15:00";82100;;62100;;;;;;;20000;;"1";"Malveillance";;;;;""
2015;5024;"2B";"2B352";"Ville-di-Paraso";"2015-01-13 10:45:00";5000;2500;2500;;;;;;;0;;"1";;;;;;""
2015;12080;"04";"04006";"Allos";"2015-01-13 14:58:00";2200;;2200;;;;;;;;;"1";"Involontaire (travaux)";;;;;""
2015;12103;"2A";"2A270";"Sari-d'Orcino";"2015-01-13 16:14:00";7;;7;;;;;;;;;;;;;;;""
2015;5135;"2B";"2B095";"Corscia";"2015-01-13 16:30:00";40;0;40;;;;;;;0;;"1";;;;;;""
2015;5156;"2B";"2B226";"Pietraserena";"2015-01-13 16:37:00";10000;0;10000;;;;;;;0;;"3";;;;;;""
2015;3;"12";"12215";"Saint-Christophe-Vallon";"2015-01-13 17:34:00";1;0;;1;;;1;0;0;0;"Estimées";;;;;;;""
2015;12104;"2A";"2A300";"San-Gavino-di-Carbini";"2015-01-14 11:30:00";40;;40;;;;;;;;;;;;;;;""
2015;5167;"2B";"2B049";"Calenzana";"2015-01-14 11:55:00";500;0;500;;;;;;;0;;"1";;;;;;""
2015;5178;"2B";"2B049";"Calenzana";"2015-01-14 11:55:00";1000;1000;0;;;;;;;0;;"5";;;;;;""
2015;5189;"2B";"2B341";"Venaco";"2015-01-14 13:02:00";500;500;0;;;;;;;0;;"2";;;;;;""
2015;5211;"2B";"2B286";"Sorbo-Ocagnano";"2015-01-14 14:19:00";2500;;;;;;;;;;;;;;;;;""
2015;5492;"2B";"2B316";"Santa-Reparata-di-Balagna";"2015-01-14 14:45:00";2;;;;;;;;;;;;;;;;;""
2015;5223;"2B";"2B361";"Zilia";"2015-01-14 16:34:00";1000;0;1000;;;;;;;0;;"1";"Involontaire (travaux)";;;;;""
2015;12190;"06";"06020";"La Bollène-Vésubie";"2015-01-14 16:54:00";1000;;1000;;;;;;;;;"1";;;;;;""
2015;5245;"2B";"2B208";"Perelli";"2015-01-14 17:04:00";200;200;0;;;;;;;0;;"2";;;;;;""
2015;12105;"2A";"2A040";"Bocognano";"2015-01-14 18:00:00";50;;50;;;;;;;;;;;;;;;""
2015;5256;"2B";"2B361";"Zilia";"2015-01-14 18:28:00";10000;0;10000;;;;;;;0;;"1";;;;;;""
2015;12201;"06";"06133";"Sauze";"2015-01-15 09:10:00";16700;;10000;;;;;;;6700;;"4";;;;;;""
2015;12107;"2A";"2A271";"Sarrola-Carcopino";"2015-01-16 11:36:00";30000;;30000;;;;;;;;;;;;;;;""
2015;5267;"2B";"2B343";"Venzolasca";"2015-01-17 16:42:00";100;;;;;;;;;;;;;;;;;""
2015;5288;"2B";"2B148";"Lucciana";"2015-01-18 14:10:00";10000;;;;;;;;;;;;;;;;;""
2015;5299;"2B";"2B218";"Piedicorte-di-Gaggio";"2015-01-18 15:28:00";10000;;;;;;;;;;;"2";;;;;;""
2015;5310;"2B";"2B356";"Zalana";"2015-01-18 15:36:00";3000;0;1500;;;;;;;1500;;"1";;;;;;""
2015;5321;"2B";"2B015";"Ampriani";"2015-01-18 20:07:00";9461;5461;4000;;;;;;;0;;"2";;;;;;""
2015;5332;"2B";"2B265";"Rutali";"2015-01-19 17:50:00";200;0;200;;;;;;;0;;"1";"Malveillance";;;;;""
2015;10729;"11";"11351";"Saint-Laurent-de-la-Cabrerisse";"2015-01-21 15:55:00";13400;;;;;;;;;;;;"Involontaire (travaux)";;;;;""
2015;4;"12";"12224";"Saint-Geniez-d'Olt";"2015-01-23 22:00:00";1;0;;1;;;1;0;0;0;"Estimées";;;;;;;""
2015;12108;"2A";"2A272";"Sartène";"2015-01-24 15:06:00";15;;15;;;;;;;;;;;;;;;""
2015;7595;"66";"66069";"Espira-de-l'Agly";"2015-01-25 07:36:00";600;;600;;;;;;;;;"1";"Malveillance";;;;;""
2015;5200;"34";"34302";"Siran";"2015-01-25 16:09:00";560;560;;;;;;;;;;"3";"Involontaire (particulier)";;;;;""
2015;9538;"30";"30284";"Saint-Martin-de-Valgalgues";"2015-01-25 17:23:00";249;;;;;;;;;;;"4";"Accidentelle";;;;;""
2015;8762;"66";"66061";"Coustouges";"2015-01-25 18:02:00";20000;20000;;;;;;;;;;"4";"Accidentelle";;;;;""
2015;6054;"34";"34341";"Villeveyrac";"2015-01-27 15:47:00";5500;2000;3500;;;;;;;;;"1";"Involontaire (travaux)";;;;;""
2015;10740;"11";"11116";"Cuxac-d'Aude";"2015-01-28 12:49:00";4000;;;;;;;;;;;;"Involontaire (particulier)";;;;;""
2015;5736;"2B";"2B238";"Poggio-di-Venaco";"2015-01-28 12:52:00";200;0;200;;;;;;;0;;"1";;;;;;""
2015;8773;"66";"66084";"Fourques";"2015-01-28 14:55:00";20000;5000;10000;;;;;;;5000;;"1";"Involontaire (travaux)";;;;;""
2015;339;"32";"32042";"Belloc-Saint-Clamens";"2015-01-28 14:56:00";5000;0;;5000;;;5000;0;0;0;"Estimées";;"Accidentelle";;;;;""
2015;9059;"2A";"2A103";"Cuttoli-Corticchiato";"2015-01-28 17:40:00";800;;800;;;;;;;;;;;;;;;""
2015;12109;"2A";"2A212";"Piana";"2015-01-28 17:40:00";50;;50;;;;;;;;;;;;;;;""
2015;12110;"2A";"2A133";"Guitera-les-Bains";"2015-01-28 18:28:00";50;;50;;;;;;;;;"1";"Malveillance";;;;;""
2015;12111;"2A";"2A348";"Vico";"2015-01-28 19:19:00";50;;50;;;;;;;;;;;;;;;""
2015;5879;"2B";"2B120";"Furiani";"2015-01-29 11:59:00";586395;0;586395;;;;;;;0;;"1";;;;;;""
2015;5901;"2B";"2B356";"Zalana";"2015-01-29 13:33:00";30309;0;30309;;;;;;;0;;"2";;;;;;""
2015;4966;"2A";"2A362";"Zonza";"2015-01-29 15:50:00";500;;500;;;;;;;;;;;;;;;""
2015;6187;"06";"06055";"Duranus";"2015-01-29 16:30:00";8000;;8000;;;;;;;;;"1";"Malveillance";;;;;""
2015;5945;"2B";"2B145";"Loreto-di-Casinca";"2015-01-29 16:55:00";1151;0;1151;;;;;;;0;;"1";;;;;;""
2015;12112;"2A";"2A284";"Sollacaro";"2015-01-30 17:15:00";25000;;25000;;;;;;;;;"1";;;;;;""
2015;4633;"2A";"2A017";"Appietto";"2015-02-03 12:33:00";10;;10;;;;;;;;;;;;;;;""
2015;6375;"34";"34168";"Montesquieu";"2015-02-07 19:02:00";20000;;20000;;;;;;;;;"1";"Malveillance";;;;;""
2015;6386;"34";"34287";"Saint-Saturnin-de-Lucian";"2015-02-08 16:14:00";10000;;10000;;;;;;;;;"1";"Involontaire (travaux)";;;;;""
2015;10751;"11";"11351";"Saint-Laurent-de-la-Cabrerisse";"2015-02-09 15:02:00";8000;;;;;;;;;;;;"Involontaire (travaux)";;;;;""
2015;6165;"07";"07282";"Saint-Pierre-de-Colombier";"2015-02-09 15:45:00";1500;;1500;;;;;;;;;"1";"Involontaire (particulier)";;;;;""
2015;4634;"2A";"2A247";"Porto-Vecchio";"2015-02-10 08:54:00";50;;50;;;;;;;;;;;;;;;""
2015;39;"81";"81099";"Gaillac";"2015-02-10 13:23:00";150;0;;150;;;150;0;0;0;"Estimées";;;;;;;""
2015;5;"12";"12094";"Entraygues-sur-Truyère";"2015-02-10 14:33:00";60000;0;;60000;;;60000;0;0;0;"Estimées";;"Involontaire (particulier)";;;;;""
2015;4625;"11";"11433";"Villeneuve-Minervois";"2015-02-10 14:54:00";2000;;;;;;;;;;;;"Involontaire (travaux)";;;;;""
2015;1646;"24";"24106";"La Chapelle-Aubareil";"2015-02-10 15:26:00";100;100;;0;;;0;;;0;;;;;;;;""
2015;1643;"24";"24488";"Saint-Pompont";"2015-02-10 16:45:00";10000;10000;;0;;;0;;;0;;;;;;;;""
2015;6;"12";"12168";"Nant";"2015-02-11 14:32:00";5000;0;;5000;;;5000;0;0;0;"Estimées";;"Involontaire (particulier)";;;;;""
2015;6553;"2B";"2B223";"Pietralba";"2015-02-11 15:07:00";200;0;200;;;;;;;0;;"1";;;;;;""
2015;6519;"04";"04124";"Montagnac-Montpezat";"2015-02-11 15:51:00";2100;2100;;;;;;;;;;"5";"Involontaire (travaux)";;;;;""
2015;7596;"66";"66030";"Calce";"2015-02-11 17:28:00";2000;;2000;;;;;;;;;"1";"Malveillance";;;;;""
2015;6530;"04";"04024";"Beaujeu";"2015-02-12 13:37:00";4200;4200;;;;;;;;;;"4";"Involontaire (particulier)";;;;;""
2015;2527;"40";"40055";"Bretagne-de-Marsan";"2015-02-12 15:52:00";300;300;;0;;;0;;;0;;;"Involontaire (particulier)";;;;;""
2015;7;"12";"12184";"Pomayrols";"2015-02-12 16:14:00";5000;0;;5000;;;5000;0;0;0;"Estimées";;"Involontaire (particulier)";;;;;""
2015;8;"12";"12171";"Nauviale";"2015-02-13 13:21:00";500;0;;500;;;500;0;0;0;"Estimées";;"Involontaire (particulier)";;;;;""
2015;2526;"40";"40149";"Lencouacq";"2015-02-13 13:52:00";200;200;;0;;;0;;;0;;;"Involontaire (particulier)";;;;;""
2015;2525;"40";"40105";"Garein";"2015-02-13 15:22:00";1000;1000;;0;;;0;;;0;;;;;;;;""
2015;11989;"2A";"2A269";"Sari-Solenzara";"2015-02-14 12:02:00";20;;20;;;;;;;;;;;;;;;""
2015;2524;"40";"40246";"Sabres";"2015-02-17 15:43:00";50;50;;0;;;0;;;0;;;"Involontaire (travaux)";;;;;""
2015;6934;"48";"48122";"Quézac";"2015-02-18 14:30:00";12500;6000;;;;;;;;6500;;"1";"Involontaire (particulier)";;;;;""
2015;7598;"66";"66138";"Peyrestortes";"2015-02-18 15:18:00";20000;;20000;;;;;;;;;"1";"Involontaire (travaux)";;;;;""
2015;7599;"66";"66093";"Laroque-des-Albères";"2015-02-18 15:30:00";1500;1000;500;;;;;;;;;"5";"Involontaire (travaux)";;;;;""
2015;6945;"04";"04070";"Digne-les-Bains";"2015-02-18 17:11:00";600;600;;;;;;;;;;"2";;;;;;""
2015;9;"12";"12168";"Nant";"2015-02-18 21:14:00";2;0;;2;;;2;0;0;0;"Mesurées";;"Malveillance";;;;;""
2015;10;"12";"12102";"Flavin";"2015-02-19 14:34:00";100;0;;100;;;100;0;0;0;"Estimées";;"Involontaire (particulier)";;;;;""
2015;5393;"26";"26175";"Marignac-en-Diois";"2015-02-20 13:12:00";5000;;5000;;;;;;;;;;"Involontaire (particulier)";;;;;""
2015;11;"12";"12142";"Mayran";"2015-02-20 14:56:00";2100;0;;2100;;;2100;0;0;0;"Estimées";;"Involontaire (travaux)";;;;;""
2015;12;"12";"12198";"Rieupeyroux";"2015-02-20 17:01:00";15;0;;15;;;15;0;0;0;"Estimées";;"Accidentelle";;;;;""
2015;10584;"66";"66049";"Céret";"2015-02-20 17:44:00";500;500;;;;;;;;;;"3";"Involontaire (particulier)";;;;;""
2015;4967;"2A";"2A271";"Sarrola-Carcopino";"2015-02-21 11:23:00";2000;;2000;;;;;;;;;;;;;;;""
2015;7090;"2B";"2B043";"Brando";"2015-02-21 11:29:00";15388;15388;0;;;;;;;0;;"1";;;;;;""
2015;4635;"2A";"2A209";"Peri";"2015-02-21 14:14:00";2000;;2000;;;;;;;;;;;;;;;""
2015;7067;"34";"34181";"Neffiès";"2015-02-23 16:52:00";92500;2500;90000;;;;;;;;;"1";"Malveillance";;;;;""
2015;7619;"06";"06049";"Courmes";"2015-02-26 13:53:00";5000;;5000;;;;;;;;;"1";"Involontaire (travaux)";;;;;""
2015;7242;"83";"83145";"Varages";"2015-02-26 14:13:00";23000;23000;;;;;;;;;;"4";"Involontaire (particulier)";;;;;""
2015;7222;"04";"04217";"Thoard";"2015-02-28 14:22:00";5400;5400;;;;;;;;;;"2";"Involontaire (travaux)";;;;;""
2015;9539;"30";"30339";"Valleraugue";"2015-02-28 17:15:00";160;;;;;;;;;;;"2";"Involontaire (travaux)";;;;;""
2015;8233;"34";"34339";"Villespassans";"2015-03-01 16:38:00";230;;230;;;;;;;;;"1";"Involontaire (particulier)";;;;;""
2015;11990;"2A";"2A362";"Zonza";"2015-03-01 21:15:00";10;;10;;;;;;;;;;;;;;;""
2015;7370;"2B";"2B049";"Calenzana";"2015-03-02 14:35:00";5000;;;;;;;;;;;"1";;;;;;""
2015;7697;"06";"06136";"Sospel";"2015-03-02 16:53:00";17500;;17500;;;;;;;;;"2";"Accidentelle";;;;;""
2015;4934;"13";"13002";"Allauch";"2015-03-02 17:36:00";50;50;;;;;;;;;;;"Malveillance";;;;;""
2015;4935;"13";"13002";"Allauch";"2015-03-02 17:40:00";250;250;;;;;;;;;;;"Malveillance";;;;;""
2015;10762;"11";"11202";"Leucate";"2015-03-03 09:24:00";50;;;;;;;;;;;;;;;;;""
2015;7544;"2B";"2B034";"Belgodère";"2015-03-03 10:51:00";2000;0;2000;;;;;;;0;;"1";;;;;;""
2015;2705;"41";"41258";"Thésée";"2015-03-03 12:31:00";5000;5000;;0;;;0;0;0;0;"Estimées";;;;;;;""
2015;7555;"2B";"2B167";"Montegrosso";"2015-03-03 13:44:00";150;150;0;;;;;;;0;;"1";"Involontaire (particulier)";;;;;""
2015;7566;"2B";"2B172";"Murato";"2015-03-03 14:28:00";7000;0;7000;;;;;;;0;;"1";;;;;;""
2015;7631;"2B";"2B188";"Olmeta-di-Tuda";"2015-03-03 15:21:00";5000;0;5000;;;;;;;0;;"1";;;;;;""
2015;7675;"2B";"2B112";"Feliceto";"2015-03-03 16:58:00";1500;1500;0;;;;;;;0;;"1";;;;;;""
2015;7837;"66";"66127";"Opoul-Périllos";"2015-03-03 17:29:00";200;0;200;;;;;;;;;"1";"Malveillance";;;;;""
2015;8277;"34";"34070";"Cébazan";"2015-03-04 18:37:00";250;250;;;;;;;;;;"4";"Involontaire (travaux)";;;;;""
2015;7597;"83";"83027";"La Cadière-d'Azur";"2015-03-04 20:23:00";90;90;;;;;;;;;;"5";"Involontaire (particulier)";;;;;""
2015;4931;"13";"13056";"Martigues";"2015-03-05 12:12:00";500;400;100;;;;;;;;;;"Involontaire (travaux)";;;;;""
2015;13;"12";"12176";"Onet-le-Château";"2015-03-05 15:00:00";50;0;;50;;;50;0;0;0;"Estimées";;"Involontaire (particulier)";;;;;""
2015;8289;"34";"34013";"Aspiran";"2015-03-05 15:41:00";12600;;12600;;;;;;;;;"1";"Involontaire (travaux)";;;;;""
2015;10773;"11";"11132";"Fabrezan";"2015-03-05 17:10:00";1000;;;;;;;;;;;;"Involontaire (travaux)";;;;;""
2015;10784;"11";"11132";"Fabrezan";"2015-03-05 20:49:00";500;;;;;;;;;;;;"Involontaire (travaux)";;;;;""
2015;8332;"34";"34341";"Villeveyrac";"2015-03-05 21:23:00";85;;85;;;;;;;;;"1";"Accidentelle";;;;;""
2015;8343;"34";"34070";"Cébazan";"2015-03-05 21:54:00";10;10;;;;;;;;;;"4";"Involontaire (travaux)";;;;;""
2015;4636;"2A";"2A092";"Conca";"2015-03-06 04:50:00";15000;;15000;;;;;;;;;"1";"Accidentelle";;;;;""
2015;7686;"2B";"2B148";"Lucciana";"2015-03-06 06:08:00";100;;;;;;;;;;;;;;;;;""
2015;9127;"48";"48155";"Saint-Germain-de-Calberte";"2015-03-06 10:09:00";160;160;;;;;;;;;;"2";"Involontaire (travaux)";;;;;""
2015;4626;"11";"11251";"Montlaur";"2015-03-06 12:17:00";6147;;;;;;;;;;;;"Involontaire (particulier)";;;;;""
2015;8904;"2B";"2B148";"Lucciana";"2015-03-06 12:30:00";220000;10000;210000;;;;;;;0;;"2";;;;;;""
2015;10795;"11";"11323";"Roquetaillade";"2015-03-06 13:03:00";50;;;;;;;;;;;;"Accidentelle";;;;;""
2015;65;"12";"12145";"Millau";"2015-03-06 15:06:00";50;0;;50;;;50;0;0;0;"Estimées";;"Involontaire (particulier)";;;;;""
2015;9540;"30";"30213";"Revens";"2015-03-06 15:30:00";8000;;;;;;;;;;;"2";"Malveillance";;;;;""
2015;9116;"48";"48158";"Saint-Hilaire-de-Lavit";"2015-03-06 15:32:00";1300;;;;;;;;;;;"2";"Involontaire (particulier)";;;;;""
2015;4637;"2A";"2A017";"Appietto";"2015-03-06 16:33:00";1000;;1000;;;;;;;;;;;;;;;""
2015;7796;"06";"06074";"Lantosque";"2015-03-06 17:00:00";12400;3000;9400;;;;;;;;;"4";"Involontaire (particulier)";;;;;""
2015;4639;"2A";"2A041";"Bonifacio";"2015-03-06 17:18:00";150;;150;;;;;;;;;;;;;;;""
2015;4640;"2A";"2A085";"Cauro";"2015-03-06 17:26:00";50;;50;;;;;;;;;;;;;;;""
2015;8729;"04";"04241";"Villemus";"2015-03-06 17:27:00";5100;4200;;;;;;;;900;;"5";"Involontaire (particulier)";;;;;""
2015;9541;"30";"30009";"Alzon";"2015-03-07 07:52:00";90800;2100;7000;;;;;;;81700;;"1";"Involontaire (travaux)";;;;;""
2015;4641;"2A";"2A031";"Bastelica";"2015-03-07 10:43:00";150;;150;;;;;;;;;;;;;;;""
2015;7941;"2B";"2B167";"Montegrosso";"2015-03-07 12:08:00";3000;1500;1500;;;;;;;0;;"1";"Involontaire (particulier)";;;;;""
2015;8733;"11";"11145";"Fleury";"2015-03-07 12:20:00";15100;;;;;;;;;;;;"Malveillance";;;;;""
2015;7807;"06";"06074";"Lantosque";"2015-03-07 12:43:00";1200;;1200;;;;;;;;;"1";"Malveillance";;;;;""
2015;177;"46";"46172";"Lhospitalet";"2015-03-07 12:53:00";300;0;;300;;;300;0;0;0;"Estimées";;;;;;;""
2015;1636;"24";"24442";"Saint-Léon-sur-l'Isle";"2015-03-07 13:19:00";15000;15000;;0;;;0;;;0;;;;;;;;""
2015;8420;"34";"34334";"Vieussan";"2015-03-07 14:42:00";2500;;2000;;;;;;;500;;"1";"Involontaire (travaux)";;;;;""
2015;18;"12";"12296";"Viala-du-Tarn";"2015-03-07 14:50:00";500;0;;500;;;500;0;0;0;"Estimées";;"Involontaire (particulier)";;;;;""
2015;10806;"11";"11131";"Fa";"2015-03-07 14:55:00";6000;;;;;;;;;;;;"Involontaire (travaux)";;;;;""
2015;8431;"34";"34008";"Les Aires";"2015-03-07 15:05:00";400;400;;;;;;;;;;"3";"Involontaire (particulier)";;;;;""
2015;885;"15";"15045";"Chaudes-Aigues";"2015-03-07 16:08:00";20000;0;;10000;;;10000;10000;0;10000;"Estimées";;;;;;;""
2015;178;"46";"46169";"Léobard";"2015-03-07 18:00:00";20;0;;20;;;20;0;0;0;"Estimées";;;;;;;""
2015;179;"46";"46137";"Labastide-Marnhac";"2015-03-07 18:09:00";300;0;;300;;;300;0;0;0;"Estimées";;;;;;;""
2015;4642;"2A";"2A048";"Calcatoggio";"2015-03-07 18:13:00";10;;10;;;;;;;;;;;;;;;""
2015;11315;"48";"48162";"Saint-Julien-d'Arpaon";"2015-03-07 21:30:00";10005;;;;;;;;;;;"1";;;;;;""
2015;8004;"2B";"2B037";"Biguglia";"2015-03-08 11:30:00";100;;;;;;;;;;;;;;;;;""
2015;7996;"2B";"2B049";"Calenzana";"2015-03-08 12:30:00";15000;;;;;;;;;;;"1";"Malveillance";;;;;""
2015;8013;"2B";"2B055";"Campitello";"2015-03-08 12:42:00";17;0;17;;;;;;;0;;"1";;;;;;""
2015;9072;"2B";"2B185";"Oletta";"2015-03-08 13:00:00";66842;0;66842;;;;;;;0;;"1";;;;;;""
2015;1634;"24";"24068";"Le Buisson-de-Cadouin";"2015-03-08 13:17:00";1000;1000;;0;;;0;;;0;;;;;;;;""
2015;8740;"04";"04112";"Manosque";"2015-03-08 13:29:00";600;600;;;;;;;;;;"4";"Involontaire (particulier)";;;;;""
2015;1633;"24";"24237";"Lembras";"2015-03-08 14:05:00";50;50;;0;;;0;;;0;;;;;;;;""
2015;8751;"04";"04135";"Moustiers-Sainte-Marie";"2015-03-08 14:08:00";900;;900;;;;;;;;;"1";"Involontaire (particulier)";;;;;""
2015;4968;"2A";"2A258";"Renno";"2015-03-08 15:10:00";1200;;1200;;;;;;;;;"1";;;;;;""
2015;4643;"2A";"2A011";"Altagène";"2015-03-08 15:10:00";20000;;20000;;;;;;;;;;;;;;;""
2015;167;"46";"46188";"Maxou";"2015-03-08 15:15:00";5000;0;;5000;;;5000;0;0;0;"Estimées";;;;;;;""
2015;10983;"48";"48022";"Bédouès";"2015-03-08 15:40:00";114600;;114600;;;;;;;;;"1";;;;;;""
2015;8035;"2B";"2B172";"Murato";"2015-03-08 15:51:00";500;0;500;;;;;;;0;;"1";;;;;;""
2015;19;"12";"12161";"Mouret";"2015-03-08 17:27:00";300;0;;300;;;300;0;0;0;"Estimées";;"Involontaire (particulier)";;;;;""
2015;8046;"2B";"2B123";"Ghisonaccia";"2015-03-08 18:20:00";5000;0;5000;;;;;;;0;;"1";;;;;;""
2015;1632;"24";"24042";"Biras";"2015-03-08 18:28:00";600;600;;0;;;0;;;0;;;"Accidentelle";;;;;""
2015;20;"12";"12164";"Mur-de-Barrez";"2015-03-08 19:08:00";30;0;;30;;;30;0;0;0;"Estimées";;"Involontaire (particulier)";;;;;""
2015;8915;"2B";"2B184";"Olcani";"2015-03-08 23:33:00";5000;0;5000;;;;;;;0;;"1";;;;;;""
2015;10596;"66";"66214";"Tresserre";"2015-03-09 10:07:00";20000;20000;;;;;;;;;;"1";"Involontaire (travaux)";;;;;""
2015;8784;"66";"66149";"Prades";"2015-03-09 10:58:00";10000;10000;;;;;;;;;;"3";"Malveillance";;;;;""
2015;4970;"2A";"2A099";"Cozzano";"2015-03-09 12:17:00";50;;50;;;;;;;;;"1";"Involontaire (particulier)";;;;;""
2015;268;"17";"17033";"La Barde";"2015-03-09 12:52:00";450;450;;0;;;0;0;0;0;"Estimées";;;;;;;""
2015;10961;"48";"48022";"Bédouès";"2015-03-09 13:02:00";138000;;138000;;;;;;;;;"1";"Involontaire (travaux)";;;;;""
2015;8795;"66";"66161";"Ria-Sirach";"2015-03-09 13:45:00";10000;10000;;;;;;;;;;"1";"Accidentelle";;;;;""
2015;10928;"48";"48029";"Le Born";"2015-03-09 14:26:00";10093;;;;;;;;;;;"1";;;;;;""
2015;5581;"30";"30325";"Sumène";"2015-03-09 14:46:00";600;;;;;;;;;;;"2";"Involontaire (particulier)";;;;;""
2015;5582;"30";"30213";"Revens";"2015-03-09 14:49:00";11500;;;;;;;;;;;"2";"Malveillance";;;;;""
2015;21;"12";"12168";"Nant";"2015-03-09 15:13:00";5000;0;;5000;;;5000;0;0;0;"Estimées";;"Involontaire (particulier)";;;;;""
2015;8926;"2B";"2B280";"Silvareccio";"2015-03-09 15:26:00";2547;0;2547;;;;;;;0;;"2";;;;;;""
2015;9909;"06";"06077";"Lucéram";"2015-03-09 15:54:00";3000;;3000;;;;;;;;;"1";;;;;;""
2015;9393;"04";"04244";"Volonne";"2015-03-09 17:14:00";17800;2800;15000;;;;;;;;;"1";"Involontaire (travaux)";;;;;""
2015;9542;"30";"30009";"Alzon";"2015-03-09 19:32:00";61500;0;14200;;;;;;;47300;;"4";"Involontaire (travaux)";;;;;""
2015;4644;"2A";"2A200";"Palneca";"2015-03-10 11:16:00";750;;750;;;;;;;;;"1";"Malveillance";;;;;""
2015;5586;"30";"30154";"Mandagout";"2015-03-10 11:31:00";3000;;;;;;;;;;;"2";"Involontaire (particulier)";;;;;""
2015;4645;"2A";"2A362";"Zonza";"2015-03-10 12:24:00";10000;;10000;;;;;;;;;;;;;;;""
2015;11125;"48";"48067";"Gabriac";"2015-03-10 12:33:00";10;5;5;;;;;;;;;"1";"Involontaire (travaux)";;;;;""
2015;9920;"06";"06042";"Clans";"2015-03-10 12:46:00";12200;9200;;;;;;;;3000;;"2";;;;;;""
2015;8961;"2B";"2B280";"Silvareccio";"2015-03-10 13:13:00";6000;;;;;;;;;;;;;;;;;""
2015;4646;"2A";"2A099";"Cozzano";"2015-03-10 13:27:00";100;;100;;;;;;;;;"1";"Involontaire (particulier)";;;;;""
2015;8972;"2B";"2B252";"Pruno";"2015-03-10 14:19:00";62492;62492;0;;;;;;;0;;"2";;;;;;""
2015;23;"12";"12016";"Auzits";"2015-03-10 15:13:00";200;0;;200;;;200;0;0;0;"Estimées";;;;;;;""
2015;9932;"06";"06086";"Moulinet";"2015-03-10 15:17:00";34700;200;34500;;;;;;;;;"4";;;;;;""
2015;139;"23";"23248";"Saint-Victor-en-Marche";"2015-03-10 15:23:00";20000;20000;;0;;;0;0;0;0;"Estimées";;"Involontaire (particulier)";;;;;""
2015;10818;"11";"11097";"Conilhac-de-la-Montagne";"2015-03-10 15:53:00";2000;;;;;;;;;;;;"Accidentelle";;;;;""
2015;17;"81";"81163";"Mazamet";"2015-03-10 16:53:00";200;200;;0;;;0;0;0;0;"Estimées";;;;;;;""
2015;24;"12";"12218";"Saint-Cyprien-sur-Dourdou";"2015-03-10 17:04:00";250;0;;250;;;250;0;0;0;"Estimées";;"Involontaire (particulier)";;;;;""
2015;25;"12";"12214";"Saint-Chély-d'Aubrac";"2015-03-10 17:45:00";5000;0;;5000;;;5000;0;0;0;"Estimées";;;;;;;""
2015;26;"12";"12214";"Saint-Chély-d'Aubrac";"2015-03-10 17:54:00";30000;0;;30000;;;30000;0;0;0;"Estimées";;"Involontaire (particulier)";;;;;""
2015;126;"15";"15215";"Saint-Simon";"2015-03-10 18:09:00";10000;0;;10000;;;10000;0;0;0;"Estimées";;;;;;;""
2015;27;"12";"12173";"Noailhac";"2015-03-10 18:25:00";200;0;;200;;;200;0;0;0;"Estimées";;;;;;;""
2015;11204;"48";"48119";"Prévenchères";"2015-03-10 19:29:00";4600;;4600;;;;;;;;;"1";;;;;;""
2015;28;"12";"12153";"Montjaux";"2015-03-11 09:34:00";900;0;;900;;;900;0;0;0;"Estimées";;"Involontaire (particulier)";;;;;""
2015;2316;"33";"33122";"Cestas";"2015-03-11 10:05:00";100;100;;0;;;0;;;0;;;"Involontaire (travaux)";;;;;""
2015;10829;"11";"11144";"Fitou";"2015-03-11 10:28:00";3000;;;;;;;;;;;;"Involontaire (travaux)";;;;;""
2015;30;"12";"12251";"Saint-Victor-et-Melvieu";"2015-03-11 11:55:00";50;0;;50;;;50;0;0;0;"Estimées";;"Involontaire (particulier)";;;;;""
2015;9645;"34";"34251";"Saint-Étienne-de-Gourgas";"2015-03-11 12:18:00";8300;4000;4300;;;;;;;;;"5";"Involontaire (particulier)";;;;;""
2015;180;"46";"46176";"Livernon";"2015-03-11 12:31:00";500;0;;500;;;500;0;0;0;"Estimées";;;;;;;""
2015;10916;"48";"48116";"Le Pont-de-Montvert";"2015-03-11 12:52:00";648000;;648000;;;;;;;;;"1";"Involontaire (travaux)";;;;;""
2015;168;"46";"46160";"Latronquière";"2015-03-11 12:58:00";10000;0;;10000;;;10000;0;0;0;"Estimées";;;;;;;""
2015;31;"12";"12226";"Saint-Hippolyte";"2015-03-11 13:19:00";50000;0;;50000;;;50000;0;0;0;"Estimées";;"Involontaire (particulier)";;;;;""
2015;10840;"11";"11232";"Miraval-Cabardes";"2015-03-11 14:08:00";45000;;;;;;;;;;;;"Involontaire (travaux)";;;;;""
2015;11160;"48";"48040";"Chasseradès";"2015-03-11 15:20:00";75600;5600;70000;;;;;;;;;"1";;;;;;""
2015;11136;"48";"48148";"Saint-Étienne-Vallée-Française";"2015-03-11 15:21:00";100;100;;;;;;;;;;"5";;;;;;""
2015;10939;"48";"48099";"Le Monastier-Pin-Moriès";"2015-03-11 15:31:00";10000;;;;;;;;;;;"1";"Involontaire (particulier)";;;;;""
2015;32;"12";"12161";"Mouret";"2015-03-11 15:34:00";25000;0;;25000;;;25000;0;0;0;"Estimées";;"Involontaire (particulier)";;;;;""
2015;10851;"11";"11433";"Villeneuve-Minervois";"2015-03-11 15:37:00";150;;;;;;;;;;;;"Involontaire (travaux)";;;;;""
2015;33;"12";"12127";"Lédergues";"2015-03-11 15:49:00";10000;0;;10000;;;10000;0;0;0;"Estimées";;"Involontaire (particulier)";;;;;""
2015;181;"46";"46102";"Figeac";"2015-03-11 16:04:00";800;0;;800;;;800;0;0;0;"Estimées";;;;;;;""
2015;9370;"04";"04186";"Saint-Laurent-du-Verdon";"2015-03-11 16:15:00";1500;1500;;;;;;;;;;"4";"Involontaire (particulier)";;;;;""
2015;182;"46";"46042";"Cahors";"2015-03-11 16:19:00";500;0;;500;;;500;0;0;0;"Estimées";;;;;;;""
2015;10862;"11";"11232";"Miraval-Cabardes";"2015-03-11 17:18:00";16500;;;;;;;;;;;;"Involontaire (particulier)";;;;;""
2015;9050;"2B";"2B072";"Casalta";"2015-03-11 17:43:00";5047;0;5047;;;;;;;0;;"2";;;;;;""
2015;4831;"30";"30077";"Cendras";"2015-03-11 18:03:00";3000;;;;;;;;;;;"2";"Involontaire (travaux)";;;;;""
2015;9061;"2B";"2B145";"Loreto-di-Casinca";"2015-03-11 18:30:00";200;;;;;;;;;;;;;;;;;""
2015;35;"12";"12012";"Asprières";"2015-03-11 19:04:00";50000;0;;50000;;;50000;0;0;0;"Estimées";;;;;;;""
2015;36;"12";"12100";"Firmi";"2015-03-11 19:11:00";7000;0;;7000;;;7000;0;0;0;"Estimées";;"Involontaire (particulier)";;;;;""
2015;5697;"30";"30325";"Sumène";"2015-03-11 21:57:00";1300;;;;;;;;;;;"1";"Involontaire (travaux)";;;;;""
2015;9943;"06";"06162";"La Brigue";"2015-03-12 09:25:00";217500;147500;70000;;;;;;;;;"4";"Involontaire (travaux)";;;;;""
2015;9865;"07";"07199";"Rosières";"2015-03-12 10:56:00";300;300;;;;;;;;;;"4";"Involontaire (particulier)";;;;;""
2015;4648;"2A";"2A269";"Sari-Solenzara";"2015-03-12 11:11:00";10000;;10000;;;;;;;;;;;;;;;""
2015;4829;"30";"30203";"Portes";"2015-03-12 11:51:00";15000;;;;;;;;;;;"4";"Involontaire (travaux)";;;;;""
2015;183;"46";"46188";"Maxou";"2015-03-12 11:53:00";1000;0;;1000;;;1000;0;0;0;"Estimées";;;;;;;""
2015;7866;"66";"66198";"Sournia";"2015-03-12 12:08:00";300;200;100;;;;;;;;;"5";"Involontaire (travaux)";;;;;""
2015;41;"12";"12270";"Sévérac-le-Château";"2015-03-12 13:33:00";40000;0;;40000;;;40000;0;0;0;"Estimées";;"Involontaire (particulier)";;;;;""
2015;10950;"48";"48061";"Florac";"2015-03-12 13:37:00";3800;3800;;;;;;;;;;"2";;;;;;""
2015;9745;"34";"34268";"Saint-Jean-de-la-Blaquière";"2015-03-12 14:50:00";39000;30000;9000;;;;;;;;;"2";"Involontaire (travaux)";;;;;""
2015;1624;"24";"24434";"Saint-Just";"2015-03-12 15:07:00";50;50;;0;;;0;;;0;;;;;;;;""
2015;150;"15";"15162";"Riom-ès-Montagnes";"2015-03-12 15:36:00";5000;0;;5000;;;5000;0;0;0;"Estimées";;;;;;;""
2015;42;"12";"12143";"Mélagues";"2015-03-12 15:45:00";30000;0;;30000;;;30000;0;0;0;"Estimées";;"Involontaire (particulier)";;;;;""
2015;4830;"30";"30130";"Génolhac";"2015-03-12 17:07:00";10000;;;;;;;;;;;"2";"Malveillance";;;;;""
2015;118;"39";"39013";"Arbois";"2015-03-12 17:10:00";4400;800;;600;;;600;3000;0;3000;"Estimées";;"Involontaire (travaux)";;;;;""
2015;10707;"48";"48096";"Meyrueis";"2015-03-12 17:16:00";5200;4900;300;;;;;;;;;"4";"Involontaire (travaux)";;;;;""
2015;4650;"2A";"2A268";"Sampolo";"2015-03-12 17:16:00";350;;350;;;;;;;;;"1";"Involontaire (particulier)";;;;;""
2015;1622;"24";"24217";"Journiac";"2015-03-12 17:47:00";1000;1000;;0;;;0;;;0;;;"Involontaire (particulier)";;;;;""
2015;43;"12";"12233";"Saint-Juéry";"2015-03-12 18:00:00";100;0;;100;;;100;0;0;0;"Estimées";;"Involontaire (particulier)";;;;;""
2015;184;"46";"46102";"Figeac";"2015-03-12 18:02:00";200;0;;200;;;200;0;0;0;"Estimées";;;;;;;""
2015;185;"46";"46057";"Cardaillac";"2015-03-12 18:12:00";200;0;;200;;;200;0;0;0;"Estimées";;;;;;;""
2015;186;"46";"46053";"Camburat";"2015-03-12 19:13:00";150;0;;150;;;150;0;0;0;"Estimées";;;;;;;""
2015;2523;"40";"40217";"Parentis-en-Born";"2015-03-12 19:23:00";1000;1000;;0;;;0;;;0;;;"Accidentelle";;;;;""
2015;11171;"48";"48165";"Saint-Laurent-de-Muret";"2015-03-12 19:41:00";40000;10000;30000;;;;;;;;;"1";"Involontaire (travaux)";;;;;""
2015;9436;"2B";"2B250";"Prunelli-di-Casacconi";"2015-03-13 09:26:00";2000;;;;;;;;;;;;;;;;;""
2015;5715;"30";"30332";"Trèves";"2015-03-13 10:26:00";200;;;;;;;;;;;"1";"Malveillance";;;;;""
2015;9404;"04";"04155";"Prads-Haute-Bléone";"2015-03-13 11:43:00";7000;;7000;;;;;;;;;"1";"Involontaire (particulier)";;;;;""
2015;9425;"66";"66014";"Baixas";"2015-03-13 12:33:00";80000;;80000;;;;;;;;;"1";"Involontaire (travaux)";;;;;""
2015;12231;"26";"26113";"Die";"2015-03-13 13:12:00";73000;63500;9500;;;;;;;;;"4";"Involontaire (particulier)";;;;;""
2015;9457;"2B";"2B042";"Borgo";"2015-03-13 13:22:00";2000;;;;;;;;;;;;;;;;;""
2015;4652;"2A";"2A362";"Zonza";"2015-03-13 14:12:00";20;;20;;;;;;;;;;;;;;;""
2015;9479;"2B";"2B069";"Casabianca";"2015-03-13 14:40:00";2000;;;;;;;;;;;;;;;;;""
2015;9798;"34";"34013";"Aspiran";"2015-03-13 15:47:00";30000;;30000;;;;;;;;;"1";"Involontaire (travaux)";;;;;""
2015;9491;"2B";"2B112";"Feliceto";"2015-03-13 18:49:00";31798;0;31798;;;;;;;0;;"1";;;;;;""
2015;10607;"66";"66014";"Baixas";"2015-03-13 19:41:00";10000;;10000;;;;;;;;;"1";"Involontaire (travaux)";;;;;""
2015;4653;"2A";"2A269";"Sari-Solenzara";"2015-03-13 22:17:00";300;;300;;;;;;;;;;;;;;;""
2015;7869;"66";"66014";"Baixas";"2015-03-14 06:07:00";3000;;3000;;;;;;;;;"1";;;;;;""
2015;12055;"2A";"2A133";"Guitera-les-Bains";"2015-03-14 12:31:00";600;;600;;;;;;;;;"1";"Involontaire (particulier)";;;;;""
2015;9513;"2B";"2B184";"Olcani";"2015-03-14 14:06:00";2000;2000;0;;;;;;;0;;"2";;;;;;""
2015;4654;"2A";"2A017";"Appietto";"2015-03-14 16:46:00";700;;700;;;;;;;;;;;;;;;""
2015;2307;"33";"33114";"Cavignac";"2015-03-16 15:51:00";8000;2000;;0;;;0;;;6000;;;"Accidentelle";;;;;""
2015;2306;"33";"33422";"Saint-Jean-d'Illac";"2015-03-16 17:43:00";3000;3000;;0;;;0;;;0;;;;;;;;""
2015;1619;"24";"24393";"Sainte-Croix";"2015-03-17 15:10:00";15000;15000;;0;;;0;;;0;;;;;;;;""
2015;2304;"33";"33104";"Castelnau-de-Médoc";"2015-03-17 16:06:00";680000;680000;;0;;;0;;;0;;;"Accidentelle";;;;;""
2015;187;"46";"46115";"Frayssinhes";"2015-03-18 12:38:00";100;0;;100;;;100;0;0;0;"Estimées";;;;;;;""
2015;46;"12";"12216";"Saint-Côme-d'Olt";"2015-03-18 16:21:00";500;0;;500;;;500;0;0;0;"Estimées";;"Involontaire (particulier)";;;;;""
2015;2522;"40";"40184";"Mimizan";"2015-03-18 17:46:00";10;10;;0;;;0;;;0;;;;;;;;""
2015;1323;"88";"88170";"Ferdrupt";"2015-03-19 13:37:00";2000;2000;;0;;;0;0;0;0;"Estimées";;;;;;;""
2015;151;"15";"15157";"Quézac";"2015-03-19 14:23:00";5000;0;;5000;;;5000;0;0;0;"Estimées";;;;;;;""
2015;169;"46";"46112";"Francoulès";"2015-03-19 15:00:00";8000;0;;8000;;;8000;0;0;0;"Estimées";;;;;;;""
2015;11282;"48";"48072";"Grèzes";"2015-03-19 16:33:00";26730;6000;20730;;;;;;;;;"1";"Involontaire (travaux)";;;;;""
2015;2298;"33";"33273";"Martignas-sur-Jalle";"2015-03-19 17:30:00";1;1;;0;;;0;;;0;;;;;;;;""
2015;4655;"2A";"2A349";"Viggianello";"2015-03-20 15:39:00";8;;8;;;;;;;;;;;;;;;""
2015;5480;"13";"13055";"Marseille";"2015-03-20 17:26:00";130;;;;;;;;;;;"4";;;;;;""
2015;10662;"07";"07329";"Valgorge";"2015-03-20 22:01:00";65000;;65000;;;;;;;;;"1";;;;;;""
2015;4949;"2A";"2A345";"Vero";"2015-03-21 16:37:00";500;;500;;;;;;;;;;;;;;;""
2015;2297;"33";"33177";"Gaillan-en-Médoc";"2015-03-22 16:35:00";20000;20000;;0;;;0;;;0;;;;;;;;""
2015;1006;"35";"35152";"Liffré";"2015-03-23 14:40:00";60000;40000;;20000;;;20000;0;0;0;"Estimées";;"Involontaire (travaux)";;;;;""
2015;437;"10";"10216";"Mailly-le-Camp";"2015-03-23 15:04:00";200000;70000;;130000;;;130000;0;0;0;"Mesurées";;;;;;;""
2015;4656;"2A";"2A108";"Évisa";"2015-03-24 15:14:00";200;;200;;;;;;;;;;;;;;;""
2015;7870;"66";"66097";"Lesquerde";"2015-03-26 15:43:00";400;400;;;;;;;;;;"2";"Involontaire (travaux)";;;;;""
2015;4628;"11";"11170";"Gruissan";"2015-03-27 01:03:00";30;;;;;;;;;;;;"Accidentelle";;;;;""
2015;47;"25";"25056";"Besançon";"2015-03-27 08:30:00";2000;0;;2000;;;2000;0;0;0;"Estimées";;"Accidentelle";;;;;""
2015;4677;"66";"66036";"Canaveilles";"2015-03-27 13:25:00";10000;;10000;;;;;;;;;"1";"Involontaire (particulier)";;;;;""
2015;92;"17";"17033";"La Barde";"2015-03-27 13:39:00";23000;23000;;0;;;0;0;0;0;"Mesurées";;;;;;;""
2015;11016;"83";"83091";"Pierrefeu-du-Var";"2015-03-27 15:32:00";200;200;;;;;;;;;;"3";"Involontaire (travaux)";;;;;""
2015;48;"12";"12145";"Millau";"2015-03-27 15:57:00";50;0;;50;;;50;0;0;0;"Estimées";;;;;;;""
2015;4764;"04";"04022";"Barrême";"2015-03-28 11:19:00";1200;;;;;;;;;;;;"Involontaire (travaux)";;;;;""
2015;4950;"2A";"2A004";"Ajaccio";"2015-03-28 12:15:00";200;;200;;;;;;;;;;;;;;;""
2015;11382;"2B";"2B148";"Lucciana";"2015-03-28 12:21:00";10000;;;;;;;;;;;;;;;;;""
2015;4951;"2A";"2A209";"Peri";"2015-03-28 14:57:00";100;;100;;;;;;;;;;"Malveillance";;;;;""
2015;10883;"06";"06134";"Séranon";"2015-03-28 15:44:00";6000;;6000;;;;;;;;;"1";"Involontaire (particulier)";;;;;""
2015;11039;"83";"83086";"Le Muy";"2015-03-28 16:12:00";50;50;;;;;;;;;;"4";"Involontaire (particulier)";;;;;""
2015;10894;"06";"06036";"Castillon";"2015-03-28 16:20:00";500;;500;;;;;;;;;"1";"Involontaire (travaux)";;;;;""
2015;11913;"05";"05017";"La Bâtie-Neuve";"2015-03-29 15:02:00";10000;;;;;;;;;;;;;;;;;""
2015;11415;"2B";"2B280";"Silvareccio";"2015-03-29 18:02:00";3000;;;;;;;;;;;;;;;;;""
2015;10905;"06";"06130";"Saint-Vallier-de-Thiey";"2015-03-29 22:04:00";3000;;3000;;;;;;;;;"1";"Involontaire (particulier)";;;;;""
2015;4658;"2A";"2A348";"Vico";"2015-03-30 12:17:00";20;;20;;;;;;;;;;;;;;;""
2015;11248;"83";"83087";"Nans-les-Pins";"2015-03-30 12:47:00";3000;3000;;;;;;;;;;"4";"Malveillance";;;;;""
2015;11326;"83";"83058";"Flayosc";"2015-03-30 14:49:00";19000;10000;9000;;;;;;;;;"4";"Accidentelle";;;;;""
2015;11426;"2B";"2B236";"Poggio-di-Nazza";"2015-03-30 14:59:00";300;300;0;;;;;;;0;;"3";;;;;;""
2015;4659;"2A";"2A247";"Porto-Vecchio";"2015-03-30 15:33:00";300;;300;;;;;;;;;;;;;;;""
2015;11437;"2B";"2B274";"Scolca";"2015-03-30 16:38:00";23726;2000;21726;;;;;;;0;;"2";;;;;;""
2015;6077;"11";"11386";"Talairan";"2015-03-30 17:04:00";30;;;;;;;;;;;;"Malveillance";;;;;""
2015;11271;"83";"83057";"Flassans-sur-Issole";"2015-03-30 17:11:00";20;20;;;;;;;;;;"4";"Involontaire (travaux)";;;;;""
2015;11714;"34";"34141";"La Livinière";"2015-03-30 18:04:00";400;200;200;;;;;;;;;"4";"Malveillance";;;;;""
2015;12211;"11";"11198";"Laure-Minervois";"2015-03-30 18:10:00";2674;;;;;;;;;;;;"Accidentelle";;;;;""
2015;11493;"2B";"2B039";"Bisinchi";"2015-03-31 15:25:00";10000;10000;0;;;;;;;0;;"2";;;;;;""
2015;11780;"04";"04055";"Chaudon-Norante";"2015-03-31 15:25:00";47700;47700;;;;;;;;;;"2";"Accidentelle";;;;;""
2015;11359;"83";"83019";"Bormes-les-Mimosas";"2015-03-31 16:58:00";30;30;;;;;;;;;;"3";"Involontaire (travaux)";;;;;""
2015;11836;"06";"06071";"Guillaumes";"2015-03-31 17:48:00";8600;3000;;;;;;;;5600;;"4";"Involontaire (particulier)";;;;;""
2015;12210;"11";"11145";"Fleury";"2015-03-31 18:17:00";2000;;;;;;;;;;;;"Malveillance";;;;;""
2015;11537;"2B";"2B346";"Vescovato";"2015-03-31 20:16:00";37883;37883;0;;;;;;;0;;"2";;;;;;""
2015;11559;"66";"66041";"Cases-de-Pène";"2015-03-31 21:19:00";20000;20000;;;;;;;;;;"4";"Accidentelle";;;;;""
2015;11570;"04";"04194";"Saint-Pierre";"2015-04-01 12:38:00";204800;199300;;;;;;;;5500;;"4";"Involontaire (particulier)";;;;;""
2015;11581;"04";"04030";"Blieux";"2015-04-01 14:42:00";700;700;;;;;;;;;;"4";"Involontaire (travaux)";;;;;""
2015;189;"46";"46019";"Beaumat";"2015-04-01 15:02:00";1700;0;;1700;;;1700;0;0;0;"Estimées";;;;;;;""
2015;4933;"13";"13005";"Aubagne";"2015-04-01 20:59:00";2100;2100;;;;;;;;;;;"Accidentelle";;;;;""
2015;11847;"06";"06009";"Bairols";"2015-04-02 08:11:00";32700;32700;;;;;;;;;;"4";;;;;;""
2015;12039;"2B";"2B343";"Venzolasca";"2015-04-02 08:31:00";1000;;;;;;;;;;;;;;;;;""
2015;11858;"06";"06074";"Lantosque";"2015-04-02 12:30:00";178700;100000;;;;;;;;78700;;"4";"Malveillance";;;;;""
2015;7874;"66";"66233";"Vivès";"2015-04-02 13:46:00";200;200;;;;;;;;;;"2";"Involontaire (travaux)";;;;;""
2015;11736;"04";"04192";"Saint-Michel-l'Observatoire";"2015-04-02 14:40:00";1900;;;;;;;;;;;"2";"Involontaire (particulier)";;;;;""
2015;4972;"2A";"2A026";"Azilone-Ampaza";"2015-04-02 15:11:00";2500;;2500;;;;;;;;;"1";"Involontaire (particulier)";;;;;""
2015;5478;"13";"13055";"Marseille";"2015-04-02 18:27:00";12000;;;;;;;;;;;"1";;;;;;""
2015;4936;"13";"13002";"Allauch";"2015-04-02 18:44:00";2600;2600;;;;;;;;;;;"Malveillance";;;;;""
2015;4938;"13";"13092";"Saint-Chamas";"2015-04-02 19:18:00";100;100;;;;;;;;;;;;;;;;""
2015;4629;"11";"11129";"Espéraza";"2015-04-03 14:22:00";2000;;;;;;;;;;;;"Involontaire (particulier)";;;;;""
2015;66;"12";"12056";"Baraqueville";"2015-04-03 17:08:00";1000;0;;1000;;;1000;0;0;0;"Estimées";;"Involontaire (particulier)";;;;;""
2015;11869;"06";"06103";"Roquebillière";"2015-04-03 17:53:00";387400;70000;100000;;;;;;;217400;;"4";"Malveillance";;;;;""
2015;11825;"66";"66084";"Fourques";"2015-04-03 17:54:00";10000;;10000;;;;;;;;;"1";;;;;;""
2015;4952;"2A";"2A004";"Ajaccio";"2015-04-03 20:08:00";2000;;2000;;;;;;;;;;;;;;;""
2015;12051;"07";"07094";"Gilhac-et-Bruzac";"2015-04-03 21:18:00";26000;;26000;;;;;;;;;"1";;;;;;""
2015;11814;"34";"34141";"La Livinière";"2015-04-03 23:44:00";49000;9000;40000;;;;;;;;;"1";"Malveillance";;;;;""
2015;12052;"07";"07100";"Gravières";"2015-04-03 23:45:00";400;400;;;;;;;;;;"4";;;;;;""
2015;12155;"83";"83124";"Seillans";"2015-04-04 11:01:00";500;500;;;;;;;;;;"5";"Involontaire (particulier)";;;;;""
2015;5394;"26";"26243";"Le Poët-Laval";"2015-04-04 14:04:00";7500;7500;;;;;;;;;;"4";;;;;;""
2015;12213;"11";"11295";"Portel-des-Corbières";"2015-04-04 17:59:00";1200;;;;;;;;;;;;"Involontaire (particulier)";;;;;""
2015;4662;"2A";"2A272";"Sartène";"2015-04-04 19:57:00";500;;500;;;;;;;;;;;;;;;""
2015;4932;"13";"13119";"Carnoux-en-Provence";"2015-04-04 22:28:00";100;50;50;;;;;;;;;;"Malveillance";;;;;""
2015;4827;"30";"30090";"Concoules";"2015-04-05 09:44:00";20000;;;;;;;;;;;;"Accidentelle";;;;;""
2015;12053;"07";"07058";"Chassiers";"2015-04-05 12:21:00";2500;2500;;;;;;;;;;"4";"Accidentelle";;;;;""
2015;12078;"04";"04108";"Malijai";"2015-04-05 13:25:00";200;200;;;;;;;;;;"2";"Involontaire (particulier)";;;;;""
2015;12215;"11";"11295";"Portel-des-Corbières";"2015-04-05 17:24:00";300;;;;;;;;;;;;"Malveillance";;;;;""
2015;53;"12";"12168";"Nant";"2015-04-06 12:27:00";15000;15000;;0;;;0;0;0;0;"Estimées";;"Malveillance";;;;;""
2015;12046;"2B";"2B185";"Oletta";"2015-04-06 13:22:00";1000;0;1000;;;;;;;0;;"1";;;;;;""
2015;4939;"13";"13081";"Rognac";"2015-04-06 14:16:00";50;50;;;;;;;;;;;"Involontaire (travaux)";;;;;""
2015;5140;"48";"48188";"Serverette";"2015-04-06 14:58:00";10000;;;;;;;;;;;"1";;;;;;""
2015;2064;"33";"33341";"Pugnac";"2015-04-06 15:04:00";600;300;;0;;;0;;;300;;;"Involontaire (particulier)";;;;;""
2015;2519;"40";"40307";"Sore";"2015-04-06 15:43:00";5000;5000;;0;;;0;;;0;;;"Involontaire (particulier)";;;;;""
2015;175;"46";"46099";"Fargues";"2015-04-06 15:47:00";10000;0;;10000;;;10000;0;0;0;"Estimées";;;;;;;""
2015;12216;"11";"11386";"Talairan";"2015-04-06 17:34:00";4000;;;;;;;;;;;;"Involontaire (travaux)";;;;;""
2015;12217;"11";"11170";"Gruissan";"2015-04-06 17:53:00";30;;;;;;;;;;;;"Involontaire (particulier)";;;;;""
2015;170;"46";"46247";"Saillac";"2015-04-06 19:22:00";40000;0;;40000;;;40000;0;0;0;"Estimées";;;;;;;""
2015;152;"15";"15095";"Laroquevieille";"2015-04-06 21:18:00";40000;0;;40000;;;40000;0;0;0;"Estimées";;"Involontaire (travaux)";;;;;""
2015;2646;"47";"47065";"Clairac";"2015-04-07 12:01:00";100;100;;0;;;0;;;0;;;;;;;;""
2015;2059;"33";"33097";"Carcans";"2015-04-07 12:14:00";20000;20000;;0;;;0;;;0;;;"Accidentelle";;;;;""
2015;1615;"24";"24496";"Saint-Romain-et-Saint-Clément";"2015-04-07 12:34:00";20000;20000;;0;;;0;;;0;;;;;;;;""
2015;1030;"72";"72223";"Noyen-sur-Sarthe";"2015-04-07 14:28:00";500;500;;0;;;0;0;0;0;"Estimées";;;;;;;""
2015;58;"12";"12224";"Saint-Geniez-d'Olt";"2015-04-07 14:37:00";50;0;;50;;;50;0;0;0;"Estimées";;"Involontaire (particulier)";;;;;""
2015;12218;"11";"11184";"Lafage";"2015-04-07 14:45:00";5000;;;;;;;;;;;;"Involontaire (particulier)";;;;;""
2015;2058;"33";"33179";"Galgon";"2015-04-07 15:32:00";500;500;;0;;;0;;;0;;;"Involontaire (particulier)";;;;;""
2015;2057;"33";"33272";"Marsas";"2015-04-07 15:57:00";29200;20000;;0;;;0;;;9200;;;"Accidentelle";;;;;""
2015;98;"17";"17310";"Saint-André-de-Lidon";"2015-04-07 16:05:00";8000;8000;;0;;;0;0;0;0;"Estimées";;;;;;;""
2015;2518;"40";"40192";"Mont-de-Marsan";"2015-04-07 17:02:00";1000;1000;;0;;;0;;;0;;;"Involontaire (particulier)";;;;;""
2015;2056;"33";"33144";"Cudos";"2015-04-07 17:14:00";20000;20000;;0;;;0;;;0;;;"Accidentelle";;;;;""
2015;59;"12";"12198";"Rieupeyroux";"2015-04-07 18:04:00";5000;0;;5000;;;5000;0;0;0;"Estimées";;"Involontaire (particulier)";;;;;""
2015;12088;"34";"34020";"Azillanet";"2015-04-08 00:48:00";2100;2100;;;;;;;;;;"4";"Malveillance";;;;;""
2015;1031;"72";"72213";"Mulsanne";"2015-04-08 09:37:00";2500;2500;;0;;;0;0;0;0;"Estimées";;;;;;;""
2015;67;"12";"12177";"Palmas";"2015-04-08 10:23:00";30;0;;30;;;30;0;0;0;"Estimées";;;;;;;""
2015;1264;"16";"16291";"Ruelle-sur-Touvre";"2015-04-08 14:00:00";20000;20000;;0;;;0;0;0;0;"Estimées";;;;;;;""
2015;2055;"33";"33029";"Le Barp";"2015-04-08 14:15:00";721200;721200;;0;;;0;;;0;;;;;;;;""
2015;604;"15";"15263";"Virargues";"2015-04-08 14:28:00";10000;0;;10000;;;10000;0;0;0;"Estimées";;;;;;;""
2015;190;"46";"46102";"Figeac";"2015-04-08 14:33:00";2000;0;;2000;;;2000;0;0;0;"Estimées";;;;;;;""
2015;191;"46";"46263";"Saint-Daunès";"2015-04-08 14:53:00";3000;0;;3000;;;3000;0;0;0;"Estimées";;;;;;;""
2015;12126;"04";"04094";"Gréoux-les-Bains";"2015-04-08 15:25:00";800;800;;;;;;;;;;"2";"Involontaire (particulier)";;;;;""
2015;2054;"33";"33318";"Pessac";"2015-04-08 15:33:00";500;500;;0;;;0;;;0;;;"Malveillance";;;;;""
2015;605;"15";"15231";"Talizat";"2015-04-08 15:48:00";30000;0;;30000;;;30000;0;0;0;"Estimées";;;;;;;""
2015;1611;"24";"24087";"Castels";"2015-04-08 16:38:00";10;10;;0;;;0;;;0;;;"Involontaire (particulier)";;;;;""
2015;12219;"11";"11170";"Gruissan";"2015-04-08 16:43:00";30;;;;;;;;;;;;"Involontaire (particulier)";;;;;""
2015;2517;"40";"40162";"Lucbardez-et-Bargues";"2015-04-08 16:58:00";15000;5000;;0;;;0;;;10000;;;;;;;;""
2015;2053;"33";"33525";"Tauriac";"2015-04-08 17:03:00";2000;2000;;0;;;0;;;0;;;"Involontaire (travaux)";;;;;""
2015;176;"46";"46077";"Cours";"2015-04-08 17:30:00";25000;0;;25000;;;25000;0;0;0;"Estimées";;"Involontaire (travaux)";;;;;""
2015;606;"15";"15065";"Espinasse";"2015-04-08 18:03:00";20000;0;;20000;;;20000;0;0;0;"Estimées";;;;;;;""
2015;192;"46";"46316";"Thédirac";"2015-04-08 18:20:00";300;0;;300;;;300;0;0;0;"Estimées";;;;;;;""
2015;193;"46";"46011";"Autoire";"2015-04-08 18:44:00";500;0;;500;;;500;0;0;0;"Estimées";;;;;;;""
2015;2515;"40";"40150";"Léon";"2015-04-08 19:06:00";15000;15000;;0;;;0;;;0;;;;;;;;""
2015;12079;"04";"04073";"Enchastrayes";"2015-04-08 19:57:00";7200;6200;;;;;;;;1000;;"4";"Involontaire (travaux)";;;;;""
2015;12069;"07";"07075";"Cros-de-Géorand";"2015-04-08 20:04:00";45000;;45000;;;;;;;;;"1";;;;;;""
2015;70;"12";"12198";"Rieupeyroux";"2015-04-08 20:27:00";15000;15000;;0;;;0;0;0;0;"Estimées";;"Involontaire (particulier)";;;;;""
2015;56;"43";"43047";"Chadron";"2015-04-08 21:05:00";20000;0;;20000;;;20000;0;0;0;"Estimées";;"Involontaire (travaux)";;;;;""
2015;1607;"24";"24577";"Vézac";"2015-04-09 13:11:00";200;200;;0;;;0;;;0;;;;;;;;""
2015;1251;"16";"16093";"Chazelles";"2015-04-09 13:43:00";40000;40000;;0;;;0;0;0;0;"Estimées";;;;;;;""
2015;8206;"84";"84017";"Bédoin";"2015-04-09 14:15:00";5000;;;;;;;;;;;;;;;;;""
2015;2746;"89";"89233";"Lucy-sur-Cure";"2015-04-09 14:39:00";1500;0;;1500;;;1500;0;0;0;"Estimées";;;;;;;""
2015;5395;"26";"26047";"Bellegarde-en-Diois";"2015-04-09 14:43:00";11200;4500;6700;;;;;;;;;"3";;;;;;""
2015;4663;"2A";"2A359";"Zicavo";"2015-04-09 14:55:00";30;;30;;;;;;;;;"1";"Involontaire (particulier)";;;;;""
2015;57;"43";"43148";"Paulhaguet";"2015-04-09 15:25:00";6600;0;;6600;;;6600;0;0;0;"Mesurées";;;;;;;""
2015;7668;"48";"48128";"Rimeize";"2015-04-09 15:34:00";10005;;10005;;;;;;;;;"1";"Malveillance";;;;;""
2015;1605;"24";"24226";"Lamothe-Montravel";"2015-04-09 15:52:00";20000;20000;;0;;;0;;;0;;;;;;;;""
2015;12098;"07";"07004";"Ajoux";"2015-04-09 15:58:00";500;;500;;;;;;;;;"1";"Involontaire (travaux)";;;;;""
2015;601;"73";"73019";"Argentine";"2015-04-09 16:00:00";190000;190000;;0;;;0;0;0;0;"Estimées";;"Involontaire (travaux)";;;;;"Données partielles ou non valides"
2015;1604;"24";"24386";"Saint-Cernin-de-l'Herm";"2015-04-09 16:17:00";5000;5000;;0;;;0;;;0;;;;;;;;""
2015;171;"46";"46083";"Cressensac";"2015-04-09 16:54:00";10000;0;;10000;;;10000;0;0;0;"Estimées";;;;;;;""
2015;1603;"24";"24354";"La Roche-Chalais";"2015-04-09 16:58:00";10000;10000;;0;;;0;;;0;;;;;;;;""
2015;12127;"04";"04230";"Valensole";"2015-04-09 17:00:00";6200;6200;;;;;;;;;;"2";"Involontaire (particulier)";;;;;""
2015;4664;"2A";"2A089";"Ciamannacce";"2015-04-09 17:01:00";200;;200;;;;;;;;;"1";"Involontaire (particulier)";;;;;""
2015;1602;"24";"24272";"Minzac";"2015-04-09 17:10:00";600;600;;0;;;0;;;0;;;;;;;;""
2015;101;"63";"63081";"Champétières";"2015-04-09 17:21:00";1928;0;;1928;;;1928;0;0;0;"Mesurées";;"Accidentelle";;;;;""
2015;2048;"33";"33443";"Saint-Martin-de-Lerm";"2015-04-09 18:02:00";100;100;;0;;;0;;;0;;;"Involontaire (particulier)";;;;;""
2015;12099;"07";"07011";"Antraigues-sur-Volane";"2015-04-09 18:10:00";10000;10000;;;;;;;;;;"3";"Involontaire (travaux)";;;;;""
2015;1252;"16";"16120";"Dirac";"2015-04-09 18:24:00";800;0;;800;;;800;0;0;0;"Estimées";;;;;;;""
2015;60;"12";"12088";"Curières";"2015-04-09 21:26:00";100;0;;100;;;100;0;0;0;"Estimées";;"Involontaire (particulier)";;;;;""
2015;2046;"33";"33382";"Saint-Christoly-de-Blaye";"2015-04-09 22:53:00";3000;3000;;0;;;0;;;0;;;;;;;;""
2015;4665;"2A";"2A062";"Carbuccia";"2015-04-10 08:47:00";20;;20;;;;;;;;;;;;;;;""
2015;608;"15";"15253";"Vernols";"2015-04-10 10:27:00";10000;0;;10000;;;10000;0;0;0;"Estimées";;;;;;;""
2015;12117;"07";"07286";"Saint-Pierreville";"2015-04-10 11:20:00";300000;80000;220000;;;;;;;;;"5";"Involontaire (travaux)";;;;;""
2015;12134;"2B";"2B143";"Linguizzetta";"2015-04-10 11:20:00";250;250;0;;;;;;;;;"2";;;;;;""
2015;61;"12";"12176";"Onet-le-Château";"2015-04-10 11:47:00";100;0;;100;;;100;0;0;0;"Estimées";;"Involontaire (particulier)";;;;;""
2015;7877;"66";"66064";"Égat";"2015-04-10 12:13:00";300;300;;;;;;;;;;"4";;;;;;""
2015;609;"15";"15042";"La Chapelle-Laurent";"2015-04-10 12:15:00";5000;0;;5000;;;5000;0;0;0;"Estimées";;;;;;;""
2015;2706;"41";"41062";"Couddes";"2015-04-10 13:18:00";5000;0;;5000;;;5000;0;0;0;"Estimées";;;;;;;""
2015;2707;"41";"41042";"Châteauvieux";"2015-04-10 13:46:00";1000;0;;1000;;;1000;0;0;0;"Estimées";;;;;;;""
2015;100;"63";"63007";"Apchat";"2015-04-10 14:02:00";31401;0;;31401;;;31401;0;0;0;"Mesurées";;;;;;;""
2015;2514;"40";"40246";"Sabres";"2015-04-10 14:25:00";2327;1227;;0;;;0;;;1100;;;"Involontaire (particulier)";;;;;""
2015;4666;"2A";"2A276";"Serra-di-Ferro";"2015-04-10 15:12:00";10;;10;;;;;;;;;"1";"Involontaire (particulier)";;;;;""
2015;931;"45";"45226";"Neuvy-en-Sullias";"2015-04-10 16:28:00";25000;25000;;0;;;0;0;0;0;"Estimées";;;;;;;""
2015;4667;"2A";"2A031";"Bastelica";"2015-04-10 16:34:00";15000;;15000;;;;;;;;;;;;;;;""
2015;12220;"11";"11319";"Roquefère";"2015-04-10 16:57:00";1500;;;;;;;;;;;;;;;;;""
2015;12116;"34";"34020";"Azillanet";"2015-04-10 17:02:00";4000;500;2000;;;;;;;1500;;;"Involontaire (particulier)";;;;;""
2015;1599;"24";"24499";"Saint-Sauveur";"2015-04-10 17:10:00";20000;20000;;0;;;0;;;0;;;;;;;;""
2015;443;"10";"10227";"Marolles-sous-Lignières";"2015-04-10 17:45:00";250000;250000;;0;;;0;0;0;0;"Estimées";;;;;;;""
2015;62;"12";"12027";"Bessuéjouls";"2015-04-10 17:50:00";15000;0;;15000;;;15000;0;0;0;"Estimées";;"Involontaire (particulier)";;;;;""
2015;7878;"66";"66150";"Prats-de-Mollo-la-Preste";"2015-04-10 18:17:00";100;100;;;;;;;;;;"2";;;;;;""
2015;2513;"40";"40009";"Arjuzanx";"2015-04-10 19:54:00";800;800;;0;;;0;;;0;;;;;;;;""
2015;4973;"2A";"2A359";"Zicavo";"2015-04-10 20:50:00";50;;50;;;;;;;;;"1";"Involontaire (particulier)";;;;;""
2015;4630;"11";"11132";"Fabrezan";"2015-04-10 23:05:00";90;;;;;;;;;;;;"Accidentelle";;;;;""
2015;2041;"33";"33238";"Léognan";"2015-04-11 06:10:00";70000;70000;;0;;;0;;;0;;;"Accidentelle";;;;;""
2015;12224;"06";"06132";"Saorge";"2015-04-11 14:15:00";89200;20000;;;;;;;;69200;;"4";"Malveillance";;;;;""
2015;63;"12";"12296";"Viala-du-Tarn";"2015-04-11 15:17:00";10000;0;;10000;;;10000;0;0;0;"Estimées";;"Involontaire (particulier)";;;;;""
2015;12225;"06";"06023";"Breil-sur-Roya";"2015-04-11 15:22:00";59500;;50000;;;;;;;9500;;"1";"Malveillance";;;;;""
2015;12131;"07";"07032";"Berzème";"2015-04-11 15:27:00";26000;6000;20000;;;;;;;;;"1";"Involontaire (travaux)";;;;;""
2015;102;"63";"63083";"Chanat-la-Mouteyre";"2015-04-11 15:47:00";8830;0;;8830;;;8830;0;0;0;"Mesurées";;;;;;;""
2015;64;"12";"12145";"Millau";"2015-04-11 17:15:00";3000;0;;3000;;;3000;0;0;0;"Estimées";;"Involontaire (particulier)";;;;;""
2015;12226;"06";"06074";"Lantosque";"2015-04-12 10:54:00";32500;15000;;;;;;;;17500;;"4";"Malveillance";;;;;""
2015;1598;"24";"24509";"Saint-Vincent-de-Connezac";"2015-04-12 11:26:00";50000;50000;;0;;;0;;;0;;;;;;;;""
2015;12132;"07";"07142";"Lespéron";"2015-04-12 11:28:00";5000;;5000;;;;;;;;;"1";"Involontaire (particulier)";;;;;""
2015;12138;"2B";"2B182";"Occhiatana";"2015-04-12 12:14:00";500;500;0;;;;;;;0;;"1";;;;;;""
2015;7879;"66";"66018";"La Bastide";"2015-04-12 12:34:00";30000;30000;;;;;;;;;;"4";"Accidentelle";;;;;""
2015;12133;"48";"48134";"Saint-Andéol-de-Clerguemort";"2015-04-12 13:22:00";350;;;;;;;;;;;"1";"Involontaire (particulier)";;;;;""
2015;110;"39";"39086";"Cernon";"2015-04-12 13:46:00";50000;20000;;30000;;;30000;0;0;0;"Estimées";;"Accidentelle";;;;;""
2015;12174;"83";"83033";"Carnoules";"2015-04-12 14:03:00";15;15;;;;;;;;;;"5";"Involontaire (particulier)";;;;;""
2015;12137;"2B";"2B030";"Barrettali";"2015-04-12 15:56:00";10000;10000;0;;;;;;;0;;"2";;;;;;""
2015;12139;"2B";"2B328";"Tox";"2015-04-12 16:33:00";41862;4302;37560;;;;;;;0;;"2";;;;;;""
2015;12221;"11";"11329";"Rouvenac";"2015-04-12 17:13:00";6000;;;;;;;;;;;;"Involontaire (particulier)";;;;;""
2015;4609;"34";"34020";"Azillanet";"2015-04-12 17:19:00";2500;2000;;;;;;;;500;;"4";"Malveillance";;;;;""
2015;172;"46";"46050";"Cambayrac";"2015-04-12 17:54:00";20000;0;;20000;;;20000;0;0;0;"Estimées";;;;;;;""
2015;12222;"11";"11118";"Dernacueillette";"2015-04-12 18:02:00";2000;;;;;;;;;;;;"Involontaire (particulier)";;;;;""
2015;4680;"66";"66017";"Le Barcarès";"2015-04-12 18:49:00";10000;;10000;;;;;;;;;"1";"Involontaire (particulier)";;;;;""
2015;12142;"2B";"2B354";"Vivario";"2015-04-13 09:42:00";20;20;0;;;;;;;0;;"4";;;;;;""
2015;12143;"2B";"2B354";"Vivario";"2015-04-13 09:42:00";20;20;0;;;;;;;0;;"4";;;;;;""
2015;7880;"66";"66041";"Cases-de-Pène";"2015-04-13 09:47:00";200;200;;;;;;;;;;"4";"Involontaire (travaux)";;;;;""
2015;12144;"2B";"2B337";"Valle-di-Rostino";"2015-04-13 13:03:00";53361;0;53361;;;;;;;0;;"1";"Involontaire (travaux)";;;;;""
2015;4610;"34";"34049";"Camplong";"2015-04-13 14:10:00";11500;11500;;;;;;;;;;"5";"Involontaire (particulier)";;;;;""
2015;12169;"07";"07154";"Mazan-l'Abbaye";"2015-04-13 14:58:00";15000;;15000;;;;;;;;;"1";;;;;;""
2015;4681;"66";"66176";"Saint-Hippolyte";"2015-04-13 15:21:00";10000;;10000;;;;;;;;;"1";"Involontaire (travaux)";;;;;""
2015;195;"46";"46134";"Les Junies";"2015-04-13 15:30:00";200;0;;200;;;200;0;0;0;"Estimées";;;;;;;""
2015;4940;"13";"13100";"Saint-Rémy-de-Provence";"2015-04-13 15:38:00";500;250;100;;;;;;;150;;;;;;;;""
2015;690;"38";"38139";"Creys-Mépieu";"2015-04-13 16:00:00";15000;0;;15000;;;15000;0;0;0;"Estimées";;;;;;;""
2015;196;"46";"46165";"Lavergne";"2015-04-13 16:25:00";1000;0;;1000;;;1000;0;0;0;"Estimées";;;;;;;""
2015;12170;"07";"07100";"Gravières";"2015-04-13 16:30:00";5000;2500;2500;;;;;;;;;"5";"Involontaire (travaux)";;;;;""
2015;1597;"24";"24356";"Rouffignac-Saint-Cernin-de-Reilhac";"2015-04-13 17:20:00";300;300;;0;;;0;;;0;;;"Involontaire (particulier)";;;;;""
2015;173;"46";"46125";"Gorses";"2015-04-13 18:18:00";100000;0;;100000;;;100000;0;0;0;"Estimées";;;;;;;""
2015;1253;"16";"16263";"Plassac-Rouffiac";"2015-04-13 18:56:00";300;300;;0;;;0;0;0;0;"Estimées";;;;;;;""
2015;4954;"2A";"2A359";"Zicavo";"2015-04-13 20:30:00";200;;200;;;;;;;;;"1";"Involontaire (particulier)";;;;;""
2015;95;"12";"12004";"Almont-les-Junies";"2015-04-13 20:33:00";10;0;;10;;;10;0;0;0;"Estimées";;"Involontaire (particulier)";;;;;""
2015;610;"15";"15015";"Auzers";"2015-04-13 20:57:00";10000;0;;10000;;;10000;0;0;0;"Estimées";;;;;;;""
2015;1032;"72";"72195";"Mézeray";"2015-04-13 21:15:00";10000;0;;10000;;;10000;0;0;0;"Estimées";;;;;;;""
2015;12227;"06";"06154";"Valderoure";"2015-04-13 22:42:00";1000;;1000;;;;;;;;;"1";;;;;;""
2015;123;"70";"70400";"Ouge";"2015-04-14 08:30:00";6000;6000;;0;;;0;0;0;0;"Estimées";;;;;;;""
2015;506;"77";"77186";"Fontainebleau";"2015-04-14 12:00:00";2;2;;0;;;0;0;0;0;"Estimées";;"Involontaire (particulier)";;;;;""
2015;4825;"30";"30140";"Lasalle";"2015-04-14 13:31:00";2000;;;;;;;;;;;"4";"Involontaire (travaux)";;;;;""
2015;136;"23";"23063";"Clairavaux";"2015-04-14 13:33:00";20000;20000;;0;;;0;0;0;0;"Estimées";;;;;;;""
2015;2034;"33";"33029";"Le Barp";"2015-04-14 13:35:00";1500;1500;;0;;;0;;;0;;;;;;;;""
2015;134;"23";"23247";"Saint-Vaury";"2015-04-14 13:40:00";35000;35000;;0;;;0;0;0;0;"Estimées";;"Accidentelle";;;;;""
2015;12195;"07";"07307";"Sanilhac";"2015-04-14 14:05:00";1000;1000;;;;;;;;;;"5";"Involontaire (travaux)";;;;;""
2015;103;"63";"63264";"Orcival";"2015-04-14 14:12:00";1826;0;;1826;;;1826;0;0;0;"Mesurées";;"Involontaire (travaux)";;;;;""
2015;96;"12";"12048";"Campouriez";"2015-04-14 15:13:00";10000;0;;10000;;;10000;0;0;0;"Estimées";;"Involontaire (particulier)";;;;;""
2015;2032;"33";"33449";"Saint-Médard-en-Jalles";"2015-04-14 15:15:00";30000;30000;;0;;;0;;;0;;;;;;;;""
2015;1596;"24";"24308";"Négrondes";"2015-04-14 15:26:00";40000;40000;;0;;;0;;;0;;;;;;;;""
2015;2031;"33";"33555";"Marcheprime";"2015-04-14 15:33:00";220000;220000;;0;;;0;;;0;;;;;;;;""
2015;104;"63";"63074";"Chalus";"2015-04-14 15:55:00";29744;0;;29744;;;29744;0;0;0;"Mesurées";;;;;;;""
2015;693;"38";"38393";"Saint-Hilaire-de-la-Côte";"2015-04-14 16:18:00";10000;0;;10000;;;10000;0;0;0;"Estimées";;;;;;;""
2015;1471;"31";"31427";"Pointis-Inard";"2015-04-14 16:34:00";30000;30000;;0;;;0;0;0;0;"Estimées";;;;;;;""
2015;7769;"48";"48148";"Saint-Étienne-Vallée-Française";"2015-04-14 16:35:00";200;200;;;;;;;;;;"4";;;;;;""
2015;2030;"33";"33281";"Mérignac";"2015-04-14 16:50:00";10000;5000;;0;;;0;;;5000;;;;;;;;""
2015;611;"15";"15191";"Saint-Illide";"2015-04-14 16:55:00";100000;0;;100000;;;100000;0;0;0;"Estimées";;;;;;;""
2015;622;"01";"01017";"Argis";"2015-04-14 17:00:00";100000;100000;;0;;;0;0;0;0;"Estimées";;;;;;;""
2015;7770;"48";"48097";"Moissac-Vallée-Française";"2015-04-14 17:29:00";1880;500;1380;;;;;;;;;"1";"Involontaire (particulier)";;;;;""
2015;4669;"2A";"2A249";"Propriano";"2015-04-14 17:30:00";30;;30;;;;;;;;;;;;;;;""
2015;1593;"24";"24412";"Saint-Geniès";"2015-04-14 17:34:00";10000;10000;;0;;;0;;;0;;;;;;;;""
2015;1592;"24";"24042";"Biras";"2015-04-14 17:50:00";20000;20000;;0;;;0;;;0;;;;;;;;""
2015;1033;"72";"72300";"Saint-Mars-la-Brière";"2015-04-14 18:22:00";150;150;;0;;;0;0;0;0;"Estimées";;;;;;;""
2015;1268;"16";"16183";"Lésignac-Durand";"2015-04-14 19:11:00";5000;0;;5000;;;5000;0;0;0;"Estimées";;;;;;;""
2015;612;"15";"15128";"La Monselie";"2015-04-14 20:53:00";5000;0;;5000;;;5000;0;0;0;"Estimées";;;;;;;""
2015;2028;"33";"33342";"Puisseguin";"2015-04-14 21:59:00";50;50;;0;;;0;;;0;;;"Involontaire (travaux)";;;;;""
2015;613;"15";"15196";"Saint-Mamet-la-Salvetat";"2015-04-15 05:56:00";3000;0;;3000;;;3000;0;0;0;"Estimées";;;;;;;""
2015;2027;"33";"33449";"Saint-Médard-en-Jalles";"2015-04-15 06:41:00";500;500;;0;;;0;;;0;;;"Malveillance";;;;;""
2015;4617;"34";"34061";"Causses-et-Veyran";"2015-04-15 10:59:00";8000;;8000;;;;;;;;;"1";"Involontaire (particulier)";;;;;""
2015;87;"81";"81131";"Lagrave";"2015-04-15 11:48:00";5000;5000;;0;;;0;0;0;0;"Estimées";;;;;;;""
2015;2026;"33";"33424";"Saint-Laurent-Médoc";"2015-04-15 11:56:00";40000;40000;;0;;;0;;;0;;;;;;;;""
2015;614;"15";"15141";"Neussargues-Moissac";"2015-04-15 12:17:00";30000;0;;30000;;;30000;0;0;0;"Estimées";;;;;;;""
2015;2511;"40";"40149";"Lencouacq";"2015-04-15 12:32:00";58000;50000;;0;;;0;;;8000;;;"Involontaire (particulier)";;;;;""
2015;174;"46";"46187";"Mauroux";"2015-04-15 12:35:00";70000;0;;70000;;;70000;0;0;0;"Estimées";;;;;;;""
2015;197;"46";"46256";"Saint-Cirq-Lapopie";"2015-04-15 12:51:00";200;0;;200;;;200;0;0;0;"Estimées";;;;;;;""
2015;12228;"06";"06103";"Roquebillière";"2015-04-15 13:00:00";102300;35000;67300;;;;;;;;;"4";"Malveillance";;;;;""
2015;2025;"33";"33523";"Targon";"2015-04-15 13:47:00";5000;2000;;0;;;0;;;3000;;;"Involontaire (particulier)";;;;;""
2015;99;"17";"17077";"Cercoux";"2015-04-15 14:30:00";15000;15000;;0;;;0;0;0;0;"Mesurées";;;;;;;""
2015;12194;"07";"07037";"Borée";"2015-04-15 15:01:00";37000;;37000;;;;;;;;;"1";"Involontaire (travaux)";;;;;""
2015;2024;"33";"33056";"Blanquefort";"2015-04-15 15:06:00";4000;1000;;0;;;0;;;3000;;;;;;;;""
2015;155;"02";"02329";"Fourdrain";"2015-04-15 15:07:00";10000;10000;;0;;;0;0;0;0;"Estimées";;;;;;;""
2015;199;"46";"46140";"Laburgade";"2015-04-15 15:32:00";700;0;;700;;;700;0;0;0;"Estimées";;;;;;;""
2015;9060;"2A";"2A089";"Ciamannacce";"2015-04-15 15:46:00";50005;;50005;;;;;;;;;;;;;;;""
2015;4670;"2A";"2A040";"Bocognano";"2015-04-15 16:13:00";150;;150;;;;;;;;;;;;;;;""
2015;90;"43";"43192";"Saint-Haon";"2015-04-15 16:23:00";6200;2700;;0;;;0;3500;0;3500;"Mesurées";;;;;;;""
2015;91;"43";"43121";"Léotoing";"2015-04-15 17:46:00";7000;7000;;0;;;0;0;0;0;"Mesurées";;"Involontaire (particulier)";;;;;""
2015;97;"12";"12154";"Montlaur";"2015-04-15 18:34:00";2000;0;;2000;;;2000;0;0;0;"Estimées";;"Involontaire (travaux)";;;;;""
2015;12192;"2B";"2B304";"San-Lorenzo";"2015-04-15 20:40:00";50;50;0;;;;;;;0;;"2";;;;;;""
2015;5270;"48";"48002";"Albaret-Sainte-Marie";"2015-04-15 20:48:00";90000;;90000;;;;;;;;;"1";;;;;;""
2015;2023;"33";"33011";"Arès";"2015-04-16 12:29:00";300;300;;0;;;0;;;0;;;"Malveillance";;;;;""
2015;132;"70";"70477";"Saulnot";"2015-04-16 14:00:00";3200;1600;;0;;;0;0;1600;1600;"Mesurées";;"Accidentelle";;;;;""
2015;12247;"2B";"2B190";"Olmi-Cappella";"2015-04-16 15:48:00";6000;;;;;;;;;;;;;;;;;""
2015;932;"45";"45146";"La Ferté-Saint-Aubin";"2015-04-16 16:25:00";1500;1500;;0;;;0;0;0;0;"Estimées";;;;;;;""
2015;12249;"2B";"2B096";"Corte";"2015-04-16 17:29:00";500;0;500;;;;;;;0;;"2";;;;;;""
2015;7882;"66";"66045";"Catllar";"2015-04-16 17:38:00";20;;20;;;;;;;;;"1";"Involontaire (particulier)";;;;;""
2015;933;"45";"45300";"Sandillon";"2015-04-16 17:49:00";3000;0;;3000;;;3000;0;0;0;"Estimées";;;;;;;""
2015;107;"63";"63162";"Fournols";"2015-04-16 18:00:00";100;0;;100;;;100;0;0;0;"Estimées";;"Accidentelle";;;;;""
2015;1322;"88";"88160";"Épinal";"2015-04-16 19:41:00";20000;20000;;0;;;0;0;0;0;"Estimées";;;;;;;""
2015;4741;"2A";"2A282";"Soccia";"2015-04-16 19:48:00";10000;;10000;;;;;;;;;;;;;;;""
2015;12251;"2B";"2B190";"Olmi-Cappella";"2015-04-17 15:38:00";8000;;;;;;;;;;;;;;;;;""
2015;4742;"2A";"2A142";"Levie";"2015-04-17 18:16:00";2000;;2000;;;;;;;;;;;;;;;""
2015;2020;"33";"33012";"Arsac";"2015-04-17 23:45:00";100;100;;0;;;0;;;0;;;;;;;;""
2015;130;"27";"27044";"Les Baux-Sainte-Croix";"2015-04-18 14:51:00";49300;49300;;0;;;0;0;0;0;"Mesurées";;;;;;;""
2015;121;"17";"17074";"Bussac-Forêt";"2015-04-18 14:58:00";7000;7000;;0;;;0;0;0;0;"Mesurées";;;;;;;""
2015;12241;"83";"83018";"Besse-sur-Issole";"2015-04-18 15:29:00";3200;3200;;;;;;;;;;"5";"Malveillance";;;;;""
2015;4631;"11";"11264";"Névian";"2015-04-18 15:41:00";26000;;;;;;;;;;;;"Involontaire (particulier)";;;;;""
2015;158;"02";"02810";"Villers-Cotterêts";"2015-04-18 17:08:00";3000;3000;;0;;;0;0;0;0;"Estimées";;;;;;;""
2015;507;"77";"77186";"Fontainebleau";"2015-04-19 12:00:00";500;0;;500;;;500;0;0;0;"Estimées";;;;;;;""
2015;802;"54";"54305";"Lay-Saint-Christophe";"2015-04-19 13:54:00";120000;80000;;40000;;;40000;0;0;0;"Mesurées";;"Malveillance";;;;;""
2015;1418;"77";"77431";"Saint-Pierre-lès-Nemours";"2015-04-19 16:00:00";700;700;;0;;;0;0;0;0;"Estimées";;;;;;;""
2015;127;"28";"28053";"Le Boullay-les-Deux-Églises";"2015-04-19 17:01:00";800;0;;800;;;800;0;0;0;"Estimées";;;;;;;""
2015;128;"28";"28209";"Lèves";"2015-04-19 17:24:00";200;200;;0;;;0;0;0;0;"Estimées";;;;;;;""
2015;1034;"72";"72346";"La Suze-sur-Sarthe";"2015-04-19 18:51:00";10000;10000;;0;;;0;0;0;0;"Estimées";;;;;;;""
2015;1113;"86";"86111";"Ingrandes";"2015-04-20 10:19:00";800;800;;0;;;0;0;0;0;"Estimées";;;;;;;""
2015;4744;"2A";"2A022";"Arro";"2015-04-20 13:18:00";1000;;1000;;;;;;;;;;;;;;;""
2015;119;"25";"25056";"Besançon";"2015-04-20 13:35:00";13500;13500;;0;;;0;0;0;0;"Estimées";;;;;;;""
2015;1035;"72";"72191";"Mayet";"2015-04-20 15:36:00";1000;1000;;0;;;0;0;0;0;"Estimées";;;;;;;""
2015;2708;"41";"41164";"Noyers-sur-Cher";"2015-04-20 15:52:00";10000;0;;10000;;;10000;0;0;0;"Estimées";;;;;;;""
2015;157;"02";"02685";"Saint-Nicolas-aux-Bois";"2015-04-20 21:02:00";8000;8000;;0;;;0;0;0;0;"Estimées";;;;;;;""
2015;109;"43";"43047";"Chadron";"2015-04-21 12:36:00";10000;0;;10000;;;10000;0;0;0;"Mesurées";;;;;;;""
2015;4955;"2A";"2A215";"Pianottoli-Caldarello";"2015-04-21 14:09:00";50;;50;;;;;;;;;;;;;;;""
2015;120;"68";"68294";"Sainte-Croix-aux-Mines";"2015-04-21 14:10:00";40000;40000;;0;;;0;0;0;0;"Estimées";;"Accidentelle";;;;;""
2015;4575;"07";"07189";"Ribes";"2015-04-21 14:26:00";1500;1500;;;;;;;;;;"5";"Involontaire (travaux)";;;;;""
2015;1114;"86";"86281";"Vendeuvre-du-Poitou";"2015-04-21 14:43:00";70000;70000;;0;;;0;0;0;0;"Estimées";;;;;;;""
2015;137;"23";"23111";"Lizières";"2015-04-21 15:28:00";10000;10000;;0;;;0;0;0;0;"Estimées";;;;;;;""
2015;1036;"72";"72346";"La Suze-sur-Sarthe";"2015-04-21 15:35:00";15000;15000;;0;;;0;0;0;0;"Estimées";;;;;;;""
2015;1269;"16";"16357";"Saint-Vallier";"2015-04-21 15:48:00";10000;10000;;0;;;0;0;0;0;"Estimées";;"Accidentelle";;;;;""
2015;4576;"07";"07141";"Lentillères";"2015-04-21 16:15:00";2000;;2000;;;;;;;;;"5";"Involontaire (particulier)";;;;;""
2015;944;"22";"22099";"Lanfains";"2015-04-21 16:46:00";35250;250;;35000;;;35000;0;0;0;"Estimées";;"Accidentelle";;;;;""
2015;2017;"33";"33484";"Saint-Symphorien";"2015-04-21 17:47:00";5000;5000;;0;;;0;;;0;;;;;;;;""
2015;111;"12";"12216";"Saint-Côme-d'Olt";"2015-04-22 00:00:00";30;0;;30;;;30;0;0;0;"Estimées";;"Involontaire (particulier)";;;;;""
2015;2509;"40";"40046";"Biscarrosse";"2015-04-22 13:17:00";8143;8143;;0;;;0;;;0;;;"Involontaire (travaux)";;;;;""
2015;4745;"2A";"2A114";"Figari";"2015-04-22 14:00:00";200;;200;;;;;;;;;;;;;;;""
2015;122;"17";"17220";"Marignac";"2015-04-22 15:24:00";9000;9000;;0;;;0;0;0;0;"Mesurées";;"Involontaire (travaux)";;;;;""
2015;238;"57";"57188";"Éguelshardt";"2015-04-22 16:39:00";60000;60000;;0;;;0;0;0;0;"Estimées";;;;;;;""
2015;1190;"45";"45220";"Nancray-sur-Rimarde";"2015-04-22 19:48:00";1000;1000;;0;;;0;0;0;0;"Estimées";;;;;;;""
2015;115;"12";"12014";"Aurelle-Verlac";"2015-04-22 21:35:00";30000;0;;30000;;;30000;0;0;0;"Estimées";;"Accidentelle";;;;;""
2015;4746;"2A";"2A211";"Petreto-Bicchisano";"2015-04-23 11:15:00";10;;10;;;;;;;;;"1";"Involontaire (particulier)";;;;;""
2015;4747;"2A";"2A004";"Ajaccio";"2015-04-23 14:51:00";40;;40;;;;;;;;;;;;;;;""
2015;1037;"72";"72253";"Roézé-sur-Sarthe";"2015-04-23 15:51:00";1500;1500;;0;;;0;0;0;0;"Estimées";;;;;;;""
2015;1115;"86";"86111";"Ingrandes";"2015-04-23 16:38:00";400;400;;0;;;0;0;0;0;"Estimées";;;;;;;""
2015;4591;"04";"04127";"Montfort";"2015-04-23 16:38:00";2100;800;1300;;;;;;;;;"4";"Malveillance";;;;;""
2015;4595;"07";"07165";"Nonières";"2015-04-23 16:46:00";4500;4500;;;;;;;;;;"4";"Involontaire (particulier)";;;;;""
2015;2747;"89";"89359";"Saint-Maurice-aux-Riches-Hommes";"2015-04-23 20:55:00";10000;0;;10000;;;10000;0;0;0;"Estimées";;;;;;;""
2015;4621;"04";"04079";"L'Escale";"2015-04-24 12:52:00";10000;10000;;;;;;;;;;"3";;;;;;""
2015;4749;"2A";"2A141";"Letia";"2015-04-24 12:55:00";50;;50;;;;;;;;;;;;;;;""
2015;1038;"72";"72213";"Mulsanne";"2015-04-24 13:32:00";500;500;;0;;;0;0;0;0;"Estimées";;;;;;;""
2015;4750;"2A";"2A089";"Ciamannacce";"2015-04-24 14:55:00";500;;500;;;;;;;;;"1";"Involontaire (particulier)";;;;;""
2015;1406;"68";"68044";"Le Bonhomme";"2015-04-24 15:14:00";50;0;;50;;;50;0;0;0;"Estimées";;;;;;;""
2015;2015;"33";"33498";"Salles";"2015-04-24 15:48:00";4000;500;;0;;;0;;;3500;;;;;;;;""
2015;2014;"33";"33233";"Laruscade";"2015-04-24 16:04:00";67000;67000;;0;;;0;;;0;;;;;;;;""
2015;1116;"86";"86070";"Chauvigny";"2015-04-24 16:14:00";300;300;;0;;;0;0;0;0;"Estimées";;;;;;;""
2015;1271;"16";"16050";"Bonneuil";"2015-04-24 16:53:00";80000;0;;80000;;;80000;0;0;0;"Estimées";;;;;;;""
2015;4730;"06";"06103";"Roquebillière";"2015-04-24 18:01:00";5000;;5000;;;;;;;;;"1";"Malveillance";;;;;""
2015;862;"63";"63470";"Volvic";"2015-04-24 20:04:00";4036;2036;;2000;;;2000;0;0;0;"Mesurées";;;;;;;"Données partielles ou non valides"
2015;5212;"11";"11023";"Badens";"2015-04-24 20:16:00";30;;;;;;;;;;;;"Involontaire (particulier)";;;;;""
2015;1407;"68";"68089";"Fellering";"2015-04-24 20:39:00";20000;0;;20000;;;20000;0;0;0;"Estimées";;;;;;;""
2015;2012;"33";"33422";"Saint-Jean-d'Illac";"2015-04-25 09:17:00";67000;67000;;0;;;0;;;0;;;"Accidentelle";;;;;""
2015;4751;"2A";"2A209";"Peri";"2015-04-25 13:26:00";200;;200;;;;;;;;;;;;;;;""
2015;2011;"33";"33422";"Saint-Jean-d'Illac";"2015-04-25 14:01:00";400;400;;0;;;0;;;0;;;;;;;;""
2015;4752;"2A";"2A008";"Albitreccia";"2015-04-26 14:52:00";250;;250;;;;;;;;;"1";;;;;;""
2015;4974;"2A";"2A139";"Lecci";"2015-04-26 16:20:00";200;;200;;;;;;;;;;;;;;;""
2015;4753;"2A";"2A017";"Appietto";"2015-04-26 18:30:00";10;;10;;;;;;;;;;;;;;;""
2015;2009;"33";"33273";"Martignas-sur-Jalle";"2015-04-27 16:42:00";230000;70000;;0;;;0;;;160000;;;;;;;;""
2015;2008;"33";"33422";"Saint-Jean-d'Illac";"2015-04-27 18:01:00";1500;1500;;0;;;0;;;0;;;;;;;;""
2015;2007;"33";"33382";"Saint-Christoly-de-Blaye";"2015-04-28 06:43:00";10;10;;0;;;0;;;0;;;;;;;;""
2015;2003;"33";"33192";"Gradignan";"2015-04-30 08:25:00";10;10;;0;;;0;;;0;;;;;;;;""
2015;2508;"40";"40167";"Luxey";"2015-04-30 16:12:00";220000;220000;;0;;;0;;;0;;;"Involontaire (travaux)";;;;;""
2015;129;"17";"17110";"Clérac";"2015-04-30 17:26:00";6000;6000;;0;;;0;0;0;0;"Estimées";;;;;;;""
2015;4975;"2A";"2A209";"Peri";"2015-05-01 18:06:00";100;;100;;;;;;;;;;;;;;;""
2015;4754;"2A";"2A288";"Sotta";"2015-05-02 00:28:00";30;;30;;;;;;;;;;;;;;;""
2015;4688;"2B";"2B193";"Omessa";"2015-05-02 13:15:00";50;50;0;;;;;;;0;;"2";;;;;;""
2015;7884;"66";"66100";"Llo";"2015-05-02 21:01:00";150;150;;;;;;;;;;"4";;;;;;""
2015;4690;"2B";"2B235";"Pioggiola";"2015-05-03 15:38:00";5000;;;;;;;;;;;;;;;;;""
2015;4945;"2A";"2A247";"Porto-Vecchio";"2015-05-03 17:24:00";500;;500;;;;;;;;;;"Malveillance";;;;;""
2015;4956;"2A";"2A247";"Porto-Vecchio";"2015-05-05 08:33:00";200;;200;;;;;;;;;;"Malveillance";;;;;""
2015;4756;"2A";"2A362";"Zonza";"2015-05-05 17:29:00";500;;500;;;;;;;;;;;;;;;""
2015;201;"46";"46120";"Gindou";"2015-05-05 17:59:00";200;0;;200;;;200;0;0;0;"Estimées";;;;;;;""
2015;124;"12";"12145";"Millau";"2015-05-05 19:21:00";5;0;;5;;;5;0;0;0;"Mesurées";;;;;;;""
2015;4757;"2A";"2A247";"Porto-Vecchio";"2015-05-06 02:58:00";1500;;1500;;;;;;;;;;"Malveillance";;;;;""
2015;4758;"2A";"2A114";"Figari";"2015-05-06 11:16:00";300;;300;;;;;;;;;;;;;;;""
2015;4957;"2A";"2A062";"Carbuccia";"2015-05-06 12:30:00";20;;20;;;;;;;;;;;;;;;""
2015;5151;"83";"83056";"Figanières";"2015-05-06 12:47:00";13000;13000;;;;;;;;;;"4";"Involontaire (particulier)";;;;;""
2015;7885;"66";"66190";"Salses-le-Château";"2015-05-06 14:55:00";100;;100;;;;;;;;;"1";;;;;;""
2015;4976;"2A";"2A065";"Cargèse";"2015-05-07 14:11:00";10000;;10000;;;;;;;;;;;;;;;""
2015;2507;"40";"40181";"Messanges";"2015-05-07 14:50:00";200;200;;0;;;0;;;0;;;"Involontaire (travaux)";;;;;""
2015;4760;"2A";"2A285";"Sorbollano";"2015-05-07 15:00:00";50;;50;;;;;;;;;;;;;;;""
2015;4977;"2A";"2A163";"Monacia-d'Aullène";"2015-05-07 20:06:00";50;;50;;;;;;;;;;;;;;;""
2015;2506;"40";"40287";"Sanguinet";"2015-05-08 03:03:00";2000;2000;;0;;;0;;;0;;;"Naturelle";;;;;""
2015;2505;"40";"40056";"Brocas";"2015-05-08 07:34:00";80000;40000;;0;;;0;;;40000;;;;;;;;""
2015;1999;"33";"33019";"Audenge";"2015-05-08 08:11:00";300;300;;0;;;0;;;0;;;;;;;;""
2015;4978;"2A";"2A345";"Vero";"2015-05-08 10:25:00";5000;;5000;;;;;;;;;;;;;;;""
2015;4979;"2A";"2A100";"Cristinacce";"2015-05-08 11:57:00";100;;100;;;;;;;;;;;;;;;""
2015;1996;"33";"33300";"Naujac-sur-Mer";"2015-05-08 17:55:00";30;30;;0;;;0;;;0;;;"Malveillance";;;;;""
2015;4761;"2A";"2A100";"Cristinacce";"2015-05-09 11:23:00";50;;50;;;;;;;;;;;;;;;""
2015;7934;"66";"66016";"Banyuls-sur-Mer";"2015-05-09 11:51:00";100;100;;;;;;;;;;"6";"Involontaire (particulier)";;;;;""
2015;4735;"04";"04124";"Montagnac-Montpezat";"2015-05-09 14:58:00";900;900;;;;;;;;;;"2";;;;;;""
2015;4810;"2B";"2B341";"Venaco";"2015-05-09 15:56:00";268128;221728;46400;;;;;;;0;;"4";;;;;;""
2015;4729;"07";"07002";"Ailhon";"2015-05-09 16:28:00";2000;2000;;;;;;;;;;"4";"Malveillance";;;;;""
2015;7935;"66";"66193";"Serdinya";"2015-05-09 17:02:00";600;600;;;;;;;;;;"3";;;;;;""
2015;1995;"33";"33540";"Vendays-Montalivet";"2015-05-09 20:34:00";500;500;;0;;;0;;;0;;;;;;;;""
2015;4791;"34";"34032";"Béziers";"2015-05-10 01:50:00";1200;200;500;;;;;;;500;;"1";"Malveillance";;;;;""
2015;4792;"34";"34247";"Saint-Clément-de-Rivière";"2015-05-10 11:16:00";100;100;;;;;;;;;;"4";"Involontaire (particulier)";;;;;""
2015;4795;"34";"34032";"Béziers";"2015-05-10 17:12:00";300;;300;;;;;;;;;"1";"Involontaire (travaux)";;;;;""
2015;7781;"48";"48170";"Saint-Martin-de-Boubaux";"2015-05-10 17:39:00";6050;6050;;;;;;;;;;"2";"Involontaire (particulier)";;;;;""
2015;1994;"33";"33046";"Bernos-Beaulac";"2015-05-10 19:04:00";200;200;;0;;;0;;;0;;;;;;;;""
2015;5190;"83";"83133";"Tanneron";"2015-05-11 11:42:00";2;2;;;;;;;;;;"3";"Involontaire (travaux)";;;;;""
2015;4981;"2A";"2A288";"Sotta";"2015-05-11 12:04:00";1500;;1500;;;;;;;;;;;;;;;""
2015;138;"17";"17077";"Cercoux";"2015-05-11 12:57:00";200;200;;0;;;0;0;0;0;"Estimées";;;;;;;""
2015;4943;"13";"13007";"Auriol";"2015-05-11 14:31:00";10;10;;;;;;;;;;;"Involontaire (travaux)";;;;;""
2015;4731;"07";"07104";"Issamoulenc";"2015-05-11 14:33:00";4500;4500;;;;;;;;;;"4";;;;;;""
2015;7940;"66";"66020";"Bolquère";"2015-05-11 16:03:00";30;30;;;;;;;;;;"4";"Involontaire (particulier)";;;;;""
2015;1191;"45";"45179";"Lailly-en-Val";"2015-05-11 16:08:00";10000;10000;;0;;;0;0;0;0;"Estimées";;"Involontaire (particulier)";;;;;""
2015;4959;"2A";"2A324";"Tavera";"2015-05-11 16:32:00";50;;50;;;;;;;;;;;;;;;""
2015;4942;"13";"13110";"Trets";"2015-05-11 18:09:00";700;500;200;;;;;;;;;;"Involontaire (travaux)";;;;;""
2015;4982;"2A";"2A284";"Sollacaro";"2015-05-11 19:29:00";200;;200;;;;;;;;;"1";"Involontaire (particulier)";;;;;""
2015;4941;"13";"13080";"Le Puy-Sainte-Réparade";"2015-05-11 19:49:00";1000;700;300;;;;;;;;;;"Involontaire (travaux)";;;;;""
2015;4777;"06";"06023";"Breil-sur-Roya";"2015-05-12 11:19:00";1500;;1500;;;;;;;;;"1";"Involontaire (particulier)";;;;;""
2015;4762;"2A";"2A065";"Cargèse";"2015-05-12 11:29:00";100;;100;;;;;;;;;;;;;;;""
2015;1586;"24";"24124";"Clermont-d'Excideuil";"2015-05-12 13:08:00";5000;5000;;0;;;0;;;0;;;;;;;;""
2015;202;"46";"46128";"Gramat";"2015-05-12 13:28:00";2000;0;;2000;;;2000;0;0;0;"Estimées";;;;;;;""
2015;7945;"66";"66005";"Angoustrine-Villeneuve-des-Escaldes";"2015-05-12 13:52:00";50;50;;;;;;;;;;"2";;;;;;""
2015;4765;"07";"07315";"La Souche";"2015-05-12 15:56:00";5000;;5000;;;;;;;;;"1";"Involontaire (particulier)";;;;;""
2015;156;"02";"02558";"Le Nouvion-en-Thiérache";"2015-05-12 16:17:00";1000;1000;;0;;;0;0;0;0;"Estimées";;;;;;;""
2015;203;"46";"46102";"Figeac";"2015-05-12 16:42:00";300;0;;300;;;300;0;0;0;"Estimées";;;;;;;""
2015;4766;"07";"07145";"Lussas";"2015-05-12 17:02:00";200;;200;;;;;;;;;"3";;;;;;""
2015;204;"46";"46296";"Saint-Vincent-Rive-d'Olt";"2015-05-12 17:25:00";700;0;;700;;;700;0;0;0;"Estimées";;;;;;;""
2015;2504;"40";"40295";"Saugnacq-et-Muret";"2015-05-12 18:27:00";1000;1000;;0;;;0;;;0;;;"Involontaire (travaux)";;;;;""
2015;4763;"2A";"2A041";"Bonifacio";"2015-05-13 08:03:00";100;;100;;;;;;;;;;;;;;;""
2015;5221;"2A";"2A348";"Vico";"2015-05-13 10:29:00";3000;;3000;;;;;;;;;;;;;;;""
2015;5224;"2A";"2A001";"Afa";"2015-05-13 13:27:00";100;;100;;;;;;;;;;;;;;;""
2015;5160;"04";"04126";"Montclar";"2015-05-13 16:42:00";2100;2100;;;;;;;;;;"4";"Involontaire (particulier)";;;;;""
2015;166;"46";"46315";"Teyssieu";"2015-05-13 16:53:00";30000;0;;30000;;;30000;0;0;0;"Estimées";;;;;;;""
2015;4767;"07";"07309";"Satillieu";"2015-05-13 18:05:00";3000;3000;;;;;;;;;;"1";;;;;;""
2015;4983;"2A";"2A209";"Peri";"2015-05-13 20:06:00";1500;;1500;;;;;;;;;"1";;;;;;""
2015;7949;"66";"66230";"Vinça";"2015-05-14 13:09:00";3000;;3000;;;;;;;;;"1";"Involontaire (particulier)";;;;;""
2015;5226;"2A";"2A062";"Carbuccia";"2015-05-14 16:20:00";3000;;3000;;;;;;;;;"1";"Malveillance";;;;;""
2015;4811;"2B";"2B155";"Matra";"2015-05-14 17:40:00";2000;1000;1000;;;;;;;0;;"2";;;;;;""
2015;5227;"2A";"2A041";"Bonifacio";"2015-05-14 18:10:00";10000;;10000;;;;;;;;;;;;;;;""
2015;4961;"2A";"2A345";"Vero";"2015-05-14 21:08:00";40;;40;;;;;;;;;;;;;;;""
2015;4962;"2A";"2A031";"Bastelica";"2015-05-14 21:44:00";300;;300;;;;;;;;;;;;;;;""
2015;4833;"30";"30201";"Ponteils-et-Brésis";"2015-05-14 22:42:00";1000;;;;;;;;;;;"4";"Accidentelle";;;;;""
2015;4778;"06";"06012";"Beausoleil";"2015-05-15 13:39:00";5000;;5000;;;;;;;;;"1";"Involontaire (particulier)";;;;;""
2015;4963;"2A";"2A017";"Appietto";"2015-05-15 15:53:00";25000;;25000;;;;;;;;;"1";"Involontaire (particulier)";;;;;""
2015;4944;"13";"13002";"Allauch";"2015-05-15 16:20:00";22600;22600;;;;;;;;;;;"Malveillance";;;;;""
2015;5161;"04";"04124";"Montagnac-Montpezat";"2015-05-15 21:28:00";120;120;;;;;;;;;;"2";"Involontaire (travaux)";;;;;""
2015;5213;"11";"11203";"Lézignan-Corbières";"2015-05-16 06:46:00";50;;;;;;;;;;;;"Accidentelle";;;;;""
2015;4779;"06";"06055";"Duranus";"2015-05-16 13:26:00";500;;500;;;;;;;;;"1";"Malveillance";;;;;""
2015;7950;"66";"66027";"La Cabanasse";"2015-05-16 13:53:00";3;3;;;;;;;;;;"5";;;;;;""
2015;4808;"34";"34285";"Saint-Pons-de-Mauchiens";"2015-05-16 20:25:00";300;300;;;;;;;;;;"4";"Malveillance";;;;;""
2015;5269;"34";"34143";"Loupian";"2015-05-16 23:15:00";900;900;;;;;;;;;;"4";"Malveillance";;;;;""
2015;4985;"2A";"2A026";"Azilone-Ampaza";"2015-05-17 12:47:00";100;;100;;;;;;;;;"1";"Involontaire (particulier)";;;;;""
2015;5214;"11";"11262";"Narbonne";"2015-05-17 15:24:00";200;;;;;;;;;;;;"Involontaire (particulier)";;;;;""
2015;8529;"26";"26101";"Comps";"2015-05-17 18:14:00";500;500;;;;;;;;;;"5";;;;;;""
2015;5162;"04";"04108";"Malijai";"2015-05-17 18:46:00";1600;;1600;;;;;;;;;"1";;;;;;""
2015;4946;"2A";"2A139";"Lecci";"2015-05-18 12:31:00";30;;30;;;;;;;;;;;;;;;""
2015;5229;"2A";"2A362";"Zonza";"2015-05-18 13:55:00";250;;250;;;;;;;;;;;;;;;""
2015;7955;"66";"66008";"Argelès-sur-Mer";"2015-05-18 14:40:00";10000;5000;3000;;;;;;;2000;;"1";"Malveillance";;;;;""
2015;1039;"72";"72058";"Changé";"2015-05-19 13:53:00";10000;10000;;0;;;0;0;0;0;"Estimées";;;;;;;""
2015;4960;"07";"07167";"Les Ollières-sur-Eyrieux";"2015-05-19 17:28:00";1000;1000;;;;;;;;;;"5";;;;;;""
2015;5231;"2A";"2A004";"Ajaccio";"2015-05-19 20:12:00";100;;100;;;;;;;;;;;;;;;""
2015;5016;"34";"34190";"Oupia";"2015-05-19 20:57:00";2600;2000;;;;;;;;600;;"4";"Malveillance";;;;;""
2015;5232;"2A";"2A279";"Serriera";"2015-05-20 15:57:00";50;;50;;;;;;;;;;;;;;;""
2015;5207;"83";"83043";"Collobrières";"2015-05-21 11:24:00";200;200;;;;;;;;;;"3";"Involontaire (particulier)";;;;;""
2015;510;"77";"77186";"Fontainebleau";"2015-05-21 12:00:00";25000;25000;;0;;;0;0;0;0;"Estimées";;;;;;;""
2015;5822;"13";"13001";"Aix-en-Provence";"2015-05-21 15:16:00";8000;8000;0;;;;;;;0;;"1";"Malveillance";;;;;""
2015;5341;"2A";"2A211";"Petreto-Bicchisano";"2015-05-21 16:16:00";5;;5;;;;;;;;;"1";"Involontaire (travaux)";;;;;""
2015;5130;"05";"05095";"Le Noyer";"2015-05-21 16:45:00";10000;;;;;;;;;;;;;;;;;""
2015;131;"12";"12145";"Millau";"2015-05-21 17:13:00";200;0;;200;;;200;0;0;0;"Estimées";;;;;;;""
2015;2290;"33";"33422";"Saint-Jean-d'Illac";"2015-05-22 02:18:00";1100;1100;;0;;;0;;;0;;;"Accidentelle";;;;;""
2015;5005;"07";"07221";"Saint-Cierge-la-Serre";"2015-05-22 11:12:00";1500;;1500;;;;;;;;;"1";"Accidentelle";;;;;""
2015;6509;"30";"30070";"Carsan";"2015-05-22 11:51:00";5000;;;;;;;;;;;"2";"Involontaire (particulier)";;;;;""
2015;5215;"11";"11069";"Carcassonne";"2015-05-22 12:33:00";3000;;;;;;;;;;;;"Accidentelle";;;;;""
2015;5031;"34";"34082";"Combaillaux";"2015-05-22 15:53:00";1600;1600;;;;;;;;;;"4";"Malveillance";;;;;""
2015;5233;"2A";"2A004";"Ajaccio";"2015-05-22 17:05:00";50;;50;;;;;;;;;;;;;;;""
2015;2503;"40";"40217";"Parentis-en-Born";"2015-05-22 20:00:00";150;100;;0;;;0;;;50;;;;;;;;""
2015;511;"77";"77186";"Fontainebleau";"2015-05-23 12:00:00";2;2;;0;;;0;0;0;0;"Estimées";;"Involontaire (particulier)";;;;;""
2015;2289;"33";"33192";"Gradignan";"2015-05-23 13:09:00";1;1;;0;;;0;;;0;;;"Accidentelle";;;;;""
2015;5216;"11";"11361";"Saint-Papoul";"2015-05-23 19:44:00";1384;;;;;;;;;;;;"Malveillance";;;;;""
2015;514;"77";"77186";"Fontainebleau";"2015-05-24 12:00:00";300;0;;300;;;300;0;0;0;"Estimées";;;;;;;""
2015;5036;"34";"34160";"Mons";"2015-05-24 12:31:00";900;900;;;;;;;;;;"3";"Malveillance";;;;;""
2015;5052;"84";"84151";"Vitrolles-en-Lubéron";"2015-05-25 12:57:00";1000;;;;;;;;;;;;;;;;;""
2015;5306;"83";"83033";"Carnoules";"2015-05-25 13:14:00";120;120;;;;;;;;;;"5";"Accidentelle";;;;;""
2015;140;"12";"12169";"Naucelle";"2015-05-25 16:16:00";1;0;;1;;;1;0;0;0;"Mesurées";;"Malveillance";;;;;""
2015;7962;"66";"66137";"Le Perthus";"2015-05-25 16:55:00";30;30;;;;;;;;;;"3";;;;;;""
2015;5237;"2A";"2A203";"Partinello";"2015-05-26 11:30:00";10;;10;;;;;;;;;"1";"Involontaire (travaux)";;;;;""
2015;5238;"2A";"2A247";"Porto-Vecchio";"2015-05-26 18:48:00";50;;50;;;;;;;;;;;;;;;""
2015;2280;"33";"33519";"Le Taillan-Médoc";"2015-05-27 11:49:00";2500;250;;0;;;0;;;2250;;;;;;;;""
2015;515;"77";"77186";"Fontainebleau";"2015-05-27 12:00:00";30000;20000;;10000;;;10000;0;0;0;"Estimées";;;;;;;""
2015;2279;"33";"33034";"Bayas";"2015-05-27 12:45:00";40000;40000;;0;;;0;;;0;;;;;;;;""
2015;7974;"66";"66115";"Montesquieu-des-Albères";"2015-05-27 15:57:00";250;250;;;;;;;;;;"4";"Involontaire (particulier)";;;;;""
2015;1040;"72";"72058";"Changé";"2015-05-27 16:01:00";5000;5000;;0;;;0;0;0;0;"Estimées";;;;;;;""
2015;5043;"34";"34070";"Cébazan";"2015-05-27 16:05:00";25400;5400;20000;;;;;;;;;"6";"Involontaire (particulier)";;;;;""
2015;205;"46";"46148";"Lalbenque";"2015-05-27 18:41:00";100;0;;100;;;100;0;0;0;"Estimées";;;;;;;""
2015;1041;"72";"72294";"Saint-Léonard-des-Bois";"2015-05-27 19:12:00";10000;10000;;0;;;0;0;0;0;"Estimées";;;;;;;""
2015;1419;"77";"77244";"Larchant";"2015-05-28 10:00:00";8;8;;0;;;0;0;0;0;"Estimées";;"Involontaire (particulier)";;;;;""
2015;5239;"2A";"2A004";"Ajaccio";"2015-05-28 11:52:00";100;;100;;;;;;;;;;;;;;;""
2015;5218;"11";"11132";"Fabrezan";"2015-05-28 16:26:00";100;;;;;;;;;;;;"Involontaire (travaux)";;;;;""
2015;154;"17";"17038";"Bedenac";"2015-05-28 22:16:00";2500;2500;;0;;;0;0;0;0;"Mesurées";;;;;;;""
2015;2274;"33";"33233";"Laruscade";"2015-05-29 09:14:00";400;400;;0;;;0;;;0;;;;;;;;""
2015;7811;"48";"48148";"Saint-Étienne-Vallée-Française";"2015-05-29 10:08:00";1200;1200;;;;;;;;;;"5";"Accidentelle";;;;;""
2015;145;"12";"12265";"Sébrazac";"2015-05-29 14:01:00";10;0;;10;;;10;0;0;0;"Estimées";;;;;;;""
2015;146;"12";"12089";"Decazeville";"2015-05-29 15:13:00";150;0;;150;;;150;0;0;0;"Estimées";;"Involontaire (particulier)";;;;;""
2015;5242;"2A";"2A209";"Peri";"2015-05-29 17:57:00";200;;200;;;;;;;;;;;;;;;""
2015;5898;"11";"11203";"Lézignan-Corbières";"2015-05-29 19:52:00";14100;;;;;;;;;;;;"Accidentelle";;;;;""
2015;7813;"48";"48162";"Saint-Julien-d'Arpaon";"2015-05-29 23:08:00";290;290;;;;;;;;;;"4";;;;;;""
2015;5899;"11";"11044";"Bouisse";"2015-05-29 23:56:00";10;;;;;;;;;;;;"Accidentelle";;;;;""
2015;2269;"33";"33199";"Gujan-Mestras";"2015-05-30 07:21:00";200;200;;0;;;0;;;0;;;;;;;;""
2015;5426;"07";"07213";"Saint-André-Lachamp";"2015-05-30 11:50:00";2000;2000;;;;;;;;;;"5";"Involontaire (travaux)";;;;;""
2015;5254;"34";"34225";"Puisserguier";"2015-05-30 13:01:00";12700;5000;5000;;;;;;;2700;;"3";"Malveillance";;;;;""
2015;5329;"83";"83132";"Solliès-Ville";"2015-05-30 14:02:00";100;100;;;;;;;;;;"5";"Involontaire (particulier)";;;;;""
2015;5825;"13";"13117";"Vitrolles";"2015-05-30 16:19:00";3500;3500;0;;;;;;;0;;"1";"Involontaire (particulier)";;;;;""
2015;2268;"33";"33318";"Pessac";"2015-05-30 17:34:00";1000;1000;;0;;;0;;;0;;;;;;;;""
2015;5174;"04";"04126";"Montclar";"2015-05-30 17:39:00";800;800;;;;;;;;;;"4";"Involontaire (travaux)";;;;;""
2015;142;"43";"43216";"Saint-Paulien";"2015-05-30 18:26:00";10000;0;;10000;;;10000;0;0;0;"Estimées";;;;;;;""
2015;5255;"34";"34095";"Fabrègues";"2015-05-30 19:16:00";450;450;;;;;;;;;;"4";"Malveillance";;;;;""
2015;2266;"33";"33019";"Audenge";"2015-05-31 00:32:00";4000;4000;;0;;;0;;;0;;;;;;;;""
2015;5271;"2B";"2B355";"Volpajola";"2015-05-31 10:43:00";85714;6000;79714;;;;;;;0;;"1";;;;;;""
2015;5244;"2A";"2A006";"Alata";"2015-05-31 12:47:00";300;;300;;;;;;;;;"1";"Involontaire (particulier)";;;;;""
2015;1577;"24";"24068";"Le Buisson-de-Cadouin";"2015-05-31 13:16:00";80000;80000;;0;;;0;;;0;;;;;;;;""
2015;2501;"40";"40296";"Seignosse";"2015-05-31 13:18:00";20000;20000;;0;;;0;;;0;;;;;;;;""
2015;5246;"2A";"2A247";"Porto-Vecchio";"2015-05-31 14:23:00";5000;;5000;;;;;;;;;;;;;;;""
2015;5336;"83";"83027";"La Cadière-d'Azur";"2015-05-31 15:01:00";150;150;;;;;;;;;;"4";"Malveillance";;;;;""
2015;5827;"13";"13119";"Carnoux-en-Provence";"2015-05-31 16:10:00";100;100;0;;;;;;;0;;;"Malveillance";;;;;""
2015;5826;"13";"13040";"Fuveau";"2015-05-31 17:14:00";100;100;0;;;;;;;0;;;"Accidentelle";;;;;""
2015;5258;"34";"34057";"Castelnau-le-Lez";"2015-05-31 18:24:00";500;;500;;;;;;;;;"1";"Accidentelle";;;;;""
2015;2500;"40";"40296";"Seignosse";"2015-05-31 21:48:00";100;100;;0;;;0;;;0;;;"Malveillance";;;;;""
2015;5965;"2A";"2A249";"Propriano";"2015-06-01 13:07:00";50;;50;;;;;;;;;"1";;;;;;""
2015;5263;"34";"34160";"Mons";"2015-06-01 15:41:00";20;20;;;;;;;;;;"5";"Malveillance";;;;;""
2015;5177;"06";"06144";"La Tour";"2015-06-01 19:10:00";500;;500;;;;;;;;;"1";"Naturelle";;;;;""
2015;8585;"34";"34153";"Les Matelles";"2015-06-01 20:41:00";100;;100;;;;;;;;;"1";"Accidentelle";;;;;""
2015;8584;"34";"34153";"Les Matelles";"2015-06-01 20:41:00";700;;700;;;;;;;;;"1";"Accidentelle";;;;;""
2015;2499;"40";"40184";"Mimizan";"2015-06-02 10:46:00";10600;10600;;0;;;0;;;0;;;;;;;;""
2015;5350;"83";"83075";"Les Mayons";"2015-06-02 13:58:00";500;500;;;;;;;;;;"3";"Involontaire (travaux)";;;;;""
2015;5828;"13";"13047";"Istres";"2015-06-02 15:20:00";100;100;0;;;;;;;0;;;;;;;;""
2015;5823;"13";"13110";"Trets";"2015-06-02 17:26:00";800;800;0;;;;;;;0;;"1";"Involontaire (particulier)";;;;;""
2015;5900;"11";"11295";"Portel-des-Corbières";"2015-06-03 04:16:00";100;;;;;;;;;;;;"Accidentelle";;;;;""
2015;2260;"33";"33449";"Saint-Médard-en-Jalles";"2015-06-03 07:47:00";2000;2000;;0;;;0;;;0;;;"Malveillance";;;;;""
2015;5320;"2B";"2B123";"Ghisonaccia";"2015-06-03 14:21:00";103518;0;103518;;;;;;;0;;"1";"Involontaire (particulier)";;;;;""
2015;5217;"11";"11132";"Fabrezan";"2015-06-03 14:50:00";2000;;;;;;;;;;;;"Involontaire (travaux)";;;;;""
2015;2259;"33";"33019";"Audenge";"2015-06-03 16:40:00";2000;2000;;0;;;0;;;0;;;;;;;;""
2015;5219;"11";"11040";"Bizanet";"2015-06-04 12:37:00";7500;;;;;;;;;;;;"Involontaire (travaux)";;;;;""
2015;212;"17";"17118";"Corignac";"2015-06-04 13:39:00";44500;44500;;0;;;0;0;0;0;"Mesurées";;;;;;;""
2015;5220;"11";"11040";"Bizanet";"2015-06-04 14:09:00";3750;;;;;;;;;;;;"Involontaire (particulier)";;;;;""
2015;5543;"06";"06148";"Tourrettes-sur-Loup";"2015-06-04 15:15:00";8000;;8000;;;;;;;;;"1";"Involontaire (particulier)";;;;;""
2015;5969;"2A";"2A345";"Vero";"2015-06-04 15:29:00";1500;;1500;;;;;;;;;"1";;;;;;""
2015;8527;"34";"34052";"Capestang";"2015-06-04 15:42:00";10600;;10600;;;;;;;;;"4";"Malveillance";;;;;""
2015;2257;"33";"33151";"Donnezac";"2015-06-04 16:08:00";2000;2000;;0;;;0;;;0;;;;;;;;""
2015;1575;"24";"24172";"Les Eyzies-de-Tayac-Sireuil";"2015-06-04 17:56:00";10000;10000;;0;;;0;;;0;;;;;;;;""
2015;2252;"33";"33200";"Le Haillan";"2015-06-04 23:15:00";200;200;;0;;;0;;;0;;;;;;;;""
2015;2251;"33";"33240";"Lesparre-Médoc";"2015-06-05 06:55:00";2000;2000;;0;;;0;;;0;;;;;;;;""
2015;2250;"33";"33151";"Donnezac";"2015-06-05 08:53:00";800;800;;0;;;0;;;0;;;;;;;;""
2015;1211;"69";"69238";"Saint-Symphorien-sur-Coise";"2015-06-05 11:49:00";1000;0;;1000;;;1000;0;0;0;"Mesurées";;;;;;;""
2015;516;"77";"77186";"Fontainebleau";"2015-06-05 12:00:00";15000;10000;;5000;;;5000;0;0;0;"Estimées";;"Naturelle";;;;;""
2015;1574;"24";"24165";"Eygurande-et-Gardedeuil";"2015-06-05 12:10:00";5000;5000;;0;;;0;;;0;;;;;;;;""
2015;5970;"2A";"2A331";"Urbalacone";"2015-06-05 12:57:00";5000;;5000;;;;;;;;;"1";"Malveillance";;;;;""
2015;2249;"33";"33034";"Bayas";"2015-06-05 13:13:00";30000;30000;;0;;;0;;;0;;;;;;;;""
2015;2248;"33";"33236";"Lège-Cap-Ferret";"2015-06-05 13:34:00";1000;1000;;0;;;0;;;0;;;"Malveillance";;;;;""
2015;5902;"11";"11011";"Aragon";"2015-06-05 13:53:00";20;;;;;;;;;;;;"Accidentelle";;;;;""
2015;2497;"40";"40217";"Parentis-en-Born";"2015-06-05 14:15:00";10;10;;0;;;0;;;0;;;;;;;;""
2015;615;"15";"15005";"Anglards-de-Saint-Flour";"2015-06-05 14:20:00";5000;0;;5000;;;5000;0;0;0;"Estimées";;;;;;;""
2015;1212;"69";"69246";"Theizé";"2015-06-05 15:12:00";5000;0;;5000;;;5000;0;0;0;"Mesurées";;;;;;;""
2015;161;"18";"18279";"Vierzon";"2015-06-05 15:14:00";3000;3000;;0;;;0;0;0;0;"Estimées";;"Malveillance";;;;;""
2015;2247;"33";"33264";"Maransin";"2015-06-05 15:40:00";10000;10000;;0;;;0;;;0;;;;;;;;""
2015;7982;"66";"66016";"Banyuls-sur-Mer";"2015-06-05 18:09:00";2000;;2000;;;;;;;;;"1";"Accidentelle";;;;;""
2015;163;"46";"46305";"Sérignac";"2015-06-05 18:16:00";5000;0;;5000;;;5000;0;0;0;"Estimées";;;;;;;""
2015;5281;"2B";"2B169";"Morosaglia";"2015-06-05 18:17:00";5000;0;5000;;;;;;;0;;"2";;;;;;""
2015;162;"46";"46156";"Laroque-des-Arcs";"2015-06-05 18:18:00";20000;0;;20000;;;20000;0;0;0;"Estimées";;;;;;;""
2015;5338;"11";"11098";"Conilhac-Corbières";"2015-06-05 18:23:00";3000;;;;;;;;;;;;"Involontaire (particulier)";;;;;""
2015;165;"46";"46336";"Vire-sur-Lot";"2015-06-05 18:35:00";200;0;;200;;;200;0;0;0;"Estimées";;;;;;;""
2015;7983;"66";"66048";"Cerbère";"2015-06-06 10:41:00";5000;;5000;;;;;;;;;"1";"Accidentelle";;;;;""
2015;5345;"84";"84096";"Rasteau";"2015-06-06 14:55:00";200;;;;;;;;;;;;;;;;;""
2015;5903;"11";"11164";"Ginestas";"2015-06-06 15:23:00";38200;;;;;;;;;;;;"Involontaire (travaux)";;;;;""
2015;5282;"2B";"2B039";"Bisinchi";"2015-06-06 16:55:00";3000;3000;0;;;;;;;0;;"2";;;;;;""
2015;5396;"26";"26336";"Saou";"2015-06-06 22:10:00";2200;2200;;;;;;;;;;"5";"Naturelle";;;;;""
2015;8572;"26";"26336";"Saou";"2015-06-06 22:10:00";5000;;;;;;;;;;;;;;;;;""
2015;1117;"86";"86066";"Châtellerault";"2015-06-06 22:58:00";300;300;;0;;;0;0;0;0;"Estimées";;;;;;;""
2015;5974;"2A";"2A249";"Propriano";"2015-06-07 11:31:00";20;;20;;;;;;;;;;;;;;;""
2015;9441;"2A";"2A247";"Porto-Vecchio";"2015-06-07 12:08:00";2000;;2000;;;;;;;;;;;;;;;""
2015;5975;"2A";"2A001";"Afa";"2015-06-07 15:03:00";2000;;2000;;;;;;;;;"1";;;;;;""
2015;5334;"11";"11170";"Gruissan";"2015-06-07 15:05:00";105836;75836;30000;;;;;;;;;;"Involontaire (particulier)";;;;;""
2015;5292;"2B";"2B283";"Solaro";"2015-06-07 16:27:00";5;0;5;;;;;;;0;;"1";"Naturelle";;;;;""
2015;8135;"48";"48034";"La Canourgue";"2015-06-07 16:47:00";26;26;;;;;;;;;;"4";"Naturelle";;;;;""
2015;7987;"66";"66043";"Casteil";"2015-06-07 17:02:00";100;100;;;;;;;;;;"6";"Naturelle";;;;;""
2015;5374;"83";"83077";"Méounes-lès-Montrieux";"2015-06-07 17:04:00";40;40;;;;;;;;;;"5";"Involontaire (particulier)";;;;;""
2015;6510;"30";"30120";"Gagnières";"2015-06-07 18:24:00";10000;;;;;;;;;;;"2";"Naturelle";;;;;""
2015;1573;"24";"24156";"La Douze";"2015-06-07 18:52:00";5000;5000;;0;;;0;;;0;;;;;;;;""
2015;6018;"2A";"2A249";"Propriano";"2015-06-07 22:57:00";200;;200;;;;;;;;;;;;;;;""
2015;213;"17";"17118";"Corignac";"2015-06-08 01:54:00";20000;20000;;0;;;0;0;0;0;"Mesurées";;;;;;;""
2015;1008;"35";"35211";"Paimpont";"2015-06-08 11:39:00";30000;0;;30000;;;30000;0;0;0;"Estimées";;;;;;;""
2015;2709;"41";"41237";"Sassay";"2015-06-08 15:08:00";400;400;;0;;;0;0;0;0;"Estimées";;;;;;;""
2015;1042;"72";"72293";"Saint-Jean-du-Bois";"2015-06-08 15:29:00";80000;80000;;0;;;0;0;0;0;"Estimées";;;;;;;""
2015;7988;"66";"66134";"Passa";"2015-06-08 15:58:00";5000;;5000;;;;;;;;;"2";"Naturelle";;;;;""
2015;7989;"66";"66044";"Castelnou";"2015-06-08 16:28:00";5000;;5000;;;;;;;;;"2";"Naturelle";;;;;""
2015;301;"18";"18020";"Bannay";"2015-06-08 17:47:00";300;300;;0;;;0;0;0;0;"Estimées";;;;;;;""
2015;7990;"66";"66071";"Estagel";"2015-06-08 18:20:00";5000;;5000;;;;;;;;;"1";"Naturelle";;;;;""
2015;5904;"11";"11379";"Sigean";"2015-06-08 18:28:00";10;;;;;;;;;;;;"Accidentelle";;;;;""
2015;5460;"34";"34095";"Fabrègues";"2015-06-08 20:09:00";100;100;;;;;;;;;;"3";"Naturelle";;;;;""
2015;214;"17";"17110";"Clérac";"2015-06-08 20:41:00";5500;5500;;0;;;0;0;0;0;"Mesurées";;;;;;;""
2015;2228;"33";"33264";"Maransin";"2015-06-09 06:09:00";5000;5000;;0;;;0;;;0;;;;;;;;""
2015;6078;"11";"11109";"Coustaussa";"2015-06-09 07:51:00";20;;;;;;;;;;;;"Accidentelle";;;;;""
2015;1415;"02";"02600";"Pierrepont";"2015-06-09 10:53:00";20000;20000;;0;;;0;0;0;0;"Estimées";;;;;;;""
2015;1570;"24";"24211";"Issac";"2015-06-09 13:33:00";10000;10000;;0;;;0;;;0;;;"Accidentelle";;;;;""
2015;5461;"34";"34010";"Aniane";"2015-06-09 14:11:00";28700;1000;;;;;;;;27700;;"3";"Accidentelle";;;;;""
2015;5829;"13";"13025";"Châteauneuf-le-Rouge";"2015-06-09 14:38:00";2000;2000;0;;;;;;;0;;;"Naturelle";;;;;""
2015;5347;"84";"84076";"Mirabeau";"2015-06-09 14:55:00";200;;;;;;;;;;;;;;;;;""
2015;208;"46";"46145";"Lachapelle-Auzac";"2015-06-09 16:14:00";300;0;;300;;;300;0;0;0;"Estimées";;;;;;;""
2015;5833;"13";"13039";"Fos-sur-Mer";"2015-06-09 17:08:00";32000;1000;30000;;;;;;;1000;;;"Involontaire (particulier)";;;;;""
2015;209;"46";"46086";"Cuzance";"2015-06-09 18:15:00";200;0;;200;;;200;0;0;0;"Estimées";;;;;;;""
2015;5834;"13";"13117";"Vitrolles";"2015-06-09 19:16:00";2000;2000;0;;;;;;;0;;;"Naturelle";;;;;""
2015;2495;"40";"40133";"Labenne";"2015-06-09 20:29:00";650;650;;0;;;0;;;0;;;;;;;;""
2015;9544;"30";"30108";"L'Estréchure";"2015-06-09 21:40:00";200;;;;;;;;;;;"2";"Naturelle";;;;;""
2015;2218;"33";"33238";"Léognan";"2015-06-09 21:45:00";10;10;;0;;;0;;;0;;;;;;;;""
2015;9063;"2A";"2A247";"Porto-Vecchio";"2015-06-09 21:55:00";150;;150;;;;;;;;;;;;;;;""
2015;5462;"34";"34075";"Cesseras";"2015-06-10 00:25:00";200;;200;;;;;;;;;"1";"Malveillance";;;;;""
2015;517;"77";"77186";"Fontainebleau";"2015-06-10 12:00:00";12;6;;6;;;6;0;0;0;"Estimées";;;;;;;""
2015;5831;"13";"13056";"Martigues";"2015-06-10 13:53:00";7850;4500;3350;;;;;;;0;;;"Naturelle";;;;;""
2015;5365;"2B";"2B207";"Penta-di-Casinca";"2015-06-10 14:19:00";3000;;;;;;;;;;;;;;;;;""
2015;302;"18";"18279";"Vierzon";"2015-06-10 16:00:00";250;250;;0;;;0;0;0;0;"Estimées";;"Malveillance";;;;;""
2015;934;"45";"45082";"Châteauneuf-sur-Loire";"2015-06-10 16:18:00";10000;10000;;0;;;0;0;0;0;"Estimées";;"Accidentelle";;;;;""
2015;5978;"2A";"2A017";"Appietto";"2015-06-10 18:58:00";600;;600;;;;;;;;;"1";;;;;;""
2015;5447;"2B";"2B190";"Olmi-Cappella";"2015-06-11 08:08:00";1000;0;1000;;;;;;;0;;"4";"Naturelle";;;;;""
2015;2494;"40";"40210";"Onesse-et-Laharie";"2015-06-11 11:06:00";200;200;;0;;;0;;;0;;;"Accidentelle";;;;;""
2015;524;"77";"77186";"Fontainebleau";"2015-06-11 11:30:00";300;300;;0;;;0;0;0;0;"Estimées";;;;;;;""
2015;523;"77";"77186";"Fontainebleau";"2015-06-11 11:30:00";300;300;;0;;;0;0;0;0;"Estimées";;;;;;;""
2015;210;"46";"46148";"Lalbenque";"2015-06-11 19:22:00";10000;0;;10000;;;10000;0;0;0;"Estimées";;;;;;;""
2015;9064;"2A";"2A209";"Peri";"2015-06-11 19:40:00";200;;200;;;;;;;;;;;;;;;""
2015;5905;"11";"11170";"Gruissan";"2015-06-12 10:23:00";20;;;;;;;;;;;;"Naturelle";;;;;""
2015;5982;"2A";"2A006";"Alata";"2015-06-12 15:29:00";9300;;9300;;;;;;;;;"1";"Malveillance";;;;;""
2015;8435;"2A";"2A094";"Corrano";"2015-06-12 18:49:00";10;10;;;;;;;;;;"1";"Involontaire (particulier)";;;;;""
2015;9097;"2A";"2A312";"Santa-Maria-Siché";"2015-06-13 14:24:00";50;;50;;;;;;;;;;;;;;;""
2015;9096;"2A";"2A362";"Zonza";"2015-06-13 15:40:00";300;;300;;;;;;;;;;;;;;;""
2015;5992;"2A";"2A247";"Porto-Vecchio";"2015-06-13 16:23:00";3000;;3000;;;;;;;;;"1";"Involontaire (travaux)";;;;;""
2015;5441;"2B";"2B320";"Tallone";"2015-06-14 14:12:00";322164;10000;87000;;;;;;;225164;;"1";"Malveillance";;;;;""
2015;2710;"41";"41176";"Pierrefitte-sur-Sauldre";"2015-06-14 16:25:00";40000;40000;;0;;;0;0;0;0;"Estimées";;;;;;;""
2015;6058;"2A";"2A247";"Porto-Vecchio";"2015-06-15 03:03:00";10;;10;;;;;;;;;;;;;;;""
2015;5444;"2B";"2B034";"Belgodère";"2015-06-15 09:04:00";1000;500;500;;;;;;;0;;"1";;;;;;""
2015;5446;"2B";"2B341";"Venaco";"2015-06-15 19:13:00";20;20;0;;;;;;;0;;"4";"Naturelle";;;;;""
2015;9098;"2A";"2A085";"Cauro";"2015-06-15 19:31:00";100;;100;;;;;;;;;;;;;;;""
2015;5906;"11";"11011";"Aragon";"2015-06-15 23:36:00";1000;;;;;;;;;;;;"Accidentelle";;;;;""
2015;6003;"2A";"2A288";"Sotta";"2015-06-16 13:49:00";4000;;4000;;;;;;;;;;;;;;;""
2015;1043;"72";"72181";"Le Mans";"2015-06-16 16:34:00";100;100;;0;;;0;0;0;0;"Estimées";;;;;;;""
2015;7021;"11";"11188";"La Palme";"2015-06-16 22:05:00";10;;;;;;;;;;;;"Accidentelle";;;;;""
2015;6004;"2A";"2A362";"Zonza";"2015-06-16 23:48:00";100;;100;;;;;;;;;;;;;;;""
2015;9099;"2A";"2A061";"Carbini";"2015-06-17 07:00:00";100;;100;;;;;;;;;;;;;;;""
2015;5471;"2B";"2B003";"Aiti";"2015-06-17 10:30:00";10;10;0;;;;;;;0;;"2";"Naturelle";;;;;""
2015;2492;"40";"40031";"Bégaar";"2015-06-17 10:57:00";2970;170;;0;;;0;;;2800;;;"Involontaire (particulier)";;;;;""
2015;6511;"30";"30270";"Saint-Jean-du-Pin";"2015-06-17 16:30:00";20000;;;;;;;;;;;"4";;;;;;""
2015;869;"78";"78356";"Magny-les-Hameaux";"2015-06-17 20:30:00";5000;1000;;4000;;;4000;0;0;0;"Estimées";;;;;;;""
2015;5502;"34";"34092";"Cruzy";"2015-06-18 21:37:00";34000;20000;10000;;;;;;;4000;;"4";"Malveillance";;;;;""
2015;7022;"11";"11188";"La Palme";"2015-06-18 22:19:00";1000;;;;;;;;;;;;"Accidentelle";;;;;""
2015;9103;"2A";"2A247";"Porto-Vecchio";"2015-06-18 22:27:00";10;;10;;;;;;;;;;;;;;;""
2015;5995;"2A";"2A209";"Peri";"2015-06-19 11:58:00";200;;200;;;;;;;;;;;;;;;""
2015;9242;"2A";"2A362";"Zonza";"2015-06-19 14:20:00";100;;100;;;;;;;;;;;;;;;""
2015;5996;"2A";"2A215";"Pianottoli-Caldarello";"2015-06-19 14:23:00";4000;;4000;;;;;;;;;"1";"Involontaire (particulier)";;;;;""
2015;5836;"13";"13088";"Le Rove";"2015-06-20 00:14:00";4000;4000;0;;;;;;;0;;;"Involontaire (particulier)";;;;;""
2015;5515;"34";"34103";"Fontès";"2015-06-20 01:33:00";3000;;3000;;;;;;;;;"1";"Malveillance";;;;;""
2015;2212;"33";"33186";"Gensac";"2015-06-20 02:51:00";200;200;;0;;;0;;;0;;;"Accidentelle";;;;;""
2015;5838;"13";"13019";"Cabriès";"2015-06-20 15:31:00";30;30;0;;;;;;;0;;;;;;;;""
2015;5519;"34";"34281";"Saint-Pargoire";"2015-06-20 17:38:00";10000;1000;4000;;;;;;;5000;;"1";"Involontaire (particulier)";;;;;""
2015;5520;"34";"34157";"Mèze";"2015-06-20 18:15:00";15800;5800;5000;;;;;;;5000;;"4";"Involontaire (particulier)";;;;;""
2015;5521;"34";"34109";"Gabian";"2015-06-20 20:41:00";2300;;2300;;;;;;;;;"1";"Involontaire (particulier)";;;;;""
2015;5527;"34";"34092";"Cruzy";"2015-06-20 20:47:00";1800;800;1000;;;;;;;;;"1";"Involontaire (travaux)";;;;;""
2015;6014;"2A";"2A065";"Cargèse";"2015-06-21 12:59:00";300;;300;;;;;;;;;;;;;;;""
2015;1213;"69";"69096";"Grigny";"2015-06-21 15:10:00";10000;0;;10000;;;10000;0;0;0;"Mesurées";;;;;;;""
2015;1044;"72";"72213";"Mulsanne";"2015-06-21 16:26:00";3000;3000;;0;;;0;0;0;0;"Estimées";;;;;;;""
2015;250;"12";"12001";"Agen-d'Aveyron";"2015-06-21 17:42:00";50;0;;50;;;50;0;0;0;"Estimées";;;;;;;""
2015;5907;"11";"11024";"Bages";"2015-06-21 18:03:00";5946;;;;;;;;;;;;;;;;;""
2015;2489;"40";"40184";"Mimizan";"2015-06-21 21:44:00";10;10;;0;;;0;;;0;;;;;;;;""
2015;1045;"72";"72300";"Saint-Mars-la-Brière";"2015-06-22 10:07:00";300;300;;0;;;0;0;0;0;"Estimées";;;;;;;""
2015;626;"38";"38344";"Roussillon";"2015-06-22 14:25:00";3000;0;;3000;;;3000;0;0;0;"Estimées";;;;;;;""
2015;1214;"69";"69190";"Sainte-Consorce";"2015-06-22 14:39:00";8000;0;;8000;;;8000;0;0;0;"Mesurées";;;;;;;""
2015;1423;"77";"77048";"Bourron-Marlotte";"2015-06-22 16:00:00";15000;15000;;0;;;0;0;0;0;"Estimées";;;;;;;""
2015;1009;"35";"35285";"Saint-Just";"2015-06-22 17:01:00";1000;0;;1000;;;1000;0;0;0;"Estimées";;;;;;;""
2015;5997;"2A";"2A071";"Casalabriva";"2015-06-23 05:37:00";100;;100;;;;;;;;;"1";"Involontaire (particulier)";;;;;""
2015;5550;"34";"34031";"Bessan";"2015-06-23 10:08:00";150;;150;;;;;;;;;"1";"Accidentelle";;;;;""
2015;9110;"2A";"2A247";"Porto-Vecchio";"2015-06-23 10:43:00";3000;;3000;;;;;;;;;;;;;;;""
2015;5545;"06";"06079";"Mandelieu-la-Napoule";"2015-06-23 13:05:00";600;;600;;;;;;;;;"1";"Involontaire (particulier)";;;;;""
2015;5548;"06";"06026";"Cabris";"2015-06-23 13:13:00";200;;200;;;;;;;;;"1";"Involontaire (particulier)";;;;;""
2015;5549;"06";"06088";"Nice";"2015-06-23 14:17:00";5000;;5000;;;;;;;;;"1";;;;;;""
2015;5544;"06";"06079";"Mandelieu-la-Napoule";"2015-06-23 15:01:00";500;;500;;;;;;;;;"1";"Involontaire (particulier)";;;;;""
2015;303;"18";"18061";"Chaumoux-Marcilly";"2015-06-23 23:21:00";50;50;;0;;;0;0;0;0;"Estimées";;"Accidentelle";;;;;""
2015;5595;"2B";"2B153";"Manso";"2015-06-24 06:28:00";50;0;50;;;;;;;0;;"1";"Malveillance";;;;;""
2015;6005;"2A";"2A345";"Vero";"2015-06-24 09:47:00";200;;200;;;;;;;;;;;;;;;""
2015;2488;"40";"40167";"Luxey";"2015-06-24 12:27:00";30;30;;0;;;0;;;0;;;"Involontaire (travaux)";;;;;""
2015;6006;"2A";"2A092";"Conca";"2015-06-24 13:44:00";30;;30;;;;;;;;;;;;;;;""
2015;2205;"33";"33473";"Saint-Savin";"2015-06-24 14:55:00";5000;5000;;0;;;0;;;0;;;"Involontaire (travaux)";;;;;""
2015;630;"38";"38210";"Leyrieu";"2015-06-24 15:46:00";50000;0;;40000;;;40000;0;10000;10000;"Estimées";;;;;;;""
2015;1215;"69";"69112";"Lentilly";"2015-06-24 15:48:00";800;0;;800;;;800;0;0;0;"Mesurées";;;;;;;""
2015;386;"23";"23006";"Arrènes";"2015-06-24 16:31:00";20000;20000;;0;;;0;0;0;0;"Estimées";;"Involontaire (travaux)";;;;;""
2015;6007;"2A";"2A006";"Alata";"2015-06-24 16:36:00";20000;;20000;;;;;;;;;"1";"Involontaire (travaux)";;;;;""
2015;2201;"33";"33522";"Talence";"2015-06-24 17:06:00";50;50;;0;;;0;;;0;;;"Involontaire (particulier)";;;;;""
2015;269;"58";"58003";"Alligny-en-Morvan";"2015-06-24 18:10:00";6000;6000;;0;;;0;0;0;0;"Mesurées";;"Involontaire (travaux)";;;;;""
2015;6008;"2A";"2A133";"Guitera-les-Bains";"2015-06-24 19:20:00";300;;300;;;;;;;;;"1";"Involontaire (travaux)";;;;;""
2015;2198;"33";"33229";"Lanton";"2015-06-24 20:51:00";2000;2000;;0;;;0;;;0;;;;;;;;""
2015;8834;"13";"13119";"Carnoux-en-Provence";"2015-06-24 22:58:00";150;150;;;;;;;;;;;"Malveillance";;;;;""
2015;6009;"2A";"2A092";"Conca";"2015-06-25 10:55:00";200;;200;;;;;;;;;;;;;;;""
2015;936;"45";"45335";"Vienne-en-Val";"2015-06-25 14:00:00";40000;10000;;30000;;;30000;0;0;0;"Estimées";;;;;;;""
2015;6061;"2A";"2A006";"Alata";"2015-06-25 16:22:00";300;;300;;;;;;;;;;;;;;;""
2015;6011;"2A";"2A048";"Calcatoggio";"2015-06-25 16:29:00";2000;;2000;;;;;;;;;"1";"Involontaire (travaux)";;;;;""
2015;8002;"66";"66076";"Felluns";"2015-06-25 16:32:00";50000;40000;10000;;;;;;;;;"3";"Involontaire (particulier)";;;;;""
2015;6012;"2A";"2A345";"Vero";"2015-06-25 16:35:00";400;400;;;;;;;;;;"1";;;;;;""
2015;935;"45";"45067";"Chaingy";"2015-06-25 16:52:00";50000;50000;;0;;;0;0;0;0;"Mesurées";;;;;;;""
2015;2472;"40";"40184";"Mimizan";"2015-06-25 22:03:00";20;20;;0;;;0;;;0;;;;;;;;""
2015;9114;"2A";"2A004";"Ajaccio";"2015-06-26 10:48:00";420000;;420000;;;;;;;;;;;;;;;""
2015;5589;"06";"06108";"La Roquette-sur-Siagne";"2015-06-26 11:18:00";1000;;1000;;;;;;;;;"1";;;;;;""
2015;1568;"24";"24053";"Boulazac";"2015-06-26 13:53:00";500;500;;0;;;0;;;0;;;;;;;;""
2015;5640;"34";"34309";"Teyran";"2015-06-26 13:55:00";600;;600;;;;;;;;;"1";"Involontaire (travaux)";;;;;""
2015;9119;"2A";"2A362";"Zonza";"2015-06-26 13:56:00";100;;100;;;;;;;;;;;;;;;""
2015;5840;"13";"13056";"Martigues";"2015-06-26 14:02:00";26000;26000;0;;;;;;;0;;;"Malveillance";;;;;""
2015;9122;"2A";"2A004";"Ajaccio";"2015-06-26 14:52:00";10;;10;;;;;;;;;;;;;;;""
2015;5642;"34";"34113";"Gigean";"2015-06-26 15:48:00";2200;;2200;;;;;;;;;"1";"Involontaire (travaux)";;;;;""
2015;2190;"33";"33517";"Soussans";"2015-06-26 15:52:00";300;300;;0;;;0;;;0;;;;;;;;""
2015;2471;"40";"40266";"Saint-Julien-en-Born";"2015-06-26 16:00:00";20;20;;0;;;0;;;0;;;"Involontaire (particulier)";;;;;""
2015;360;"28";"28130";"Digny";"2015-06-26 16:19:00";100000;0;;20000;;;20000;0;80000;80000;"Estimées";;;;;;;""
2015;5590;"06";"06126";"Saint-Martin-du-Var";"2015-06-26 16:54:00";200;;200;;;;;;;;;"1";;;;;;""
2015;266;"46";"46129";"Gréalou";"2015-06-26 18:05:00";5000;0;;5000;;;5000;0;0;0;"Estimées";;;;;;;""
2015;361;"28";"28052";"Bouglainval";"2015-06-26 18:08:00";170000;0;;20000;;;20000;0;150000;150000;"Estimées";;;;;;;""
2015;8602;"66";"66008";"Argelès-sur-Mer";"2015-06-26 18:11:00";141500;38000;29500;;;;;;;74000;;"3";"Accidentelle";;;;;""
2015;1192;"45";"45268";"Saint-Aignan-le-Jaillard";"2015-06-26 18:42:00";31500;1500;;0;;;0;30000;0;30000;"Estimées";;"Involontaire (travaux)";;;;;""
2015;9125;"2A";"2A247";"Porto-Vecchio";"2015-06-26 18:42:00";250;;250;;;;;;;;;;;;;;;""
2015;267;"46";"46251";"Saint-Céré";"2015-06-26 19:44:00";200;0;;200;;;200;0;0;0;"Estimées";;;;;;;""
2015;449;"32";"32133";"Fourcès";"2015-06-26 20:21:00";5000;0;;5000;;;5000;0;0;0;"Estimées";;;;;;;""
2015;5908;"11";"11315";"Rieux-Minervois";"2015-06-27 10:39:00";85400;3400;2000;;;;;;;80000;;;"Malveillance";;;;;""
2015;6015;"2A";"2A160";"Moca-Croce";"2015-06-27 13:15:00";20;;20;;;;;;;;;"1";"Involontaire (particulier)";;;;;""
2015;6063;"2A";"2A004";"Ajaccio";"2015-06-27 13:29:00";50;;50;;;;;;;;;;;;;;;""
2015;6064;"2A";"2A288";"Sotta";"2015-06-27 15:01:00";300;;300;;;;;;;;;"1";"Involontaire (particulier)";;;;;""
2015;9134;"2A";"2A362";"Zonza";"2015-06-27 16:58:00";50;;50;;;;;;;;;;;;;;;""
2015;9131;"2A";"2A004";"Ajaccio";"2015-06-27 17:01:00";200;;200;;;;;;;;;;;;;;;""
2015;1193;"45";"45309";"Sennely";"2015-06-27 17:52:00";1000;0;;1000;;;1000;0;0;0;"Estimées";;;;;;;""
2015;5655;"34";"34058";"Castries";"2015-06-27 18:01:00";15300;3000;;;;;;;;12300;;"4";"Involontaire (particulier)";;;;;""
2015;2470;"40";"40181";"Messanges";"2015-06-27 18:17:00";50;50;;0;;;0;;;0;;;;;;;;""
2015;5660;"34";"34213";"Poussan";"2015-06-27 23:43:00";100;50;;;;;;;;50;;"1";"Accidentelle";;;;;""
2015;5661;"34";"34103";"Fontès";"2015-06-28 01:52:00";300;;300;;;;;;;;;"1";"Malveillance";;;;;""
2015;2469;"40";"40184";"Mimizan";"2015-06-28 05:32:00";10000;10000;;0;;;0;;;0;;;;;;;;""
2015;2184;"33";"33177";"Gaillan-en-Médoc";"2015-06-28 07:36:00";20000;20000;;0;;;0;;;0;;;;;;;;""
2015;522;"77";"77186";"Fontainebleau";"2015-06-28 11:00:00";10;10;;0;;;0;0;0;0;"Estimées";;;;;;;""
2015;1216;"69";"69131";"Messimy";"2015-06-28 11:43:00";20000;0;;20000;;;20000;0;0;0;"Mesurées";;;;;;;""
2015;5647;"83";"83066";"Ginasservis";"2015-06-28 13:11:00";1000;1000;;;;;;;;;;"3";"Accidentelle";;;;;""
2015;6378;"06";"06088";"Nice";"2015-06-28 13:47:00";18700;4400;14300;;;;;;;;;"4";"Involontaire (particulier)";;;;;""
2015;1217;"69";"69291";"Saint-Symphorien-d'Ozon";"2015-06-28 14:45:00";10000;0;;10000;;;10000;0;0;0;"Mesurées";;;;;;;""
2015;5841;"13";"13001";"Aix-en-Provence";"2015-06-28 15:02:00";8000;8000;0;;;;;;;0;;;;;;;;""
2015;5808;"34";"34286";"Saint-Privat";"2015-06-28 15:23:00";184500;160000;14500;;;;;;;10000;;"6";"Involontaire (particulier)";;;;;""
2015;1218;"69";"69115";"Limas";"2015-06-28 16:12:00";10000;0;;10000;;;10000;0;0;0;"Mesurées";;;;;;;""
2015;5810;"34";"34285";"Saint-Pons-de-Mauchiens";"2015-06-28 16:13:00";300;;300;;;;;;;;;"1";"Malveillance";;;;;""
2015;5811;"34";"34162";"Montagnac";"2015-06-28 17:07:00";100;100;;;;;;;;;;"3";"Malveillance";;;;;""
2015;6673;"26";"26289";"Saillans";"2015-06-28 19:02:00";50;50;;;;;;;;;;"5";"Involontaire (particulier)";;;;;""
2015;8764;"26";"26289";"Saillans";"2015-06-28 19:02:00";50;;;;;;;;;;;;;;;;;""
2015;2711;"41";"41042";"Châteauvieux";"2015-06-29 07:47:00";15000;15000;;0;;;0;0;0;0;"Estimées";;;;;;;""
2015;8056;"66";"66053";"Collioure";"2015-06-29 10:03:00";500;;500;;;;;;;;;"1";;;;;;""
2015;6016;"2A";"2A130";"Grosseto-Prugna";"2015-06-29 12:50:00";300;300;;;;;;;;;;"1";"Involontaire (particulier)";;;;;""
2015;343;"21";"21290";"Gemeaux";"2015-06-29 14:10:00";6500;6500;;0;;;0;0;0;0;"Mesurées";;;;;;;""
2015;7821;"48";"48046";"Chaulhac";"2015-06-29 14:20:00";15000;;15000;;;;;;;;;"1";"Involontaire (travaux)";;;;;""
2015;1397;"27";"27181";"Courdemanche";"2015-06-29 15:20:00";10000;0;;10000;;;10000;0;0;0;"Estimées";;;;;;;""
2015;6017;"2A";"2A189";"Olmeto";"2015-06-29 16:54:00";10;;10;;;;;;;;;;;;;;;""
2015;2467;"40";"40307";"Sore";"2015-06-29 17:29:00";2000;2000;;0;;;0;;;0;;;;;;;;""
2015;942;"45";"45250";"Pers-en-Gâtinais";"2015-06-29 17:33:00";50000;10000;;0;;;0;40000;0;40000;"Estimées";;;;;;;""
2015;8058;"66";"66118";"Montner";"2015-06-29 17:40:00";20;20;;;;;;;;;;"2";"Malveillance";;;;;""
2015;2176;"33";"33284";"Mios";"2015-06-29 18:21:00";15000;5000;;0;;;0;;;10000;;;;;;;;""
2015;1565;"24";"24172";"Les Eyzies-de-Tayac-Sireuil";"2015-06-29 19:10:00";10000;10000;;0;;;0;;;0;;;;;;;;""
2015;374;"17";"17074";"Bussac-Forêt";"2015-06-29 21:47:00";1500;1500;;0;;;0;0;0;0;"Estimées";;;;;;;""
2015;8734;"11";"11397";"Trèbes";"2015-06-29 22:15:00";100;;;;;;;;;;;;;;;;;""
2015;5910;"11";"11301";"Puichéric";"2015-06-30 00:49:00";4636;;;;;;;;;;;;"Malveillance";;;;;""
2015;5909;"11";"11301";"Puichéric";"2015-06-30 00:49:00";1466;;;;;;;;;;;;"Malveillance";;;;;""
2015;5911;"11";"11301";"Puichéric";"2015-06-30 00:49:00";4260;;;;;;;;;;;;"Malveillance";;;;;""
2015;304;"18";"18088";"Ennordres";"2015-06-30 06:09:00";500;500;;0;;;0;0;0;0;"Estimées";;;;;;;""
2015;5818;"34";"34286";"Saint-Privat";"2015-06-30 10:36:00";13700;3700;10000;;;;;;;;;"1";"Involontaire (travaux)";;;;;""
2015;7822;"48";"48046";"Chaulhac";"2015-06-30 11:01:00";2170;;2170;;;;;;;;;"1";"Involontaire (travaux)";;;;;""
2015;9529;"2A";"2A139";"Lecci";"2015-06-30 13:22:00";20;;20;;;;;;;;;;;;;;;""
2015;1046;"72";"72117";"Dissé-sous-le-Lude";"2015-06-30 13:23:00";15000;15000;;0;;;0;0;0;0;"Estimées";;;;;;;""
2015;1219;"69";"69283";"Mions";"2015-06-30 14:19:00";100000;0;;100000;;;100000;0;0;0;"Mesurées";;;;;;;""
2015;2466;"40";"40303";"Solférino";"2015-06-30 14:55:00";100;100;;0;;;0;;;0;;;;;;;;""
2015;290;"58";"58294";"Toury-sur-Jour";"2015-06-30 15:10:00";3300;3300;;0;;;0;0;0;0;"Mesurées";;;;;;;""
2015;7824;"48";"48036";"Cassagnas";"2015-06-30 15:20:00";4500;1750;2750;;;;;;;;;"1";"Involontaire (particulier)";;;;;""
2015;2167;"33";"33122";"Cestas";"2015-06-30 15:45:00";143300;143300;;0;;;0;;;0;;;;;;;;""
2015;1047;"72";"72124";"Écommoy";"2015-06-30 16:06:00";15000;15000;;0;;;0;0;0;0;"Estimées";;;;;;;""
2015;1398;"27";"27182";"Courteilles";"2015-06-30 16:16:00";30000;30000;;0;;;0;0;0;0;"Estimées";;;;;;;""
2015;362;"28";"28352";"Saint-Martin-de-Nigelles";"2015-06-30 16:41:00";100500;0;;500;;;500;0;100000;100000;"Estimées";;;;;;;""
2015;1399;"27";"27693";"Sylvains-les-Moulins";"2015-06-30 17:00:00";10000;10000;;0;;;0;0;0;0;"Estimées";;;;;;;""
2015;363;"28";"28368";"La Saucelle";"2015-06-30 17:06:00";120000;0;;40000;;;40000;0;80000;80000;"Estimées";;;;;;;""
2015;1194;"45";"45197";"Marigny-les-Usages";"2015-06-30 17:23:00";53000;3000;;0;;;0;50000;0;50000;"Estimées";;;;;;;""
2015;1401;"27";"27132";"Caugé";"2015-06-30 17:54:00";10000;0;;10000;;;10000;0;0;0;"Estimées";;;;;;;""
2015;1403;"27";"27350";"Illiers-l'Évêque";"2015-06-30 18:56:00";10000;10000;;0;;;0;0;0;0;"Estimées";;;;;;;""
2015;364;"28";"28134";"Dreux";"2015-06-30 21:05:00";10000;0;;10000;;;10000;0;0;0;"Estimées";;;;;;;""
2015;1118;"86";"86293";"Vivonne";"2015-06-30 23:16:00";100;100;;0;;;0;0;0;0;"Estimées";;;;;;;""
2015;2163;"33";"33473";"Saint-Savin";"2015-06-30 23:18:00";1500;1500;;0;;;0;;;0;;;;;;;;""
2015;2162;"33";"33260";"Lugos";"2015-07-01 05:39:00";1200;1200;;0;;;0;;;0;;;"Naturelle";;;;;""
2015;2161;"33";"33022";"Avensan";"2015-07-01 06:38:00";20000;10000;;0;;;0;;;10000;;;;;;;;""
2015;308;"46";"46118";"Gignac";"2015-07-01 08:03:00";300;0;;300;;;300;0;0;0;"Estimées";;"Naturelle";;;;;""
2015;7669;"48";"48122";"Quézac";"2015-07-01 08:57:00";56500;56500;;;;;;;;;;"4";"Involontaire (travaux)";;;;;""
2015;7825;"48";"48146";"Sainte-Enimie";"2015-07-01 09:11:00";4200;;4200;;;;;;;;;"1";"Involontaire (particulier)";;;;;""
2015;5852;"2B";"2B185";"Oletta";"2015-07-01 11:05:00";230000;0;30000;;;;;;;200000;;"1";"Malveillance";;;;;""
2015;5954;"11";"11398";"Treilles";"2015-07-01 11:32:00";800;;;;;;;;;;;;"Accidentelle";;;;;""
2015;941;"45";"45271";"Saint-Brisson-sur-Loire";"2015-07-01 11:43:00";10000;10000;;0;;;0;0;0;0;"Estimées";;;;;;;""
2015;1220;"69";"69289";"Saint-Pierre-de-Chandieu";"2015-07-01 12:43:00";5000;0;;5000;;;5000;0;0;0;"Mesurées";;;;;;;""
2015;323;"12";"12056";"Baraqueville";"2015-07-01 12:57:00";10000;0;;10000;;;10000;0;0;0;"Estimées";;;;;;;""
2015;5837;"34";"34302";"Siran";"2015-07-01 14:09:00";5800;3000;2800;;;;;;;;;"1";"Malveillance";;;;;""
2015;2751;"41";"41043";"Châtillon-sur-Cher";"2015-07-01 14:22:00";70000;70000;;0;;;0;0;0;0;"Estimées";;"Naturelle";;;;;""
2015;2156;"33";"33151";"Donnezac";"2015-07-01 15:21:00";10000;10000;;0;;;0;;;0;;;;;;;;""
2015;987;"28";"28055";"Le Boullay-Thierry";"2015-07-01 16:21:00";400000;20000;;0;;;0;0;380000;380000;"Estimées";;;;;;;""
2015;5955;"11";"11145";"Fleury";"2015-07-01 17:17:00";30;;;;;;;;;;;;"Malveillance";;;;;""
2015;2465;"40";"40210";"Onesse-et-Laharie";"2015-07-02 00:48:00";12000;12000;;0;;;0;;;0;;;"Naturelle";;;;;""
2015;316;"63";"63420";"Seychalles";"2015-07-02 04:00:00";21100;0;;4100;;;4100;3000;14000;17000;"Mesurées";;;;;;;""
2015;2155;"33";"33229";"Lanton";"2015-07-02 07:34:00";50000;50000;;0;;;0;;;0;;;"Naturelle";;;;;""
2015;310;"43";"43084";"Cussac-sur-Loire";"2015-07-02 10:23:00";15000;0;;15000;;;15000;0;0;0;"Estimées";;;;;;;""
2015;5842;"34";"34103";"Fontès";"2015-07-02 10:26:00";32500;2500;15000;;;;;;;15000;;"1";"Malveillance";;;;;""
2015;5845;"34";"34103";"Fontès";"2015-07-02 11:00:00";1900;;1500;;;;;;;400;;"1";"Involontaire (travaux)";;;;;""
2015;1221;"69";"69179";"Saint-Andéol-le-Château";"2015-07-02 11:14:00";140000;0;;140000;;;140000;0;0;0;"Mesurées";;;;;;;""
2015;5849;"34";"34319";"Vailhan";"2015-07-02 11:26:00";710000;200000;450000;;;;;;;60000;;"1";"Involontaire (particulier)";;;;;""
2015;312;"43";"43025";"Beauzac";"2015-07-02 11:53:00";2300;1200;;0;;;0;0;1100;1100;"Mesurées";;"Involontaire (travaux)";;;;;""
2015;5854;"2B";"2B201";"Pancheraccia";"2015-07-02 12:42:00";62321;0;13600;;;;;;;48721;;"1";"Involontaire (travaux)";;;;;""
2015;317;"63";"63042";"Blanzat";"2015-07-02 12:45:00";33372;0;;12373;;;12373;20999;0;20999;"Mesurées";;;;;;;""
2015;6019;"2A";"2A041";"Bonifacio";"2015-07-02 13:13:00";4000;;4000;;;;;;;;;;;;;;;""
2015;309;"43";"43148";"Paulhaguet";"2015-07-02 14:07:00";800;0;;800;;;800;0;0;0;"Estimées";;;;;;;""
2015;440;"10";"10261";"Mussy-sur-Seine";"2015-07-02 14:19:00";400000;300000;;0;;;0;100000;0;100000;"Estimées";;;;;;;""
2015;1281;"16";"16400";"Verteuil-sur-Charente";"2015-07-02 14:40:00";30000;10000;;0;;;0;0;20000;20000;"Estimées";;;;;;;""
2015;5821;"48";"48136";"Saint-André-de-Lancize";"2015-07-02 14:43:00";600;;600;;;;;;;;;"1";"Involontaire (particulier)";;;;;""
2015;1222;"69";"69233";"Saint-Romain-au-Mont-d'Or";"2015-07-02 14:47:00";30000;0;;30000;;;30000;0;0;0;"Mesurées";;;;;;;""
2015;2154;"33";"33494";"Salaunes";"2015-07-02 14:51:00";20000;20000;;0;;;0;;;0;;;;;;;;""
2015;375;"17";"17452";"La Tremblade";"2015-07-02 15:03:00";120;120;;0;;;0;0;0;0;"Estimées";;;;;;;""
2015;2153;"33";"33236";"Lège-Cap-Ferret";"2015-07-02 16:31:00";300;300;;0;;;0;;;0;;;;;;;;""
2015;5771;"07";"07323";"Toulaud";"2015-07-02 17:09:00";13000;0;10000;;;;;;;3000;;"4";"Malveillance";;;;;""
2015;2150;"33";"33005";"Andernos-les-Bains";"2015-07-02 17:31:00";20;20;;0;;;0;;;0;;;;;;;;""
2015;2148;"33";"33197";"Guillos";"2015-07-02 17:42:00";10;10;;0;;;0;;;0;;;;;;;;""
2015;2147;"33";"33553";"Virsac";"2015-07-02 17:48:00";5000;3000;;0;;;0;;;2000;;;;;;;;""
2015;1223;"69";"69242";"Taponas";"2015-07-02 17:49:00";20000;0;;20000;;;20000;0;0;0;"Mesurées";;;;;;;""
2015;2146;"33";"33527";"Le Teich";"2015-07-02 17:50:00";2000;2000;;0;;;0;;;0;;;;;;;;""
2015;1224;"69";"69272";"Communay";"2015-07-02 18:07:00";10000;0;;10000;;;10000;0;0;0;"Mesurées";;;;;;;""
2015;372;"17";"17199";"Jussas";"2015-07-02 18:23:00";2210;2210;;0;;;0;0;0;0;"Mesurées";;;;;;;""
2015;2638;"47";"47052";"Casteljaloux";"2015-07-02 18:31:00";300;300;;0;;;0;;;0;;;;;;;;""
2015;2144;"33";"33284";"Mios";"2015-07-02 19:06:00";3000;3000;;0;;;0;;;0;;;;;;;;""
2015;7310;"2A";"2A160";"Moca-Croce";"2015-07-02 19:11:00";200;;200;;;;;;;;;;;;;;;""
2015;320;"18";"18105";"Gron";"2015-07-02 19:30:00";1000;1000;;0;;;0;0;0;0;"Estimées";;"Accidentelle";;;;;""
2015;5927;"83";"83019";"Bormes-les-Mimosas";"2015-07-02 23:20:00";40;40;;;;;;;;;;"3";"Malveillance";;;;;""
2015;2143;"33";"33177";"Gaillan-en-Médoc";"2015-07-03 00:18:00";100;100;;0;;;0;;;0;;;;;;;;""
2015;2142;"33";"33236";"Lège-Cap-Ferret";"2015-07-03 02:31:00";10000;5000;;0;;;0;;;5000;;;;;;;;""
2015;7024;"11";"11396";"Trausse";"2015-07-03 09:50:00";100;;;;;;;;;;;;;;;;;""
2015;2140;"33";"33229";"Lanton";"2015-07-03 12:26:00";7000;7000;;0;;;0;;;0;;;"Naturelle";;;;;""
2015;5843;"13";"13056";"Martigues";"2015-07-03 13:24:00";50;50;0;;;;;;;0;;;;;;;;""
2015;321;"81";"81004";"Albi";"2015-07-03 13:51:00";110000;50000;;0;;;0;60000;0;60000;"Estimées";;"Naturelle";;;;;""
2015;1049;"72";"72090";"Connerré";"2015-07-03 14:07:00";300;300;;0;;;0;0;0;0;"Estimées";;;;;;;""
2015;337;"46";"46009";"Assier";"2015-07-03 14:39:00";15000;0;;15000;;;15000;0;0;0;"Estimées";;;;;;;""
2015;376;"17";"17452";"La Tremblade";"2015-07-03 14:47:00";1500;1500;;0;;;0;0;0;0;"Estimées";;"Naturelle";;;;;""
2015;974;"32";"32210";"Lias";"2015-07-03 15:09:00";140000;50000;;0;;;0;80000;10000;90000;"Estimées";;;;;;;""
2015;8436;"2A";"2A345";"Vero";"2015-07-03 15:44:00";15300;;15300;;;;;;;;;"1";"Malveillance";;;;;""
2015;344;"63";"63083";"Chanat-la-Mouteyre";"2015-07-03 15:50:00";1231;0;;482;;;482;749;0;749;"Mesurées";;;;;;;""
2015;1048;"72";"72047";"Brette-les-Pins";"2015-07-03 15:54:00";500;500;;0;;;0;0;0;0;"Estimées";;;;;;;""
2015;2139;"33";"33218";"Lagorce";"2015-07-03 15:57:00";1000;1000;;0;;;0;;;0;;;;;;;;""
2015;8066;"66";"66037";"Canet-en-Roussillon";"2015-07-03 16:05:00";176000;100000;56000;;;;;;;20000;;"4";;;;;;""
2015;345;"63";"63228";"Miremont";"2015-07-03 16:10:00";760;0;;760;;;760;0;0;0;"Mesurées";;;;;;;""
2015;8003;"66";"66033";"Camélas";"2015-07-03 16:20:00";500;500;0;;;;;;;;;"2";"Involontaire (particulier)";;;;;""
2015;8735;"11";"11429";"Villemoustaussou";"2015-07-03 16:50:00";15000;;;;;;;;;;;;"Accidentelle";;;;;""
2015;2461;"40";"40246";"Sabres";"2015-07-03 16:52:00";216;216;;0;;;0;;;0;;;;;;;;""
2015;2462;"40";"40246";"Sabres";"2015-07-03 16:52:00";3253;3253;;0;;;0;;;0;;;;;;;;""
2015;1225;"69";"69296";"Solaize";"2015-07-03 16:52:00";5000;0;;5000;;;5000;0;0;0;"Mesurées";;;;;;;""
2015;7570;"34";"34082";"Combaillaux";"2015-07-03 17:00:00";1800;1800;;;;;;;;;;"4";"Malveillance";;;;;""
2015;879;"15";"15042";"La Chapelle-Laurent";"2015-07-03 17:01:00";80000;0;;80000;;;80000;0;0;0;"Estimées";;;;;;;""
2015;8437;"2A";"2A215";"Pianottoli-Caldarello";"2015-07-03 19:16:00";150;;150;;;;;;;;;;;;;;;""
2015;2136;"33";"33229";"Lanton";"2015-07-03 20:55:00";2000;2000;;0;;;0;;;0;;;;;;;;""
2015;2134;"33";"33177";"Gaillan-en-Médoc";"2015-07-04 01:44:00";10000;10000;;0;;;0;;;0;;;;;;;;""
2015;5891;"34";"34285";"Saint-Pons-de-Mauchiens";"2015-07-04 02:45:00";1300;1300;;;;;;;;;;"4";"Malveillance";;;;;""
2015;2133;"33";"33540";"Vendays-Montalivet";"2015-07-04 03:44:00";50;50;;0;;;0;;;0;;;;;;;;""
2015;8070;"66";"66071";"Estagel";"2015-07-04 03:45:00";100;100;;;;;;;;;;"1";"Malveillance";;;;;""
2015;7571;"34";"34285";"Saint-Pons-de-Mauchiens";"2015-07-04 12:03:00";1500;1500;;;;;;;;;;"4";"Involontaire (travaux)";;;;;""
2015;1226;"69";"69277";"Genas";"2015-07-04 12:56:00";30000;0;;30000;;;30000;0;0;0;"Mesurées";;;;;;;""
2015;1227;"69";"69131";"Messimy";"2015-07-04 13:28:00";20000;0;;20000;;;20000;0;0;0;"Mesurées";;;;;;;""
2015;8835;"13";"13119";"Carnoux-en-Provence";"2015-07-04 14:16:00";2;2;;;;;;;;;;;"Malveillance";;;;;""
2015;6022;"2A";"2A006";"Alata";"2015-07-04 16:32:00";10;;10;;;;;;;;;"1";;;;;;""
2015;8071;"66";"66142";"Planès";"2015-07-04 16:43:00";100;100;;;;;;;;;;"4";;;;;;""
2015;2759;"71";"71076";"Chalon-sur-Saône";"2015-07-04 16:55:00";230000;0;;230000;;;230000;0;0;0;"Estimées";;;;;;;""
2015;2130;"33";"33022";"Avensan";"2015-07-04 18:54:00";1000;1000;;0;;;0;;;0;;;;;;;;""
2015;1050;"72";"72213";"Mulsanne";"2015-07-04 21:00:00";4000;4000;;0;;;0;0;0;0;"Estimées";;;;;;;""
2015;2128;"33";"33494";"Salaunes";"2015-07-04 21:57:00";10000;10000;;0;;;0;;;0;;;;;;;;""
2015;9545;"30";"30154";"Mandagout";"2015-07-05 00:02:00";514;;;;;;;;;;;"4";"Malveillance";;;;;""
2015;2460;"40";"40284";"Saint-Vincent-de-Tyrosse";"2015-07-05 01:23:00";400;400;;0;;;0;;;0;;;;;;;;""
2015;2126;"33";"33029";"Le Barp";"2015-07-05 05:49:00";5000;5000;;0;;;0;;;0;;;"Naturelle";;;;;""
2015;5847;"13";"13007";"Auriol";"2015-07-05 06:38:00";120;60;60;;;;;;;0;;;"Malveillance";;;;;""
2015;2459;"40";"40155";"Linxe";"2015-07-05 06:50:00";30000;30000;;0;;;0;;;0;;;"Naturelle";;;;;""
2015;7572;"34";"34036";"Le Bosc";"2015-07-05 08:16:00";380;;380;;;;;;;;;"1";"Accidentelle";;;;;""
2015;2125;"33";"33042";"Belin-Béliet";"2015-07-05 08:43:00";10000;10000;;0;;;0;;;0;;;"Naturelle";;;;;""
2015;2124;"33";"33494";"Salaunes";"2015-07-05 10:25:00";50;50;;0;;;0;;;0;;;"Naturelle";;;;;""
2015;2760;"71";"71263";"Louhans";"2015-07-05 12:55:00";300000;0;;300000;;;300000;0;0;0;"Estimées";;;;;;;""
2015;5964;"2B";"2B342";"Ventiseri";"2015-07-05 13:34:00";5000;;;;;;;;;;;"2";"Malveillance";;;;;""
2015;5804;"04";"04019";"Barcelonnette";"2015-07-05 13:37:00";25;;25;;;;;;;;;"1";;;;;;""
2015;9547;"30";"30257";"Saint-Gervasy";"2015-07-05 13:48:00";150;;;;;;;;;;;"2";;;;;;""
2015;989;"28";"28393";"Tremblay-les-Villages";"2015-07-05 14:06:00";100;0;;100;;;100;0;0;0;"Estimées";;;;;;;""
2015;8074;"66";"66182";"Sainte-Marie";"2015-07-05 14:56:00";50;50;;;;;;;;;;"4";;;;;;""
2015;880;"15";"15045";"Chaudes-Aigues";"2015-07-05 15:23:00";200000;0;;200000;;;200000;0;0;0;"Estimées";;;;;;;""
2015;373;"17";"17110";"Clérac";"2015-07-05 17:18:00";12500;12500;;0;;;0;0;0;0;"Mesurées";;"Naturelle";;;;;""
2015;336;"18";"18243";"Santranges";"2015-07-05 17:22:00";100;100;;0;;;0;0;0;0;"Estimées";;"Accidentelle";;;;;""
2015;5844;"13";"13085";"Roquefort-la-Bédoule";"2015-07-05 19:00:00";10;0;10;;;;;;;0;;;;;;;;""
2015;5848;"13";"13007";"Auriol";"2015-07-05 23:50:00";20;20;0;;;;;;;0;;;"Malveillance";;;;;""
2015;8077;"66";"66046";"Caudiès-de-Fenouillèdes";"2015-07-06 03:20:00";5000;;5000;;;;;;;;;"1";;;;;;""
2015;2117;"33";"33449";"Saint-Médard-en-Jalles";"2015-07-06 12:42:00";200;200;;0;;;0;;;0;;;;;;;;""
2015;365;"57";"57368";"Knutange";"2015-07-06 14:21:00";40000;40000;;0;;;0;0;0;0;"Estimées";;;;;;;""
2015;366;"12";"12185";"Pont-de-Salars";"2015-07-06 14:28:00";100;0;;100;;;100;0;0;0;"Estimées";;;;;;;""
2015;1195;"45";"45324";"Tigy";"2015-07-06 14:30:00";10000;10000;;0;;;0;0;0;0;"Estimées";;;;;;;""
2015;1560;"24";"24512";"Saint-Vincent-le-Paluel";"2015-07-06 15:09:00";50000;50000;;0;;;0;;;0;;;;;;;;""
2015;2761;"71";"71076";"Chalon-sur-Saône";"2015-07-06 15:45:00";100000;0;;100000;;;100000;0;0;0;"Estimées";;;;;;;""
2015;1051;"72";"72213";"Mulsanne";"2015-07-06 15:45:00";10000;10000;;0;;;0;0;0;0;"Estimées";;;;;;;""
2015;1396;"02";"02154";"Chacrise";"2015-07-06 16:20:00";20000;20000;;0;;;0;0;0;0;"Estimées";;;;;;;""
2015;8078;"66";"66168";"Saint-André";"2015-07-06 16:30:00";10000;1000;8000;;;;;;;1000;;"6";;;;;;""
2015;369;"63";"63181";"Jozerand";"2015-07-06 16:30:00";2313;0;;385;;;385;1928;0;1928;"Mesurées";;;;;;;""
2015;902;"15";"15038";"Champs-sur-Tarentaine-Marchal";"2015-07-06 17:11:00";14400;4400;;0;;;0;10000;0;10000;"Estimées";;;;;;;""
2015;8080;"66";"66012";"Baho";"2015-07-06 17:24:00";1500;1500;;;;;;;;;;"4";"Malveillance";;;;;""
2015;5913;"11";"11426";"Villegly";"2015-07-06 18:18:00";10323;;;;;;;;;;;;"Malveillance";;;;;""
2015;878;"15";"15013";"Auriac-l'Église";"2015-07-06 19:16:00";50000;0;;50000;;;50000;0;0;0;"Estimées";;;;;;;""
2015;1052;"72";"72213";"Mulsanne";"2015-07-06 20:24:00";50;50;;0;;;0;0;0;0;"Estimées";;;;;;;""
2015;1053;"72";"72213";"Mulsanne";"2015-07-07 00:05:00";200;200;;0;;;0;0;0;0;"Estimées";;;;;;;""
2015;5888;"07";"07323";"Toulaud";"2015-07-07 02:52:00";151000;0;151000;;;;;;;;;"5";"Malveillance";;;;;""
2015;382;"17";"17386";"Saint-Pierre-du-Palais";"2015-07-07 06:34:00";3500;3500;;0;;;0;0;0;0;"Estimées";;;;;;;""
2015;7827;"48";"48097";"Moissac-Vallée-Française";"2015-07-07 09:07:00";5;5;;;;;;;;;;"4";;;;;;""
2015;2762;"71";"71076";"Chalon-sur-Saône";"2015-07-07 11:20:00";50000;0;;50000;;;50000;0;0;0;"Estimées";;;;;;;""
2015;1140;"73";"73211";"Queige";"2015-07-07 12:39:00";150000;150000;;0;;;0;0;0;0;"Estimées";;"Malveillance";;;;;""
2015;383;"17";"17074";"Bussac-Forêt";"2015-07-07 12:50:00";120;120;;0;;;0;0;0;0;"Estimées";;"Malveillance";;;;;""
2015;5967;"2B";"2B143";"Linguizzetta";"2015-07-07 13:47:00";100350;3000;0;;;;;;;97350;;"4";"Malveillance";;;;;""
2015;2757;"43";"43082";"Cronce";"2015-07-07 13:56:00";80000;80000;;0;;;0;0;0;0;"Estimées";;;;;;;""
2015;2109;"33";"33097";"Carcans";"2015-07-07 14:19:00";7000;7000;;0;;;0;;;0;;;;;;;;""
2015;1228;"69";"69241";"Taluyers";"2015-07-07 14:28:00";150000;0;;150000;;;150000;0;0;0;"Mesurées";;;;;;;""
2015;1229;"69";"69289";"Saint-Pierre-de-Chandieu";"2015-07-07 14:47:00";200000;0;;200000;;;200000;0;0;0;"Mesurées";;;;;;;""
2015;4553;"42";"42296";"Salt-en-Donzy";"2015-07-07 15:50:00";30000;30000;;0;;;0;0;0;0;"Estimées";;;;;;;""
2015;7235;"13";"13063";"Miramas";"2015-07-07 15:59:00";1000;1000;0;;;;;;;0;;;"Malveillance";;;;;""
2015;7573;"34";"34088";"Cournonterral";"2015-07-07 16:46:00";100;;100;;;;;;;;;"1";"Involontaire (particulier)";;;;;""
2015;6379;"06";"06126";"Saint-Martin-du-Var";"2015-07-07 17:03:00";2700;;2700;;;;;;;;;"2";"Malveillance";;;;;""
2015;370;"46";"46042";"Cahors";"2015-07-07 17:53:00";500;0;;500;;;500;0;0;0;"Estimées";;;;;;;""
2015;368;"63";"63390";"Saint-Quintin-sur-Sioule";"2015-07-07 17:55:00";21108;21108;;0;;;0;0;0;0;"Mesurées";;;;;;;""
2015;2106;"33";"33416";"Saint-Girons-d'Aiguevives";"2015-07-07 18:07:00";500;500;;0;;;0;;;0;;;"Accidentelle";;;;;""
2015;8082;"66";"66004";"Les Angles";"2015-07-07 19:01:00";5000;5000;;;;;;;;;;"4";;;;;;""
2015;1554;"24";"24481";"Saint-Paul-la-Roche";"2015-07-07 19:10:00";40000;40000;;0;;;0;;;0;;;;;;;;""
2015;881;"15";"15013";"Auriac-l'Église";"2015-07-07 19:16:00";50000;0;;50000;;;50000;0;0;0;"Estimées";;;;;;;""
2015;6980;"2A";"2A006";"Alata";"2015-07-07 19:26:00";13500;13500;;;;;;;;;;"1";"Malveillance";;;;;""
2015;7823;"48";"48046";"Chaulhac";"2015-07-07 20:15:00";1500;;1500;;;;;;;;;"1";"Involontaire (travaux)";;;;;""
2015;5956;"11";"11069";"Carcassonne";"2015-07-07 20:23:00";1000;;;;;;;;;;;;"Involontaire (travaux)";;;;;""
2015;2456;"40";"40287";"Sanguinet";"2015-07-08 01:20:00";1400;1400;;0;;;0;;;0;;;;;;;;""
2015;5939;"11";"11386";"Talairan";"2015-07-08 04:16:00";54934;20000;34934;;;;;;;;;;"Malveillance";;;;;""
2015;8085;"66";"66069";"Espira-de-l'Agly";"2015-07-08 07:01:00";7000;1000;6000;;;;;;;;;"1";"Malveillance";;;;;""
2015;7574;"34";"34049";"Camplong";"2015-07-08 11:48:00";300;150;150;;;;;;;;;"1";"Involontaire (particulier)";;;;;""
2015;6985;"2A";"2A114";"Figari";"2015-07-08 11:51:00";3000;;3000;;;;;;;;;"1";"Involontaire (travaux)";;;;;""
2015;5960;"83";"83009";"Bandol";"2015-07-08 12:20:00";3600;3600;;;;;;;;;;"5";"Malveillance";;;;;""
2015;5943;"30";"30044";"Bonnevaux";"2015-07-08 12:27:00";4654;;;;;;;;;;;"1";"Involontaire (particulier)";;;;;""
2015;6106;"04";"04022";"Barrême";"2015-07-08 13:09:00";1000;600;;;;;;;;400;;"5";"Accidentelle";;;;;""
2015;7236;"13";"13100";"Saint-Rémy-de-Provence";"2015-07-08 13:20:00";30;30;0;;;;;;;0;;;;;;;;""
2015;7575;"34";"34006";"Aigne";"2015-07-08 13:23:00";200;200;;;;;;;;;;"5";"Malveillance";;;;;""
2015;7237;"13";"13114";"Ventabren";"2015-07-08 13:40:00";600;300;300;;;;;;;0;;;"Involontaire (particulier)";;;;;""
2015;5957;"07";"07138";"Lavilledieu";"2015-07-08 13:40:00";500;;500;;;;;;;;;"1";;;;;;""
2015;6734;"34";"34116";"Grabels";"2015-07-08 14:57:00";5800;4000;1800;;;;;;;;;"4";"Accidentelle";;;;;""
2015;5963;"83";"83101";"Ramatuelle";"2015-07-08 15:07:00";400;400;;;;;;;;;;"4";"Accidentelle";;;;;""
2015;6107;"04";"04166";"Riez";"2015-07-08 16:32:00";7700;;7700;;;;;;;;;"1";"Accidentelle";;;;;""
2015;2742;"41";"41185";"Pruniers-en-Sologne";"2015-07-08 16:47:00";6000;0;;6000;;;6000;0;0;0;"Estimées";;"Naturelle";;;;;""
2015;5958;"07";"07330";"Vallon-Pont-d'Arc";"2015-07-08 16:54:00";1000;1000;;;;;;;;;;"3";;;;;;""
2015;2455;"40";"40243";"Rion-des-Landes";"2015-07-08 18:17:00";1000;1000;;0;;;0;;;0;;;;;;;;""
2015;7576;"34";"34072";"Celles";"2015-07-08 19:58:00";6200;;6200;;;;;;;;;"1";"Involontaire (particulier)";;;;;""
2015;988;"28";"28369";"Saulnières";"2015-07-08 20:14:00";30000;0;;10000;;;10000;0;20000;20000;"Estimées";;;;;;;""
2015;813;"63";"63470";"Volvic";"2015-07-08 20:20:00";4008;0;;4008;;;4008;0;0;0;"Mesurées";;;;;;;""
2015;814;"63";"63472";"Yronde-et-Buron";"2015-07-08 20:26:00";12802;0;;1390;;;1390;0;11412;11412;"Mesurées";;;;;;;""
2015;5968;"2B";"2B281";"Sisco";"2015-07-08 22:38:00";700;350;350;;;;;;;0;;"2";;;;;;""
2015;2101;"33";"33177";"Gaillan-en-Médoc";"2015-07-09 01:51:00";500;500;;0;;;0;;;0;;;;;;;;""
2015;7239;"13";"13050";"Lambesc";"2015-07-09 02:46:00";500;500;0;;;;;;;0;;;"Malveillance";;;;;""
2015;5959;"07";"07070";"Cornas";"2015-07-09 05:22:00";200;200;;;;;;;;;;"2";;;;;;""
2015;2100;"33";"33351";"Reignac";"2015-07-09 06:23:00";10500;10500;;0;;;0;;;0;;;"Malveillance";;;;;""
2015;7240;"13";"13119";"Carnoux-en-Provence";"2015-07-09 06:58:00";20;20;0;;;;;;;0;;;"Involontaire (particulier)";;;;;""
2015;1054;"72";"72260";"Ruaudin";"2015-07-09 11:49:00";500;500;;0;;;0;0;0;0;"Estimées";;;;;;;""
2015;6694;"83";"83137";"Toulon";"2015-07-09 12:14:00";450;450;;;;;;;;;;"5";"Malveillance";;;;;""
2015;6079;"11";"11122";"Douzens";"2015-07-09 12:19:00";3249;;;;;;;;;;;;"Accidentelle";;;;;""
2015;9635;"30";"30085";"Collias";"2015-07-09 12:34:00";843;;;;;;;;;;;"1";"Malveillance";;;;;""
2015;7262;"48";"48015";"Pied-de-Borne";"2015-07-09 13:39:00";41600;5500;36100;;;;;;;;;"1";"Involontaire (travaux)";;;;;""
2015;2099;"33";"33029";"Le Barp";"2015-07-09 13:46:00";5000;5000;;0;;;0;;;0;;;;;;;;""
2015;395;"43";"43258";"Vergongheon";"2015-07-09 14:40:00";28000;0;;3000;;;3000;25000;0;25000;"Estimées";;;;;;;""
2015;432;"79";"79079";"Mauléon";"2015-07-09 14:45:00";18300;18000;;0;;;0;0;300;300;"Estimées";;;;;;;""
2015;6695;"83";"83075";"Les Mayons";"2015-07-09 15:24:00";30;30;;;;;;;;;;"3";"Involontaire (particulier)";;;;;""
2015;2764;"71";"71076";"Chalon-sur-Saône";"2015-07-09 15:40:00";70000;0;;70000;;;70000;0;0;0;"Estimées";;;;;;;""
2015;2454;"40";"40261";"Saint-Geours-de-Maremne";"2015-07-09 16:51:00";1790;1790;;0;;;0;;;0;;;"Naturelle";;;;;""
2015;2622;"47";"47201";"Le Passage";"2015-07-09 17:25:00";4500;4500;;0;;;0;;;0;;;;;;;;""
2015;521;"77";"77186";"Fontainebleau";"2015-07-09 17:30:00";10000;10000;;0;;;0;0;0;0;"Mesurées";;"Involontaire (particulier)";;;;;""
2015;2712;"41";"41142";"Molineuf";"2015-07-09 17:35:00";2000;0;;2000;;;2000;0;0;0;"Estimées";;;;;;;""
2015;9636;"30";"30085";"Collias";"2015-07-09 17:47:00";10;;;;;;;;;;;"1";"Involontaire (travaux)";;;;;""
2015;1230;"69";"69277";"Genas";"2015-07-09 18:56:00";10000;0;;10000;;;10000;0;0;0;"Mesurées";;;;;;;""
2015;2094;"33";"33498";"Salles";"2015-07-09 19:09:00";10000;10000;;0;;;0;;;0;;;;;;;;""
2015;2093;"33";"33498";"Salles";"2015-07-09 19:15:00";15000;15000;;0;;;0;;;0;;;;;;;;""
2015;2092;"33";"33318";"Pessac";"2015-07-09 19:34:00";200;200;;0;;;0;;;0;;;;;;;;""
2015;8732;"11";"11286";"Peyriac-Minervois";"2015-07-09 19:37:00";850;;;;;;;;;;;;"Malveillance";;;;;""
2015;6046;"07";"07201";"Ruoms";"2015-07-09 22:24:00";100;;100;;;;;;;;;"1";;;;;;""
2015;2090;"33";"33202";"Hostens";"2015-07-09 22:43:00";3000;3000;;0;;;0;;;0;;;;;;;;""
2015;6080;"11";"11396";"Trausse";"2015-07-09 23:38:00";16934;;;;;;;;;;;;"Malveillance";;;;;""
2015;7238;"13";"13063";"Miramas";"2015-07-09 23:55:00";3000;1500;1500;;;;;;;0;;;"Malveillance";;;;;""
2015;8093;"66";"66049";"Céret";"2015-07-10 05:50:00";500;500;;;;;;;;;;"3";;;;;;""
2015;541;"46";"46067";"Cazillac";"2015-07-10 10:03:00";400;0;;400;;;400;0;0;0;"Estimées";;;;;;;""
2015;6072;"30";"30085";"Collias";"2015-07-10 10:45:00";10;;;;;;;;;;;"1";"Involontaire (travaux)";;;;;""
2015;7025;"11";"11322";"Roquefort-des-Corbières";"2015-07-10 11:29:00";1500;;;;;;;;;;;;"Malveillance";;;;;""
2015;2713;"41";"41176";"Pierrefitte-sur-Sauldre";"2015-07-10 11:55:00";15000;0;;15000;;;15000;0;0;0;"Estimées";;;;;;;""
2015;6748;"34";"34046";"Cambon-et-Salvergues";"2015-07-10 12:05:00";1500;1500;;;;;;;;;;"3";"Involontaire (travaux)";;;;;""
2015;2754;"41";"41087";"Fontaine-les-Coteaux";"2015-07-10 12:22:00";80000;80000;;0;;;0;0;0;0;"Estimées";;"Naturelle";;;;;""
2015;6417;"2B";"2B079";"Castello-di-Rostino";"2015-07-10 12:57:00";125400;0;118950;;;;;;;6450;;"1";"Malveillance";;;;;""
2015;542;"46";"46154";"Laramière";"2015-07-10 13:37:00";55000;0;;55000;;;55000;0;0;0;"Estimées";;;;;;;""
2015;1196;"45";"45067";"Chaingy";"2015-07-10 13:40:00";1000;1000;;0;;;0;0;0;0;"Estimées";;;;;;;""
2015;1231;"69";"69175";"Savigny";"2015-07-10 14:14:00";20000;0;;20000;;;20000;0;0;0;"Mesurées";;;;;;;""
2015;1056;"72";"72213";"Mulsanne";"2015-07-10 14:42:00";1070000;1070000;;0;;;0;0;0;0;"Estimées";;;;;;;""
2015;1133;"32";"32459";"Valence-sur-Baïse";"2015-07-10 14:45:00";150000;0;;30000;;;30000;0;120000;120000;"Estimées";;;;;;;""
2015;7671;"48";"48053";"Cubières";"2015-07-10 14:59:00";8540;8540;;;;;;;;;;"1";"Involontaire (particulier)";;;;;""
2015;6081;"11";"11009";"Alzonne";"2015-07-10 15:02:00";163000;0;163000;;;;;;;;;;"Involontaire (travaux)";;;;;""
2015;627;"23";"23090";"Gentioux-Pigerolles";"2015-07-10 15:10:00";15000;15000;;0;;;0;0;0;0;"Estimées";;;;;;;""
2015;7625;"34";"34088";"Cournonterral";"2015-07-10 15:33:00";100;;100;;;;;;;;;"1";"Involontaire (particulier)";;;;;""
2015;11992;"2A";"2A004";"Ajaccio";"2015-07-10 16:12:00";50;;50;;;;;;;;;;;;;;;""
2015;1055;"72";"72072";"Château-l'Hermitage";"2015-07-10 16:14:00";10000;10000;;0;;;0;0;0;0;"Estimées";;;;;;;""
2015;7828;"48";"48090";"Le Malzieu-Ville";"2015-07-10 16:50:00";9620;1700;7920;;;;;;;;;"1";;;;;;""
2015;1057;"72";"72346";"La Suze-sur-Sarthe";"2015-07-10 16:52:00";500;500;;0;;;0;0;0;0;"Estimées";;;;;;;""
2015;2082;"33";"33422";"Saint-Jean-d'Illac";"2015-07-10 17:06:00";869000;869000;;0;;;0;;;0;;;;;;;;""
2015;9637;"30";"30085";"Collias";"2015-07-10 17:20:00";10;;;;;;;;;;;"1";"Involontaire (travaux)";;;;;""
2015;2080;"33";"33229";"Lanton";"2015-07-10 18:00:00";10000;10000;;0;;;0;;;0;;;;;;;;""
2015;2452;"40";"40053";"Bourriot-Bergonce";"2015-07-10 18:22:00";40000;30000;;0;;;0;;;10000;;;;;;;;""
2015;8096;"66";"66008";"Argelès-sur-Mer";"2015-07-10 18:39:00";500;500;;;;;;;;;;"3";"Malveillance";;;;;""
2015;695;"18";"18109";"Henrichemont";"2015-07-10 19:17:00";700;700;;0;;;0;0;0;0;"Estimées";;;;;;;""
2015;2077;"33";"33264";"Maransin";"2015-07-10 19:18:00";500;500;;0;;;0;;;0;;;;;;;;""
2015;6359;"48";"48088";"La Malène";"2015-07-10 19:19:00";2000;2000;;;;;;;;;;"4";;;;;;""
2015;2074;"33";"33300";"Naujac-sur-Mer";"2015-07-11 03:52:00";20000;20000;;0;;;0;;;0;;;;;;;;""
2015;2073;"33";"33300";"Naujac-sur-Mer";"2015-07-11 07:45:00";200;200;;0;;;0;;;0;;;;;;;;""
2015;990;"28";"28124";"Dampierre-sur-Avre";"2015-07-11 10:05:00";500;500;;0;;;0;0;0;0;"Estimées";;;;;;;""
2015;2451;"40";"40184";"Mimizan";"2015-07-11 12:57:00";11000;11000;;0;;;0;;;0;;;;;;;;""
2015;6672;"26";"26318";"Saint-May";"2015-07-11 14:18:00";60000;58000;2000;;;;;;;;;"3";"Involontaire (particulier)";;;;;""
2015;1985;"33";"33197";"Guillos";"2015-07-11 14:42:00";10000;10000;;0;;;0;;;0;;;;;;;;""
2015;906;"15";"15253";"Vernols";"2015-07-11 14:56:00";6400;4900;;0;;;0;1500;0;1500;"Estimées";;"Malveillance";;;;;""
2015;1232;"69";"69269";"Yzeron";"2015-07-11 15:44:00";10000;0;;10000;;;10000;0;0;0;"Mesurées";;;;;;;""
2015;1982;"33";"33056";"Blanquefort";"2015-07-11 15:45:00";5000;5000;;0;;;0;;;0;;;;;;;;""
2015;2450;"40";"40046";"Biscarrosse";"2015-07-11 16:32:00";8000;8000;;0;;;0;;;0;;;;;;;;""
2015;4554;"42";"42197";"Sainte-Agathe-la-Bouteresse";"2015-07-11 16:42:00";20000;20000;;0;;;0;0;0;0;"Estimées";;;;;;;"Données partielles ou non valides"
2015;2749;"89";"89418";"Tonnerre";"2015-07-11 17:08:00";100;100;;0;;;0;0;0;0;"Estimées";;;;;;;""
2015;6768;"34";"34046";"Cambon-et-Salvergues";"2015-07-11 17:10:00";1600;1600;;;;;;;;;;"4";"Involontaire (travaux)";;;;;""
2015;1197;"45";"45226";"Neuvy-en-Sullias";"2015-07-11 17:17:00";30500;500;;0;;;0;0;30000;30000;"Estimées";;;;;;;""
2015;2449;"40";"40046";"Biscarrosse";"2015-07-11 17:37:00";127000;127000;;0;;;0;;;0;;;;;;;;""
2015;1233;"69";"69109";"Lantignié";"2015-07-11 17:37:00";20000;0;;20000;;;20000;0;0;0;"Mesurées";;;;;;;""
2015;433;"79";"79280";"Saint-Maurice-la-Fougereuse";"2015-07-11 18:13:00";208000;8000;;0;;;0;0;200000;200000;"Estimées";;"Involontaire (travaux)";;;;;""
2015;2765;"71";"71076";"Chalon-sur-Saône";"2015-07-11 19:00:00";110000;0;;110000;;;110000;0;0;0;"Estimées";;;;;;;""
2015;1198;"45";"45281";"Saint-Hilaire-les-Andrésis";"2015-07-11 19:29:00";1000;1000;;0;;;0;0;0;0;"Estimées";;;;;;;""
2015;1151;"73";"73002";"Aiguebelle";"2015-07-11 20:54:00";50;50;;0;;;0;0;0;0;"Mesurées";;;;;;;""
2015;6361;"48";"48039";"Chanac";"2015-07-11 21:11:00";1770;1770;;;;;;;;;;"4";;;;;;""
2015;2448;"40";"40053";"Bourriot-Bergonce";"2015-07-11 21:51:00";2900;2900;;0;;;0;;;0;;;;;;;;""
2015;6512;"11";"11436";"Villesèque-des-Corbières";"2015-07-11 23:25:00";10;;;;;;;;;;;;"Malveillance";;;;;""
2015;6813;"34";"34103";"Fontès";"2015-07-12 02:52:00";86200;20000;50000;;;;;;;16200;;"1";"Malveillance";;;;;""
2015;8100;"66";"66014";"Baixas";"2015-07-12 07:30:00";15000;;15000;;;;;;;;;"1";"Malveillance";;;;;""
2015;1058;"72";"72072";"Château-l'Hermitage";"2015-07-12 09:16:00";6000;6000;;0;;;0;0;0;0;"Estimées";;;;;;;""
2015;817;"63";"63365";"Saint-Jean-des-Ollières";"2015-07-12 11:05:00";348;0;;48;;;48;300;0;300;"Mesurées";;;;;;;""
2015;6820;"34";"34102";"Fontanès";"2015-07-12 11:57:00";10;;10;;;;;;;;;"1";"Involontaire (travaux)";;;;;""
2015;796;"70";"70160";"Coisevaux";"2015-07-12 12:35:00";120;60;;0;;;0;0;60;60;"Mesurées";;"Accidentelle";;;;;""
2015;7626;"34";"34095";"Fabrègues";"2015-07-12 12:50:00";500;;500;;;;;;;;;"1";"Involontaire (particulier)";;;;;""
2015;1234;"69";"69136";"Montagny";"2015-07-12 13:30:00";30000;0;;30000;;;30000;0;0;0;"Mesurées";;;;;;;""
2015;6178;"84";"84129";"Sorgues";"2015-07-12 14:11:00";400;;;;;;;;;;;;;;;;;""
2015;7241;"13";"13043";"Gignac-la-Nerthe";"2015-07-12 15:02:00";2000;200;1800;;;;;;;0;;;;;;;;""
2015;818;"63";"63081";"Champétières";"2015-07-12 15:35:00";2237;2237;;0;;;0;0;0;0;"Mesurées";;;;;;;""
2015;1980;"33";"33251";"Louchats";"2015-07-12 15:44:00";10000;10000;;0;;;0;;;0;;;;;;;;""
2015;6824;"34";"34160";"Mons";"2015-07-12 15:47:00";9900;900;;;;;;;;9000;;"5";"Malveillance";;;;;""
2015;1979;"33";"33042";"Belin-Béliet";"2015-07-12 16:07:00";7000;3500;;0;;;0;;;3500;;;"Involontaire (particulier)";;;;;""
2015;424;"21";"21223";"Daix";"2015-07-12 16:19:00";13700;13700;;0;;;0;0;0;0;"Mesurées";;;;;;;""
2015;546;"46";"46130";"Grézels";"2015-07-12 17:07:00";2000;0;;2000;;;2000;0;0;0;"Estimées";;;;;;;""
2015;547;"46";"46173";"Limogne-en-Quercy";"2015-07-12 17:17:00";5000;0;;5000;;;5000;0;0;0;"Estimées";;;;;;;""
2015;1293;"16";"16215";"Médillac";"2015-07-12 17:17:00";40000;40000;;0;;;0;0;0;0;"Estimées";;;;;;;""
2015;1978;"33";"33251";"Louchats";"2015-07-12 17:39:00";10;10;;0;;;0;;;0;;;;;;;;""
2015;6383;"84";"84129";"Sorgues";"2015-07-12 18:14:00";250000;250000;;;;;;;;;;;"Malveillance";;;;;""
2015;1975;"33";"33499";"Les Salles-de-Castillon";"2015-07-12 19:00:00";50;50;;0;;;0;;;0;;;;;;;;""
2015;6825;"34";"34334";"Vieussan";"2015-07-12 19:41:00";2000;2000;;;;;;;;;;"3";"Malveillance";;;;;""
2015;819;"63";"63141";"Durtol";"2015-07-12 19:56:00";7948;0;;7948;;;7948;0;0;0;"Mesurées";;;;;;;""
2015;2766;"71";"71270";"Mâcon";"2015-07-12 20:20:00";30000;0;;30000;;;30000;0;0;0;"Estimées";;;;;;;""
2015;1972;"33";"33529";"La Teste-de-Buch";"2015-07-12 21:10:00";700;700;;0;;;0;;;0;;;;;;;;""
2015;7627;"34";"34116";"Grabels";"2015-07-12 21:20:00";100;100;;;;;;;;;;"4";"Involontaire (particulier)";;;;;""
2015;1235;"69";"69094";"Grézieu-la-Varenne";"2015-07-13 01:27:00";30000;0;;30000;;;30000;0;0;0;"Mesurées";;;;;;;""
2015;1971;"33";"33424";"Saint-Laurent-Médoc";"2015-07-13 06:31:00";20;20;;0;;;0;;;0;;;;;;;;""
2015;1059;"72";"72243";"Pontvallain";"2015-07-13 10:09:00";2;2;;0;;;0;0;0;0;"Estimées";;;;;;;""
2015;6989;"2A";"2A247";"Porto-Vecchio";"2015-07-13 10:54:00";200;;200;;;;;;;;;"1";"Involontaire (particulier)";;;;;""
2015;7243;"13";"13081";"Rognac";"2015-07-13 11:40:00";800;400;400;;;;;;;0;;;;;;;;""
2015;6827;"34";"34116";"Grabels";"2015-07-13 11:50:00";1300;1300;;;;;;;;;;"4";"Involontaire (particulier)";;;;;""
2015;548;"46";"46325";"Vaillac";"2015-07-13 12:06:00";20000;0;;20000;;;20000;0;0;0;"Estimées";;;;;;;""
2015;820;"63";"63123";"Cournols";"2015-07-13 13:00:00";5280;0;;5280;;;5280;0;0;0;"Mesurées";;;;;;;""
2015;2446;"40";"40096";"Estigarde";"2015-07-13 13:05:00";7000;7000;;0;;;0;;;0;;;;;;;;""
2015;7026;"11";"11041";"Bize-Minervois";"2015-07-13 14:09:00";200;;;;;;;;;;;;;;;;;""
2015;8730;"11";"11304";"Quillan";"2015-07-13 14:10:00";1000;;;;;;;;;;;;"Malveillance";;;;;""
2015;6290;"07";"07205";"Saint-Alban-d'Ay";"2015-07-13 14:22:00";40000;40000;;;;;;;;;;"5";;;;;;""
2015;8104;"66";"66069";"Espira-de-l'Agly";"2015-07-13 14:27:00";30;30;;;;;;;;;;"4";"Malveillance";;;;;""
2015;1969;"33";"33271";"Marions";"2015-07-13 14:33:00";1000;500;;0;;;0;;;500;;;;;;;;""
2015;6513;"11";"11259";"Moussoulens";"2015-07-13 14:38:00";299200;99200;200000;;;;;;;;;;"Involontaire (particulier)";;;;;""
2015;2767;"71";"71014";"Autun";"2015-07-13 15:00:00";110000;0;;110000;;;110000;0;0;0;"Estimées";;;;;;;""
2015;7244;"13";"13033";"Ensuès-la-Redonne";"2015-07-13 15:27:00";20000;20000;0;;;;;;;0;;;;;;;;""
2015;6992;"2A";"2A004";"Ajaccio";"2015-07-13 16:02:00";8000;;8000;;;;;;;;;"1";;;;;;""
2015;991;"28";"28415";"Villemeux-sur-Eure";"2015-07-13 16:33:00";10100;0;;100;;;100;0;10000;10000;"Estimées";;;;;;;""
2015;1547;"24";"24391";"Saint-Crépin-de-Richemont";"2015-07-13 16:37:00";200;200;;0;;;0;;;0;;;"Involontaire (particulier)";;;;;""
2015;2610;"47";"47323";"Villeneuve-sur-Lot";"2015-07-13 16:42:00";10000;10000;;0;;;0;;;0;;;"Involontaire (travaux)";;;;;""
2015;6712;"83";"83146";"La Verdière";"2015-07-13 16:53:00";800;800;;;;;;;;;;"2";"Accidentelle";;;;;""
2015;2609;"47";"47026";"Beauziac";"2015-07-13 16:53:00";150;150;;0;;;0;;;0;;;;;;;;""
2015;1965;"33";"33122";"Cestas";"2015-07-13 17:44:00";30000;30000;;0;;;0;;;0;;;;;;;;""
2015;6830;"34";"34047";"Campagnan";"2015-07-13 18:46:00";6000;1000;2000;;;;;;;3000;;"1";"Involontaire (particulier)";;;;;""
2015;1963;"33";"33273";"Martignas-sur-Jalle";"2015-07-13 19:06:00";40000;40000;;0;;;0;;;0;;;;;;;;""
2015;727;"38";"38333";"Rencurel";"2015-07-13 19:09:00";2000;0;;2000;;;2000;0;0;0;"Estimées";;;;;;;""
2015;423;"58";"58192";"Neuville-lès-Decize";"2015-07-13 19:10:00";15000;15000;;0;;;0;0;0;0;"Mesurées";;;;;;;""
2015;6291;"07";"07291";"Saint-Remèze";"2015-07-13 19:24:00";3000;;3000;;;;;;;;;"1";;;;;;""
2015;6207;"30";"30350";"Le Vigan";"2015-07-13 19:39:00";621;;;;;;;;;;;"1";"Involontaire (particulier)";;;;;""
2015;4555;"42";"42328";"Verrières-en-Forez";"2015-07-13 20:23:00";20000;20000;;0;;;0;0;0;0;"Estimées";;;;;;;""
2015;1962;"33";"33122";"Cestas";"2015-07-13 21:09:00";10000;5000;;0;;;0;;;5000;;;"Accidentelle";;;;;""
2015;7245;"13";"13075";"Plan-de-Cuques";"2015-07-13 22:18:00";1000;700;300;;;;;;;0;;;"Involontaire (particulier)";;;;;""
2015;8109;"66";"66187";"Saint-Paul-de-Fenouillet";"2015-07-13 22:32:00";100;;100;;;;;;;;;"1";"Involontaire (particulier)";;;;;""
2015;8438;"2A";"2A362";"Zonza";"2015-07-13 22:36:00";40;40;;;;;;;;;;"4";"Involontaire (particulier)";;;;;""
2015;8108;"66";"66004";"Les Angles";"2015-07-13 23:07:00";10;10;;;;;;;;;;"4";;;;;;""
2015;7246;"13";"13085";"Roquefort-la-Bédoule";"2015-07-13 23:20:00";250;0;250;;;;;;;0;;;"Involontaire (particulier)";;;;;""
2015;1545;"24";"24059";"Bourgnac";"2015-07-13 23:29:00";20000;20000;;0;;;0;;;0;;;;;;;;""
2015;1236;"69";"69191";"Saint-Cyr-au-Mont-d'Or";"2015-07-14 00:26:00";30000;0;;30000;;;30000;0;0;0;"Mesurées";;;;;;;""
2015;7247;"13";"13047";"Istres";"2015-07-14 00:53:00";1500;500;500;;;;;;;500;;;"Involontaire (particulier)";;;;;""
2015;6963;"13";"13055";"Marseille";"2015-07-14 01:28:00";10000;10000;;;;;;;;;;;;;;;;""
2015;1544;"24";"24431";"Saint-Julien-de-Crempse";"2015-07-14 02:45:00";1000;1000;;0;;;0;;;0;;;;;;;;""
2015;9638;"30";"30306";"Salinelles";"2015-07-14 05:59:00";4700;;;;;;;;;;;"2";"Malveillance";;;;;""
2015;7004;"2A";"2A114";"Figari";"2015-07-14 06:25:00";30;;30;;;;;;;;;;;;;;;""
2015;9639;"30";"30306";"Salinelles";"2015-07-14 08:51:00";10;;;;;;;;;;;"2";"Involontaire (travaux)";;;;;""
2015;1960;"33";"33314";"Pauillac";"2015-07-14 11:16:00";5000;5000;;0;;;0;;;0;;;"Accidentelle";;;;;""
2015;1060;"72";"72181";"Le Mans";"2015-07-14 11:29:00";500;500;;0;;;0;0;0;0;"Estimées";;;;;;;""
2015;2445;"40";"40046";"Biscarrosse";"2015-07-14 12:29:00";1000;1000;;0;;;0;;;0;;;"Involontaire (particulier)";;;;;""
2015;9640;"30";"30306";"Salinelles";"2015-07-14 12:42:00";10;;;;;;;;;;;"2";"Involontaire (travaux)";;;;;""
2015;6390;"84";"84070";"Malemort-du-Comtat";"2015-07-14 12:46:00";1000;;;;;;;;;;;;;;;;;""
2015;428;"57";"57413";"Longeville-lès-Saint-Avold";"2015-07-14 13:09:00";20000;20000;;0;;;0;0;0;0;"Estimées";;;;;;;""
2015;549;"46";"46042";"Cahors";"2015-07-14 13:27:00";3000;0;;3000;;;3000;0;0;0;"Estimées";;;;;;;""
2015;7628;"34";"34047";"Campagnan";"2015-07-14 14:37:00";1100;;1100;;;;;;;;;"1";"Involontaire (travaux)";;;;;""
2015;1958;"33";"33555";"Marcheprime";"2015-07-14 15:16:00";600;600;;0;;;0;;;0;;;;;;;;""
2015;8731;"11";"11294";"Pomy";"2015-07-14 15:24:00";4000;;;;;;;;;;;;"Accidentelle";;;;;""
2015;733;"38";"38189";"Heyrieux";"2015-07-14 15:35:00";2500;0;;2500;;;2500;0;0;0;"Estimées";;;;;;;""
2015;7629;"34";"34003";"Agde";"2015-07-14 15:54:00";31000;;20000;;;;;;;11000;;"1";"Involontaire (particulier)";;;;;""
2015;1237;"69";"69133";"Millery";"2015-07-14 16:26:00";20000;0;;20000;;;20000;0;0;0;"Mesurées";;;;;;;""
2015;1956;"33";"33273";"Martignas-sur-Jalle";"2015-07-14 16:28:00";400;400;;0;;;0;;;0;;;;;;;;""
2015;8118;"66";"66205";"Tautavel";"2015-07-14 16:49:00";80000;60000;20000;;;;;;;;;"4";"Malveillance";;;;;""
2015;9641;"30";"30027";"Bagard";"2015-07-14 17:12:00";100;;;;;;;;;;;"4";"Malveillance";;;;;""
2015;2607;"47";"47148";"Leyritz-Moncassin";"2015-07-14 17:19:00";5000;5000;;0;;;0;;;0;;;;;;;;""
2015;6292;"07";"07171";"Payzac";"2015-07-14 17:58:00";20000;20000;;;;;;;;;;"4";;;;;;""
2015;1543;"24";"24338";"Pressignac-Vicq";"2015-07-14 18:22:00";500;500;;0;;;0;;;0;;;;;;;;""
2015;2714;"41";"41160";"Neuvy";"2015-07-14 18:45:00";10000;0;;10000;;;10000;0;0;0;"Estimées";;"Accidentelle";;;;;""
2015;1954;"33";"33081";"Cadillac";"2015-07-14 19:27:00";1000;1000;;0;;;0;;;0;;;"Accidentelle";;;;;""
2015;1953;"33";"33199";"Gujan-Mestras";"2015-07-14 19:45:00";800;800;;0;;;0;;;0;;;"Accidentelle";;;;;""
2015;1951;"33";"33532";"Tizac-de-Lapouyade";"2015-07-14 20:53:00";1000;1000;;0;;;0;;;0;;;;;;;;""
2015;2444;"40";"40021";"Azur";"2015-07-14 21:08:00";2000;2000;;0;;;0;;;0;;;;;;;;""
2015;6718;"83";"83067";"Gonfaron";"2015-07-14 22:03:00";150;;150;;;;;;;;;"1";"Involontaire (particulier)";;;;;""
2015;6925;"04";"04039";"Castellane";"2015-07-14 22:39:00";30;;;;;;;;;;;;"Involontaire (particulier)";;;;;""
2015;6362;"07";"07258";"Saint-Julien-Vocance";"2015-07-14 22:52:00";50000;10000;40000;;;;;;;;;"1";"Malveillance";;;;;""
2015;8190;"66";"66215";"Trévillach";"2015-07-14 23:13:00";100;100;;;;;;;;;;"4";"Involontaire (particulier)";;;;;""
2015;6514;"11";"11041";"Bize-Minervois";"2015-07-14 23:24:00";17600;;;;;;;;;;;;"Involontaire (particulier)";;;;;""
2015;6850;"34";"34121";"Joncels";"2015-07-14 23:58:00";260;260;;;;;;;;;;"1";"Malveillance";;;;;""
2015;2715;"41";"41185";"Pruniers-en-Sologne";"2015-07-15 00:12:00";2500;2500;;0;;;0;0;0;0;"Estimées";;"Accidentelle";;;;;""
2015;6380;"06";"06159";"Villefranche-sur-Mer";"2015-07-15 01:04:00";1000;;1000;;;;;;;;;"1";;;;;;""
2015;7654;"13";"13055";"Marseille";"2015-07-15 01:06:00";10000;;10000;;;;;;;;;"1";"Malveillance";;;;;""
2015;737;"38";"38556";"Ville-sous-Anjou";"2015-07-15 01:46:00";1200;0;;1200;;;1200;0;0;0;"Estimées";;;;;;;""
2015;8119;"66";"66008";"Argelès-sur-Mer";"2015-07-15 05:01:00";4000;4000;;;;;;;;;;"4";"Involontaire (particulier)";;;;;""
2015;6340;"30";"30140";"Lasalle";"2015-07-15 10:10:00";57;;;;;;;;;;;"4";;;;;;""
2015;2443;"40";"40169";"Maillas";"2015-07-15 11:17:00";2000;2000;;0;;;0;;;0;;;;;;;;""
2015;2440;"40";"40158";"Losse";"2015-07-15 11:17:00";1000;1000;;0;;;0;;;0;;;;;;;;""
2015;2603;"47";"47007";"Allons";"2015-07-15 11:26:00";2500;2500;;0;;;0;;;0;;;;;;;;""
2015;2438;"40";"40100";"Le Frêche";"2015-07-15 11:44:00";500;500;;0;;;0;;;0;;;;;;;;""
2015;6363;"07";"07131";"Lanas";"2015-07-15 12:17:00";23000;;23000;;;;;;;;;"1";;;;;;""
2015;6343;"30";"30330";"Tornac";"2015-07-15 13:06:00";559;;;;;;;;;;;"2";"Malveillance";;;;;""
2015;2437;"40";"40309";"Souprosse";"2015-07-15 13:19:00";2700;2700;;0;;;0;;;0;;;"Involontaire (particulier)";;;;;""
2015;6365;"07";"07224";"Saint-Cirgues-en-Montagne";"2015-07-15 15:00:00";37000;;37000;;;;;;;;;"1";;;;;;""
2015;1061;"72";"72260";"Ruaudin";"2015-07-15 15:32:00";20000;20000;;0;;;0;0;0;0;"Estimées";;;;;;;""
2015;6360;"48";"48084";"Laval-Atger";"2015-07-15 15:54:00";4860;4100;700;;;;;;;60;;"4";;;;;;""
2015;1947;"33";"33203";"Hourtin";"2015-07-15 16:05:00";20000;20000;;0;;;0;;;0;;;;;;;;""
2015;8122;"66";"66039";"Caramany";"2015-07-15 16:22:00";1500;1500;;;;;;;;;;"3";"Malveillance";;;;;""
2015;6346;"30";"30205";"Pougnadoresse";"2015-07-15 16:28:00";2004;;;;;;;;;;;"2";"Involontaire (travaux)";;;;;""
2015;429;"57";"57089";"Bitche";"2015-07-15 16:29:00";20000;20000;;0;;;0;0;0;0;"Estimées";;;;;;;""
2015;6366;"07";"07337";"Vernosc-lès-Annonay";"2015-07-15 17:24:00";22000;12000;10000;;;;;;;;;"3";;;;;;""
2015;6858;"34";"34069";"Cazouls-lès-Béziers";"2015-07-15 18:33:00";2500;2500;;;;;;;;;;"6";"Malveillance";;;;;""
2015;2434;"40";"40149";"Lencouacq";"2015-07-15 18:54:00";3250;3250;;0;;;0;;;0;;;;;;;;""
2015;2600;"47";"47312";"Tournon-d'Agenais";"2015-07-15 18:58:00";20000;20000;;0;;;0;;;0;;;;;;;;""
2015;1254;"16";"16347";"Saint-Romain";"2015-07-15 19:51:00";50000;50000;;0;;;0;0;0;0;"Estimées";;;;;;;""
2015;992;"28";"28302";"Pontgouin";"2015-07-15 19:51:00";500;0;;500;;;500;0;0;0;"Estimées";;;;;;;""
2015;6440;"2B";"2B036";"Bigorno";"2015-07-15 20:40:00";800;0;800;;;;;;;0;;"1";;;;;;""
2015;1153;"73";"73194";"Orelle";"2015-07-15 20:50:00";60;60;;0;;;0;0;0;0;"Mesurées";;"Accidentelle";;;;;""
2015;6515;"11";"11097";"Conilhac-de-la-Montagne";"2015-07-15 20:53:00";3000;;;;;;;;;;;;"Accidentelle";;;;;""
2015;1941;"33";"33422";"Saint-Jean-d'Illac";"2015-07-15 21:21:00";200;200;;0;;;0;;;0;;;;;;;;""
2015;6861;"34";"34020";"Azillanet";"2015-07-16 02:29:00";13000;3000;10000;;;;;;;;;"1";"Malveillance";;;;;""
2015;6862;"34";"34006";"Aigne";"2015-07-16 03:35:00";2500;500;2000;;;;;;;;;"1";"Malveillance";;;;;""
2015;1939;"33";"33329";"Pompéjac";"2015-07-16 06:57:00";30000;30000;;0;;;0;;;0;;;;;;;;""
2015;8136;"66";"66068";"Escaro";"2015-07-16 08:44:00";15000;15000;;;;;;;;;;"4";"Accidentelle";;;;;""
2015;8137;"66";"66041";"Cases-de-Pène";"2015-07-16 10:50:00";4000;;4000;;;;;;;;;"1";;;;;;""
2015;434;"43";"43232";"Salzuit";"2015-07-16 11:44:00";26000;6000;;0;;;0;0;20000;20000;"Estimées";;"Involontaire (travaux)";;;;;""
2015;436;"58";"58182";"Moulins-Engilbert";"2015-07-16 12:35:00";184000;33100;;0;;;0;0;150900;150900;"Mesurées";;;;;;;""
2015;6863;"34";"34006";"Aigne";"2015-07-16 12:50:00";9700;3000;6700;;;;;;;;;"1";"Involontaire (travaux)";;;;;""
2015;550;"46";"46310";"Soulomès";"2015-07-16 13:03:00";40000;0;;40000;;;40000;0;0;0;"Estimées";;;;;;;""
2015;6454;"07";"07100";"Gravières";"2015-07-16 14:11:00";200;200;;;;;;;;;;"3";"Accidentelle";;;;;""
2015;1062;"72";"72047";"Brette-les-Pins";"2015-07-16 14:29:00";60000;60000;;0;;;0;0;0;0;"Estimées";;;;;;;""
2015;1064;"72";"72289";"Sainte-Jamme-sur-Sarthe";"2015-07-16 14:29:00";50;50;;0;;;0;0;0;0;"Estimées";;;;;;;""
2015;2597;"47";"47065";"Clairac";"2015-07-16 14:37:00";2000;2000;;0;;;0;;;0;;;"Involontaire (particulier)";;;;;""
2015;1287;"16";"16084";"Charras";"2015-07-16 14:41:00";5500;500;;0;;;0;0;5000;5000;"Estimées";;;;;;;""
2015;1540;"24";"24498";"Saint-Saud-Lacoussière";"2015-07-16 14:45:00";15000;15000;;0;;;0;;;0;;;;;;;;""
2015;1199;"45";"45032";"Le Bignon-Mirabeau";"2015-07-16 14:52:00";310000;10000;;0;;;0;0;300000;300000;"Mesurées";;"Involontaire (travaux)";;;;;""
2015;2596;"47";"47175";"Monflanquin";"2015-07-16 14:55:00";15150;150;;0;;;0;;;15000;;;;;;;;""
2015;6518;"11";"11314";"Rieux-en-Val";"2015-07-16 14:57:00";500;;;;;;;;;;;;;;;;;""
2015;6816;"06";"06093";"La Penne";"2015-07-16 15:25:00";500;;500;;;;;;;;;"1";"Involontaire (particulier)";;;;;""
2015;1238;"69";"69239";"Saint-Vérand";"2015-07-16 15:32:00";70000;0;;70000;;;70000;0;0;0;"Mesurées";;;;;;;""
2015;551;"46";"46208";"Montvalent";"2015-07-16 15:35:00";600000;0;;600000;;;600000;0;0;0;"Estimées";;;;;;;""
2015;2768;"71";"71263";"Louhans";"2015-07-16 15:45:00";20000;0;;20000;;;20000;0;0;0;"Estimées";;;;;;;""
2015;4558;"01";"01378";"Saint-Maurice-de-Gourdans";"2015-07-16 15:47:00";3710000;1200000;;1300000;;;1300000;1210000;0;1210000;"Estimées";;"Involontaire (particulier)";;;;;""
2015;559;"25";"25047";"Baume-les-Dames";"2015-07-16 15:56:00";25200;22500;;200;;;200;2500;0;2500;"Estimées";;"Malveillance";;;;;""
2015;7248;"13";"13023";"Ceyreste";"2015-07-16 15:57:00";100;100;0;;;;;;;0;;;"Involontaire (particulier)";;;;;""
2015;1109;"03";"03004";"Andelaroche";"2015-07-16 15:58:00";281000;26000;;0;;;0;5000;250000;255000;"Mesurées";;"Involontaire (travaux)";;;;;""
2015;6444;"30";"30153";"Malons-et-Elze";"2015-07-16 16:08:00";3654;;;;;;;;;;;"4";"Malveillance";;;;;""
2015;910;"15";"15034";"Chaliers";"2015-07-16 16:08:00";40000;0;;40000;;;40000;0;0;0;"Estimées";;;;;;;""
2015;2752;"41";"41130";"Maves";"2015-07-16 16:09:00";110000;60000;;50000;;;50000;0;0;0;"Estimées";;"Naturelle";;;;;""
2015;2432;"40";"40296";"Seignosse";"2015-07-16 16:31:00";1000;1000;;0;;;0;;;0;;;;;;;;""
2015;993;"28";"28246";"Meslay-le-Vidame";"2015-07-16 16:32:00";5500;0;;500;;;500;0;5000;5000;"Estimées";;;;;;;""
2015;1938;"33";"33378";"Saint-Avit-Saint-Nazaire";"2015-07-16 16:39:00";20000;10000;;0;;;0;;;10000;;;"Involontaire (particulier)";;;;;""
2015;696;"18";"18137";"Mareuil-sur-Arnon";"2015-07-16 16:55:00";5000;5000;;0;;;0;0;0;0;"Estimées";;;;;;;""
2015;484;"12";"12240";"Saint-Parthem";"2015-07-16 16:56:00";25000;25000;;0;;;0;0;0;0;"Estimées";;;;;;;""
2015;1063;"72";"72241";"Montfort-le-Gesnois";"2015-07-16 17:03:00";500;500;;0;;;0;0;0;0;"Estimées";;;;;;;""
2015;994;"28";"28014";"Aunay-sous-Crécy";"2015-07-16 17:15:00";1020000;0;;20000;;;20000;0;1000000;1000000;"Estimées";;;;;;;""
2015;6455;"07";"07185";"Préaux";"2015-07-16 17:17:00";60000;;60000;;;;;;;;;"1";;;;;;""
2015;6997;"2A";"2A276";"Serra-di-Ferro";"2015-07-16 17:44:00";250;;250;;;;;;;;;"1";"Involontaire (travaux)";;;;;""
2015;8138;"66";"66004";"Les Angles";"2015-07-16 17:59:00";10;10;;;;;;;;;;"4";"Naturelle";;;;;""
2015;6517;"11";"11115";"Cuxac-Cabardès";"2015-07-16 18:20:00";10;;;;;;;;;;;;"Malveillance";;;;;""
2015;1937;"33";"33307";"Noaillan";"2015-07-16 18:21:00";20000;20000;;0;;;0;;;0;;;"Naturelle";;;;;""
2015;1538;"24";"24508";"Saint-Victor";"2015-07-16 19:26:00";50;50;;0;;;0;;;0;;;"Naturelle";;;;;""
2015;822;"63";"63430";"Thiers";"2015-07-16 19:50:00";145200;100000;;45200;;;45200;0;0;0;"Mesurées";;;;;;;""
2015;1536;"24";"24156";"La Douze";"2015-07-16 19:55:00";10;10;;0;;;0;;;0;;;"Naturelle";;;;;""
2015;1534;"24";"24259";"Maurens";"2015-07-16 20:10:00";2000;2000;;0;;;0;;;0;;;"Naturelle";;;;;""
2015;574;"46";"46197";"Le Montat";"2015-07-16 20:22:00";3000;0;;3000;;;3000;0;0;0;"Estimées";;;;;;;""
2015;6516;"11";"11203";"Lézignan-Corbières";"2015-07-16 20:38:00";1500;;;;;;;;;;;;"Involontaire (particulier)";;;;;""
2015;1532;"24";"24040";"Beynac-et-Cazenac";"2015-07-16 20:58:00";50;50;;0;;;0;;;0;;;"Naturelle";;;;;""
2015;1935;"33";"33034";"Bayas";"2015-07-16 20:58:00";20000;10000;;0;;;0;;;10000;;;;;;;;""
2015;1531;"24";"24220";"Lacropte";"2015-07-16 21:07:00";100;100;;0;;;0;;;0;;;"Naturelle";;;;;""
2015;1530;"24";"24414";"Saint-Georges-de-Montclard";"2015-07-16 21:13:00";300;300;;0;;;0;;;0;;;"Naturelle";;;;;""
2015;1932;"33";"33348";"Queyrac";"2015-07-17 01:00:00";200;200;;0;;;0;;;0;;;;;;;;""
2015;1931;"33";"33177";"Gaillan-en-Médoc";"2015-07-17 02:34:00";1000;1000;;0;;;0;;;0;;;;;;;;""
2015;1930;"33";"33177";"Gaillan-en-Médoc";"2015-07-17 02:57:00";1000;1000;;0;;;0;;;0;;;;;;;;""
2015;1065;"72";"72241";"Montfort-le-Gesnois";"2015-07-17 04:08:00";200;200;;0;;;0;0;0;0;"Estimées";;;;;;;""
2015;1239;"69";"69135";"Monsols";"2015-07-17 12:18:00";30000;0;;30000;;;30000;0;0;0;"Mesurées";;;;;;;""
2015;4551;"42";"42053";"Châteauneuf";"2015-07-17 12:59:00";1050000;1000000;;0;;;0;50000;0;50000;"Estimées";;"Involontaire (travaux)";;;;;""
2015;6598;"07";"07138";"Lavilledieu";"2015-07-17 13:06:00";80;;80;;;;;;;;;"1";;;;;;""
2015;1210;"69";"69119";"Longes";"2015-07-17 13:10:00";800000;100000;;700000;;;700000;0;0;0;"Mesurées";;;;;;;""
2015;937;"45";"45346";"Vitry-aux-Loges";"2015-07-17 13:57:00";2000;2000;;0;;;0;0;0;0;"Estimées";;;;;;;""
2015;4556;"42";"42287";"Saint-Sauveur-en-Rue";"2015-07-17 14:02:00";10000;10000;;0;;;0;0;0;0;"Estimées";;;;;;;"Données partielles ou non valides"
2015;6593;"07";"07204";"Saint-Agrève";"2015-07-17 14:31:00";40000;20000;20000;;;;;;;;;"5";;;;;;""
2015;1927;"33";"33122";"Cestas";"2015-07-17 14:52:00";3500;3500;;0;;;0;;;0;;;;;;;;""
2015;596;"79";"79326";"Thénezay";"2015-07-17 14:59:00";5500;0;;500;;;500;0;5000;5000;"Estimées";;"Involontaire (travaux)";;;;;""
2015;1925;"33";"33274";"Martillac";"2015-07-17 15:37:00";3000;3000;;0;;;0;;;0;;;;;;;;""
2015;1240;"69";"69030";"Brullioles";"2015-07-17 16:09:00";20000;0;;20000;;;20000;0;0;0;"Mesurées";;;;;;;""
2015;823;"63";"63191";"Lastic";"2015-07-17 16:10:00";4821;4821;;0;;;0;0;0;0;"Mesurées";;;;;;;""
2015;1241;"69";"69139";"Montrottier";"2015-07-17 16:26:00";30000;0;;30000;;;30000;0;0;0;"Mesurées";;;;;;;""
2015;1242;"69";"69139";"Montrottier";"2015-07-17 16:26:00";30000;0;;30000;;;30000;0;0;0;"Mesurées";;;;;;;""
2015;2430;"40";"40197";"Morcenx";"2015-07-17 16:39:00";2500;2500;;0;;;0;;;0;;;;;;;;""
2015;6600;"07";"07299";"Saint-Symphorien-de-Mahun";"2015-07-17 16:50:00";100;100;;;;;;;;;;"5";;;;;;""
2015;753;"38";"38189";"Heyrieux";"2015-07-17 17:06:00";5000;0;;5000;;;5000;0;0;0;"Estimées";;;;;;;""
2015;1204;"03";"03006";"Arfeuilles";"2015-07-17 17:26:00";50000;50000;;0;;;0;0;0;0;"Mesurées";;"Involontaire (particulier)";;;;;""
2015;995;"28";"28059";"Brezolles";"2015-07-17 18:33:00";200;0;;200;;;200;0;0;0;"Estimées";;;;;;;""
2015;501;"21";"21265";"Fixin";"2015-07-17 18:39:00";33103;33103;;0;;;0;0;0;0;"Mesurées";;;;;;;""
2015;499;"58";"58010";"Arleuf";"2015-07-17 18:41:00";3300;3300;;0;;;0;0;0;0;"Mesurées";;"Involontaire (travaux)";;;;;""
2015;2589;"47";"47284";"Salles";"2015-07-17 19:02:00";30000;30000;;0;;;0;;;0;;;;;;;;""
2015;2429;"40";"40319";"Trensacq";"2015-07-17 19:18:00";13000;13000;;0;;;0;;;0;;;"Accidentelle";;;;;""
2015;2716;"41";"41036";"Chaon";"2015-07-17 21:09:00";15000;0;;15000;;;15000;0;0;0;"Estimées";;;;;;;""
2015;6770;"83";"83100";"Puget-Ville";"2015-07-17 21:46:00";50;50;;;;;;;;;;"4";"Accidentelle";;;;;""
2015;7832;"48";"48046";"Chaulhac";"2015-07-18 01:49:00";1770;;1770;;;;;;;;;"1";"Naturelle";;;;;""
2015;6771;"83";"83137";"Toulon";"2015-07-18 04:46:00";200;200;;;;;;;;;;"4";"Malveillance";;;;;""
2015;6868;"34";"34189";"Olonzac";"2015-07-18 05:05:00";1600;800;800;;;;;;;;;"4";"Malveillance";;;;;""
2015;1119;"86";"86092";"Dangé-Saint-Romain";"2015-07-18 08:02:00";15;0;;15;;;15;0;0;0;"Estimées";;;;;;;""
2015;996;"28";"28415";"Villemeux-sur-Eure";"2015-07-18 10:18:00";41000;0;;1000;;;1000;0;40000;40000;"Estimées";;;;;;;""
2015;466;"81";"81321";"Le Vintrou";"2015-07-18 10:56:00";10000;10000;;0;;;0;0;0;0;"Estimées";;;;;;;""
2015;9488;"2A";"2A031";"Bastelica";"2015-07-18 11:08:00";10;;10;;;;;;;;;;;;;;;""
2015;9642;"30";"30264";"Saint-Jean-de-Ceyrargues";"2015-07-18 11:20:00";3147;;;;;;;;;;;"2";"Malveillance";;;;;""
2015;1411;"27";"27521";"Saint-Christophe-sur-Avre";"2015-07-18 13:36:00";20000;20000;;0;;;0;0;0;0;"Estimées";;;;;;;""
2015;2769;"71";"71270";"Mâcon";"2015-07-18 15:30:00";10000;0;;10000;;;10000;0;0;0;"Estimées";;;;;;;""
2015;1916;"33";"33273";"Martignas-sur-Jalle";"2015-07-18 15:45:00";2000;2000;;0;;;0;;;0;;;;;;;;""
2015;6926;"04";"04039";"Castellane";"2015-07-18 15:54:00";50;;;;;;;;;;;;"Involontaire (travaux)";;;;;""
2015;1915;"33";"33332";"Porchères";"2015-07-18 15:56:00";200;200;;0;;;0;;;0;;;;;;;;""
2015;7007;"84";"84129";"Sorgues";"2015-07-18 16:37:00";600;;;;;;;;;;;;;;;;;""
2015;6569;"30";"30229";"Saint-André-de-Majencoules";"2015-07-18 16:40:00";217;;;;;;;;;;;"2";"Involontaire (particulier)";;;;;""
2015;760;"38";"38528";"Vaulnaveys-le-Bas";"2015-07-18 17:16:00";1500;0;;1500;;;1500;0;0;0;"Estimées";;;;;;;""
2015;469;"81";"81209";"Pont-de-Larn";"2015-07-18 17:37:00";10000;10000;;0;;;0;0;0;0;"Estimées";;;;;;;""
2015;6599;"2B";"2B296";"Sant'Antonino";"2015-07-18 19:20:00";3542;0;3542;;;;;;;0;;"1";"Malveillance";;;;;""
2015;7027;"11";"11099";"Conques-sur-Orbiel";"2015-07-18 23:30:00";1200;;;;;;;;;;;;"Malveillance";;;;;""
2015;491;"12";"12013";"Aubin";"2015-07-18 23:50:00";20;0;;20;;;20;0;0;0;"Estimées";;;;;;;""
2015;6873;"34";"34162";"Montagnac";"2015-07-19 00:13:00";300;300;;;;;;;;;;"3";"Malveillance";;;;;""
2015;7693;"48";"48027";"Le Bleymard";"2015-07-19 01:08:00";30;;30;;;;;;;;;"1";"Naturelle";;;;;""
2015;2426;"40";"40184";"Mimizan";"2015-07-19 02:39:00";40;40;;0;;;0;;;0;;;;;;;;""
2015;7632;"34";"34218";"Prades-sur-Vernazobre";"2015-07-19 06:12:00";2000;2000;;;;;;;;;;"4";"Malveillance";;;;;""
2015;7028;"11";"11304";"Quillan";"2015-07-19 15:16:00";4136;;;;;;;;;;;;"Malveillance";;;;;""
2015;761;"38";"38545";"Vif";"2015-07-19 15:47:00";2000;0;;2000;;;2000;0;0;0;"Estimées";;;;;;;""
2015;6601;"2B";"2B059";"Canavaggia";"2015-07-19 16:01:00";52292;0;52292;;;;;;;0;;"1";"Malveillance";;;;;""
2015;1911;"33";"33284";"Mios";"2015-07-19 16:14:00";76200;76200;;0;;;0;;;0;;;;;;;;""
2015;2425;"40";"40123";"Herm";"2015-07-19 16:17:00";4442;4442;;0;;;0;;;0;;;"Naturelle";;;;;""
2015;1910;"33";"33284";"Mios";"2015-07-19 16:27:00";2000;2000;;0;;;0;;;0;;;;;;;;""
2015;1909;"33";"33555";"Marcheprime";"2015-07-19 16:48:00";15000;15000;;0;;;0;;;0;;;;;;;;""
2015;1906;"33";"33318";"Pessac";"2015-07-19 17:24:00";1000;1000;;0;;;0;;;0;;;;;;;;""
2015;6875;"34";"34003";"Agde";"2015-07-19 18:12:00";70000;10000;30000;;;;;;;30000;;"1";"Involontaire (particulier)";;;;;""
2015;7833;"48";"48046";"Chaulhac";"2015-07-19 18:13:00";1100;100;;;;;;;;1000;;"1";"Naturelle";;;;;""
2015;6671;"26";"26160";"Laveyron";"2015-07-19 18:46:00";5000;5000;;;;;;;;;;"1";;;;;;""
2015;7029;"11";"11190";"La Redorte";"2015-07-19 18:50:00";250;;;;;;;;;;;;"Malveillance";;;;;""
2015;7030;"11";"11040";"Bizanet";"2015-07-19 18:54:00";5000;;;;;;;;;;;;"Accidentelle";;;;;""
2015;7031;"11";"11079";"Caudebronde";"2015-07-19 19:15:00";10;;;;;;;;;;;;"Involontaire (travaux)";;;;;""
2015;2770;"71";"71270";"Mâcon";"2015-07-19 19:30:00";10000;0;;10000;;;10000;0;0;0;"Estimées";;;;;;;""
2015;6603;"07";"07170";"Pailharès";"2015-07-19 19:58:00";5000;5000;;;;;;;;;;"4";"Involontaire (travaux)";;;;;""
2015;6817;"06";"06034";"Castagniers";"2015-07-19 20:58:00";500;;500;;;;;;;;;"1";;;;;;""
2015;8606;"11";"11393";"Tourouzelle";"2015-07-19 21:34:00";800;;;;;;;;;;;;"Involontaire (particulier)";;;;;""
2015;1904;"33";"33240";"Lesparre-Médoc";"2015-07-19 22:17:00";300;300;;0;;;0;;;0;;;"Malveillance";;;;;""
2015;1903;"33";"33263";"Madirac";"2015-07-19 22:24:00";10;10;;0;;;0;;;0;;;;;;;;""
2015;6999;"2A";"2A249";"Propriano";"2015-07-19 23:04:00";600;;600;;;;;;;;;;;;;;;""
2015;7032;"11";"11304";"Quillan";"2015-07-20 00:04:00";200;;;;;;;;;;;;"Malveillance";;;;;""
2015;7033;"11";"11304";"Quillan";"2015-07-20 05:07:00";250;;;;;;;;;;;;"Malveillance";;;;;""
2015;6936;"04";"04049";"Château-Arnoux-Saint-Auban";"2015-07-20 05:11:00";100;;100;;;;;;;;;"1";"Accidentelle";;;;;""
2015;6877;"34";"34189";"Olonzac";"2015-07-20 05:20:00";1600;1000;600;;;;;;;;;"1";"Malveillance";;;;;""
2015;6927;"2B";"2B037";"Biguglia";"2015-07-20 11:10:00";30798;0;30798;;;;;;;0;;"1";;;;;;""
2015;7249;"13";"13108";"Tarascon";"2015-07-20 12:17:00";100;50;50;;;;;;;0;;;"Involontaire (particulier)";;;;;""
2015;6879;"34";"34019";"Avène";"2015-07-20 12:19:00";60150;8000;10150;;;;;;;42000;;"1";"Involontaire (travaux)";;;;;""
2015;2423;"40";"40285";"Saint-Yaguen";"2015-07-20 14:43:00";5300;5300;;0;;;0;;;0;;;"Involontaire (particulier)";;;;;""
2015;2587;"47";"47207";"Pompiey";"2015-07-20 14:51:00";3000;3000;;0;;;0;;;0;;;;;;;;""
2015;7633;"34";"34069";"Cazouls-lès-Béziers";"2015-07-20 15:10:00";4500;;4500;;;;;;;;;"1";"Involontaire (particulier)";;;;;""
2015;536;"21";"21315";"Hauteville-lès-Dijon";"2015-07-20 15:12:00";112900;112900;;0;;;0;0;0;0;"Mesurées";;;;;;;""
2015;577;"46";"46212";"Orniac";"2015-07-20 15:23:00";1000;0;;1000;;;1000;0;0;0;"Estimées";;;;;;;""
2015;2586;"47";"47046";"Calonges";"2015-07-20 15:34:00";1200;1200;;0;;;0;;;0;;;;;;;;""
2015;578;"46";"46061";"Cassagnes";"2015-07-20 15:52:00";2000;0;;2000;;;2000;0;0;0;"Estimées";;;;;;;""
2015;765;"38";"38030";"Beaucroissant";"2015-07-20 16:07:00";250;0;;250;;;250;0;0;0;"Estimées";;;;;;;""
2015;7834;"48";"48028";"Les Bondons";"2015-07-20 16:14:00";58790;58790;;;;;;;;;;"2";;;;;;""
2015;8144;"66";"66215";"Trévillach";"2015-07-20 16:22:00";350000;300000;50000;;;;;;;;;"2";"Malveillance";;;;;""
2015;7268;"48";"48189";"Servières";"2015-07-20 16:23:00";420;420;;;;;;;;;;"4";"Naturelle";;;;;""
2015;503;"81";"81321";"Le Vintrou";"2015-07-20 16:32:00";500;500;;0;;;0;0;0;0;"Estimées";;"Involontaire (travaux)";;;;;""
2015;2771;"71";"71014";"Autun";"2015-07-20 18:15:00";10000;0;;10000;;;10000;0;0;0;"Estimées";;;;;;;""
2015;579;"46";"46042";"Cahors";"2015-07-20 18:23:00";1000;0;;1000;;;1000;0;0;0;"Estimées";;;;;;;""
2015;6976;"07";"07129";"Lamastre";"2015-07-20 18:28:00";2500;2500;;;;;;;;;;"5";"Naturelle";;;;;""
2015;7250;"13";"13019";"Cabriès";"2015-07-20 19:00:00";150;0;150;;;;;;;0;;;;;;;;""
2015;1896;"33";"33382";"Saint-Christoly-de-Blaye";"2015-07-20 21:34:00";2500;2500;;0;;;0;;;0;;;;;;;;""
2015;7035;"11";"11251";"Montlaur";"2015-07-20 22:20:00";500;;;;;;;;;;;;"Malveillance";;;;;""
2015;8968;"04";"04065";"Cruis";"2015-07-20 22:31:00";7;7;;;;;;;;;;"4";"Involontaire (particulier)";;;;;""
2015;11993;"2A";"2A004";"Ajaccio";"2015-07-20 22:34:00";10;;10;;;;;;;;;;;;;;;""
2015;6928;"2B";"2B080";"Castifao";"2015-07-21 00:02:00";2;0;2;;;;;;;0;;"1";;;;;;""
2015;8439;"2A";"2A300";"San-Gavino-di-Carbini";"2015-07-21 01:50:00";2200;2200;;;;;;;;;;"2";"Involontaire (particulier)";;;;;""
2015;1895;"33";"33011";"Arès";"2015-07-21 06:10:00";2;2;;0;;;0;;;0;;;;;;;;""
2015;8148;"66";"66058";"Corneilla-la-Rivière";"2015-07-21 11:05:00";270000;120000;150000;;;;;;;;;"2";"Accidentelle";;;;;""
2015;6929;"2B";"2B290";"Speloncato";"2015-07-21 11:10:00";2500;;;;;;;;;;;"1";;;;;;""
2015;6977;"07";"07148";"Malbosc";"2015-07-21 12:02:00";196000;196000;;;;;;;;;;"4";;;;;;""
2015;6981;"07";"07247";"Saint-Jean-le-Centenier";"2015-07-21 12:52:00";500;;500;;;;;;;;;"1";;;;;;""
2015;6885;"34";"34017";"Aumes";"2015-07-21 14:43:00";40;40;;;;;;;;;;"3";"Accidentelle";;;;;""
2015;538;"21";"21166";"Chenôve";"2015-07-21 14:50:00";1061500;737400;;0;;;0;322600;1500;324100;"Mesurées";;;;;;;""
2015;2422;"40";"40326";"Vielle-Saint-Girons";"2015-07-21 15:01:00";100;100;;0;;;0;;;0;;;"Naturelle";;;;;""
2015;1205;"03";"03217";"Saint-Angel";"2015-07-21 15:06:00";91300;10000;;0;;;0;0;81300;81300;"Mesurées";;"Involontaire (travaux)";;;;;""
2015;1289;"16";"16086";"Chassenon";"2015-07-21 15:19:00";85000;0;;5000;;;5000;0;80000;80000;"Estimées";;;;;;;""
2015;7000;"2A";"2A004";"Ajaccio";"2015-07-21 15:30:00";20;;20;;;;;;;;;"1";"Accidentelle";;;;;""
2015;2732;"41";"41265";"Troo";"2015-07-21 15:32:00";3000;0;;3000;;;3000;0;0;0;"Estimées";;"Involontaire (travaux)";;;;;""
2015;6814;"83";"83104";"Rians";"2015-07-21 15:49:00";5;5;;;;;;;;;;"5";"Naturelle";;;;;""
2015;7036;"11";"11170";"Gruissan";"2015-07-21 16:21:00";5616;;;;;;;;;;;;"Involontaire (particulier)";;;;;""
2015;7251;"13";"13056";"Martigues";"2015-07-21 16:37:00";4000;4000;0;;;;;;;0;;;"Malveillance";;;;;""
2015;2421;"40";"40096";"Estigarde";"2015-07-21 16:56:00";10;10;;0;;;0;;;0;;;;;;;;""
2015;798;"25";"25370";"Mathay";"2015-07-21 17:18:00";3000;3000;;0;;;0;0;0;0;"Mesurées";;;;;;;""
2015;647;"23";"23130";"Méasnes";"2015-07-21 17:53:00";10000;0;;10000;;;10000;0;0;0;"Estimées";;;;;;;""
2015;6931;"2B";"2B124";"Ghisoni";"2015-07-21 19:02:00";600;0;600;;;;;;;0;;"4";"Naturelle";;;;;""
2015;7037;"11";"11063";"Campagne-sur-Aude";"2015-07-21 19:07:00";4137;;;;;;;;;;;;"Malveillance";;;;;""
2015;6982;"07";"07170";"Pailharès";"2015-07-21 20:12:00";10000;10000;;;;;;;;;;"5";;;;;;""
2015;7634;"34";"34097";"Félines-Minervois";"2015-07-21 22:00:00";150;;150;;;;;;;;;"1";"Malveillance";;;;;""
2015;6933;"26";"26113";"Die";"2015-07-21 22:19:00";200;200;;;;;;;;;;"5";"Naturelle";;;;;""
2015;9331;"26";"26113";"Die";"2015-07-21 22:19:00";200;;;;;;;;;;;;;;;;;""
2015;6818;"06";"06088";"Nice";"2015-07-21 23:02:00";2400;;2400;;;;;;;;;"1";"Accidentelle";;;;;""
2015;8150;"66";"66016";"Banyuls-sur-Mer";"2015-07-22 01:44:00";30;30;;;;;;;;;;"4";"Involontaire (particulier)";;;;;""
2015;7002;"2A";"2A209";"Peri";"2015-07-22 02:56:00";840;;840;;;;;;;;;"1";"Malveillance";;;;;""
2015;1882;"33";"33122";"Cestas";"2015-07-22 03:14:00";200;200;;0;;;0;;;0;;;"Naturelle";;;;;""
2015;7003;"2A";"2A345";"Vero";"2015-07-22 05:03:00";400;;400;;;;;;;;;"5";"Malveillance";;;;;""
2015;1880;"33";"33095";"Captieux";"2015-07-22 10:15:00";10;10;;0;;;0;;;0;;;"Naturelle";;;;;""
2015;1879;"33";"33003";"Ambarès-et-Lagrave";"2015-07-22 11:15:00";30;30;;0;;;0;;;0;;;"Accidentelle";;;;;""
2015;7038;"11";"11200";"Lespinassière";"2015-07-22 11:24:00";5;;;;;;;;;;;;"Naturelle";;;;;""
2015;1878;"33";"33422";"Saint-Jean-d'Illac";"2015-07-22 11:40:00";50;50;;0;;;0;;;0;;;"Naturelle";;;;;""
2015;582;"46";"46094";"Espédaillac";"2015-07-22 12:01:00";150;0;;150;;;150;0;0;0;"Estimées";;;;;;;""
2015;10463;"83";"83136";"Le Thoronet";"2015-07-22 12:04:00";30;30;;;;;;;;;;"5";"Involontaire (particulier)";;;;;""
2015;2731;"41";"41068";"Courmemin";"2015-07-22 12:19:00";5000;5000;;0;;;0;0;0;0;"Estimées";;;;;;;""
2015;981;"01";"01384";"Saint-Rambert-en-Bugey";"2015-07-22 13:01:00";30000;30000;;0;;;0;0;0;0;"Estimées";;;;;;;""
2015;8152;"66";"66129";"Ortaffa";"2015-07-22 13:05:00";2000;2000;;;;;;;;;;"3";"Malveillance";;;;;""
2015;1876;"33";"33214";"Lacanau";"2015-07-22 14:14:00";500;500;;0;;;0;;;0;;;;;;;;""
2015;1875;"33";"33042";"Belin-Béliet";"2015-07-22 14:45:00";10;10;;0;;;0;;;0;;;"Naturelle";;;;;""
2015;7039;"11";"11262";"Narbonne";"2015-07-22 14:48:00";20366;;;;;;;;;;;;"Malveillance";;;;;""
2015;7040;"11";"11262";"Narbonne";"2015-07-22 14:48:00";3166;;;;;;;;;;;;"Malveillance";;;;;""
2015;2753;"41";"41186";"Rahart";"2015-07-22 14:54:00";50000;0;;50000;;;50000;0;0;0;"Estimées";;"Naturelle";;;;;""
2015;602;"73";"73227";"Saint-Bon-Tarentaise";"2015-07-22 15:00:00";2;1;;1;;;1;0;0;0;"Estimées";;"Naturelle";;;;;"Données partielles ou non valides"
2015;9336;"26";"26113";"Die";"2015-07-22 15:06:00";300;;;;;;;;;;;;;;;;;""
2015;6935;"26";"26113";"Die";"2015-07-22 15:11:00";300;300;;;;;;;;;;;"Naturelle";;;;;""
2015;2420;"40";"40163";"Lüe";"2015-07-22 15:30:00";10000;10000;;0;;;0;;;0;;;"Naturelle";;;;;""
2015;2419;"40";"40307";"Sore";"2015-07-22 15:46:00";17000;500;;0;;;0;;;16500;;;"Naturelle";;;;;""
2015;2418;"40";"40152";"Lesperon";"2015-07-22 16:43:00";500;500;;0;;;0;;;0;;;"Naturelle";;;;;""
2015;1874;"33";"33260";"Lugos";"2015-07-22 17:09:00";150;150;;0;;;0;;;0;;;;;;;;""
2015;6983;"07";"07233";"Saint-Étienne-de-Serre";"2015-07-22 17:09:00";3000;;3000;;;;;;;;;"1";"Naturelle";;;;;""
2015;2772;"71";"71076";"Chalon-sur-Saône";"2015-07-22 17:25:00";1000000;0;;1000000;;;1000000;0;0;0;"Mesurées";;;;;;;""
2015;8516;"34";"34312";"La Tour-sur-Orb";"2015-07-22 17:39:00";50;;50;;;;;;;;;"1";"Involontaire (particulier)";;;;;""
2015;6924;"04";"04124";"Montagnac-Montpezat";"2015-07-22 18:13:00";39;39;;;;;;;;;;"2";"Naturelle";;;;;""
2015;7058;"2B";"2B023";"Asco";"2015-07-22 18:18:00";30;30;0;;;;;;;0;;"1";"Naturelle";;;;;""
2015;1142;"73";"73286";"Serrières-en-Chautagne";"2015-07-22 19:00:00";40000;0;;40000;;;40000;0;0;0;"Estimées";;;;;;;""
2015;7252;"13";"13112";"Velaux";"2015-07-22 19:05:00";2500;2500;0;;;;;;;0;;;;;;;;""
2015;580;"46";"46042";"Cahors";"2015-07-22 22:09:00";5000;0;;5000;;;5000;0;0;0;"Estimées";;;;;;;""
2015;9054;"11";"11262";"Narbonne";"2015-07-22 22:12:00";600;;;;;;;;;;;;"Accidentelle";;;;;""
2015;7462;"34";"34103";"Fontès";"2015-07-22 22:31:00";50;;50;;;;;;;;;"1";"Malveillance";;;;;""
2015;7696;"48";"48117";"Pourcharesses";"2015-07-22 23:46:00";257540;;257540;;;;;;;;;"1";;;;;;""
2015;11994;"2A";"2A062";"Carbuccia";"2015-07-23 00:57:00";50;;50;;;;;;;;;;;;;;;""
2015;8159;"66";"66014";"Baixas";"2015-07-23 05:17:00";20000;;20000;;;;;;;;;"1";"Malveillance";;;;;""
2015;7060;"2B";"2B110";"Favalello";"2015-07-23 06:06:00";20;0;20;;;;;;;0;;"1";;;;;;""
2015;595;"46";"46132";"Issendolus";"2015-07-23 10:30:00";10000;0;;10000;;;10000;0;0;0;"Estimées";;"Accidentelle";;;;;""
2015;7254;"13";"13117";"Vitrolles";"2015-07-23 10:56:00";200;0;200;;;;;;;0;;;"Involontaire (particulier)";;;;;""
2015;7283;"04";"04017";"Auzet";"2015-07-23 11:52:00";10900;600;10300;;;;;;;;;"1";"Naturelle";;;;;""
2015;7255;"13";"13005";"Aubagne";"2015-07-23 12:03:00";1000;1000;0;;;;;;;0;;;;;;;;""
2015;1872;"33";"33144";"Cudos";"2015-07-23 12:17:00";400;400;;0;;;0;;;0;;;"Naturelle";;;;;""
2015;1871;"33";"33342";"Puisseguin";"2015-07-23 12:26:00";200;200;;0;;;0;;;0;;;"Accidentelle";;;;;""
2015;7061;"2B";"2B185";"Oletta";"2015-07-23 12:54:00";100;;;;;;;;;;;;;;;;;""
2015;7062;"2B";"2B192";"Olmo";"2015-07-23 13:52:00";30;;;;;;;;;;;;;;;;;""
2015;6964;"83";"83043";"Collobrières";"2015-07-23 13:58:00";4;4;;;;;;;;;;"3";"Naturelle";;;;;""
2015;7256;"13";"13028";"La Ciotat";"2015-07-23 14:09:00";50;0;50;;;;;;;0;;;;;;;;""
2015;2416;"40";"40284";"Saint-Vincent-de-Tyrosse";"2015-07-23 14:33:00";6963;6963;;0;;;0;;;0;;;;;;;;""
2015;997;"28";"28133";"Douy";"2015-07-23 14:59:00";20100;0;;100;;;100;20000;0;20000;"Estimées";;;;;;;""
2015;7923;"06";"06098";"Puget-Rostang";"2015-07-23 15:16:00";100;;100;;;;;;;;;"1";"Naturelle";;;;;""
2015;7063;"2B";"2B190";"Olmi-Cappella";"2015-07-23 15:20:00";5;;;;;;;;;;;;"Naturelle";;;;;""
2015;803;"54";"54490";"Saizerais";"2015-07-23 15:34:00";270000;80000;;0;;;0;190000;0;190000;"Mesurées";;"Involontaire (travaux)";;;;;""
2015;7064;"2B";"2B190";"Olmi-Cappella";"2015-07-23 15:45:00";10;;;;;;;;;;;;"Naturelle";;;;;""
2015;583;"46";"46103";"Flaugnac";"2015-07-23 16:14:00";400;0;;400;;;400;0;0;0;"Estimées";;;;;;;""
2015;7065;"2B";"2B007";"Albertacce";"2015-07-23 16:31:00";5;;;;;;;;;;;;"Naturelle";;;;;""
2015;7066;"2B";"2B301";"San-Gavino-di-Tenda";"2015-07-23 16:34:00";100;;;;;;;;;;;;"Naturelle";;;;;""
2015;2415;"40";"40217";"Parentis-en-Born";"2015-07-23 16:38:00";9000;9000;;0;;;0;;;0;;;"Naturelle";;;;;""
2015;1522;"24";"24224";"Lamonzie-Montastruc";"2015-07-23 16:41:00";20000;20000;;0;;;0;;;0;;;;;;;;""
2015;2414;"40";"40111";"Geloux";"2015-07-23 16:56:00";1500;1500;;0;;;0;;;0;;;;;;;;""
2015;8517;"34";"34172";"Montpellier";"2015-07-23 16:57:00";200;200;;;;;;;;;;"4";"Involontaire (particulier)";;;;;""
2015;8162;"66";"66069";"Espira-de-l'Agly";"2015-07-23 17:05:00";600;600;;;;;;;;;;"4";"Malveillance";;;;;""
2015;7257;"13";"13110";"Trets";"2015-07-23 17:39:00";100;100;0;;;;;;;0;;;"Naturelle";;;;;""
2015;1865;"33";"33029";"Le Barp";"2015-07-23 18:58:00";15000;15000;;0;;;0;;;0;;;;;;;;""
2015;2413;"40";"40014";"Arue";"2015-07-23 19:31:00";300;300;;0;;;0;;;0;;;;;;;;""
2015;7871;"83";"83073";"Le Luc";"2015-07-23 19:43:00";30;30;;;;;;;;;;"4";"Naturelle";;;;;""
2015;7549;"30";"30105";"Dourbies";"2015-07-23 20:59:00";14951;;;;;;;;;;;"1";"Naturelle";;;;;""
2015;7258;"13";"13047";"Istres";"2015-07-23 21:23:00";200;200;0;;;;;;;0;;;;;;;;""
2015;8518;"34";"34116";"Grabels";"2015-07-23 21:31:00";115;;115;;;;;;;;;"1";"Accidentelle";;;;;""
2015;7005;"84";"84129";"Sorgues";"2015-07-23 22:03:00";5000;;;;;;;;;;;;;;;;;""
2015;7465;"34";"34189";"Olonzac";"2015-07-23 22:56:00";440;200;240;;;;;;;;;"1";"Malveillance";;;;;""
2015;7124;"11";"11396";"Trausse";"2015-07-24 01:12:00";500;;;;;;;;;;;;"Malveillance";;;;;""
2015;7096;"07";"07253";"Saint-Julien-du-Gua";"2015-07-24 01:27:00";5000;;5000;;;;;;;;;"1";"Naturelle";;;;;""
2015;7466;"34";"34020";"Azillanet";"2015-07-24 01:36:00";1200;;1200;;;;;;;;;"1";"Malveillance";;;;;""
2015;659;"23";"23165";"Royère-de-Vassivière";"2015-07-24 01:41:00";40000;0;;40000;;;40000;0;0;0;"Estimées";;"Involontaire (particulier)";;;;;""
2015;7068;"2B";"2B049";"Calenzana";"2015-07-24 08:53:00";20;20;;;;;;;;;;"4";"Naturelle";;;;;""
2015;7041;"11";"11440";"Villetritouls";"2015-07-24 09:46:00";400;;;;;;;;;;;;"Malveillance";;;;;""
2015;9489;"2A";"2A212";"Piana";"2015-07-24 10:49:00";2000;;2000;;;;;;;;;;;;;;;""
2015;7069;"2B";"2B190";"Olmi-Cappella";"2015-07-24 11:43:00";8000;;;;;;;;;;;;;;;;;""
2015;1200;"45";"45053";"Briare";"2015-07-24 11:45:00";5000;5000;;0;;;0;0;0;0;"Estimées";;;;;;;""
2015;7872;"83";"83046";"Cotignac";"2015-07-24 12:26:00";500;500;;;;;;;;;;"4";"Naturelle";;;;;""
2015;2717;"41";"41087";"Fontaine-les-Coteaux";"2015-07-24 13:08:00";2000;0;;2000;;;2000;0;0;0;"Estimées";;;;;;;""
2015;2412;"40";"40210";"Onesse-et-Laharie";"2015-07-24 13:11:00";200;200;;0;;;0;;;0;;;"Involontaire (particulier)";;;;;""
2015;7070;"2B";"2B235";"Pioggiola";"2015-07-24 13:56:00";20;0;20;;;;;;;0;;"1";"Naturelle";;;;;""
2015;1862;"33";"33422";"Saint-Jean-d'Illac";"2015-07-24 14:25:00";5629600;5629600;;0;;;0;;;0;;;;;;;;""
2015;7366;"13";"13007";"Auriol";"2015-07-24 14:37:00";2400;2400;0;;;;;;;0;;;"Naturelle";;;;;""
2015;7072;"2B";"2B207";"Penta-di-Casinca";"2015-07-24 14:39:00";100;;;;;;;;;;;;"Involontaire (particulier)";;;;;""
2015;7285;"04";"04190";"Saint-Martin-les-Eaux";"2015-07-24 14:42:00";14700;14700;;;;;;;;;;"4";"Naturelle";;;;;""
2015;7286;"04";"04166";"Riez";"2015-07-24 14:46:00";5400;;5400;;;;;;;;;"1";"Naturelle";;;;;""
2015;1861;"33";"33540";"Vendays-Montalivet";"2015-07-24 14:52:00";15300;15300;;0;;;0;;;0;;;"Accidentelle";;;;;""
2015;2773;"71";"71014";"Autun";"2015-07-24 15:05:00";60000;0;;60000;;;60000;0;0;0;"Estimées";;;;;;;""
2015;8165;"66";"66023";"Bouleternère";"2015-07-24 16:06:00";10;10;;;;;;;;;;"3";"Naturelle";;;;;""
2015;7700;"48";"48009";"Aumont-Aubrac";"2015-07-24 16:13:00";2100;;2100;;;;;;;;;"1";;;;;;""
2015;7071;"2B";"2B007";"Albertacce";"2015-07-24 16:37:00";2;;;;;;;;;;;;"Naturelle";;;;;""
2015;1860;"33";"33529";"La Teste-de-Buch";"2015-07-24 16:56:00";187100;187100;;0;;;0;;;0;;;;;;;;""
2015;584;"46";"46087";"Dégagnac";"2015-07-24 16:56:00";10000;0;;10000;;;10000;0;0;0;"Estimées";;;;;;;""
2015;7042;"11";"11045";"Bouriège";"2015-07-24 17:12:00";50;;;;;;;;;;;;"Naturelle";;;;;""
2015;8519;"34";"34310";"Thézan-lès-Béziers";"2015-07-24 17:21:00";1500;;1500;;;;;;;;;"1";"Involontaire (particulier)";;;;;""
2015;7043;"11";"11257";"Monze";"2015-07-24 17:32:00";100;;;;;;;;;;;;"Naturelle";;;;;""
2015;2581;"47";"47029";"Blanquefort-sur-Briolance";"2015-07-24 17:34:00";20000;20000;;0;;;0;;;0;;;;;;;;""
2015;7471;"34";"34028";"Bédarieux";"2015-07-24 18:00:00";5300;2500;2800;;;;;;;;;"1";"Involontaire (particulier)";;;;;""
2015;863;"77";"77186";"Fontainebleau";"2015-07-24 18:00:00";300;300;;0;;;0;0;0;0;"Estimées";;;;;;;""
2015;7889;"83";"83125";"Seillons-Source-d'Argens";"2015-07-24 18:02:00";3600;3600;;;;;;;;;;"3";"Naturelle";;;;;""
2015;7073;"2B";"2B095";"Corscia";"2015-07-24 18:35:00";10;;;;;;;;;;;;"Naturelle";;;;;""
2015;9343;"26";"26234";"Piégros-la-Clastre";"2015-07-24 20:08:00";300;;;;;;;;;;;;;;;;;""
2015;7312;"2A";"2A362";"Zonza";"2015-07-24 22:45:00";20;20;;;;;;;;;;"1";"Malveillance";;;;;""
2015;7400;"2B";"2B073";"Casamaccioli";"2015-07-24 22:55:00";400;;;;;;;;;;;;"Naturelle";;;;;""
2015;7473;"34";"34141";"La Livinière";"2015-07-25 00:01:00";27000;20000;7000;;;;;;;;;"4";"Malveillance";;;;;""
2015;553;"46";"46054";"Caniac-du-Causse";"2015-07-25 10:57:00";10000;0;;10000;;;10000;0;0;0;"Estimées";;;;;;;""
2015;2774;"71";"71014";"Autun";"2015-07-25 11:40:00";60000;0;;60000;;;60000;0;0;0;"Estimées";;;;;;;""
2015;7313;"2A";"2A070";"Casaglione";"2015-07-25 12:35:00";200;;200;;;;;;;;;"1";"Accidentelle";;;;;""
2015;7484;"34";"34237";"Roujan";"2015-07-25 12:58:00";78000;;20000;;;;;;;58000;;"1";"Accidentelle";;;;;""
2015;1417;"68";"68375";"Wittelsheim";"2015-07-25 13:12:00";10000;10000;;0;;;0;0;0;0;"Estimées";;;;;;;""
2015;7047;"30";"30189";"Nîmes";"2015-07-25 13:25:00";50;;;;;;;;;;;"1";"Accidentelle";;;;;""
2015;7890;"83";"83052";"Esparron";"2015-07-25 13:29:00";11300;11300;;;;;;;;;;"5";"Naturelle";;;;;""
2015;7048;"30";"30209";"Pujaut";"2015-07-25 13:51:00";20;;;;;;;;;;;"1";"Malveillance";;;;;""
2015;7844;"48";"48075";"Ispagnac";"2015-07-25 14:02:00";200;200;;;;;;;;;;"4";"Naturelle";;;;;""
2015;2578;"47";"47186";"Montesquieu";"2015-07-25 15:26:00";23000;1000;;0;;;0;;;22000;;;;;;;;""
2015;9643;"30";"30030";"Baron";"2015-07-25 15:30:00";120;;;;;;;;;;;"2";"Involontaire (particulier)";;;;;""
2015;7267;"13";"13041";"Gardanne";"2015-07-25 15:30:00";150;150;0;;;;;;;0;;;"Involontaire (particulier)";;;;;""
2015;1857;"33";"33300";"Naujac-sur-Mer";"2015-07-25 16:47:00";190000;190000;;0;;;0;;;0;;;"Malveillance";;;;;""
2015;1201;"45";"45082";"Châteauneuf-sur-Loire";"2015-07-25 16:57:00";1500;1500;;0;;;0;0;0;0;"Estimées";;;;;;;""
2015;554;"46";"46185";"Martel";"2015-07-25 17:02:00";500;0;;500;;;500;0;0;0;"Estimées";;;;;;;""
2015;7924;"06";"06150";"La Turbie";"2015-07-25 17:15:00";5100;;5100;;;;;;;;;"1";"Involontaire (particulier)";;;;;""
2015;938;"45";"45168";"Ingrannes";"2015-07-25 17:32:00";5500;5500;;0;;;0;0;0;0;"Estimées";;"Malveillance";;;;;""
2015;2411;"40";"40333";"Ygos-Saint-Saturnin";"2015-07-25 18:12:00";10000;10000;;0;;;0;;;0;;;;;;;;""
2015;8169;"66";"66039";"Caramany";"2015-07-25 18:27:00";500;500;;;;;;;;;;"3";"Malveillance";;;;;""
2015;600;"21";"21273";"Fleurey-sur-Ouche";"2015-07-25 18:28:00";7200;7200;;0;;;0;0;0;0;"Mesurées";;;;;;;""
2015;7125;"11";"11045";"Bouriège";"2015-07-25 19:23:00";50;;;;;;;;;;;;"Involontaire (travaux)";;;;;""
2015;7074;"2B";"2B166";"Monte";"2015-07-25 21:44:00";200;;;;;;;;;;;;;;;;;""
2015;1516;"24";"24372";"Saint-Astier";"2015-07-25 22:01:00";6000;6000;;0;;;0;;;0;;;;;;;;""
2015;7098;"07";"07144";"Loubaresse";"2015-07-25 22:10:00";10000;10000;;;;;;;;;;"5";;;;;;""
2015;7449;"2B";"2B290";"Speloncato";"2015-07-25 22:30:00";488130;250000;50000;;;;;;;188130;;"1";"Malveillance";;;;;""
2015;7485;"34";"34092";"Cruzy";"2015-07-26 01:25:00";900;500;400;;;;;;;;;"1";"Malveillance";;;;;""
2015;9152;"2A";"2A288";"Sotta";"2015-07-26 09:13:00";150;;150;;;;;;;;;;;;;;;""
2015;7896;"83";"83032";"Carcès";"2015-07-26 09:30:00";100;100;;;;;;;;;;"4";"Involontaire (travaux)";;;;;""
2015;7269;"13";"13040";"Fuveau";"2015-07-26 12:02:00";100;100;0;;;;;;;0;;;;;;;;""
2015;585;"46";"46330";"Vayrac";"2015-07-26 12:13:00";200;0;;200;;;200;0;0;0;"Estimées";;;;;;;""
2015;7489;"34";"34160";"Mons";"2015-07-26 14:43:00";300;300;;;;;;;;;;"3";"Involontaire (particulier)";;;;;""
2015;8413;"2A";"2A098";"Coti-Chiavari";"2015-07-26 14:50:00";1000;;1000;;;;;;;;;"1";"Involontaire (travaux)";;;;;""
2015;919;"17";"17313";"Saint-Bris-des-Bois";"2015-07-26 16:08:00";40000;40000;;0;;;0;0;0;0;"Estimées";;;;;;;""
2015;7270;"13";"13016";"La Bouilladisse";"2015-07-26 16:39:00";50;50;0;;;;;;;0;;;"Accidentelle";;;;;""
2015;7476;"84";"84057";"Joucas";"2015-07-26 18:00:00";2000;;;;;;;;;;;;;;;;;""
2015;2574;"47";"47301";"Seyches";"2015-07-26 18:03:00";30000;2000;;0;;;0;;;28000;;;"Involontaire (particulier)";;;;;""
2015;7551;"30";"30189";"Nîmes";"2015-07-26 18:21:00";8541;;;;;;;;;;;"4";"Malveillance";;;;;""
2015;7846;"48";"48142";"Sainte-Colombe-de-Peyre";"2015-07-26 18:23:00";3800;3100;700;;;;;;;;;"4";"Involontaire (particulier)";;;;;""
2015;1847;"33";"33518";"Tabanac";"2015-07-26 18:54:00";100;100;;0;;;0;;;0;;;;;;;;""
2015;587;"46";"46191";"Mercuès";"2015-07-26 18:56:00";10000;10000;;0;;;0;0;0;0;"Estimées";;;;;;;""
2015;588;"46";"46031";"Blars";"2015-07-26 19:16:00";5000;0;;5000;;;5000;0;0;0;"Estimées";;;;;;;""
2015;7550;"30";"30243";"Saint-Christol-lès-Alès";"2015-07-26 20:06:00";2000;;;;;;;;;;;"1";"Malveillance";;;;;""
2015;1846;"33";"33540";"Vendays-Montalivet";"2015-07-26 20:51:00";30;30;;0;;;0;;;0;;;;;;;;""
2015;920;"17";"17240";"Montendre";"2015-07-27 00:15:00";5000;5000;;0;;;0;0;0;0;"Mesurées";;;;;;;""
2015;7272;"13";"13047";"Istres";"2015-07-27 00:55:00";80;0;80;;;;;;;0;;;"Malveillance";;;;;""
2015;7122;"11";"11396";"Trausse";"2015-07-27 03:36:00";1500;;;;;;;;;;;;"Malveillance";;;;;""
2015;7905;"83";"83137";"Toulon";"2015-07-27 04:26:00";500;500;;;;;;;;;;"4";"Malveillance";;;;;""
2015;780;"38";"38074";"Chantesse";"2015-07-27 05:36:00";500;500;;0;;;0;0;0;0;"Estimées";;;;;;;""
2015;7906;"83";"83149";"Villecroze";"2015-07-27 06:35:00";150;150;;;;;;;;;;"6";"Malveillance";;;;;""
2015;7925;"06";"06148";"Tourrettes-sur-Loup";"2015-07-27 10:33:00";2500;;2500;;;;;;;;;"1";"Involontaire (particulier)";;;;;""
2015;7450;"2B";"2B185";"Oletta";"2015-07-27 11:04:00";78800;10000;38800;;;;;;;30000;;"1";"Malveillance";;;;;""
2015;7367;"13";"13117";"Vitrolles";"2015-07-27 11:28:00";50;50;0;;;;;;;0;;;"Involontaire (travaux)";;;;;""
2015;9644;"30";"30189";"Nîmes";"2015-07-27 13:24:00";100;;;;;;;;;;;"4";"Involontaire (travaux)";;;;;""
2015;7336;"2B";"2B002";"Aghione";"2015-07-27 13:27:00";15605;10000;5000;;;;;;;605;;"2";"Accidentelle";;;;;""
2015;7910;"83";"83061";"Fréjus";"2015-07-27 13:38:00";167300;167300;;;;;;;;;;"6";"Malveillance";;;;;""
2015;8414;"2A";"2A362";"Zonza";"2015-07-27 14:36:00";40500;;40500;;;;;;;;;"5";"Involontaire (particulier)";;;;;""
2015;7289;"04";"04024";"Beaujeu";"2015-07-27 14:37:00";2100;2100;;;;;;;;;;"4";"Naturelle";;;;;""
2015;7916;"83";"83015";"Bauduen";"2015-07-27 15:13:00";25000;25000;;;;;;;;;;"2";"Accidentelle";;;;;""
2015;7507;"34";"34316";"Usclas-du-Bosc";"2015-07-27 15:18:00";300;150;150;;;;;;;;;"1";"Involontaire (particulier)";;;;;""
2015;921;"17";"17313";"Saint-Bris-des-Bois";"2015-07-27 15:18:00";250;250;;0;;;0;0;0;0;"Estimées";;;;;;;""
2015;1511;"24";"24432";"Saint-Julien-de-Lampon";"2015-07-27 15:43:00";300;300;;0;;;0;;;0;;;;;;;;""
2015;7508;"34";"34246";"Saint-Christol";"2015-07-27 15:53:00";7500;1500;4000;;;;;;;2000;;"1";"Involontaire (travaux)";;;;;""
2015;590;"46";"46298";"Sarrazac";"2015-07-27 15:59:00";10000;0;;10000;;;10000;0;0;0;"Estimées";;;;;;;""
2015;2756;"43";"43213";"Saint-Pal-de-Mons";"2015-07-27 16:06:00";150000;150000;;0;;;0;0;0;0;"Estimées";;;;;;;""
2015;1510;"24";"24246";"Lunas";"2015-07-27 16:14:00";200;200;;0;;;0;;;0;;;;;;;;""
2015;1841;"33";"33540";"Vendays-Montalivet";"2015-07-27 16:45:00";20000;20000;;0;;;0;;;0;;;;;;;;""
2015;7552;"30";"30085";"Collias";"2015-07-27 16:46:00";2717;;;;;;;;;;;"2";"Malveillance";;;;;""
2015;7920;"83";"83027";"La Cadière-d'Azur";"2015-07-27 17:00:00";11000;11000;;;;;;;;;;"4";"Malveillance";;;;;""
2015;7921;"83";"83027";"La Cadière-d'Azur";"2015-07-27 17:03:00";17000;17000;;;;;;;;;;"4";"Malveillance";;;;;""
2015;1840;"33";"33540";"Vendays-Montalivet";"2015-07-27 17:09:00";15000;15000;;0;;;0;;;0;;;;;;;;""
2015;7369;"13";"13069";"Pélissanne";"2015-07-27 17:53:00";10500;3800;0;;;;;;;6700;;;;;;;;""
2015;7341;"2B";"2B238";"Poggio-di-Venaco";"2015-07-27 18:14:00";600;600;0;;;;;;;0;;"1";;;;;;""
2015;9752;"30";"30189";"Nîmes";"2015-07-27 18:28:00";10;;;;;;;;;;;"4";"Involontaire (travaux)";;;;;""
2015;7344;"2B";"2B145";"Loreto-di-Casinca";"2015-07-27 18:35:00";20;;;;;;;;;;;;;;;;;""
2015;1837;"33";"33540";"Vendays-Montalivet";"2015-07-27 19:03:00";1500;1500;;0;;;0;;;0;;;;;;;;""
2015;594;"46";"46148";"Lalbenque";"2015-07-27 19:04:00";15000;0;;15000;;;15000;0;0;0;"Estimées";;;;;;;""
2015;1836;"33";"33229";"Lanton";"2015-07-27 19:49:00";50000;50000;;0;;;0;;;0;;;;;;;;""
2015;926;"17";"17225";"Les Mathes";"2015-07-27 20:03:00";60;60;;0;;;0;0;0;0;"Estimées";;;;;;;""
2015;2571;"47";"47029";"Blanquefort-sur-Briolance";"2015-07-27 20:05:00";5000;5000;;0;;;0;;;0;;;;;;;;""
2015;7512;"34";"34049";"Camplong";"2015-07-27 20:54:00";2200;1000;1200;;;;;;;;;"4";"Malveillance";;;;;""
2015;7922;"83";"83098";"Le Pradet";"2015-07-27 21:11:00";20;20;;;;;;;;;;"5";"Involontaire (particulier)";;;;;""
2015;1835;"33";"33529";"La Teste-de-Buch";"2015-07-27 22:22:00";10;10;;0;;;0;;;0;;;"Accidentelle";;;;;""
2015;7345;"2B";"2B251";"Prunelli-di-Fiumorbo";"2015-07-27 22:34:00";5000;;;;;;;;;;;"2";;;;;;""
2015;7347;"2B";"2B049";"Calenzana";"2015-07-28 01:04:00";9990;5640;0;;;;;;;4350;;"1";"Malveillance";;;;;""
2015;7401;"2B";"2B095";"Corscia";"2015-07-28 01:47:00";113588;0;113588;;;;;;;0;;"1";"Malveillance";;;;;""
2015;7368;"13";"13028";"La Ciotat";"2015-07-28 04:46:00";3200;3200;0;;;;;;;0;;;"Malveillance";;;;;""
2015;1066;"72";"72213";"Mulsanne";"2015-07-28 07:51:00";4000;4000;;0;;;0;0;0;0;"Estimées";;;;;;;""
2015;7360;"07";"07288";"Saint-Priest";"2015-07-28 11:19:00";3000;;3000;;;;;;;;;"1";;;;;;""
2015;9164;"2A";"2A300";"San-Gavino-di-Carbini";"2015-07-28 11:36:00";500;;500;;;;;;;;;"1";"Involontaire (particulier)";;;;;""
2015;7361;"07";"07189";"Ribes";"2015-07-28 12:17:00";500;;500;;;;;;;;;"1";;;;;;""
2015;7387;"2B";"2B185";"Oletta";"2015-07-28 12:30:00";27303;5000;22303;;;;;;;0;;"1";"Malveillance";;;;;""
2015;8172;"66";"66008";"Argelès-sur-Mer";"2015-07-28 12:35:00";700;700;;;;;;;;;;"3";"Accidentelle";;;;;""
2015;9646;"30";"30189";"Nîmes";"2015-07-28 13:06:00";50;;;;;;;;;;;"4";"Involontaire (travaux)";;;;;""
2015;7362;"07";"07288";"Saint-Priest";"2015-07-28 13:07:00";1000;;1000;;;;;;;;;"1";"Involontaire (particulier)";;;;;""
2015;2407;"40";"40332";"Ychoux";"2015-07-28 14:06:00";90000;90000;;0;;;0;;;0;;;"Involontaire (particulier)";;;;;""
2015;8173;"66";"66030";"Calce";"2015-07-28 14:35:00";20000;;20000;;;;;;;;;"1";"Malveillance";;;;;""
2015;10675;"2A";"2A038";"Bilia";"2015-07-28 14:37:00";34;;34;;;;;;;;;"1";"Involontaire (particulier)";;;;;""
2015;1834;"33";"33385";"Saint-Christophe-de-Double";"2015-07-28 14:40:00";1000;1000;;0;;;0;;;0;;;;;;;;""
2015;2406;"40";"40244";"Rivière-Saas-et-Gourby";"2015-07-28 14:46:00";214;214;;0;;;0;;;0;;;;;;;;""
2015;2775;"71";"71076";"Chalon-sur-Saône";"2015-07-28 14:50:00";80000;0;;80000;;;80000;0;0;0;"Estimées";;;;;;;""
2015;927;"17";"17452";"La Tremblade";"2015-07-28 14:51:00";300;300;;0;;;0;0;0;0;"Estimées";;"Involontaire (particulier)";;;;;""
2015;7328;"30";"30139";"Lanuéjols";"2015-07-28 15:00:00";3520;;;;;;;;;;;"2";"Involontaire (particulier)";;;;;""
2015;7516;"34";"34095";"Fabrègues";"2015-07-28 15:43:00";6000;2500;2000;;;;;;;1500;;"1";"Involontaire (particulier)";;;;;""
2015;7371;"13";"13112";"Velaux";"2015-07-28 15:56:00";266400;140000;80000;;;;;;;46400;;;;;;;;""
2015;8174;"66";"66190";"Salses-le-Château";"2015-07-28 16:14:00";600;600;;;;;;;;;;"4";;;;;;""
2015;7316;"04";"04230";"Valensole";"2015-07-28 16:17:00";800;800;;;;;;;;;;"4";"Naturelle";;;;;""
2015;7351;"2B";"2B143";"Linguizzetta";"2015-07-28 16:42:00";34686;0;6500;;;;;;;28186;;"2";"Malveillance";;;;;""
2015;8175;"66";"66190";"Salses-le-Château";"2015-07-28 16:46:00";35000;25000;10000;;;;;;;;;"4";"Malveillance";;;;;""
2015;1243;"69";"69206";"Saint-Georges-de-Reneins";"2015-07-28 16:48:00";20000;0;;20000;;;20000;0;0;0;"Mesurées";;;;;;;""
2015;8176;"66";"66136";"Perpignan";"2015-07-28 17:38:00";50000;20000;20000;;;;;;;10000;;"4";"Malveillance";;;;;""
2015;9647;"30";"30105";"Dourbies";"2015-07-28 18:09:00";50;;;;;;;;;;;"1";"Involontaire (travaux)";;;;;""
2015;11995;"2A";"2A362";"Zonza";"2015-07-28 18:47:00";50;;50;;;;;;;;;;;;;;;""
2015;9648;"30";"30198";"Les Plantiers";"2015-07-28 20:20:00";887;;;;;;;;;;;"3";"Malveillance";;;;;""
2015;2568;"47";"47043";"Buzet-sur-Baïse";"2015-07-28 22:52:00";10000;10000;;0;;;0;;;0;;;;;;;;""
2015;1244;"69";"69252";"Trèves";"2015-07-29 00:25:00";20000;0;;20000;;;20000;0;0;0;"Mesurées";;;;;;;""
2015;8521;"34";"34289";"Saint-Thibéry";"2015-07-29 01:14:00";400;400;;;;;;;;;;"4";"Malveillance";;;;;""
2015;7800;"11";"11396";"Trausse";"2015-07-29 01:47:00";1659;;;;;;;;;;;;"Malveillance";;;;;""
2015;7931;"83";"83137";"Toulon";"2015-07-29 03:02:00";200;200;;;;;;;;;;"4";"Malveillance";;;;;""
2015;7385;"30";"30189";"Nîmes";"2015-07-29 06:59:00";50;;;;;;;;;;;"4";"Involontaire (travaux)";;;;;""
2015;7451;"2B";"2B190";"Olmi-Cappella";"2015-07-29 07:30:00";15177;0;15177;;;;;;;0;;"1";"Malveillance";;;;;""
2015;8415;"2A";"2A041";"Bonifacio";"2015-07-29 09:32:00";44000;;44000;;;;;;;;;"2";"Malveillance";;;;;""
2015;9649;"30";"30189";"Nîmes";"2015-07-29 10:50:00";50;;;;;;;;;;;"4";"Involontaire (travaux)";;;;;""
2015;8483;"34";"34075";"Cesseras";"2015-07-29 12:50:00";1800;;1000;;;;;;;800;;"1";"Malveillance";;;;;""
2015;7951;"06";"06086";"Moulinet";"2015-07-29 15:13:00";800;800;;;;;;;;;;"4";"Naturelle";;;;;""
2015;7704;"48";"48129";"Rocles";"2015-07-29 15:29:00";2;;;;;;;;;;;;"Involontaire (particulier)";;;;;""
2015;7390;"30";"30185";"Mus";"2015-07-29 15:45:00";300;;;;;;;;;;;"4";"Malveillance";;;;;""
2015;7957;"83";"83031";"Le Cannet-des-Maures";"2015-07-29 15:47:00";10;10;;;;;;;;;;"3";"Malveillance";;;;;""
2015;7953;"06";"06130";"Saint-Vallier-de-Thiey";"2015-07-29 16:02:00";1956500;220000;1496500;;;;;;;240000;;"4";"Involontaire (particulier)";;;;;""
2015;7528;"34";"34049";"Camplong";"2015-07-29 16:08:00";100;;100;;;;;;;;;"1";"Involontaire (travaux)";;;;;""
2015;8179;"66";"66205";"Tautavel";"2015-07-29 17:28:00";60000;40000;20000;;;;;;;;;"4";"Malveillance";;;;;""
2015;7801;"11";"11145";"Fleury";"2015-07-29 19:15:00";450;;;;;;;;;;;;"Malveillance";;;;;""
2015;7958;"83";"83073";"Le Luc";"2015-07-29 19:48:00";600;600;;;;;;;;;;"4";"Accidentelle";;;;;""
2015;7959;"83";"83060";"Fox-Amphoux";"2015-07-29 20:31:00";100;100;;;;;;;;;;"4";"Involontaire (particulier)";;;;;""
2015;7529;"34";"34225";"Puisserguier";"2015-07-29 22:41:00";900;900;;;;;;;;;;"4";"Malveillance";;;;;""
2015;7802;"11";"11368";"Sallèles-Cabardès";"2015-07-30 00:29:00";5860;;;;;;;;;;;;"Malveillance";;;;;""
2015;2405;"40";"40244";"Rivière-Saas-et-Gourby";"2015-07-30 00:46:00";100;100;;0;;;0;;;0;;;;;;;;""
2015;7803;"11";"11286";"Peyriac-Minervois";"2015-07-30 01:11:00";850;;;;;;;;;;;;"Malveillance";;;;;""
2015;7804;"11";"11286";"Peyriac-Minervois";"2015-07-30 01:27:00";100;;;;;;;;;;;;"Malveillance";;;;;""
2015;7863;"13";"13005";"Aubagne";"2015-07-30 08:19:00";10;10;;;;;;;;;;;"Involontaire (particulier)";;;;;""
2015;7862;"13";"13119";"Carnoux-en-Provence";"2015-07-30 08:19:00";2;2;;;;;;;;;;;"Malveillance";;;;;""
2015;1202;"45";"45184";"Lion-en-Sullias";"2015-07-30 10:31:00";1000;0;;1000;;;1000;0;0;0;"Estimées";;;;;;;""
2015;7452;"2B";"2B361";"Zilia";"2015-07-30 10:55:00";322405;0;319405;;;;;;;3000;;"1";"Accidentelle";;;;;""
2015;7865;"13";"13053";"Mallemort";"2015-07-30 10:56:00";20;20;;;;;;;;;;;"Malveillance";;;;;""
2015;11996;"2A";"2A070";"Casaglione";"2015-07-30 11:01:00";100;;100;;;;;;;;;;;;;;;""
2015;7530;"34";"34049";"Camplong";"2015-07-30 11:51:00";400;;400;;;;;;;;;"1";"Involontaire (travaux)";;;;;""
2015;7443;"2A";"2A271";"Sarrola-Carcopino";"2015-07-30 13:48:00";15000;;15000;;;;;;;;;"1";;;;;;""
2015;7867;"13";"13070";"La Penne-sur-Huveaune";"2015-07-30 14:44:00";300;300;;;;;;;;;;;"Malveillance";;;;;""
2015;7453;"2B";"2B281";"Sisco";"2015-07-30 14:59:00";2500;;;;;;;;;;;;;;;;;""
2015;7554;"30";"30231";"Saint-André-de-Valborgne";"2015-07-30 15:05:00";934600;;744000;;;;;;;190600;;"5";"Malveillance";;;;;""
2015;639;"21";"21525";"La Roche-en-Brenil";"2015-07-30 16:27:00";18900;5300;;0;;;0;7500;6100;13600;"Mesurées";;;;;;;""
2015;633;"79";"79250";"Sainte-Gemme";"2015-07-30 16:47:00";18000;0;;8000;;;8000;10000;0;10000;"Estimées";;;;;;;""
2015;1823;"33";"33240";"Lesparre-Médoc";"2015-07-30 17:08:00";300;300;;0;;;0;;;0;;;;;;;;""
2015;9760;"04";"04049";"Château-Arnoux-Saint-Auban";"2015-07-30 17:10:00";1;1;;;;;;;;;;"2";"Involontaire (particulier)";;;;;""
2015;7411;"07";"07231";"Saint-Étienne-de-Fontbellon";"2015-07-30 17:30:00";3000;3000;;;;;;;;;;"4";;;;;;""
2015;8341;"48";"48038";"Chambon-le-Château";"2015-07-30 18:13:00";100;;;;;;;;;;;"4";"Naturelle";;;;;""
2015;1820;"33";"33376";"Saint-Aubin-de-Médoc";"2015-07-30 18:19:00";5;5;;0;;;0;;;0;;;;;;;;""
2015;2729;"41";"41094";"Fresnes";"2015-07-30 18:28:00";6000;0;;6000;;;6000;0;0;0;"Estimées";;;;;;;""
2015;7481;"84";"84129";"Sorgues";"2015-07-30 20:32:00";40000;;;;;;;;;;;;;;;;;""
2015;1819;"33";"33151";"Donnezac";"2015-07-30 22:05:00";400;400;;0;;;0;;;0;;;"Accidentelle";;;;;""
2015;7868;"13";"13106";"Septèmes-les-Vallons";"2015-07-30 23:02:00";100;100;;;;;;;;;;;"Accidentelle";;;;;""
2015;2776;"71";"71270";"Mâcon";"2015-07-30 23:30:00";40000;0;;40000;;;40000;0;0;0;"Estimées";;;;;;;""
2015;2403;"40";"40187";"Moliets-et-Maa";"2015-07-30 23:38:00";10;10;;0;;;0;;;0;;;;;;;;""
2015;2564;"47";"47242";"Saint-Front-sur-Lémance";"2015-07-31 11:14:00";500;500;;0;;;0;;;0;;;"Involontaire (travaux)";;;;;""
2015;7805;"11";"11368";"Sallèles-Cabardès";"2015-07-31 12:04:00";300;;;;;;;;;;;;"Involontaire (travaux)";;;;;""
2015;7416;"30";"30330";"Tornac";"2015-07-31 12:57:00";109;;;;;;;;;;;"2";"Malveillance";;;;;""
2015;9753;"30";"30330";"Tornac";"2015-07-31 12:59:00";7;;;;;;;;;;;"2";"Malveillance";;;;;""
2015;9650;"30";"30198";"Les Plantiers";"2015-07-31 13:24:00";20;;;;;;;;;;;"3";"Involontaire (travaux)";;;;;""
2015;1067;"72";"72260";"Ruaudin";"2015-07-31 14:47:00";7000;7000;;0;;;0;0;0;0;"Estimées";;;;;;;""
2015;7457;"2B";"2B188";"Olmeta-di-Tuda";"2015-07-31 14:57:00";10;;;;;;;;;;;;;;;;;""
2015;7787;"48";"48074";"Hures-la-Parade";"2015-07-31 15:43:00";161000;61000;;;;;;;;100000;;"4";"Involontaire (travaux)";;;;;""
2015;2400;"40";"40319";"Trensacq";"2015-07-31 15:55:00";6300;6300;;0;;;0;;;0;;;"Naturelle";;;;;""
2015;786;"46";"46058";"Carennac";"2015-07-31 16:20:00";3500;0;;3500;;;3500;0;0;0;"Estimées";;;;;;;""
2015;8259;"04";"04024";"Beaujeu";"2015-07-31 17:06:00";20;20;;;;;;;;;;"4";"Involontaire (travaux)";;;;;""
2015;7441;"07";"07177";"Plats";"2015-07-31 17:28:00";31000;20000;11000;;;;;;;;;"2";;;;;;""
2015;2777;"71";"71076";"Chalon-sur-Saône";"2015-07-31 18:00:00";40000;0;;40000;;;40000;0;0;0;"Estimées";;;;;;;""
2015;7534;"34";"34026";"Beaufort";"2015-07-31 18:39:00";1000;1000;;;;;;;;;;"3";"Naturelle";;;;;""
2015;7535;"34";"34190";"Oupia";"2015-07-31 19:11:00";50;50;;;;;;;;;;"4";"Naturelle";;;;;""
2015;1069;"72";"72330";"Savigné-sous-le-Lude";"2015-07-31 19:31:00";2000;2000;;0;;;0;0;0;0;"Estimées";;;;;;;""
2015;7536;"34";"34096";"Faugères";"2015-07-31 19:38:00";210;210;;;;;;;;;;"3";"Naturelle";;;;;""
2015;7444;"2A";"2A247";"Porto-Vecchio";"2015-07-31 21:17:00";100;;100;;;;;;;;;;;;;;;""
2015;7582;"2B";"2B190";"Olmi-Cappella";"2015-08-01 03:11:00";11023;0;11023;;;;;;;0;;"1";"Malveillance";;;;;""
2015;1120;"86";"86272";"Thuré";"2015-08-01 07:01:00";500;500;;0;;;0;0;0;0;"Estimées";;;;;;;""
2015;1068;"72";"72330";"Savigné-sous-le-Lude";"2015-08-01 12:09:00";2000;2000;;0;;;0;0;0;0;"Estimées";;;;;;;""
2015;1408;"68";"68112";"Guebwiller";"2015-08-01 12:37:00";10000;10000;;0;;;0;0;0;0;"Estimées";;;;;;;""
2015;7806;"11";"11170";"Gruissan";"2015-08-01 14:57:00";1268;;;;;;;;;;;;"Naturelle";;;;;""
2015;7548;"34";"34135";"Lespignan";"2015-08-01 15:00:00";7000;;4000;;;;;;;3000;;"1";"Involontaire (travaux)";;;;;""
2015;2399;"40";"40243";"Rion-des-Landes";"2015-08-01 16:06:00";300;300;;0;;;0;;;0;;;;;;;;""
2015;1338;"38";"38544";"Vienne";"2015-08-01 16:12:00";2000;0;;2000;;;2000;0;0;0;"Estimées";;;;;;;""
2015;1070;"72";"72051";"Cérans-Foulletourte";"2015-08-01 16:13:00";40000;40000;;0;;;0;0;0;0;"Estimées";;;;;;;""
2015;1814;"33";"33541";"Vensac";"2015-08-01 19:30:00";300;200;;0;;;0;;;100;;;;;;;;""
2015;8180;"66";"66099";"Llauro";"2015-08-02 01:34:00";100;100;;;;;;;;;;"2";"Accidentelle";;;;;""
2015;7448;"13";"13047";"Istres";"2015-08-02 06:40:00";100;100;;;;;;;;;;;;;;;;""
2015;7460;"2B";"2B190";"Olmi-Cappella";"2015-08-02 08:06:00";2073;0;2073;;;;;;;0;;"1";"Malveillance";;;;;""
2015;10320;"2B";"2B080";"Castifao";"2015-08-02 10:10:00";25;25;0;;;;;;;0;;"1";"Malveillance";;;;;""
2015;7446;"2A";"2A004";"Ajaccio";"2015-08-02 10:19:00";500;500;;;;;;;;;;"1";;;;;;""
2015;810;"63";"63070";"Ceyrat";"2015-08-02 11:40:00";4009;4009;;0;;;0;0;0;0;"Mesurées";;;;;;;""
2015;1071;"72";"72350";"Teloché";"2015-08-02 12:16:00";50;50;;0;;;0;0;0;0;"Estimées";;;;;;;""
2015;787;"46";"46044";"Caillac";"2015-08-02 12:30:00";300;0;;300;;;300;0;0;0;"Estimées";;;;;;;""
2015;788;"46";"46180";"Lunan";"2015-08-02 12:40:00";10000;0;;10000;;;10000;0;0;0;"Estimées";;;;;;;""
2015;2778;"71";"71014";"Autun";"2015-08-02 14:55:00";50000;0;;50000;;;50000;0;0;0;"Estimées";;;;;;;""
2015;1809;"33";"33484";"Saint-Symphorien";"2015-08-02 15:08:00";182230;182230;;0;;;0;;;0;;;;;;;;""
2015;722;"79";"79113";"Étusson";"2015-08-02 15:48:00";2500;2500;;0;;;0;0;0;0;"Estimées";;;;;;;""
2015;7556;"30";"30189";"Nîmes";"2015-08-02 17:02:00";37334;;;;;;;;;;;"1";"Malveillance";;;;;""
2015;2398;"40";"40287";"Sanguinet";"2015-08-02 17:12:00";8000;8000;;0;;;0;;;0;;;;;;;;""
2015;2397;"40";"40217";"Parentis-en-Born";"2015-08-02 17:56:00";200;200;;0;;;0;;;0;;;;;;;;""
2015;789;"46";"46137";"Labastide-Marnhac";"2015-08-02 18:00:00";1800;0;;1800;;;1800;0;0;0;"Estimées";;;;;;;""
2015;943;"45";"45092";"Chevillon-sur-Huillard";"2015-08-02 18:24:00";110000;10000;;0;;;0;100000;0;100000;"Estimées";;"Malveillance";;;;;""
2015;2718;"41";"41232";"Salbris";"2015-08-02 19:54:00";40000;40000;;0;;;0;0;0;0;"Estimées";;"Accidentelle";;;;;""
2015;7558;"30";"30106";"Durfort-et-Saint-Martin-de-Sossenac";"2015-08-02 20:15:00";2370;;;;;;;;;;;"3";"Malveillance";;;;;""
2015;9170;"2A";"2A139";"Lecci";"2015-08-03 01:59:00";100;;100;;;;;;;;;;;;;;;""
2015;1121;"86";"86272";"Thuré";"2015-08-03 05:53:00";30000;30000;;0;;;0;0;0;0;"Estimées";;;;;;;""
2015;9651;"30";"30231";"Saint-André-de-Valborgne";"2015-08-03 08:55:00";50;;;;;;;;;;;"4";"Involontaire (travaux)";;;;;""
2015;754;"81";"81145";"Lisle-sur-Tarn";"2015-08-03 11:14:00";500;0;;500;;;500;0;0;0;"Estimées";;;;;;;""
2015;790;"46";"46296";"Saint-Vincent-Rive-d'Olt";"2015-08-03 11:14:00";200;0;;200;;;200;0;0;0;"Estimées";;;;;;;""
2015;7621;"2B";"2B033";"Bastia";"2015-08-03 11:48:00";17661;0;17661;;;;;;;0;;"1";;;;;;""
2015;867;"77";"77186";"Fontainebleau";"2015-08-03 12:00:00";20000;20000;;0;;;0;0;0;0;"Estimées";;;;;;;""
2015;792;"46";"46298";"Sarrazac";"2015-08-03 13:12:00";15000;0;;15000;;;15000;0;0;0;"Estimées";;;;;;;""
2015;791;"46";"46053";"Camburat";"2015-08-03 13:12:00";15000;0;;15000;;;15000;0;0;0;"Estimées";;;;;;;""
2015;9652;"30";"30209";"Pujaut";"2015-08-03 13:15:00";150;;;;;;;;;;;"1";;;;;;""
2015;7808;"11";"11386";"Talairan";"2015-08-03 13:33:00";200;;;;;;;;;;;;"Involontaire (particulier)";;;;;""
2015;1416;"02";"02720";"Sissonne";"2015-08-03 13:40:00";40000;40000;;0;;;0;0;0;0;"Estimées";;;;;;;""
2015;928;"17";"17110";"Clérac";"2015-08-03 14:05:00";800;800;;0;;;0;0;0;0;"Estimées";;;;;;;""
2015;2779;"71";"71014";"Autun";"2015-08-03 14:45:00";440000;0;;440000;;;440000;0;0;0;"Estimées";;;;;;;""
2015;793;"46";"46197";"Le Montat";"2015-08-03 14:45:00";1000;0;;1000;;;1000;0;0;0;"Estimées";;;;;;;""
2015;8441;"2A";"2A276";"Serra-di-Ferro";"2015-08-03 15:04:00";3500;;3500;;;;;;;;;"1";"Malveillance";;;;;""
2015;8260;"04";"04130";"Montlaux";"2015-08-03 15:07:00";26;;;;;;;;;;;;"Malveillance";;;;;""
2015;7483;"84";"84036";"Châteauneuf-de-Gadagne";"2015-08-03 15:29:00";500;;;;;;;;;;;;;;;;;""
2015;758;"58";"58063";"Château-Chinon (Campagne)";"2015-08-03 15:54:00";39500;17000;;0;;;0;0;22500;22500;"Mesurées";;"Involontaire (travaux)";;;;;""
2015;1339;"38";"38318";"Pont-Évêque";"2015-08-03 15:54:00";20000;20000;;0;;;0;0;0;0;"Estimées";;;;;;;""
2015;794;"46";"46287";"Saint-Paul-de-Loubressac";"2015-08-03 16:17:00";40000;0;;40000;;;40000;0;0;0;"Estimées";;;;;;;""
2015;939;"45";"45081";"Charsonville";"2015-08-03 16:25:00";15000;15000;;0;;;0;0;0;0;"Estimées";;;;;;;""
2015;7978;"83";"83009";"Bandol";"2015-08-03 16:34:00";400;400;;;;;;;;;;"4";"Malveillance";;;;;""
2015;8182;"66";"66044";"Castelnou";"2015-08-03 16:36:00";3000;3000;;;;;;;;;;"3";"Malveillance";;;;;""
2015;8183;"66";"66044";"Castelnou";"2015-08-03 17:01:00";80;80;;;;;;;;;;"3";"Malveillance";;;;;""
2015;7543;"07";"07307";"Sanilhac";"2015-08-03 17:08:00";3000;3000;;;;;;;;;;"4";;;;;;""
2015;1110;"03";"03041";"Le Brethon";"2015-08-03 17:23:00";17000;17000;;0;;;0;0;0;0;"Mesurées";;;;;;;""
2015;1498;"24";"24581";"Villamblard";"2015-08-03 17:34:00";5000;5000;;0;;;0;;;0;;;;;;;;""
2015;1072;"72";"72213";"Mulsanne";"2015-08-03 17:54:00";20;20;;0;;;0;0;0;0;"Estimées";;;;;;;""
2015;7584;"2B";"2B096";"Corte";"2015-08-03 18:20:00";1;;;;;;;;;;;;;;;;;""
2015;2395;"40";"40326";"Vielle-Saint-Girons";"2015-08-03 18:37:00";3000;3000;;0;;;0;;;0;;;"Naturelle";;;;;""
2015;2396;"40";"40155";"Linxe";"2015-08-03 18:37:00";400;400;;0;;;0;;;0;;;"Naturelle";;;;;""
2015;2394;"40";"40276";"Saint-Michel-Escalus";"2015-08-03 18:46:00";10;10;;0;;;0;;;0;;;"Naturelle";;;;;""
2015;2393;"40";"40168";"Magescq";"2015-08-03 18:50:00";500;500;;0;;;0;;;0;;;"Naturelle";;;;;""
2015;2389;"40";"40311";"Taller";"2015-08-03 18:56:00";100;100;;0;;;0;;;0;;;"Naturelle";;;;;""
2015;2391;"40";"40317";"Tosse";"2015-08-03 18:59:00";4570;4570;;0;;;0;;;0;;;"Naturelle";;;;;""
2015;2388;"40";"40182";"Mézos";"2015-08-03 19:10:00";100;100;;0;;;0;;;0;;;"Naturelle";;;;;""
2015;2386;"40";"40303";"Solférino";"2015-08-03 19:20:00";2000;2000;;0;;;0;;;0;;;"Naturelle";;;;;""
2015;2387;"40";"40152";"Lesperon";"2015-08-03 19:20:00";300;300;;0;;;0;;;0;;;"Naturelle";;;;;""
2015;2383;"40";"40182";"Mézos";"2015-08-03 19:23:00";100;100;;0;;;0;;;0;;;"Naturelle";;;;;""
2015;1802;"33";"33042";"Belin-Béliet";"2015-08-03 19:32:00";150;150;;0;;;0;;;0;;;"Naturelle";;;;;""
2015;1800;"33";"33202";"Hostens";"2015-08-03 19:40:00";400;400;;0;;;0;;;0;;;"Naturelle";;;;;""
2015;2384;"40";"40320";"Uchacq-et-Parentis";"2015-08-03 19:46:00";1;1;;0;;;0;;;0;;;"Naturelle";;;;;""
2015;2381;"40";"40200";"Moustey";"2015-08-03 20:03:00";460;460;;0;;;0;;;0;;;"Naturelle";;;;;""
2015;795;"46";"46312";"Strenquels";"2015-08-03 20:12:00";600;0;;600;;;600;0;0;0;"Estimées";;;;;;;""
2015;2072;"33";"33424";"Saint-Laurent-Médoc";"2015-08-03 20:14:00";300;300;;0;;;0;;;0;;;"Naturelle";;;;;""
2015;1798;"33";"33202";"Hostens";"2015-08-03 20:19:00";300;300;;0;;;0;;;0;;;"Naturelle";;;;;""
2015;797;"46";"46186";"Masclat";"2015-08-03 20:44:00";100;0;;100;;;100;0;0;0;"Estimées";;;;;;;""
2015;2069;"33";"33229";"Lanton";"2015-08-03 21:02:00";20;20;;0;;;0;;;0;;;"Naturelle";;;;;""
2015;799;"46";"46042";"Cahors";"2015-08-03 22:03:00";5000;0;;5000;;;5000;0;0;0;"Estimées";;;;;;;""
2015;800;"46";"46148";"Lalbenque";"2015-08-03 22:34:00";100;0;;100;;;100;0;0;0;"Estimées";;;;;;;""
2015;7979;"83";"83023";"Brignoles";"2015-08-04 02:57:00";150;150;;;;;;;;;;"4";"Malveillance";;;;;""
2015;2377;"40";"40075";"Castets";"2015-08-04 08:18:00";3;2;;0;;;0;;;1;;;"Naturelle";;;;;""
2015;2376;"40";"40234";"Pouydesseaux";"2015-08-04 08:51:00";10000;10000;;0;;;0;;;0;;;"Naturelle";;;;;""
2015;2553;"47";"47202";"Paulhiac";"2015-08-04 09:32:00";500;500;;0;;;0;;;0;;;;;;;;""
2015;7810;"11";"11262";"Narbonne";"2015-08-04 11:04:00";8977;;;;;;;;;;;;"Accidentelle";;;;;""
2015;866;"77";"77186";"Fontainebleau";"2015-08-04 12:00:00";300;300;;0;;;0;0;0;0;"Estimées";;;;;;;""
2015;1300;"72";"72311";"Saint-Pierre-de-Chevillé";"2015-08-04 12:57:00";200;200;;0;;;0;0;0;0;"Estimées";;;;;;;""
2015;2375;"40";"40167";"Luxey";"2015-08-04 13:04:00";1500;1500;;0;;;0;;;0;;;"Naturelle";;;;;""
2015;8185;"66";"66134";"Passa";"2015-08-04 13:35:00";1500;1500;;;;;;;;;;"4";"Malveillance";;;;;""
2015;7636;"34";"34189";"Olonzac";"2015-08-04 14:22:00";2200;2200;;;;;;;;;;"4";"Malveillance";;;;;""
2015;998;"28";"28046";"Boissy-lès-Perche";"2015-08-04 14:29:00";320000;0;;20000;;;20000;0;300000;300000;"Estimées";;;;;;;""
2015;4559;"01";"01073";"Ceyzérieu";"2015-08-04 15:16:00";60000;60000;;0;;;0;0;0;0;"Estimées";;;;;;;""
2015;9177;"2A";"2A040";"Bocognano";"2015-08-04 15:27:00";50;50;;;;;;;;;;"3";"Accidentelle";;;;;""
2015;1796;"33";"33422";"Saint-Jean-d'Illac";"2015-08-04 17:36:00";100;100;;0;;;0;;;0;;;"Naturelle";;;;;""
2015;8261;"04";"04174";"Saint-Benoît";"2015-08-04 18:26:00";1000;;;;;;;;;;;;;;;;;""
2015;7954;"06";"06034";"Castagniers";"2015-08-04 20:49:00";500;;500;;;;;;;;;"1";"Involontaire (particulier)";;;;;""
2015;7639;"34";"34143";"Loupian";"2015-08-04 21:25:00";400;;400;;;;;;;;;"1";"Involontaire (particulier)";;;;;""
2015;7705;"48";"48080";"Langogne";"2015-08-05 07:52:00";2;;;;;;;;;;;;"Involontaire (travaux)";;;;;""
2015;1324;"49";"49217";"Montreuil-sur-Maine";"2015-08-05 09:00:00";80000;80000;;0;;;0;0;0;0;"Estimées";;;;;;;""
2015;7641;"34";"34312";"La Tour-sur-Orb";"2015-08-05 10:16:00";3700;;2000;;;;;;;1700;;"1";"Involontaire (particulier)";;;;;""
2015;1261;"72";"72213";"Mulsanne";"2015-08-05 10:20:00";18000;18000;;0;;;0;0;0;0;"Estimées";;;;;;;""
2015;865;"77";"77186";"Fontainebleau";"2015-08-05 12:00:00";5000;5000;;0;;;0;0;0;0;"Estimées";;;;;;;""
2015;2372;"40";"40319";"Trensacq";"2015-08-05 12:13:00";3700;3700;;0;;;0;;;0;;;"Naturelle";;;;;""
2015;2371;"40";"40081";"Cère";"2015-08-05 12:25:00";13000;13000;;0;;;0;;;0;;;"Naturelle";;;;;""
2015;2370;"40";"40164";"Retjons";"2015-08-05 13:12:00";7000;7000;;0;;;0;;;0;;;;;;;;""
2015;2369;"40";"40311";"Taller";"2015-08-05 13:23:00";10000;10000;;0;;;0;;;0;;;"Naturelle";;;;;""
2015;1794;"33";"33305";"Le Nizan";"2015-08-05 13:23:00";350;350;;0;;;0;;;0;;;;;;;;""
2015;7960;"06";"06023";"Breil-sur-Roya";"2015-08-05 13:30:00";2000;;2000;;;;;;;;;"1";;;;;;""
2015;2368;"40";"40135";"Labrit";"2015-08-05 13:59:00";4000;4000;;0;;;0;;;0;;;"Naturelle";;;;;""
2015;2780;"71";"71076";"Chalon-sur-Saône";"2015-08-05 14:50:00";80000;0;;80000;;;80000;0;0;0;"Estimées";;;;;;;""
2015;8008;"83";"83021";"Bras";"2015-08-05 14:55:00";140;140;;;;;;;;;;"5";"Malveillance";;;;;""
2015;1792;"33";"33203";"Hourtin";"2015-08-05 15:03:00";500;500;;0;;;0;;;0;;;;;;;;""
2015;1255;"72";"72260";"Ruaudin";"2015-08-05 15:57:00";40000;40000;;0;;;0;0;0;0;"Estimées";;;;;;;""
2015;1245;"69";"69093";"Grandris";"2015-08-05 16:04:00";50000;0;;50000;;;50000;0;0;0;"Mesurées";;;;;;;""
2015;826;"63";"63026";"Aydat";"2015-08-05 16:10:00";11700;11700;;0;;;0;0;0;0;"Mesurées";;;;;;;""
2015;8009;"83";"83100";"Puget-Ville";"2015-08-05 16:11:00";55;55;;;;;;;;;;"4";"Malveillance";;;;;""
2015;1256;"72";"72260";"Ruaudin";"2015-08-05 16:30:00";8000;8000;;0;;;0;0;0;0;"Estimées";;;;;;;""
2015;2365;"40";"40320";"Uchacq-et-Parentis";"2015-08-05 16:40:00";3000;3000;;0;;;0;;;0;;;"Naturelle";;;;;""
2015;1409;"68";"68078";"Eguisheim";"2015-08-05 17:11:00";30000;30000;;0;;;0;0;0;0;"Estimées";;;;;;;""
2015;844;"46";"46067";"Cazillac";"2015-08-05 17:11:00";100;0;;100;;;100;0;0;0;"Estimées";;;;;;;""
2015;845;"46";"46337";"Mayrac";"2015-08-05 17:40:00";300;0;;300;;;300;0;0;0;"Estimées";;;;;;;""
2015;2363;"40";"40062";"Campet-et-Lamolère";"2015-08-05 17:53:00";3000;3000;;0;;;0;;;0;;;"Accidentelle";;;;;""
2015;7651;"07";"07068";"Colombier-le-Jeune";"2015-08-05 18:01:00";2000;;2000;;;;;;;;;"1";;;;;;""
2015;7812;"11";"11129";"Espéraza";"2015-08-05 18:06:00";1500;;;;;;;;;;;;"Malveillance";;;;;""
2015;7652;"07";"07192";"Rochepaule";"2015-08-05 18:21:00";77000;30000;47000;;;;;;;;;"2";;;;;;""
2015;8221;"2B";"2B355";"Volpajola";"2015-08-05 19:02:00";500;;;;;;;;;;;;;;;;;""
2015;1257;"72";"72260";"Ruaudin";"2015-08-05 20:13:00";2000;2000;;0;;;0;0;0;0;"Estimées";;;;;;;""
2015;9653;"30";"30231";"Saint-André-de-Valborgne";"2015-08-05 22:37:00";250;;;;;;;;;;;"4";"Involontaire (travaux)";;;;;""
2015;846;"46";"46300";"Saux";"2015-08-05 23:05:00";500;0;;500;;;500;0;0;0;"Estimées";;;;;;;""
2015;7648;"34";"34103";"Fontès";"2015-08-06 00:11:00";600;;600;;;;;;;;;"1";"Malveillance";;;;;""
2015;2781;"71";"71270";"Mâcon";"2015-08-06 02:00:00";80000;0;;80000;;;80000;0;0;0;"Estimées";;;;;;;""
2015;7618;"13";"13048";"Jouques";"2015-08-06 02:28:00";60;60;0;;;;;;;0;;;"Accidentelle";;;;;""
2015;8416;"2A";"2A139";"Lecci";"2015-08-06 04:48:00";800;;800;;;;;;;;;;;;;;;""
2015;7814;"11";"11396";"Trausse";"2015-08-06 06:23:00";450;;;;;;;;;;;;"Malveillance";;;;;""
2015;1781;"33";"33012";"Arsac";"2015-08-06 06:52:00";100;100;;0;;;0;;;0;;;"Malveillance";;;;;""
2015;2362;"40";"40243";"Rion-des-Landes";"2015-08-06 13:48:00";10000;10000;;0;;;0;;;0;;;"Naturelle";;;;;""
2015;893;"63";"63335";"Saint-Diéry";"2015-08-06 14:15:00";26481;0;;865;;;865;0;25616;25616;"Mesurées";;;;;;;""
2015;1301;"72";"72260";"Ruaudin";"2015-08-06 14:46:00";10000;10000;;0;;;0;0;0;0;"Estimées";;;;;;;""
2015;9654;"30";"30231";"Saint-André-de-Valborgne";"2015-08-06 15:28:00";500;;;;;;;;;;;"4";"Involontaire (travaux)";;;;;""
2015;7848;"48";"48178";"Saint-Privat-de-Vallongue";"2015-08-06 15:38:00";2600;2600;;;;;;;;;;"2";"Malveillance";;;;;""
2015;848;"46";"46133";"Issepts";"2015-08-06 15:45:00";450;0;;450;;;450;0;0;0;"Estimées";;;;;;;""
2015;7656;"07";"07206";"Saint-Alban-en-Montagne";"2015-08-06 16:08:00";6000;6000;;;;;;;;;;"4";;;;;;""
2015;8038;"83";"83143";"Le Val";"2015-08-06 16:18:00";200;200;;;;;;;;;;"4";"Involontaire (travaux)";;;;;""
2015;7657;"07";"07134";"Laurac-en-Vivarais";"2015-08-06 16:22:00";80000;;80000;;;;;;;;;"1";;;;;;""
2015;2360;"40";"40142";"Laluque";"2015-08-06 16:44:00";500;500;;0;;;0;;;0;;;"Naturelle";;;;;""
2015;1246;"69";"69018";"Beaujeu";"2015-08-06 16:45:00";1000000;500000;;500000;;;500000;0;0;0;"Mesurées";;;;;;;""
2015;1780;"33";"33540";"Vendays-Montalivet";"2015-08-06 16:46:00";6000;6000;;0;;;0;;;0;;;;;;;;""
2015;4557;"42";"42297";"Salvizinet";"2015-08-06 16:52:00";30000;30000;;0;;;0;0;0;0;"Estimées";;;;;;;""
2015;1247;"69";"69245";"Ternand";"2015-08-06 16:57:00";10000;0;;10000;;;10000;0;0;0;"Mesurées";;;;;;;""
2015;1779;"33";"33540";"Vendays-Montalivet";"2015-08-06 17:05:00";10000;10000;;0;;;0;;;0;;;;;;;;""
2015;8192;"84";"84035";"Cavaillon";"2015-08-06 17:15:00";15000;;;;;;;;;;;;;;;;;""
2015;7728;"30";"30129";"Générargues";"2015-08-06 17:26:00";75039;;75039;;;;;;;;;"1";;;;;;""
2015;1777;"33";"33318";"Pessac";"2015-08-06 17:31:00";1000;1000;;0;;;0;;;0;;;;;;;;""
2015;849;"46";"46061";"Cassagnes";"2015-08-06 17:38:00";2000;0;;2000;;;2000;0;0;0;"Estimées";;;;;;;""
2015;831;"81";"81115";"Labastide-Rouairoux";"2015-08-06 17:48:00";20;0;;20;;;20;0;0;0;"Estimées";;;;;;;""
2015;1302;"72";"72051";"Cérans-Foulletourte";"2015-08-06 18:51:00";2000;2000;;0;;;0;0;0;0;"Estimées";;;;;;;""
2015;7655;"13";"13041";"Gardanne";"2015-08-06 19:01:00";350;350;;;;;;;;;;;;;;;;""
2015;8193;"84";"84147";"Villelaure";"2015-08-06 19:06:00";70000;70000;;;;;;;;;;;"Involontaire (particulier)";;;;;""
2015;864;"77";"77186";"Fontainebleau";"2015-08-06 19:45:00";1000;1000;;0;;;0;0;0;0;"Estimées";;"Accidentelle";;;;;""
2015;2359;"40";"40310";"Soustons";"2015-08-06 19:46:00";5000;5000;;0;;;0;;;0;;;"Naturelle";;;;;""
2015;9754;"30";"30310";"Saumane";"2015-08-07 01:51:00";655;;;;;;;;;;;"5";"Malveillance";;;;;""
2015;7727;"30";"30310";"Saumane";"2015-08-07 01:52:00";1883;;;;;;;;;;;"1";"Malveillance";;;;;""
2015;9657;"30";"30310";"Saumane";"2015-08-07 01:53:00";1394;;;;;;;;;;;"4";"Malveillance";;;;;""
2015;1342;"38";"38189";"Heyrieux";"2015-08-07 01:57:00";8000;0;;8000;;;8000;0;0;0;"Estimées";;"Accidentelle";;;;;""
2015;7849;"48";"48097";"Moissac-Vallée-Française";"2015-08-07 02:15:00";2900;2900;;;;;;;;;;"4";"Malveillance";;;;;""
2015;7850;"48";"48097";"Moissac-Vallée-Française";"2015-08-07 03:15:00";100;100;;;;;;;;;;"2";"Malveillance";;;;;""
2015;7816;"11";"11129";"Espéraza";"2015-08-07 04:28:00";1200;;;;;;;;;;;;"Malveillance";;;;;""
2015;8417;"2A";"2A062";"Carbuccia";"2015-08-07 05:48:00";360;;360;;;;;;;;;"1";"Malveillance";;;;;""
2015;8040;"83";"83137";"Toulon";"2015-08-07 06:10:00";30;30;;;;;;;;;;"4";"Malveillance";;;;;""
2015;2782;"71";"71014";"Autun";"2015-08-07 07:00:00";280000;0;;280000;;;280000;0;0;0;"Estimées";;;;;;;""
2015;9658;"30";"30310";"Saumane";"2015-08-07 08:33:00";10;;;;;;;;;;;"5";"Involontaire (travaux)";;;;;""
2015;850;"46";"46176";"Livernon";"2015-08-07 09:26:00";2000;0;;2000;;;2000;0;0;0;"Estimées";;;;;;;""
2015;8418;"2A";"2A129";"Grossa";"2015-08-07 11:47:00";600;;600;;;;;;;;;"1";"Malveillance";;;;;""
2015;980;"21";"21464";"Nuits-Saint-Georges";"2015-08-07 11:57:00";15509;3670;;6003;;;6003;5836;0;5836;"Mesurées";;;;;;;""
2015;7765;"07";"07096";"Gluiras";"2015-08-07 12:57:00";30000;15000;15000;;;;;;;;;"5";"Involontaire (particulier)";;;;;""
2015;8419;"2A";"2A038";"Bilia";"2015-08-07 13:14:00";50400;;50400;;;;;;;;;"1";"Malveillance";;;;;""
2015;851;"46";"46204";"Montfaucon";"2015-08-07 13:23:00";20000;0;;20000;;;20000;0;0;0;"Estimées";;;;;;;""
2015;9659;"30";"30310";"Saumane";"2015-08-07 13:25:00";250;;;;;;;;;;;"5";"Involontaire (travaux)";;;;;""
2015;2358;"40";"40279";"Saint-Paul-lès-Dax";"2015-08-07 13:30:00";7000;7000;;0;;;0;;;0;;;;;;;;""
2015;7819;"11";"11145";"Fleury";"2015-08-07 13:35:00";500;;;;;;;;;;;;"Accidentelle";;;;;""
2015;1410;"68";"68278";"Rixheim";"2015-08-07 14:52:00";30000;0;;30000;;;30000;0;0;0;"Estimées";;;;;;;""
2015;1248;"69";"69242";"Taponas";"2015-08-07 15:00:00";30000;0;;30000;;;30000;0;0;0;"Mesurées";;;;;;;""
2015;1303;"72";"72154";"La Flèche";"2015-08-07 15:15:00";5000;5000;;0;;;0;0;0;0;"Estimées";;;;;;;""
2015;1122;"86";"86070";"Chauvigny";"2015-08-07 15:32:00";250;250;;0;;;0;0;0;0;"Estimées";;;;;;;""
2015;2356;"40";"40184";"Mimizan";"2015-08-07 15:35:00";7000;7000;;0;;;0;;;0;;;;;;;;""
2015;7780;"34";"34096";"Faugères";"2015-08-07 15:55:00";200;200;;;;;;;;;;"3";"Malveillance";;;;;""
2015;7712;"30";"30091";"Congénies";"2015-08-07 16:08:00";16662;;;;;;;;;;;"4";;;;;;""
2015;7839;"13";"13102";"Saint-Victoret";"2015-08-07 16:18:00";300;300;0;;;;;;;0;;;"Malveillance";;;;;""
2015;895;"63";"63466";"Vodable";"2015-08-07 16:25:00";515;0;;515;;;515;0;0;0;"Mesurées";;;;;;;""
2015;7766;"07";"07050";"Chambonas";"2015-08-07 16:48:00";216000;206000;10000;;;;;;;;;"4";;;;;;""
2015;1344;"38";"38187";"Le Gua";"2015-08-07 16:56:00";200;0;;200;;;200;0;0;0;"Estimées";;;;;;;""
2015;1304;"72";"72346";"La Suze-sur-Sarthe";"2015-08-07 16:58:00";5000;5000;;0;;;0;0;0;0;"Estimées";;;;;;;""
2015;7785;"34";"34116";"Grabels";"2015-08-07 17:13:00";20500;10000;10500;;;;;;;;;"4";"Malveillance";;;;;""
2015;852;"46";"46070";"Cieurac";"2015-08-07 19:38:00";5000;0;;5000;;;5000;0;0;0;"Estimées";;;;;;;""
2015;9756;"30";"30330";"Tornac";"2015-08-07 20:30:00";202;;;;;;;;;;;"2";"Malveillance";;;;;""
2015;7715;"30";"30330";"Tornac";"2015-08-07 20:31:00";23;;;;;;;;;;;"2";"Malveillance";;;;;""
2015;8293;"06";"06034";"Castagniers";"2015-08-07 21:47:00";500;;500;;;;;;;;;"1";"Malveillance";;;;;""
2015;1294;"72";"72293";"Saint-Jean-du-Bois";"2015-08-07 22:34:00";300;300;;0;;;0;0;0;0;"Estimées";;;;;;;""
2015;7784;"34";"34226";"Quarante";"2015-08-07 22:58:00";1000;;500;;;;;;;500;;"1";"Malveillance";;;;;""
2015;8226;"2B";"2B126";"Giuncaggio";"2015-08-07 23:44:00";250;250;0;;;;;;;0;;"2";;;;;;""
2015;1295;"72";"72293";"Saint-Jean-du-Bois";"2015-08-08 03:29:00";5000;5000;;0;;;0;0;0;0;"Estimées";;;;;;;""
2015;7763;"07";"07238";"Saint-Genest-de-Beauzon";"2015-08-08 06:39:00";300;300;;;;;;;;;;"4";"Accidentelle";;;;;""
2015;7826;"11";"11151";"Fontiès-d'Aude";"2015-08-08 08:51:00";4000;;;;;;;;;;;;;;;;;""
2015;929;"17";"17452";"La Tremblade";"2015-08-08 12:09:00";50;50;;0;;;0;0;0;0;"Estimées";;;;;;;""
2015;1297;"72";"72350";"Teloché";"2015-08-08 12:22:00";100;100;;0;;;0;0;0;0;"Estimées";;;;;;;""
2015;8063;"83";"83118";"Saint-Raphaël";"2015-08-08 12:26:00";26000;26000;;;;;;;;;;"4";"Malveillance";;;;;""
2015;9660;"30";"30129";"Générargues";"2015-08-08 12:42:00";20;;;;;;;;;;;"1";"Involontaire (travaux)";;;;;""
2015;8050;"83";"83051";"Entrecasteaux";"2015-08-08 13:14:00";20;20;;;;;;;;;;"5";"Involontaire (particulier)";;;;;""
2015;1296;"72";"72260";"Ruaudin";"2015-08-08 14:01:00";1000;1000;;0;;;0;0;0;0;"Estimées";;;;;;;""
2015;7794;"34";"34242";"Saint-Bauzille-de-Montmel";"2015-08-08 14:06:00";590000;540000;;;;;;;;50000;;"4";"Accidentelle";;;;;""
2015;9661;"30";"30129";"Générargues";"2015-08-08 15:37:00";50;;;;;;;;;;;"1";"Involontaire (travaux)";;;;;""
2015;7795;"34";"34116";"Grabels";"2015-08-08 15:39:00";2300;2300;;;;;;;;;;"4";"Involontaire (travaux)";;;;;""
2015;8230;"2B";"2B080";"Castifao";"2015-08-08 15:52:00";56360;20000;36360;;;;;;;0;;"1";"Malveillance";;;;;""
2015;10465;"83";"83086";"Le Muy";"2015-08-08 15:54:00";3200;;;;;;;;;;;"1";"Accidentelle";;;;;""
2015;7797;"34";"34126";"Lamalou-les-Bains";"2015-08-08 15:56:00";800;800;;;;;;;;;;"4";"Malveillance";;;;;""
2015;8281;"06";"06115";"Saint-Antonin";"2015-08-08 16:11:00";800;;800;;;;;;;;;"1";"Naturelle";;;;;""
2015;9662;"30";"30129";"Générargues";"2015-08-08 18:20:00";20;;;;;;;;;;;"1";"Involontaire (travaux)";;;;;""
2015;8427;"2A";"2A031";"Bastelica";"2015-08-08 23:37:00";1090;1090;;;;;;;;;;"4";"Malveillance";;;;;""
2015;7841;"13";"13047";"Istres";"2015-08-09 00:10:00";350;350;0;;;;;;;0;;;"Malveillance";;;;;""
2015;9180;"2A";"2A032";"Bastelicaccia";"2015-08-09 02:04:00";500;;500;;;;;;;;;"1";"Accidentelle";;;;;""
2015;8421;"2A";"2A139";"Lecci";"2015-08-09 04:39:00";30;;30;;;;;;;;;"1";"Malveillance";;;;;""
2015;10466;"83";"83137";"Toulon";"2015-08-09 05:40:00";150;150;;;;;;;;;;"4";"Malveillance";;;;;""
2015;9663;"30";"30129";"Générargues";"2015-08-09 09:02:00";50;;;;;;;;;;;"1";"Involontaire (travaux)";;;;;""
2015;1772;"33";"33019";"Audenge";"2015-08-09 12:17:00";10;10;;0;;;0;;;0;;;"Naturelle";;;;;""
2015;8235;"2B";"2B274";"Scolca";"2015-08-09 12:36:00";2000;;;;;;;;;;;;;;;;;""
2015;8237;"2B";"2B096";"Corte";"2015-08-09 13:52:00";30;;;;;;;;;;;;;;;;;""
2015;8239;"2B";"2B124";"Ghisoni";"2015-08-09 15:21:00";40;40;0;;;;;;;0;;"4";"Naturelle";;;;;""
2015;8241;"2B";"2B229";"Pietroso";"2015-08-09 16:16:00";10;10;0;;;;;;;0;;"5";"Naturelle";;;;;""
2015;8242;"2B";"2B105";"Erbajolo";"2015-08-09 16:20:00";2;2;0;;;;;;;0;;"2";"Naturelle";;;;;""
2015;8243;"2B";"2B190";"Olmi-Cappella";"2015-08-09 16:32:00";1000;0;1000;;;;;;;0;;"1";"Naturelle";;;;;""
2015;8269;"04";"04042";"Castellet-lès-Sausses";"2015-08-09 18:22:00";50;;;;;;;;;;;;"Naturelle";;;;;""
2015;1298;"72";"72293";"Saint-Jean-du-Bois";"2015-08-09 20:44:00";100;100;;0;;;0;0;0;0;"Estimées";;;;;;;""
2015;8245;"2B";"2B049";"Calenzana";"2015-08-09 21:56:00";9841;9841;0;;;;;;;0;;"3";"Malveillance";;;;;""
2015;7842;"13";"13035";"Eyguières";"2015-08-10 05:28:00";3000;3000;0;;;;;;;0;;;"Naturelle";;;;;""
2015;1091;"63";"63113";"Clermont-Ferrand";"2015-08-10 08:00:00";13365;0;;13365;;;13365;0;0;0;"Mesurées";;;;;;;"Données partielles ou non valides"
2015;1422;"77";"77386";"Recloses";"2015-08-10 10:00:00";15000;15000;;0;;;0;0;0;0;"Estimées";;;;;;;""
2015;8283;"06";"06074";"Lantosque";"2015-08-10 11:37:00";50;;50;;;;;;;;;"1";"Malveillance";;;;;""
2015;8129;"34";"34020";"Azillanet";"2015-08-10 13:03:00";150;150;;;;;;;;;;"5";"Naturelle";;;;;""
2015;8130;"34";"34189";"Olonzac";"2015-08-10 13:16:00";1800;;1000;;;;;;;800;;"1";"Malveillance";;;;;""
2015;8131;"34";"34242";"Saint-Bauzille-de-Montmel";"2015-08-10 13:34:00";8;8;;;;;;;;;;"3";"Involontaire (travaux)";;;;;""
2015;1421;"77";"77186";"Fontainebleau";"2015-08-10 14:00:00";20000;20000;;0;;;0;0;0;0;"Estimées";;;;;;;""
2015;1299;"72";"72260";"Ruaudin";"2015-08-10 16:57:00";500;500;;0;;;0;0;0;0;"Estimées";;;;;;;""
2015;8422;"2A";"2A249";"Propriano";"2015-08-10 18:20:00";400;;400;;;;;;;;;;;;;;;""
2015;1101;"18";"18147";"Ménétréol-sur-Sauldre";"2015-08-10 18:56:00";500;500;;0;;;0;0;0;0;"Estimées";;;;;;;""
2015;8522;"34";"34189";"Olonzac";"2015-08-10 18:56:00";300;;300;;;;;;;;;"1";"Involontaire (travaux)";;;;;""
2015;8609;"11";"11396";"Trausse";"2015-08-10 22:39:00";70;;;;;;;;;;;;"Malveillance";;;;;""
2015;1306;"72";"72346";"La Suze-sur-Sarthe";"2015-08-11 02:53:00";2500;2500;;0;;;0;0;0;0;"Estimées";;;;;;;""
2015;8423;"2A";"2A362";"Zonza";"2015-08-11 09:34:00";2;;2;;;;;;;;;"1";"Naturelle";;;;;""
2015;8424;"2A";"2A362";"Zonza";"2015-08-11 09:38:00";50;;50;;;;;;;;;"1";"Involontaire (travaux)";;;;;""
2015;8297;"34";"34132";"Lauroux";"2015-08-11 11:03:00";3500;;3500;;;;;;;;;"1";"Malveillance";;;;;""
2015;8523;"34";"34033";"Boisseron";"2015-08-11 11:36:00";8000;;4000;;;;;;;4000;;"1";"Involontaire (travaux)";;;;;""
2015;1305;"72";"72260";"Ruaudin";"2015-08-11 14:25:00";6000;6000;;0;;;0;0;0;0;"Mesurées";;;;;;;""
2015;10637;"83";"83107";"Roquebrune-sur-Argens";"2015-08-11 15:19:00";8500;8500;;;;;;;;;;"3";"Accidentelle";;;;;""
2015;8524;"34";"34033";"Boisseron";"2015-08-11 15:33:00";2100;;2100;;;;;;;;;"1";"Involontaire (travaux)";;;;;""
2015;7915;"07";"07310";"Savas";"2015-08-11 15:41:00";1500;300;1200;;;;;;;;;"4";"Accidentelle";;;;;""
2015;2545;"47";"47326";"Virazeil";"2015-08-11 15:46:00";20000;20000;;0;;;0;;;0;;;"Involontaire (travaux)";;;;;""
2015;9619;"11";"11370";"Salles-d'Aude";"2015-08-11 16:08:00";20;;;;;;;;;;;;"Accidentelle";;;;;""
2015;8012;"13";"13051";"Lançon-Provence";"2015-08-11 16:58:00";75;0;75;;;;;;;;;;;;;;;""
2015;8128;"48";"48152";"Saint-Frézal-de-Ventalon";"2015-08-11 17:11:00";4000;2100;1900;;;;;;;;;"1";;;;;;""
2015;8204;"84";"84006";"Auribeau";"2015-08-11 17:15:00";50000;50000;;;;;;;;;;;;;;;;""
2015;8303;"34";"34285";"Saint-Pons-de-Mauchiens";"2015-08-11 22:36:00";5;5;;;;;;;;;;"3";"Malveillance";;;;;""
2015;8304;"34";"34285";"Saint-Pons-de-Mauchiens";"2015-08-11 23:07:00";50;;50;;;;;;;;;"1";"Malveillance";;;;;""
2015;1766;"33";"33273";"Martignas-sur-Jalle";"2015-08-12 01:23:00";3000;3000;;0;;;0;;;0;;;;;;;;""
2015;8014;"13";"13012";"Beaurecueil";"2015-08-12 05:27:00";600;600;;;;;;;;;;;"Involontaire (particulier)";;;;;""
2015;1307;"72";"72346";"La Suze-sur-Sarthe";"2015-08-12 10:26:00";3000;3000;;0;;;0;0;0;0;"Estimées";;;;;;;""
2015;8525;"34";"34242";"Saint-Bauzille-de-Montmel";"2015-08-12 12:25:00";5;5;;;;;;;;;;"3";"Involontaire (travaux)";;;;;""
2015;8610;"11";"11296";"Pouzols-Minervois";"2015-08-12 13:29:00";24800;;;;;;;;;;;;"Malveillance";;;;;""
2015;9664;"30";"30189";"Nîmes";"2015-08-12 13:37:00";5610;;;;;;;;;;;"1";"Accidentelle";;;;;""
2015;8305;"34";"34302";"Siran";"2015-08-12 13:58:00";185000;150000;30000;;;;;;;5000;;"4";"Malveillance";;;;;""
2015;856;"46";"46309";"Souillac";"2015-08-12 14:44:00";100;0;;100;;;100;0;0;0;"Estimées";;;;;;;""
2015;857;"46";"46298";"Sarrazac";"2015-08-12 14:47:00";200;0;;200;;;200;0;0;0;"Estimées";;;;;;;""
2015;2350;"40";"40326";"Vielle-Saint-Girons";"2015-08-12 15:04:00";17000;17000;;0;;;0;;;0;;;;;;;;""
2015;8340;"34";"34242";"Saint-Bauzille-de-Montmel";"2015-08-12 16:41:00";240;240;;;;;;;;;;"3";"Involontaire (travaux)";;;;;""
2015;930;"17";"17110";"Clérac";"2015-08-12 17:19:00";3000;3000;;0;;;0;0;0;0;"Estimées";;;;;;;""
2015;8029;"07";"07237";"Saint-Fortunat-sur-Eyrieux";"2015-08-12 18:57:00";4500;;4500;;;;;;;;;"1";;;;;;""
2015;1374;"38";"38277";"Notre-Dame-de-Commiers";"2015-08-12 20:45:00";200;0;;200;;;200;0;0;0;"Estimées";;;;;;;""
2015;1026;"35";"35253";"Saint-Aubin-du-Cormier";"2015-08-12 22:12:00";10000;0;;10000;;;10000;0;0;0;"Estimées";;;;;;;""
2015;10467;"83";"83095";"Pontevès";"2015-08-13 10:46:00";3000;3000;;;;;;;;;;"4";"Involontaire (particulier)";;;;;""
2015;8285;"06";"06015";"Berre-les-Alpes";"2015-08-13 13:05:00";200;;200;;;;;;;;;"1";"Involontaire (particulier)";;;;;""
2015;8426;"2A";"2A062";"Carbuccia";"2015-08-13 13:19:00";6000;;6000;;;;;;;;;"1";;;;;;""
2015;8286;"06";"06134";"Séranon";"2015-08-13 13:21:00";200;;200;;;;;;;;;"1";"Involontaire (particulier)";;;;;""
2015;9901;"26";"26179";"Mercurol";"2015-08-13 14:08:00";300;;;;;;;;;;;;;;;;;""
2015;1375;"38";"38349";"Sablons";"2015-08-13 14:40:00";100;0;;100;;;100;0;0;0;"Estimées";;;;;;;""
2015;882;"15";"15072";"Freix-Anglards";"2015-08-13 15:12:00";1000;0;;1000;;;1000;0;0;0;"Estimées";;;;;;;""
2015;8382;"13";"13047";"Istres";"2015-08-13 15:30:00";30;30;;;;;;;;;;;"Accidentelle";;;;;""
2015;8207;"66";"66205";"Tautavel";"2015-08-13 17:40:00";100;;100;;;;;;;;;"1";"Malveillance";;;;;""
2015;8381;"13";"13108";"Tarascon";"2015-08-13 17:50:00";50;50;0;;;;;;;0;;;"Naturelle";;;;;""
2015;8290;"06";"06091";"Peille";"2015-08-13 21:12:00";40;;40;;;;;;;;;"1";"Involontaire (particulier)";;;;;""
2015;8214;"83";"83071";"La Londe-les-Maures";"2015-08-14 14:13:00";2500;2500;;;;;;;;;;"4";"Involontaire (particulier)";;;;;""
2015;8215;"83";"83028";"Callas";"2015-08-14 14:56:00";20;20;;;;;;;;;;"3";"Accidentelle";;;;;""
2015;8291;"06";"06091";"Peille";"2015-08-14 16:35:00";30;;30;;;;;;;;;"1";"Naturelle";;;;;""
2015;8428;"2A";"2A004";"Ajaccio";"2015-08-14 17:30:00";50;;50;;;;;;;;;"1";;;;;;""
2015;8611;"11";"11041";"Bize-Minervois";"2015-08-14 21:51:00";30;;;;;;;;;;;;"Malveillance";;;;;""
2015;8612;"11";"11296";"Pouzols-Minervois";"2015-08-15 10:40:00";5;;;;;;;;;;;;"Involontaire (travaux)";;;;;""
2015;8384;"13";"13038";"Fontvieille";"2015-08-15 16:04:00";200;200;0;;;;;;;0;;;"Naturelle";;;;;""
2015;8614;"11";"11266";"Port-la-Nouvelle";"2015-08-15 17:14:00";5;;;;;;;;;;;;"Malveillance";;;;;""
2015;8385;"13";"13042";"Gémenos";"2015-08-15 17:44:00";4;4;0;;;;;;;0;;;;;;;;""
2015;8254;"2B";"2B049";"Calenzana";"2015-08-15 17:55:00";52;0;52;;;;;;;0;;"1";"Malveillance";;;;;""
2015;8613;"11";"11379";"Sigean";"2015-08-15 18:17:00";25100;;;;;;;;;;;;"Involontaire (particulier)";;;;;""
2015;8313;"34";"34302";"Siran";"2015-08-15 19:49:00";50;50;;;;;;;;;;"6";"Involontaire (travaux)";;;;;""
2015;8386;"13";"13022";"Cassis";"2015-08-15 20:13:00";3;3;;;;;;;;;;;"Malveillance";;;;;""
2015;8218;"83";"83054";"La Farlède";"2015-08-15 22:02:00";10000;;10000;;;;;;;;;"1";"Involontaire (particulier)";;;;;""
2015;8389;"13";"13019";"Cabriès";"2015-08-16 00:06:00";2;2;;;;;;;;;;;;;;;;""
2015;8390;"13";"13047";"Istres";"2015-08-16 02:56:00";10000;10000;;;;;;;;;;;"Malveillance";;;;;""
2015;8274;"83";"83126";"La Seyne-sur-Mer";"2015-08-16 07:02:00";30;30;;;;;;;;;;"2";"Accidentelle";;;;;""
2015;8294;"06";"06162";"La Brigue";"2015-08-16 09:29:00";30;;30;;;;;;;;;"1";"Naturelle";;;;;""
2015;8344;"48";"48070";"Grandrieu";"2015-08-16 14:41:00";5900;5000;800;;;;;;;100;;"4";"Naturelle";;;;;""
2015;8273;"04";"04208";"Simiane-la-Rotonde";"2015-08-16 14:43:00";51;;51;;;;;;;;;"1";;;;;;""
2015;8429;"2A";"2A269";"Sari-Solenzara";"2015-08-16 15:18:00";37600;;37600;;;;;;;;;"1";"Accidentelle";;;;;""
2015;8391;"13";"13050";"Lambesc";"2015-08-16 18:59:00";5;5;;;;;;;;;;;"Malveillance";;;;;""
2015;8615;"11";"11014";"Armissan";"2015-08-16 20:11:00";1000;;;;;;;;;;;;"Malveillance";;;;;""
2015;8258;"2B";"2B049";"Calenzana";"2015-08-16 20:31:00";666;666;0;;;;;;;0;;"1";"Malveillance";;;;;""
2015;8392;"13";"13087";"Rousset";"2015-08-17 00:20:00";100;100;;;;;;;;;;;;;;;;""
2015;8616;"11";"11069";"Carcassonne";"2015-08-17 11:36:00";20;;;;;;;;;;;;;;;;;""
2015;8317;"34";"34189";"Olonzac";"2015-08-17 11:58:00";2800;2800;;;;;;;;;;"4";"Malveillance";;;;;""
2015;8351;"2B";"2B049";"Calenzana";"2015-08-17 13:17:00";23;0;23;;;;;;;0;;"1";"Malveillance";;;;;""
2015;1760;"33";"33494";"Salaunes";"2015-08-17 13:42:00";20000;20000;;0;;;0;;;0;;;"Naturelle";;;;;""
2015;8573;"2B";"2B341";"Venaco";"2015-08-17 14:55:00";480000;230000;250000;;;;;;;0;;"1";"Involontaire (particulier)";;;;;""
2015;8526;"34";"34079";"Clermont-l'Hérault";"2015-08-17 15:18:00";200;;200;;;;;;;;;"1";"Involontaire (particulier)";;;;;""
2015;8720;"11";"11049";"Bram";"2015-08-17 16:19:00";2786;;;;;;;;;;;;"Involontaire (travaux)";;;;;""
2015;8393;"13";"13005";"Aubagne";"2015-08-17 16:28:00";92700;92700;;;;;;;;;;;"Malveillance";;;;;""
2015;8319;"34";"34006";"Aigne";"2015-08-17 17:25:00";11700;1700;5000;;;;;;;5000;;"1";"Involontaire (particulier)";;;;;""
2015;8292;"66";"66190";"Salses-le-Château";"2015-08-17 18:37:00";50;50;;;;;;;;;;"4";"Involontaire (particulier)";;;;;""
2015;8331;"83";"83091";"Pierrefeu-du-Var";"2015-08-17 18:56:00";300;300;;;;;;;;;;"4";"Involontaire (particulier)";;;;;""
2015;8395;"13";"13005";"Aubagne";"2015-08-17 19:27:00";200;200;;;;;;;;;;;"Malveillance";;;;;""
2015;8397;"13";"13045";"Graveson";"2015-08-17 20:17:00";3000;3000;;;;;;;;;;;"Malveillance";;;;;""
2015;8336;"34";"34006";"Aigne";"2015-08-18 00:47:00";100;;100;;;;;;;;;"1";"Involontaire (travaux)";;;;;""
2015;8352;"2B";"2B045";"Bustanico";"2015-08-18 00:50:00";1000;0;1000;;;;;;;0;;"3";"Malveillance";;;;;""
2015;8398;"13";"13047";"Istres";"2015-08-18 03:13:00";5000;5000;;;;;;;;;;;;;;;;""
2015;8400;"13";"13079";"Puyloubier";"2015-08-18 07:10:00";150;150;;;;;;;;;;;"Malveillance";;;;;""
2015;9916;"26";"26295";"Saint-Barthélemy-de-Vals";"2015-08-18 12:47:00";1000;;;;;;;;;;;;;;;;;""
2015;1757;"33";"33042";"Belin-Béliet";"2015-08-18 12:47:00";400;400;;0;;;0;;;0;;;;;;;;""
2015;9665;"30";"30132";"La Grand-Combe";"2015-08-18 13:23:00";100;;;;;;;;;;;"5";"Malveillance";;;;;""
2015;8337;"34";"34031";"Bessan";"2015-08-18 13:57:00";2000;;2000;;;;;;;;;"1";"Involontaire (particulier)";;;;;""
2015;1308;"72";"72165";"Lombron";"2015-08-18 14:02:00";50;50;;0;;;0;0;0;0;"Estimées";;;;;;;""
2015;10468;"83";"83110";"Rougiers";"2015-08-18 15:55:00";300;300;;;;;;;;;;"2";"Malveillance";;;;;""
2015;1249;"69";"69211";"Saint-Jean-d'Ardières";"2015-08-18 16:37:00";30000;0;;30000;;;30000;0;0;0;"Mesurées";;;;;;;""
2015;8432;"2A";"2A071";"Casalabriva";"2015-08-18 17:04:00";150;;150;;;;;;;;;;;;;;;""
2015;9666;"30";"30129";"Générargues";"2015-08-18 17:42:00";1;;;;;;;;;;;"4";"Involontaire (travaux)";;;;;""
2015;8617;"11";"11198";"Laure-Minervois";"2015-08-18 19:18:00";58800;58800;;;;;;;;;;;"Accidentelle";;;;;""
2015;8618;"11";"11251";"Montlaur";"2015-08-18 19:46:00";700;;;;;;;;;;;;"Malveillance";;;;;""
2015;8401;"13";"13047";"Istres";"2015-08-18 20:21:00";400;400;;;;;;;;;;;"Malveillance";;;;;""
2015;8402;"13";"13026";"Châteauneuf-les-Martigues";"2015-08-19 10:09:00";250;250;;;;;;;;;;;;;;;;""
2015;8370;"04";"04039";"Castellane";"2015-08-19 10:32:00";2150;1150;1000;;;;;;;;;"4";;;;;;""
2015;897;"79";"79168";"Massais";"2015-08-19 12:23:00";140300;0;;300;;;300;70000;70000;140000;"Estimées";;"Involontaire (travaux)";;;;;""
2015;8356;"2B";"2B199";"Palasca";"2015-08-19 12:36:00";13;0;13;;;;;;;0;;"1";;;;;;""
2015;8403;"13";"13047";"Istres";"2015-08-19 13:57:00";10;10;;;;;;;;;;;"Malveillance";;;;;""
2015;8368;"66";"66030";"Calce";"2015-08-19 14:39:00";82600;;82600;;;;;;;;;"1";"Malveillance";;;;;""
2015;1321;"88";"88285";"Mandres-sur-Vair";"2015-08-19 15:17:00";20000;20000;;0;;;0;0;0;0;"Estimées";;;;;;;""
2015;8369;"66";"66190";"Salses-le-Château";"2015-08-19 15:39:00";35400;;35400;;;;;;;;;"1";"Malveillance";;;;;""
2015;8372;"66";"66190";"Salses-le-Château";"2015-08-19 15:50:00";7600;;7600;;;;;;;;;"1";"Malveillance";;;;;""
2015;8404;"13";"13087";"Rousset";"2015-08-19 16:17:00";30;30;;;;;;;;;;;;;;;;""
2015;8360;"2B";"2B168";"Monticello";"2015-08-19 16:46:00";10000;10000;0;;;;;;;0;;"1";"Involontaire (particulier)";;;;;""
2015;8405;"13";"13060";"Meyreuil";"2015-08-19 17:00:00";3500;3500;;;;;;;;;;;"Malveillance";;;;;""
2015;8471;"34";"34020";"Azillanet";"2015-08-19 18:18:00";61000;51000;8000;;;;;;;2000;;"4";"Malveillance";;;;;""
2015;8476;"34";"34020";"Azillanet";"2015-08-19 18:25:00";160;0;160;;;;;;;;;"1";"Malveillance";;;;;""
2015;872;"43";"43012";"Aurec-sur-Loire";"2015-08-19 19:20:00";300;0;;300;;;300;0;0;0;"Estimées";;;;;;;""
2015;8406;"13";"13119";"Carnoux-en-Provence";"2015-08-19 20:32:00";2;2;;;;;;;;;;;"Malveillance";;;;;""
2015;8433;"2A";"2A247";"Porto-Vecchio";"2015-08-20 06:09:00";1000;;1000;;;;;;;;;;;;;;;""
2015;8620;"11";"11188";"La Palme";"2015-08-20 09:21:00";10;;;;;;;;;;;;"Accidentelle";;;;;""
2015;8434;"2A";"2A032";"Bastelicaccia";"2015-08-20 10:36:00";3000;;3000;;;;;;;;;;;;;;;""
2015;9030;"06";"06162";"La Brigue";"2015-08-20 13:42:00";45100;15000;30100;;;;;;;;;"4";"Naturelle";;;;;""
2015;8449;"66";"66215";"Trévillach";"2015-08-20 13:48:00";200000;;200000;;;;;;;;;"1";"Malveillance";;;;;""
2015;8621;"11";"11024";"Bages";"2015-08-20 14:15:00";50;;;;;;;;;;;;"Malveillance";;;;;""
2015;8622;"11";"11144";"Fitou";"2015-08-20 14:31:00";8760;;;;;;;;;;;;"Accidentelle";;;;;""
2015;9924;"26";"26382";"Saint-Vincent-la-Commanderie";"2015-08-20 14:47:00";500;;;;;;;;;;;;;;;;;""
2015;8408;"13";"13062";"Mimet";"2015-08-20 17:01:00";2;2;;;;;;;;;;;;;;;;""
2015;8412;"13";"13001";"Aix-en-Provence";"2015-08-20 17:07:00";20;20;;;;;;;;;;;"Malveillance";;;;;""
2015;8409;"13";"13001";"Aix-en-Provence";"2015-08-20 17:07:00";400;400;;;;;;;;;;;"Malveillance";;;;;""
2015;8411;"13";"13001";"Aix-en-Provence";"2015-08-20 17:07:00";160;160;;;;;;;;;;;"Malveillance";;;;;""
2015;8623;"11";"11068";"Capendu";"2015-08-20 20:25:00";100;;;;;;;;;;;;"Accidentelle";;;;;""
2015;8479;"34";"34036";"Le Bosc";"2015-08-20 22:00:00";400;;400;;;;;;;;;"1";"Involontaire (particulier)";;;;;""
2015;8624;"11";"11262";"Narbonne";"2015-08-20 22:22:00";2000;;;;;;;;;;;;"Malveillance";;;;;""
2015;1420;"77";"77088";"La Chapelle-la-Reine";"2015-08-21 10:00:00";15000;15000;;0;;;0;0;0;0;"Estimées";;;;;;;""
2015;8484;"34";"34036";"Le Bosc";"2015-08-21 11:45:00";2;;2;;;;;;;;;"1";"Involontaire (travaux)";;;;;""
2015;8487;"13";"13022";"Cassis";"2015-08-21 13:07:00";200;200;;;;;;;;;;;"Malveillance";;;;;""
2015;8481;"34";"34200";"Pézènes-les-Mines";"2015-08-21 14:11:00";3500;;3500;;;;;;;;;"3";"Involontaire (particulier)";;;;;""
2015;8485;"13";"13015";"Bouc-Bel-Air";"2015-08-21 14:56:00";840;840;;;;;;;;;;;"Involontaire (particulier)";;;;;""
2015;1309;"72";"72213";"Mulsanne";"2015-08-21 15:34:00";190000;190000;;0;;;0;0;0;0;"Estimées";;;;;;;""
2015;8488;"13";"13117";"Vitrolles";"2015-08-21 16:10:00";10;10;;;;;;;;;;;;;;;;""
2015;1752;"33";"33494";"Salaunes";"2015-08-21 16:58:00";500;500;;0;;;0;;;0;;;;;;;;""
2015;8489;"13";"13007";"Auriol";"2015-08-21 17:04:00";10;10;;;;;;;;;;;"Involontaire (particulier)";;;;;""
2015;2346;"40";"40155";"Linxe";"2015-08-21 17:34:00";2000;2000;;0;;;0;;;0;;;;;;;;""
2015;8969;"04";"04023";"Bayons";"2015-08-21 18:30:00";10;;10;;;;;;;;;"1";"Involontaire (travaux)";;;;;""
2015;2345;"40";"40134";"Labouheyre";"2015-08-21 19:19:00";800;800;;0;;;0;;;0;;;;;;;;""
2015;8541;"2A";"2A198";"Ota";"2015-08-21 19:29:00";1400;;1400;;;;;;;;;"5";;;;;;""
2015;8625;"11";"11068";"Capendu";"2015-08-21 20:59:00";25;;;;;;;;;;;;"Malveillance";;;;;""
2015;8626;"11";"11068";"Capendu";"2015-08-21 20:59:00";10;;;;;;;;;;;;"Malveillance";;;;;""
2015;8627;"11";"11095";"Comigne";"2015-08-21 20:59:00";25;;;;;;;;;;;;"Malveillance";;;;;""
2015;8559;"2A";"2A181";"Ocana";"2015-08-21 21:39:00";30;;30;;;;;;;;;"1";"Malveillance";;;;;""
2015;8490;"13";"13029";"Cornillon-Confoux";"2015-08-21 22:22:00";100;100;;;;;;;;;;;"Involontaire (travaux)";;;;;""
2015;8448;"66";"66165";"Rodès";"2015-08-21 23:29:00";100;;100;;;;;;;;;"1";"Involontaire (particulier)";;;;;""
2015;8491;"13";"13007";"Auriol";"2015-08-22 01:00:00";70;70;;;;;;;;;;;"Accidentelle";;;;;""
2015;8466;"07";"07298";"Saint-Symphorien-sous-Chomérac";"2015-08-22 10:22:00";32000;;32000;;;;;;;;;"1";"Involontaire (particulier)";;;;;""
2015;2722;"41";"41193";"Romilly";"2015-08-22 11:06:00";2500;0;;2500;;;2500;0;0;0;"Estimées";;;;;;;""
2015;1348;"38";"38394";"Saint-Hilaire-du-Rosier";"2015-08-22 12:05:00";500;0;;500;;;500;0;0;0;"Estimées";;;;;;;""
2015;8545;"2A";"2A031";"Bastelica";"2015-08-22 12:27:00";1130;;1130;;;;;;;;;"1";"Malveillance";;;;;""
2015;1310;"72";"72260";"Ruaudin";"2015-08-22 12:33:00";120000;120000;;0;;;0;0;0;0;"Estimées";;;;;;;""
2015;8547;"2A";"2A062";"Carbuccia";"2015-08-22 14:02:00";20;;20;;;;;;;;;"1";;;;;;""
2015;1347;"38";"38316";"Pont-de-Chéruy";"2015-08-22 14:16:00";600;0;;600;;;600;0;0;0;"Estimées";;;;;;;""
2015;960;"46";"46202";"Montdoumerc";"2015-08-22 15:35:00";500;0;;500;;;500;0;0;0;"Estimées";;;;;;;""
2015;999;"28";"28245";"Meslay-le-Grenet";"2015-08-22 16:12:00";130000;0;;30000;;;30000;0;100000;100000;"Estimées";;;;;;;""
2015;8721;"11";"11318";"Roquecourbe-Minervois";"2015-08-22 16:24:00";557;;;;;;;;;;;;;;;;;""
2015;1123;"86";"86032";"Bonneuil-Matours";"2015-08-22 16:52:00";200;200;;0;;;0;0;0;0;"Estimées";;;;;;;""
2015;8447;"66";"66074";"Eus";"2015-08-22 17:21:00";5;;5;;;;;;;;;"3";"Naturelle";;;;;""
2015;2721;"41";"41122";"Maray";"2015-08-22 18:13:00";2000;0;;2000;;;2000;0;0;0;"Estimées";;;;;;;""
2015;8628;"11";"11396";"Trausse";"2015-08-22 21:28:00";1470;;;;;;;;;;;;"Malveillance";;;;;""
2015;1749;"33";"33540";"Vendays-Montalivet";"2015-08-22 22:46:00";10;10;;0;;;0;;;0;;;"Naturelle";;;;;""
2015;8722;"11";"11330";"Rustiques";"2015-08-22 23:29:00";641;;;;;;;;;;;;"Accidentelle";;;;;""
2015;898;"43";"43203";"Saint-Julien-du-Pinet";"2015-08-23 01:18:00";40000;0;;40000;;;40000;0;0;0;"Estimées";;"Involontaire (particulier)";;;;;""
2015;1748;"33";"33329";"Pompéjac";"2015-08-23 01:20:00";500;500;;0;;;0;;;0;;;;;;;;""
2015;1482;"24";"24418";"Saint-Germain-du-Salembre";"2015-08-23 02:59:00";25000;25000;;0;;;0;;;0;;;;;;;;""
2015;8492;"13";"13060";"Meyreuil";"2015-08-23 07:00:00";20;20;;;;;;;;;;;"Naturelle";;;;;""
2015;8493;"13";"13041";"Gardanne";"2015-08-23 09:28:00";10;10;;;;;;;;;;;;;;;;""
2015;8494;"13";"13060";"Meyreuil";"2015-08-23 09:40:00";50;50;;;;;;;;;;;"Naturelle";;;;;""
2015;1414;"02";"02203";"Coincy";"2015-08-23 10:22:00";15;15;;0;;;0;0;0;0;"Estimées";;;;;;;""
2015;8549;"2A";"2A104";"Eccica-Suarella";"2015-08-23 13:26:00";4200;;4200;;;;;;;;;"1";"Involontaire (travaux)";;;;;""
2015;2344;"40";"40210";"Onesse-et-Laharie";"2015-08-23 15:12:00";3400;3400;;0;;;0;;;0;;;"Naturelle";;;;;""
2015;8495;"13";"13077";"Port-de-Bouc";"2015-08-23 16:38:00";50;50;;;;;;;;;;;"Malveillance";;;;;""
2015;8499;"13";"13059";"Meyrargues";"2015-08-23 16:57:00";10;10;;;;;;;;;;;"Naturelle";;;;;""
2015;8500;"13";"13113";"Venelles";"2015-08-23 18:20:00";10;10;;;;;;;;;;;"Naturelle";;;;;""
2015;8550;"2A";"2A004";"Ajaccio";"2015-08-23 20:17:00";15662;;15662;;;;;;;;;"1";;;;;;""
2015;8629;"11";"11257";"Monze";"2015-08-23 21:09:00";20;;;;;;;;;;;;"Malveillance";;;;;""
2015;8508;"34";"34020";"Azillanet";"2015-08-24 12:57:00";23000;20000;3000;;;;;;;;;"4";"Malveillance";;;;;""
2015;2343;"40";"40187";"Moliets-et-Maa";"2015-08-24 13:24:00";1000;1000;;0;;;0;;;0;;;"Naturelle";;;;;""
2015;8589;"83";"83003";"Ampus";"2015-08-24 17:18:00";10;10;;;;;;;;;;"4";"Naturelle";;;;;""
2015;8836;"13";"13070";"La Penne-sur-Huveaune";"2015-08-25 12:56:00";500;500;;;;;;;;;;;;;;;;""
2015;2341;"40";"40210";"Onesse-et-Laharie";"2015-08-25 13:33:00";23000;23000;;0;;;0;;;0;;;"Naturelle";;;;;""
2015;2340;"40";"40056";"Brocas";"2015-08-25 15:34:00";4200;4200;;0;;;0;;;0;;;"Involontaire (particulier)";;;;;""
2015;8840;"13";"13106";"Septèmes-les-Vallons";"2015-08-25 15:49:00";4500;4500;;;;;;;;;;;"Involontaire (particulier)";;;;;""
2015;8514;"34";"34189";"Olonzac";"2015-08-25 18:47:00";100;50;;;;;;;;50;;"4";"Malveillance";;;;;""
2015;8841;"13";"13119";"Carnoux-en-Provence";"2015-08-25 22:51:00";100;100;;;;;;;;;;;"Malveillance";;;;;""
2015;1745;"33";"33214";"Lacanau";"2015-08-26 02:23:00";100;50;;0;;;0;;;50;;;;;;;;""
2015;8554;"2A";"2A139";"Lecci";"2015-08-26 04:11:00";600;;600;;;;;;;;;;;;;;;""
2015;8582;"2B";"2B079";"Castello-di-Rostino";"2015-08-26 09:35:00";9000;0;9000;;;;;;;0;;"1";"Malveillance";;;;;""
2015;9020;"34";"34214";"Pouzolles";"2015-08-26 11:41:00";14800;4800;10000;;;;;;;;;"1";"Accidentelle";;;;;""
2015;8556;"2A";"2A276";"Serra-di-Ferro";"2015-08-26 11:41:00";800;;800;;;;;;;;;"1";"Involontaire (particulier)";;;;;""
2015;2719;"41";"41049";"Chémery";"2015-08-26 13:53:00";1000;0;;1000;;;1000;0;0;0;"Estimées";;;;;;;""
2015;9031;"06";"06162";"La Brigue";"2015-08-26 14:01:00";34000;34000;;;;;;;;;;"4";"Naturelle";;;;;""
2015;8557;"2A";"2A247";"Porto-Vecchio";"2015-08-26 14:03:00";5;;5;;;;;;;;;;;;;;;""
2015;1320;"88";"88154";"Domrémy-la-Pucelle";"2015-08-26 15:10:00";20000;20000;;0;;;0;0;0;0;"Estimées";;;;;;;""
2015;8631;"11";"11022";"Azille";"2015-08-26 15:20:00";250700;65700;150000;;;;;;;35000;;;"Malveillance";;;;;""
2015;964;"12";"12130";"Livinhac-le-Haut";"2015-08-26 15:50:00";20000;0;;20000;;;20000;0;0;0;"Estimées";;;;;;;""
2015;8796;"34";"34302";"Siran";"2015-08-26 16:37:00";42200;20000;20000;;;;;;;2200;;"4";"Malveillance";;;;;""
2015;9536;"34";"34304";"Soubès";"2015-08-26 16:58:00";1000;1000;;;;;;;;;;"1";"Involontaire (travaux)";;;;;""
2015;8587;"07";"07177";"Plats";"2015-08-26 17:59:00";32000;32000;;;;;;;;;;"5";;;;;;""
2015;8723;"11";"11425";"Villegailhenc";"2015-08-26 23:39:00";1732;;;;;;;;;;;;"Malveillance";;;;;""
2015;8797;"34";"34026";"Beaufort";"2015-08-27 15:24:00";1300;;1300;;;;;;;;;"4";"Malveillance";;;;;""
2015;2339;"40";"40167";"Luxey";"2015-08-27 16:04:00";660;660;;0;;;0;;;0;;;"Involontaire (particulier)";;;;;""
2015;1319;"88";"88061";"Bleurville";"2015-08-27 17:52:00";40000;40000;;0;;;0;0;0;0;"Estimées";;;;;;;""
2015;961;"46";"46197";"Le Montat";"2015-08-27 18:33:00";650;0;;650;;;650;0;0;0;"Estimées";;;;;;;""
2015;1740;"33";"33214";"Lacanau";"2015-08-27 18:43:00";20000;20000;;0;;;0;;;0;;;;;;;;""
2015;8601;"07";"07224";"Saint-Cirgues-en-Montagne";"2015-08-27 21:25:00";21000;;21000;;;;;;;;;"1";;;;;;""
2015;9002;"2A";"2A323";"Tavaco";"2015-08-28 02:00:00";30;;30;;;;;;;;;"1";"Malveillance";;;;;""
2015;9459;"2A";"2A330";"Ucciani";"2015-08-28 02:15:00";50;;50;;;;;;;;;;;;;;;""
2015;9003;"2A";"2A345";"Vero";"2015-08-28 02:15:00";20;;20;;;;;;;;;"1";"Malveillance";;;;;""
2015;9537;"34";"34132";"Lauroux";"2015-08-28 17:02:00";900;;900;;;;;;;;;"1";"Involontaire (travaux)";;;;;""
2015;962;"46";"46023";"Belfort-du-Quercy";"2015-08-28 17:33:00";1000;0;;1000;;;1000;0;0;0;"Estimées";;;;;;;""
2015;8724;"11";"11198";"Laure-Minervois";"2015-08-28 17:55:00";100;;;;;;;;;;;;"Involontaire (travaux)";;;;;""
2015;10321;"2B";"2B223";"Pietralba";"2015-08-29 12:30:00";20;0;20;;;;;;;0;;"1";"Malveillance";;;;;""
2015;8686;"2B";"2B059";"Canavaggia";"2015-08-29 13:33:00";3000;;;;;;;;;;;"1";"Malveillance";;;;;""
2015;8678;"07";"07177";"Plats";"2015-08-29 13:50:00";386000;300000;46000;;;;;;;40000;;"5";;;;;;""
2015;8843;"13";"13016";"La Bouilladisse";"2015-08-29 13:53:00";400;400;;;;;;;;;;;;;;;;""
2015;8683;"2B";"2B328";"Tox";"2015-08-29 13:54:00";1500;;;;;;;;;;;"1";;;;;;""
2015;1739;"33";"33318";"Pessac";"2015-08-29 14:32:00";4000;4000;;0;;;0;;;0;;;;;;;;""
2015;8680;"07";"07220";"Saint-Christol";"2015-08-29 15:02:00";50000;50000;;;;;;;;;;"3";;;;;;""
2015;1378;"38";"38324";"Primarette";"2015-08-29 15:22:00";200;0;;200;;;200;0;0;0;"Estimées";;;;;;;""
2015;8725;"11";"11148";"Fontcouverte";"2015-08-29 15:24:00";1394;;;;;;;;;;;;"Accidentelle";;;;;""
2015;10363;"48";"48139";"Saint-Bonnet-de-Montauroux";"2015-08-29 16:09:00";500;;500;;;;;;;;;"1";;;;;;""
2015;9543;"34";"34226";"Quarante";"2015-08-29 16:55:00";4350;2000;2000;;;;;;;350;;"1";"Malveillance";;;;;""
2015;1481;"24";"24294";"Montpon-Ménestérol";"2015-08-29 16:56:00";5000;5000;;0;;;0;;;0;;;;;;;;""
2015;916;"43";"43152";"Polignac";"2015-08-29 20:45:00";2000;0;;2000;;;2000;0;0;0;"Estimées";;;;;;;""
2015;1351;"38";"38468";"Salaise-sur-Sanne";"2015-08-29 22:09:00";30000;0;;30000;;;30000;0;0;0;"Estimées";;;;;;;""
2015;1480;"24";"24354";"La Roche-Chalais";"2015-08-30 00:09:00";3000;3000;;0;;;0;;;0;;;;;;;;""
2015;9006;"2A";"2A271";"Sarrola-Carcopino";"2015-08-30 02:03:00";30;;30;;;;;;;;;"1";"Malveillance";;;;;""
2015;9008;"2A";"2A209";"Peri";"2015-08-30 02:30:00";200;;200;;;;;;;;;"1";"Malveillance";;;;;""
2015;9009;"2A";"2A345";"Vero";"2015-08-30 04:11:00";20;;20;;;;;;;;;"1";"Malveillance";;;;;""
2015;8846;"13";"13022";"Cassis";"2015-08-30 05:03:00";100;100;;;;;;;;;;;;;;;;""
2015;8726;"11";"11069";"Carcassonne";"2015-08-30 12:17:00";600;;;;;;;;;;;;"Accidentelle";;;;;""
2015;8727;"11";"11393";"Tourouzelle";"2015-08-30 12:27:00";3673;;;;;;;;;;;;"Malveillance";;;;;""
2015;10892;"2A";"2A031";"Bastelica";"2015-08-30 12:57:00";339000;;339000;;;;;;;;;"4";"Malveillance";;;;;""
2015;11997;"2A";"2A031";"Bastelica";"2015-08-30 12:57:00";339000;;339000;;;;;;;;;;;;;;;""
2015;8970;"04";"04005";"Allons";"2015-08-30 13:10:00";1000;;1000;;;;;;;;;"1";"Involontaire (particulier)";;;;;""
2015;8728;"11";"11296";"Pouzols-Minervois";"2015-08-30 14:20:00";4;;;;;;;;;;;;"Malveillance";;;;;""
2015;9527;"2A";"2A345";"Vero";"2015-08-30 14:20:00";1000000;;1000000;;;;;;;;;;;;;;;""
2015;8684;"07";"07006";"Albon-d'Ardèche";"2015-08-30 15:14:00";10000;10000;;;;;;;;;;"5";"Involontaire (travaux)";;;;;""
2015;1352;"38";"38468";"Salaise-sur-Sanne";"2015-08-30 15:30:00";1500;0;;1500;;;1500;0;0;0;"Estimées";;;;;;;""
2015;9033;"06";"06025";"Le Broc";"2015-08-30 15:48:00";400;;400;;;;;;;;;"1";;;;;;""
2015;8695;"07";"07295";"Saint-Sauveur-de-Montagut";"2015-08-30 16:24:00";28000;19000;9000;;;;;;;;;"5";"Accidentelle";;;;;""
2015;8847;"13";"13077";"Port-de-Bouc";"2015-08-30 16:29:00";1000;1000;;;;;;;;;;;"Malveillance";;;;;""
2015;9032;"06";"06079";"Mandelieu-la-Napoule";"2015-08-30 17:27:00";300;;300;;;;;;;;;"1";;;;;;""
2015;8675;"83";"83136";"Le Thoronet";"2015-08-30 17:35:00";2;2;;;;;;;;;;"1";"Involontaire (particulier)";;;;;""
2015;8944;"2B";"2B049";"Calenzana";"2015-08-30 18:57:00";200;200;0;;;;;;;0;;"2";"Malveillance";;;;;""
2015;8698;"07";"07018";"Astet";"2015-08-30 21:01:00";2300;;2300;;;;;;;;;"1";;;;;;""
2015;8798;"34";"34189";"Olonzac";"2015-08-30 21:46:00";150;100;50;;;;;;;;;"4";"Malveillance";;;;;""
2015;4552;"42";"42326";"Véranne";"2015-08-31 13:36:00";230000;200000;;30000;;;30000;0;0;0;"Estimées";;"Malveillance";;;;;"Données partielles ou non valides"
2015;2338;"40";"40242";"Rimbez-et-Baudiets";"2015-08-31 13:57:00";2;2;;0;;;0;;;0;;;"Naturelle";;;;;""
2015;8954;"07";"07062";"Chazeaux";"2015-08-31 14:06:00";36000;36000;;;;;;;;;;"4";;;;;;""
2015;8851;"2B";"2B079";"Castello-di-Rostino";"2015-08-31 14:30:00";1771;0;1771;;;;;;;0;;"1";"Malveillance";;;;;""
2015;1354;"38";"38107";"Chonas-l'Amballan";"2015-08-31 14:35:00";1000;0;;1000;;;1000;0;0;0;"Estimées";;;;;;;""
2015;9520;"2A";"2A004";"Ajaccio";"2015-08-31 15:21:00";9600;;9600;;;;;;;;;"1";;;;;;""
2015;9521;"2A";"2A004";"Ajaccio";"2015-08-31 15:51:00";360;0;360;;;;;;;;;"1";;;;;;""
2015;1353;"38";"38053";"Bourgoin-Jallieu";"2015-08-31 16:25:00";300;0;;300;;;300;0;0;0;"Estimées";;;;;;;""
2015;1250;"69";"69282";"Meyzieu";"2015-08-31 16:56:00";10000;0;;10000;;;10000;0;0;0;"Mesurées";;;;;;;""
2015;2337;"40";"40152";"Lesperon";"2015-08-31 17:41:00";50;50;;0;;;0;;;0;;;"Naturelle";;;;;""
2015;2336;"40";"40307";"Sore";"2015-08-31 17:57:00";100;100;;0;;;0;;;0;;;"Naturelle";;;;;""
2015;1735;"33";"33251";"Louchats";"2015-08-31 18:01:00";4000;4000;;0;;;0;;;0;;;"Naturelle";;;;;""
2015;1102;"18";"18219";"Saint-Laurent";"2015-08-31 18:25:00";300;300;;0;;;0;0;0;0;"Estimées";;"Malveillance";;;;;""
2015;1734;"33";"33251";"Louchats";"2015-08-31 18:41:00";10;10;;0;;;0;;;0;;;"Naturelle";;;;;""
2015;1732;"33";"33048";"Berthez";"2015-08-31 20:33:00";10;10;;0;;;0;;;0;;;"Naturelle";;;;;""
2015;924;"58";"58185";"Moux-en-Morvan";"2015-08-31 21:12:00";10;10;;0;;;0;0;0;0;"Estimées";;"Involontaire (particulier)";;;;;""
2015;10236;"2A";"2A004";"Ajaccio";"2015-09-01 00:25:00";20;;20;;;;;;;;;;;;;;;""
2015;8849;"13";"13039";"Fos-sur-Mer";"2015-09-01 16:41:00";3000;;3000;;;;;;;;;;"Malveillance";;;;;""
2015;8852;"13";"13039";"Fos-sur-Mer";"2015-09-01 16:41:00";200;200;;;;;;;;;;;"Malveillance";;;;;""
2015;2335;"40";"40227";"Pissos";"2015-09-01 16:48:00";2000;2000;;0;;;0;;;0;;;"Naturelle";;;;;""
2015;9023;"34";"34157";"Mèze";"2015-09-01 17:08:00";900;900;;;;;;;;;;"4";"Involontaire (particulier)";;;;;""
2015;2486;"40";"40317";"Tosse";"2015-09-01 19:05:00";30;30;;0;;;0;;;0;;;"Naturelle";;;;;""
2015;8854;"13";"13063";"Miramas";"2015-09-01 19:16:00";5;5;;;;;;;;;;;;;;;;""
2015;9013;"2A";"2A272";"Sartène";"2015-09-01 21:36:00";10;;10;;;;;;;;;;;;;;;""
2015;8960;"66";"66127";"Opoul-Périllos";"2015-09-01 23:28:00";80000;;80000;;;;;;;;;"1";"Involontaire (particulier)";;;;;""
2015;1731;"33";"33529";"La Teste-de-Buch";"2015-09-02 05:31:00";300;300;;0;;;0;;;0;;;;;;;;""
2015;9150;"13";"13058";"Maussane-les-Alpilles";"2015-09-02 10:57:00";20;20;;;;;;;;;;;;;;;;""
2015;8945;"2B";"2B049";"Calenzana";"2015-09-02 12:17:00";3105;2000;1105;;;;;;;0;;"1";"Malveillance";;;;;""
2015;8946;"2B";"2B105";"Erbajolo";"2015-09-02 12:36:00";21590;0;21590;;;;;;;0;;"1";"Malveillance";;;;;""
2015;8947;"2B";"2B314";"Santo-Pietro-di-Tenda";"2015-09-02 14:10:00";10;0;10;;;;;;;0;;"1";;;;;;""
2015;8962;"83";"83112";"Saint-Cyr-sur-Mer";"2015-09-02 14:17:00";300;300;;;;;;;;;;"1";"Malveillance";;;;;""
2015;8948;"2B";"2B123";"Ghisonaccia";"2015-09-02 14:34:00";200;;;;;;;;;;;"2";"Malveillance";;;;;""
2015;9055;"11";"11422";"Villedubert";"2015-09-02 14:49:00";21313;;;;;;;;;;;;"Involontaire (travaux)";;;;;""
2015;1729;"33";"33077";"Cabanac-et-Villagrains";"2015-09-02 15:23:00";1000;1000;;0;;;0;;;0;;;"Naturelle";;;;;""
2015;1379;"38";"38019";"Auberives-sur-Varèze";"2015-09-02 15:54:00";7000;0;;7000;;;7000;0;0;0;"Estimées";;;;;;;""
2015;9155;"13";"13001";"Aix-en-Provence";"2015-09-02 17:12:00";8000;8000;;;;;;;;;;;"Malveillance";;;;;""
2015;8951;"2B";"2B341";"Venaco";"2015-09-02 17:23:00";30;30;0;;;;;;;0;;"2";"Involontaire (travaux)";;;;;""
2015;1728;"33";"33518";"Tabanac";"2015-09-02 18:43:00";10;10;;0;;;0;;;0;;;"Involontaire (particulier)";;;;;""
2015;9025;"34";"34103";"Fontès";"2015-09-02 23:28:00";9800;9800;;;;;;;;;;"5";"Malveillance";;;;;""
2015;8965;"83";"83048";"La Croix-Valmer";"2015-09-03 15:16:00";5000;5000;;;;;;;;;;"4";"Involontaire (particulier)";;;;;""
2015;1727;"33";"33095";"Captieux";"2015-09-03 15:40:00";500;500;;0;;;0;;;0;;;"Naturelle";;;;;""
2015;8966;"83";"83072";"Lorgues";"2015-09-03 16:20:00";600;600;;;;;;;;;;"4";"Malveillance";;;;;""
2015;9014;"2A";"2A099";"Cozzano";"2015-09-04 13:42:00";50;;50;;;;;;;;;;;;;;;""
2015;9056;"11";"11392";"Tournissan";"2015-09-04 15:04:00";1306;;;;;;;;;;;;"Involontaire (particulier)";;;;;""
2015;8993;"07";"07255";"Saint-Julien-en-Saint-Alban";"2015-09-04 17:17:00";2000;2000;;;;;;;;;;"5";;;;;;""
2015;10242;"2A";"2A114";"Figari";"2015-09-04 18:12:00";5;;5;;;;;;;;;;;;;;;""
2015;10238;"2A";"2A041";"Bonifacio";"2015-09-04 18:45:00";100;;100;;;;;;;;;;;;;;;""
2015;9162;"13";"13038";"Fontvieille";"2015-09-04 20:44:00";600;600;;;;;;;;;;;;;;;;""
2015;1726;"33";"33261";"Lussac";"2015-09-05 11:40:00";2;2;;0;;;0;;;0;;;"Malveillance";;;;;""
2015;9034;"06";"06104";"Roquebrune-Cap-Martin";"2015-09-05 12:05:00";10047;10047;;;;;;;;;;"4";;;;;;""
2015;9066;"2B";"2B355";"Volpajola";"2015-09-05 13:25:00";194784;1000;193784;;;;;;;0;;"1";"Malveillance";;;;;""
2015;8978;"2B";"2B354";"Vivario";"2015-09-05 14:09:00";20;20;0;;;;;;;0;;"4";"Malveillance";;;;;""
2015;8977;"2B";"2B354";"Vivario";"2015-09-05 14:09:00";20;20;0;;;;;;;0;;"4";"Malveillance";;;;;""
2015;9167;"13";"13063";"Miramas";"2015-09-05 14:45:00";50;50;;;;;;;;;;;;;;;;""
2015;8979;"2B";"2B039";"Bisinchi";"2015-09-05 14:55:00";28458;3816;23262;;;;;;;1380;;"2";"Malveillance";;;;;""
2015;9171;"13";"13005";"Aubagne";"2015-09-05 15:39:00";5;5;;;;;;;;;;;"Involontaire (particulier)";;;;;""
2015;9175;"13";"13044";"Grans";"2015-09-05 16:10:00";500;500;;;;;;;;;;;"Involontaire (travaux)";;;;;""
2015;9041;"34";"34312";"La Tour-sur-Orb";"2015-09-05 17:55:00";100;;100;;;;;;;;;"1";"Accidentelle";;;;;""
2015;8980;"2B";"2B059";"Canavaggia";"2015-09-05 18:12:00";2;0;2;;;;;;;0;;"2";;;;;;""
2015;8981;"2B";"2B102";"Crocicchia";"2015-09-05 18:22:00";10;;;;;;;;;;;;;;;;;""
2015;8982;"2B";"2B335";"Valle-di-Campoloro";"2015-09-05 19:20:00";200;;;;;;;;;;;;;;;;;""
2015;8995;"83";"83127";"Signes";"2015-09-05 21:00:00";10;10;;;;;;;;;;"5";"Involontaire (particulier)";;;;;""
2015;9185;"13";"13047";"Istres";"2015-09-05 21:37:00";20;20;;;;;;;;;;;;;;;;""
2015;9017;"2A";"2A362";"Zonza";"2015-09-05 22:33:00";3500;3500;;;;;;;;;;"1";"Involontaire (particulier)";;;;;""
2015;9018;"2A";"2A092";"Conca";"2015-09-05 22:43:00";40;;40;;;;;;;;;"1";"Malveillance";;;;;""
2015;9019;"2A";"2A092";"Conca";"2015-09-06 00:00:00";300;;300;;;;;;;;;"1";"Malveillance";;;;;""
2015;9528;"2A";"2A048";"Calcatoggio";"2015-09-06 00:06:00";10;;10;;;;;;;;;"1";;;;;;""
2015;8997;"83";"83057";"Flassans-sur-Issole";"2015-09-06 09:33:00";300;300;;;;;;;;;;"4";"Accidentelle";;;;;""
2015;10394;"30";"30217";"Rochefort-du-Gard";"2015-09-06 12:01:00";3000;;;;;;;;;;;;;;;;;""
2015;1357;"38";"38494";"Soleymieu";"2015-09-06 14:08:00";400;0;;400;;;400;0;0;0;"Estimées";;;;;;;""
2015;9045;"66";"66148";"Port-Vendres";"2015-09-06 14:37:00";1500;1500;;;;;;;;;;"3";"Involontaire (particulier)";;;;;""
2015;1724;"33";"33229";"Lanton";"2015-09-06 15:50:00";1500;1500;;0;;;0;;;0;;;"Accidentelle";;;;;""
2015;9046;"66";"66008";"Argelès-sur-Mer";"2015-09-06 15:52:00";40000;40000;;;;;;;;;;"4";;;;;;""
2015;9057;"11";"11024";"Bages";"2015-09-06 17:14:00";6450;;;;;;;;;;;;"Malveillance";;;;;""
2015;1722;"33";"33019";"Audenge";"2015-09-06 17:16:00";500;500;;0;;;0;;;0;;;;;;;;""
2015;1721;"33";"33449";"Saint-Médard-en-Jalles";"2015-09-06 19:21:00";3000;3000;;0;;;0;;;0;;;;;;;;""
2015;9190;"13";"13040";"Fuveau";"2015-09-06 19:38:00";200;200;;;;;;;;;;;;;;;;""
2015;9058;"11";"11040";"Bizanet";"2015-09-06 21:08:00";2773;;;;;;;;;;;;;;;;;""
2015;9035;"06";"06020";"La Bollène-Vésubie";"2015-09-07 00:05:00";1200;;1200;;;;;;;;;"1";;;;;;""
2015;8996;"07";"07323";"Toulaud";"2015-09-07 01:03:00";30000;30000;;;;;;;;;;"5";;;;;;""
2015;1720;"33";"33543";"Verdelais";"2015-09-07 13:39:00";2;2;;0;;;0;;;0;;;"Malveillance";;;;;""
2015;11978;"07";"07278";"Saint-Michel-de-Chabrillanoux";"2015-09-07 15:05:00";80;80;;;;;;;;;;"4";;;;;;""
2015;9047;"66";"66211";"Tordères";"2015-09-07 15:18:00";300;;300;;;;;;;;;"1";"Malveillance";;;;;""
2015;9423;"06";"06083";"Menton";"2015-09-07 16:06:00";48800;;48800;;;;;;;;;"1";"Malveillance";;;;;""
2015;1719;"33";"33130";"Coimères";"2015-09-07 16:34:00";300;300;;0;;;0;;;0;;;;;;;;""
2015;1148;"73";"73024";"Les Avanchers-Valmorel";"2015-09-07 16:58:00";20;0;;10;;;10;10;0;10;"Mesurées";;"Involontaire (particulier)";;;;;""
2015;11998;"2A";"2A348";"Vico";"2015-09-07 21:07:00";100;;100;;;;;;;;;;;;;;;""
2015;10239;"2A";"2A348";"Vico";"2015-09-07 21:07:00";100;;100;;;;;;;;;;;;;;;""
2015;9197;"13";"13036";"Eyragues";"2015-09-07 23:13:00";1500;;1500;;;;;;;;;;"Malveillance";;;;;""
2015;9530;"84";"84023";"Buoux";"2015-09-08 10:56:00";600;;;;;;;;;;;;;;;;;""
2015;9051;"07";"07185";"Préaux";"2015-09-08 12:30:00";20000;;15000;;;;;;;5000;;"1";;;;;;""
2015;9048;"04";"04122";"Mirabeau";"2015-09-08 14:37:00";1500;1000;;;;;;;;500;;"2";"Involontaire (travaux)";;;;;""
2015;1358;"38";"38016";"Arzay";"2015-09-08 16:03:00";500;0;;500;;;500;0;0;0;"Estimées";;;;;;;""
2015;1359;"38";"38399";"Saint-Jean-de-Bournay";"2015-09-08 16:08:00";400;0;;400;;;400;0;0;0;"Estimées";;"Involontaire (particulier)";;;;;""
2015;9067;"2B";"2B009";"Aléria";"2015-09-08 16:58:00";500;;;;;;;;;;;"1";;;;;;""
2015;9243;"2A";"2A247";"Porto-Vecchio";"2015-09-08 17:29:00";600;;600;;;;;;;;;;;;;;;""
2015;9200;"13";"13063";"Miramas";"2015-09-08 19:54:00";10;10;;;;;;;;;;;"Malveillance";;;;;""
2015;9203;"13";"13063";"Miramas";"2015-09-08 19:54:00";30;30;;;;;;;;;;;"Malveillance";;;;;""
2015;9213;"13";"13063";"Miramas";"2015-09-08 20:40:00";30;30;;;;;;;;;;;"Malveillance";;;;;""
2015;9207;"13";"13063";"Miramas";"2015-09-08 20:40:00";100;100;;;;;;;;;;;"Malveillance";;;;;""
2015;9209;"13";"13063";"Miramas";"2015-09-08 20:40:00";10;10;;;;;;;;;;;"Malveillance";;;;;""
2015;9210;"13";"13063";"Miramas";"2015-09-08 20:40:00";50;50;;;;;;;;;;;"Malveillance";;;;;""
2015;9068;"2B";"2B102";"Crocicchia";"2015-09-08 22:55:00";1000;;;;;;;;;;;;;;;;;""
2015;9069;"2B";"2B143";"Linguizzetta";"2015-09-09 01:01:00";700;;;;;;;;;;;"1";"Malveillance";;;;;""
2015;9350;"2B";"2B307";"Santa-Lucia-di-Moriani";"2015-09-09 10:27:00";2500;;;;;;;;;;;;;;;;;""
2015;9427;"06";"06083";"Menton";"2015-09-09 12:26:00";1265600;;1265600;;;;;;;;;"1";"Malveillance";;;;;""
2015;9244;"2A";"2A090";"Coggia";"2015-09-09 13:18:00";853;853;;;;;;;;;;"1";"Involontaire (particulier)";;;;;""
2015;9245;"2A";"2A324";"Tavera";"2015-09-09 14:32:00";385;;385;;;;;;;;;"1";;;;;;""
2015;1203;"45";"45309";"Sennely";"2015-09-09 14:51:00";600;0;;600;;;600;0;0;0;"Estimées";;;;;;;""
2015;1715;"33";"33239";"Lerm-et-Musset";"2015-09-09 15:01:00";10000;10000;;0;;;0;;;0;;;"Involontaire (particulier)";;;;;""
2015;9217;"13";"13005";"Aubagne";"2015-09-09 15:42:00";600;600;;;;;;;;;;;;;;;;""
2015;9351;"2B";"2B292";"Sant'Andréa-di-Bozio";"2015-09-09 15:45:00";15000;0;15000;;;;;;;0;;"1";"Malveillance";;;;;""
2015;9220;"13";"13071";"Les Pennes-Mirabeau";"2015-09-09 17:39:00";10000;10000;;;;;;;;;;;"Malveillance";;;;;""
2015;9222;"13";"13071";"Les Pennes-Mirabeau";"2015-09-09 17:56:00";2000;2000;;;;;;;;;;;;;;;;""
2015;9224;"13";"13063";"Miramas";"2015-09-09 18:01:00";100;100;;;;;;;;;;;"Malveillance";;;;;""
2015;9228;"13";"13063";"Miramas";"2015-09-09 18:01:00";50;50;;;;;;;;;;;"Malveillance";;;;;""
2015;2536;"47";"47039";"Boussès";"2015-09-09 18:05:00";5000;5000;;0;;;0;;;0;;;;;;;;""
2015;9352;"2B";"2B143";"Linguizzetta";"2015-09-09 18:40:00";39523;0;10000;;;;;;;29523;;"1";"Malveillance";;;;;""
2015;9354;"2B";"2B355";"Volpajola";"2015-09-10 11:37:00";100;;;;;;;;;;;;;;;;;""
2015;9353;"2B";"2B105";"Erbajolo";"2015-09-10 11:37:00";100;;;;;;;;;;;;;;;;;""
2015;986;"38";"38542";"Veyssilieu";"2015-09-10 13:22:00";100000;0;;100000;;;100000;0;0;0;"Estimées";;;;;;;""
2015;10364;"48";"48198";"Villefort";"2015-09-10 14:50:00";13700;300;13400;;;;;;;;;"1";"Involontaire (particulier)";;;;;""
2015;1712;"33";"33097";"Carcans";"2015-09-10 15:32:00";1500;1500;;0;;;0;;;0;;;;;;;;""
2015;1362;"38";"38042";"Bévenais";"2015-09-10 15:49:00";150;0;;150;;;150;0;0;0;"Estimées";;;;;;;""
2015;9265;"83";"83076";"Mazaugues";"2015-09-10 16:47:00";400;;;;;;;;;;;"3";"Involontaire (particulier)";;;;;""
2015;10038;"2A";"2A004";"Ajaccio";"2015-09-10 17:42:00";15;;15;;;;;;;;;"1";"Involontaire (particulier)";;;;;""
2015;2485;"40";"40184";"Mimizan";"2015-09-10 19:15:00";11124;11124;;0;;;0;;;0;;;;;;;;""
2015;9357;"2B";"2B120";"Furiani";"2015-09-10 19:22:00";10000;;;;;;;;;;;;;;;;;""
2015;9358;"2B";"2B341";"Venaco";"2015-09-10 21:18:00";300;300;0;;;;;;;0;;"2";"Malveillance";;;;;""
2015;9465;"34";"34157";"Mèze";"2015-09-11 00:14:00";1300;1300;;;;;;;;;;"4";"Malveillance";;;;;""
2015;9523;"2A";"2A103";"Cuttoli-Corticchiato";"2015-09-11 11:09:00";530;;530;;;;;;;;;"1";"Involontaire (particulier)";;;;;""
2015;9360;"2B";"2B224";"Pietracorbara";"2015-09-11 11:31:00";80;;;;;;;;;;;;"Accidentelle";;;;;""
2015;9359;"2B";"2B355";"Volpajola";"2015-09-11 11:31:00";150;;;;;;;;;;;;;;;;;""
2015;9361;"2B";"2B007";"Albertacce";"2015-09-11 12:27:00";15000;;;;;;;;;;;"1";;;;;;""
2015;9268;"11";"11016";"Arquettes-en-Val";"2015-09-11 12:57:00";187100;0;187100;;;;;;;;;;"Malveillance";;;;;""
2015;10360;"48";"48099";"Le Monastier-Pin-Moriès";"2015-09-11 14:43:00";20000;20000;;;;;;;;;;"4";;;;;;""
2015;9388;"66";"66226";"Villemolaque";"2015-09-11 15:28:00";200;200;;;;;;;;;;"4";"Involontaire (travaux)";;;;;""
2015;1318;"88";"88037";"Basse-sur-le-Rupt";"2015-09-11 16:00:00";5000;5000;;0;;;0;0;0;0;"Estimées";;;;;;;""
2015;9389;"66";"66214";"Tresserre";"2015-09-11 16:42:00";20000;15000;5000;;;;;;;;;"2";;;;;;""
2015;1707;"33";"33124";"Chamadelle";"2015-09-11 19:08:00";1500;1500;;0;;;0;;;0;;;;;;;;""
2015;9466;"34";"34157";"Mèze";"2015-09-12 01:48:00";75;75;;;;;;;;;;"4";"Involontaire (travaux)";;;;;""
2015;9525;"2A";"2A006";"Alata";"2015-09-12 04:12:00";400;;400;;;;;;;;;"1";"Malveillance";;;;;""
2015;1703;"33";"33095";"Captieux";"2015-09-12 07:35:00";1000;1000;;0;;;0;;;0;;;"Naturelle";;;;;""
2015;9365;"2B";"2B155";"Matra";"2015-09-12 11:50:00";50;;;;;;;;;;;;;;;;;""
2015;9367;"2B";"2B172";"Murato";"2015-09-12 12:55:00";19541;5500;13541;;;;;;;500;;"1";"Malveillance";;;;;""
2015;9531;"84";"84003";"Apt";"2015-09-12 13:35:00";3000;;;;;;;;;;;;;;;;;""
2015;2484;"40";"40056";"Brocas";"2015-09-12 14:59:00";10;10;;0;;;0;;;0;;;"Naturelle";;;;;""
2015;9467;"34";"34092";"Cruzy";"2015-09-12 15:06:00";10;10;;;;;;;;;;"4";"Naturelle";;;;;""
2015;9469;"34";"34183";"Nissan-lez-Enserune";"2015-09-12 15:09:00";19000;500;18500;;;;;;;;;"1";"Naturelle";;;;;""
2015;1363;"38";"38337";"Rives";"2015-09-12 15:47:00";500;0;;500;;;500;0;0;0;"Estimées";;;;;;;""
2015;1364;"38";"38388";"Saint-Georges-de-Commiers";"2015-09-12 16:50:00";2000;0;;2000;;;2000;0;0;0;"Estimées";;;;;;;""
2015;9526;"2A";"2A024";"Aullène";"2015-09-13 01:35:00";200;200;;;;;;;;;;"1";;;;;;""
2015;9371;"2B";"2B314";"Santo-Pietro-di-Tenda";"2015-09-13 14:10:00";800;0;800;;;;;;;0;;"1";"Malveillance";;;;;""
2015;9372;"2B";"2B036";"Bigorno";"2015-09-14 09:05:00";16;0;16;;;;;;;0;;"1";"Malveillance";;;;;""
2015;9373;"2B";"2B036";"Bigorno";"2015-09-14 13:16:00";20;0;20;;;;;;;0;;"1";"Malveillance";;;;;""
2015;9430;"06";"06077";"Lucéram";"2015-09-14 15:20:00";1000;;1000;;;;;;;;;"1";"Naturelle";;;;;""
2015;11999;"2A";"2A271";"Sarrola-Carcopino";"2015-09-14 15:42:00";100;;100;;;;;;;;;;;;;;;""
2015;10240;"2A";"2A271";"Sarrola-Carcopino";"2015-09-14 15:42:00";100;;100;;;;;;;;;;;;;;;""
2015;9375;"2B";"2B036";"Bigorno";"2015-09-14 19:06:00";3;;;;;;;;;;;;"Malveillance";;;;;""
2015;9620;"11";"11203";"Lézignan-Corbières";"2015-09-15 02:15:00";50;;;;;;;;;;;;"Accidentelle";;;;;""
2015;9668;"13";"13022";"Cassis";"2015-09-15 07:50:00";150;100;50;;;;;;;;;;"Involontaire (particulier)";;;;;""
2015;9621;"11";"11392";"Tournissan";"2015-09-16 13:56:00";500;;;;;;;;;;;;"Malveillance";;;;;""
2015;12000;"2A";"2A209";"Peri";"2015-09-16 17:08:00";2;;2;;;;;;;;;;;;;;;""
2015;12001;"2A";"2A247";"Porto-Vecchio";"2015-09-16 17:38:00";150;;150;;;;;;;;;;;;;;;""
2015;9622;"11";"11040";"Bizanet";"2015-09-16 21:56:00";1528;;;;;;;;;;;;"Accidentelle";;;;;""
2015;9716;"66";"66109";"Molitg-les-Bains";"2015-09-16 22:07:00";2000;2000;;;;;;;;;;"2";;;;;;""
2015;1365;"38";"38425";"Saint-Maurice-l'Exil";"2015-09-16 22:14:00";40000;0;;40000;;;40000;0;0;0;"Estimées";;;;;;;""
2015;9717;"66";"66046";"Caudiès-de-Fenouillèdes";"2015-09-17 00:35:00";5000;;5000;;;;;;;;;"1";;;;;;""
2015;9718;"66";"66016";"Banyuls-sur-Mer";"2015-09-17 14:13:00";25000;20000;5000;;;;;;;;;"4";"Malveillance";;;;;""
2015;9721;"66";"66048";"Cerbère";"2015-09-17 21:45:00";1300000;300000;1000000;;;;;;;;;"1";"Malveillance";;;;;""
2015;9624;"11";"11009";"Alzonne";"2015-09-18 10:54:00";900;;;;;;;;;;;;"Malveillance";;;;;""
2015;9572;"2A";"2A181";"Ocana";"2015-09-18 12:19:00";100;;100;;;;;;;;;"1";;;;;;""
2015;9493;"2B";"2B105";"Erbajolo";"2015-09-18 12:35:00";10253;0;10253;;;;;;;0;;"3";"Malveillance";;;;;""
2015;9494;"2B";"2B105";"Erbajolo";"2015-09-18 13:14:00";9494;0;9494;;;;;;;0;;"3";"Malveillance";;;;;""
2015;9625;"11";"11262";"Narbonne";"2015-09-18 13:40:00";30;;;;;;;;;;;;"Accidentelle";;;;;""
2015;9495;"2B";"2B292";"Sant'Andréa-di-Bozio";"2015-09-18 13:45:00";761;0;761;;;;;;;0;;"1";"Malveillance";;;;;""
2015;10357;"2B";"2B292";"Sant'Andréa-di-Bozio";"2015-09-18 13:45:00";4710;0;4710;;;;;;;0;;"1";"Malveillance";;;;;""
2015;9496;"2B";"2B116";"Focicchia";"2015-09-18 13:50:00";4600;;;;;;;;;;;;"Malveillance";;;;;""
2015;9477;"83";"83138";"Tourrettes";"2015-09-18 14:05:00";400;400;;;;;;;;;;"5";"Involontaire (travaux)";;;;;""
2015;1697;"33";"33197";"Guillos";"2015-09-19 10:42:00";10;10;;0;;;0;;;0;;;;;;;;""
2015;9549;"83";"83126";"La Seyne-sur-Mer";"2015-09-19 14:44:00";4000;4000;;;;;;;;;;"2";"Malveillance";;;;;""
2015;9499;"2B";"2B301";"San-Gavino-di-Tenda";"2015-09-19 15:39:00";27682;0;27682;;;;;;;0;;"1";;;;;;""
2015;9626;"11";"11040";"Bizanet";"2015-09-19 16:41:00";3360;;;;;;;;;;;;"Involontaire (travaux)";;;;;""
2015;9669;"13";"13026";"Châteauneuf-les-Martigues";"2015-09-19 19:02:00";1700;1700;;;;;;;;;;;"Malveillance";;;;;""
2015;9670;"13";"13026";"Châteauneuf-les-Martigues";"2015-09-19 19:58:00";5700;5700;;;;;;;;;;;"Malveillance";;;;;""
2015;9671;"13";"13026";"Châteauneuf-les-Martigues";"2015-09-20 03:13:00";500;500;;;;;;;;;;;"Malveillance";;;;;""
2015;2534;"47";"47007";"Allons";"2015-09-20 11:01:00";50;50;;0;;;0;;;0;;;;;;;;""
2015;9574;"2A";"2A022";"Arro";"2015-09-20 16:21:00";20;;20;;;;;;;;;"1";;;;;;""
2015;9575;"2A";"2A142";"Levie";"2015-09-20 16:29:00";50;;50;;;;;;;;;"1";;;;;;""
2015;9503;"2B";"2B009";"Aléria";"2015-09-20 16:30:00";2;;;;;;;;;;;;;;;;;""
2015;9504;"2B";"2B227";"Pietricaggio";"2015-09-20 16:31:00";300;;;;;;;;;;;;;;;;;""
2015;1696;"33";"33019";"Audenge";"2015-09-21 09:30:00";8000;8000;;0;;;0;;;0;;;"Malveillance";;;;;""
2015;9727;"66";"66136";"Perpignan";"2015-09-21 10:26:00";40000;10000;30000;;;;;;;;;"1";;;;;;""
2015;9555;"83";"83065";"Gassin";"2015-09-21 14:43:00";20;20;;;;;;;;;;"3";"Malveillance";;;;;""
2015;9731;"66";"66029";"Caixas";"2015-09-21 16:05:00";150;150;;;;;;;;;;"2";"Malveillance";;;;;""
2015;9518;"2B";"2B184";"Olcani";"2015-09-21 16:42:00";50;50;0;;;;;;;0;;"2";;;;;;""
2015;9519;"2B";"2B354";"Vivario";"2015-09-21 21:18:00";2;2;0;;;;;;;0;;"5";;;;;;""
2015;9627;"11";"11433";"Villeneuve-Minervois";"2015-09-21 23:40:00";100;;;;;;;;;;;;"Malveillance";;;;;""
2015;9732;"66";"66014";"Baixas";"2015-09-22 06:35:00";100;;100;;;;;;;;;"1";"Malveillance";;;;;""
2015;1028;"58";"58126";"Gimouille";"2015-09-22 10:00:00";25500;0;;25500;;;25500;0;0;0;"Mesurées";;;;;;;"Données partielles ou non valides"
2015;10033;"2A";"2A200";"Palneca";"2015-09-22 11:02:00";20;;20;;;;;;;;;;;;;;;""
2015;9674;"13";"13033";"Ensuès-la-Redonne";"2015-09-22 12:18:00";170;170;;;;;;;;;;;"Involontaire (travaux)";;;;;""
2015;9576;"2A";"2A031";"Bastelica";"2015-09-22 12:30:00";3000;;3000;;;;;;;;;;;;;;;""
2015;10194;"26";"26001";"Aix-en-Diois";"2015-09-22 13:48:00";8000;;;;;;;;;;;;;;;;;""
2015;9577;"2A";"2A200";"Palneca";"2015-09-22 16:00:00";200;;200;;;;;;;;;"1";;;;;;""
2015;9733;"66";"66172";"Saint-Estève";"2015-09-22 17:07:00";500;500;;;;;;;;;;"4";"Malveillance";;;;;""
2015;9672;"13";"13033";"Ensuès-la-Redonne";"2015-09-23 03:07:00";11900;11900;;;;;;;;;;;"Malveillance";;;;;""
2015;9559;"2B";"2B332";"Urtaca";"2015-09-23 11:30:00";1700;;;;;;;;;;;;"Involontaire (particulier)";;;;;""
2015;9560;"2B";"2B281";"Sisco";"2015-09-23 11:40:00";100;;;;;;;;;;;;;;;;;""
2015;9628;"11";"11185";"Lagrasse";"2015-09-23 14:02:00";716;;;;;;;;;;;;"Involontaire (particulier)";;;;;""
2015;9570;"83";"83139";"Tourtour";"2015-09-23 15:43:00";1600;1600;;;;;;;;;;"5";"Involontaire (particulier)";;;;;""
2015;9564;"2B";"2B185";"Oletta";"2015-09-23 16:40:00";30000;;;;;;;;;;;"1";;;;;;""
2015;9629;"11";"11144";"Fitou";"2015-09-23 17:08:00";2000;;;;;;;;;;;;"Involontaire (particulier)";;;;;""
2015;9571;"83";"83009";"Bandol";"2015-09-23 17:09:00";10000;10000;;;;;;;;;;"5";"Malveillance";;;;;""
2015;9565;"2B";"2B346";"Vescovato";"2015-09-23 17:20:00";3000;;;;;;;;;;;;;;;;;""
2015;9630;"11";"11021";"Axat";"2015-09-23 19:20:00";1281;;;;;;;;;;;;"Involontaire (travaux)";;;;;""
2015;9673;"13";"13026";"Châteauneuf-les-Martigues";"2015-09-24 00:01:00";700;700;;;;;;;;;;;"Malveillance";;;;;""
2015;9584;"83";"83139";"Tourtour";"2015-09-24 07:54:00";2;2;;;;;;;;;;"5";"Involontaire (travaux)";;;;;""
2015;9603;"2A";"2A048";"Calcatoggio";"2015-09-24 15:31:00";40000;;40000;;;;;;;;;"1";"Malveillance";;;;;""
2015;9583;"2A";"2A200";"Palneca";"2015-09-24 15:36:00";100;;100;;;;;;;;;;;;;;;""
2015;9585;"83";"83081";"Montauroux";"2015-09-24 16:02:00";5;5;;;;;;;;;;"5";"Involontaire (particulier)";;;;;""
2015;10291;"11";"11202";"Leucate";"2015-09-25 10:54:00";5;;;;;;;;;;;;"Involontaire (particulier)";;;;;""
2015;9675;"13";"13007";"Auriol";"2015-09-25 13:38:00";400;400;;;;;;;;;;;"Involontaire (particulier)";;;;;""
2015;9631;"11";"11018";"Arzens";"2015-09-25 16:19:00";52900;;;;;;;;;;;;"Malveillance";;;;;""
2015;10243;"2A";"2A240";"Poggiolo";"2015-09-26 11:24:00";5;;5;;;;;;;;;;;;;;;""
2015;9632;"11";"11435";"Villerouge-Termenès";"2015-09-26 12:10:00";30891;;;;;;;;;;;;"Accidentelle";;;;;""
2015;1093;"15";"15260";"Vieillevie";"2015-09-26 16:12:00";5000;0;;5000;;;5000;0;0;0;"Estimées";;;;;;;""
2015;9747;"66";"66048";"Cerbère";"2015-09-26 16:35:00";500;100;400;;;;;;;;;"2";"Accidentelle";;;;;""
2015;9586;"2B";"2B096";"Corte";"2015-09-26 16:35:00";115000;0;115000;;;;;;;0;;"1";"Malveillance";;;;;""
2015;9587;"2B";"2B147";"Lozzi";"2015-09-26 17:12:00";2000;;;;;;;;;;;;;;;;;""
2015;9676;"13";"13001";"Aix-en-Provence";"2015-09-26 22:36:00";150;150;;;;;;;;;;;;;;;;""
2015;9588;"2B";"2B042";"Borgo";"2015-09-27 10:50:00";10;;;;;;;;;;;;;;;;;""
2015;9590;"2B";"2B309";"Santa-Maria-di-Lota";"2015-09-27 11:43:00";400;;;;;;;;;;;;;;;;;""
2015;10244;"2A";"2A189";"Olmeto";"2015-09-28 02:41:00";20;;20;;;;;;;;;;;;;;;""
2015;9680;"2B";"2B289";"Soveria";"2015-09-28 12:56:00";300;;;;;;;;;;;;;;;;;""
2015;9681;"2B";"2B277";"Serra-di-Fiumorbo";"2015-09-28 14:04:00";1000;1000;0;;;;;;;0;;"2";;;;;;""
2015;9655;"07";"07292";"Saint-Romain-d'Ay";"2015-09-28 14:39:00";5000;5000;;;;;;;;;;"5";"Involontaire (particulier)";;;;;""
2015;10358;"2B";"2B143";"Linguizzetta";"2015-09-29 04:57:00";272;100;172;;;;;;;0;;"1";"Malveillance";;;;;""
2015;9683;"2B";"2B143";"Linguizzetta";"2015-09-29 04:57:00";50;50;0;;;;;;;0;;"1";"Malveillance";;;;;""
2015;10359;"2B";"2B143";"Linguizzetta";"2015-09-29 04:57:00";25;25;0;;;;;;;0;;"1";"Malveillance";;;;;""
2015;2482;"40";"40197";"Morcenx";"2015-09-30 14:49:00";1000;1000;;0;;;0;;;0;;;;;;;;""
2015;9691;"2B";"2B148";"Lucciana";"2015-09-30 15:49:00";10000;;;;;;;;;;;;;;;;;""
2015;9693;"83";"83018";"Besse-sur-Issole";"2015-09-30 17:04:00";415;415;;;;;;;;;;"5";"Malveillance";;;;;""
2015;2720;"41";"41054";"Choussy";"2015-10-01 07:36:00";30000;0;;30000;;;30000;0;0;0;"Estimées";;;;;;;""
2015;1077;"43";"43038";"Bournoncle-Saint-Pierre";"2015-10-01 21:46:00";300;0;;300;;;300;0;0;0;"Estimées";;;;;;;""
2015;1689;"33";"33528";"Le Temple";"2015-10-02 09:32:00";300;300;;0;;;0;;;0;;;"Accidentelle";;;;;""
2015;1685;"33";"33337";"Preignac";"2015-10-02 13:48:00";200;200;;0;;;0;;;0;;;"Involontaire (particulier)";;;;;""
2015;1683;"33";"33436";"Saint-Magne";"2015-10-02 17:52:00";500;500;;0;;;0;;;0;;;"Involontaire (travaux)";;;;;""
2015;9769;"04";"04112";"Manosque";"2015-10-05 14:55:00";6400;;800;;;;;;;5600;;"1";"Involontaire (particulier)";;;;;""
2015;9758;"83";"83043";"Collobrières";"2015-10-06 12:05:00";2;2;;;;;;;;;;"3";"Involontaire (travaux)";;;;;""
2015;10292;"11";"11386";"Talairan";"2015-10-06 15:26:00";1000;;;;;;;;;;;;;;;;;""
2015;9958;"34";"34189";"Olonzac";"2015-10-06 18:39:00";120;;120;;;;;;;;;"1";"Malveillance";;;;;""
2015;9960;"34";"34189";"Olonzac";"2015-10-06 18:39:00";260;260;;;;;;;;;;"4";"Malveillance";;;;;""
2015;9762;"2B";"2B007";"Albertacce";"2015-10-07 16:24:00";1500;;;;;;;;;;;;;;;;;""
2015;10235;"2A";"2A279";"Serriera";"2015-10-07 22:48:00";100;;100;;;;;;;;;;;;;;;""
2015;12003;"2A";"2A247";"Porto-Vecchio";"2015-10-08 11:09:00";150;;150;;;;;;;;;;;;;;;""
2015;9767;"2B";"2B281";"Sisco";"2015-10-08 12:43:00";3000;;;;;;;;;;;;;;;;;""
2015;10293;"11";"11377";"Serres";"2015-10-09 13:35:00";20;;;;;;;;;;;;"Involontaire (particulier)";;;;;""
2015;10294;"11";"11351";"Saint-Laurent-de-la-Cabrerisse";"2015-10-09 15:36:00";10662;;;;;;;;;;;;"Involontaire (travaux)";;;;;""
2015;10032;"2A";"2A024";"Aullène";"2015-10-09 19:12:00";3000;;3000;;;;;;;;;;;;;;;""
2015;10036;"2A";"2A323";"Tavaco";"2015-10-10 11:40:00";5000;;5000;;;;;;;;;;;;;;;""
2015;10035;"2A";"2A027";"Azzana";"2015-10-11 15:20:00";2000;;2000;;;;;;;;;"4";"Involontaire (particulier)";;;;;""
2015;10059;"2A";"2A056";"Campo";"2015-10-11 16:41:00";200;;200;;;;;;;;;;;;;;;""
2015;10034;"2A";"2A276";"Serra-di-Ferro";"2015-10-12 11:17:00";50;;50;;;;;;;;;;;;;;;""
2015;12004;"2A";"2A269";"Sari-Solenzara";"2015-10-12 14:23:00";60;;60;;;;;;;;;;;;;;;""
2015;10295;"11";"11357";"Saint-Martin-le-Vieil";"2015-10-12 15:21:00";200;;;;;;;;;;;;"Involontaire (particulier)";;;;;""
2015;2530;"47";"47164";"Mazières-Naresse";"2015-10-12 16:48:00";50;50;;0;;;0;;;0;;;;;;;;""
2015;10065;"2A";"2A160";"Moca-Croce";"2015-10-12 21:05:00";10;;10;;;;;;;;;;;;;;;""
2015;10234;"2A";"2A024";"Aullène";"2015-10-12 23:51:00";10;10;;;;;;;;;;;;;;;;""
2015;10061;"2A";"2A071";"Casalabriva";"2015-10-13 16:44:00";600;;600;;;;;;;;;;;;;;;""
2015;10296;"11";"11145";"Fleury";"2015-10-13 18:35:00";6000;;;;;;;;;;;;"Involontaire (travaux)";;;;;""
2015;10298;"11";"11041";"Bize-Minervois";"2015-10-14 13:10:00";1000;;;;;;;;;;;;;;;;;""
2015;10494;"11";"11144";"Fitou";"2015-10-14 16:39:00";100;;;;;;;;;;;;"Involontaire (particulier)";;;;;""
2015;10000;"66";"66069";"Espira-de-l'Agly";"2015-10-15 16:37:00";15000;;15000;;;;;;;;;"1";"Malveillance";;;;;""
2015;10299;"11";"11067";"Canet";"2015-10-15 16:37:00";28158;;;;;;;;;;;;"Involontaire (travaux)";;;;;""
2015;10300;"11";"11069";"Carcassonne";"2015-10-16 10:29:00";3000;;;;;;;;;;;;"Involontaire (particulier)";;;;;""
2015;10301;"11";"11322";"Roquefort-des-Corbières";"2015-10-16 11:32:00";500;;;;;;;;;;;;"Involontaire (travaux)";;;;;""
2015;1678;"33";"33321";"Peujard";"2015-10-16 11:57:00";5;5;;0;;;0;;;0;;;"Accidentelle";;;;;""
2015;10302;"11";"11379";"Sigean";"2015-10-16 14:08:00";5000;;;;;;;;;;;;"Involontaire (travaux)";;;;;""
2015;10303;"11";"11285";"Peyriac-de-Mer";"2015-10-16 14:52:00";55873;;;;;;;;;55873;;;"Accidentelle";;;;;""
2015;10304;"11";"11241";"Montbrun-des-Corbières";"2015-10-16 15:08:00";47254;;;;;;;;;;;;"Involontaire (travaux)";;;;;""
2015;10305;"11";"11241";"Montbrun-des-Corbières";"2015-10-16 15:08:00";23221;;;;;;;;;;;;"Involontaire (travaux)";;;;;""
2015;10306;"11";"11276";"Paziols";"2015-10-16 15:43:00";50802;50802;;;;;;;;;;;"Involontaire (travaux)";;;;;""
2015;10307;"11";"11360";"Saint-Nazaire-d'Aude";"2015-10-16 17:02:00";28981;;;;;;;;;;;;"Involontaire (travaux)";;;;;""
2015;10013;"2B";"2B159";"Meria";"2015-10-17 10:32:00";20;;;;;;;;;;;;;;;;;""
2015;1676;"33";"33233";"Laruscade";"2015-10-17 11:08:00";130000;130000;;0;;;0;;;0;;;;;;;;""
2015;10026;"34";"34170";"Montouliers";"2015-10-17 12:12:00";300;300;;;;;;;;;;"1";"Involontaire (travaux)";;;;;""
2015;10309;"11";"11251";"Montlaur";"2015-10-17 14:30:00";14550;;;;;;;;;;;;"Involontaire (travaux)";;;;;""
2015;1674;"33";"33012";"Arsac";"2015-10-17 14:46:00";25000;25000;;0;;;0;;;0;;;;;;;;""
2015;10261;"13";"13037";"La Fare-les-Oliviers";"2015-10-17 15:43:00";1000;;1000;;;;;;;;;;;;;;;""
2015;10262;"13";"13105";"Sénas";"2015-10-17 15:43:00";300;300;;;;;;;;;;;;;;;;""
2015;10310;"11";"11012";"Argeliers";"2015-10-17 16:16:00";15575;;;;;;;;;;;;"Involontaire (travaux)";;;;;""
2015;10311;"11";"11092";"Citou";"2015-10-17 19:24:00";1;;;;;;;;;;;;"Accidentelle";;;;;""
2015;2480;"40";"40266";"Saint-Julien-en-Born";"2015-10-19 17:27:00";20;20;;0;;;0;;;0;;;;;;;;""
2015;1112;"17";"17225";"Les Mathes";"2015-10-19 21:01:00";200;200;;0;;;0;0;0;0;"Estimées";;;;;;;""
2015;10312;"11";"11262";"Narbonne";"2015-10-20 13:29:00";2198;;;;;;;;;;;;"Involontaire (particulier)";;;;;""
2015;10052;"34";"34183";"Nissan-lez-Enserune";"2015-10-20 16:38:00";17400;;10000;;;;;;;7400;;"1";"Involontaire (travaux)";;;;;""
2015;2479;"40";"40310";"Soustons";"2015-10-20 19:01:00";500;500;;0;;;0;;;0;;;"Involontaire (particulier)";;;;;""
2015;10176;"66";"66136";"Perpignan";"2015-10-20 20:54:00";2000;2000;;;;;;;;;;"4";;;;;;""
2015;10046;"07";"07109";"Joannas";"2015-10-20 22:37:00";3000;3000;;;;;;;;;;"3";"Involontaire (particulier)";;;;;""
2015;10189;"66";"66136";"Perpignan";"2015-10-21 06:00:00";400;400;;;;;;;;;;"4";;;;;;""
2015;10193;"66";"66136";"Perpignan";"2015-10-21 13:13:00";200;200;;;;;;;;;;"4";;;;;;""
2015;10048;"2B";"2B043";"Brando";"2015-10-21 16:08:00";43787;13787;30000;;;;;;;0;;"1";;;;;;""
2015;10251;"2A";"2A228";"Pietrosella";"2015-10-21 18:55:00";200;;200;;;;;;;;;;;;;;;""
2015;10072;"2B";"2B238";"Poggio-di-Venaco";"2015-10-22 17:12:00";100;;;;;;;;;;;;;;;;;""
2015;10245;"2A";"2A212";"Piana";"2015-10-22 18:44:00";500;;500;;;;;;;;;;;;;;;""
2015;10246;"2A";"2A114";"Figari";"2015-10-23 00:01:00";10;;10;;;;;;;;;;;;;;;""
2015;10255;"2A";"2A062";"Carbuccia";"2015-10-23 10:17:00";300;300;;;;;;;;;;"2";"Accidentelle";;;;;""
2015;10313;"11";"11341";"Saint-Ferriol";"2015-10-23 10:55:00";50;;;;;;;;;;;;;;;;;""
2015;10495;"11";"11106";"Coursan";"2015-10-23 12:30:00";8400;;;;;;;;;;;;"Involontaire (travaux)";;;;;""
2015;10258;"2A";"2A198";"Ota";"2015-10-23 14:02:00";20000;;20000;;;;;;;;;;;;;;;""
2015;10074;"2B";"2B058";"Canari";"2015-10-23 14:16:00";400;;;;;;;;;;;;;;;;;""
2015;10233;"66";"66120";"Nahuja";"2015-10-23 15:23:00";1000;1000;;;;;;;;;;"3";"Involontaire (travaux)";;;;;""
2015;10067;"83";"83094";"Le Plan-de-la-Tour";"2015-10-23 16:14:00";100;100;;;;;;;;;;"1";"Malveillance";;;;;""
2015;10077;"2B";"2B055";"Campitello";"2015-10-23 16:35:00";2400;;;;;;;;;;;;;;;;;""
2015;12005;"2A";"2A131";"Guagno";"2015-10-24 11:36:00";400;;400;;;;;;;;;;;;;;;""
2015;10288;"66";"66041";"Cases-de-Pène";"2015-10-24 12:02:00";5;;5;;;;;;;;;"1";;;;;;""
2015;10080;"2B";"2B029";"Barbaggio";"2015-10-24 13:49:00";5000;;;;;;;;;;;;;;;;;""
2015;10497;"11";"11264";"Névian";"2015-10-24 13:54:00";7284;;;;;;;;;;;;"Involontaire (travaux)";;;;;""
2015;10498;"11";"11190";"La Redorte";"2015-10-24 14:19:00";500;;;;;;;;;;;;"Involontaire (travaux)";;;;;""
2015;10249;"2A";"2A090";"Coggia";"2015-10-24 15:12:00";100;;100;;;;;;;;;;;;;;;""
2015;10259;"2A";"2A200";"Palneca";"2015-10-24 15:59:00";50000;50000;;;;;;;;;;;;;;;;""
2015;10082;"2B";"2B030";"Barrettali";"2015-10-24 18:07:00";2;;;;;;;;;;;;;;;;;""
2015;10083;"2B";"2B298";"Saint-Florent";"2015-10-24 18:54:00";2;0;2;;;;;;;0;;"1";"Involontaire (particulier)";;;;;""
2015;1673;"33";"33322";"Le Pian-Médoc";"2015-10-24 21:41:00";200;200;;0;;;0;;;0;;;;;;;;""
2015;10084;"2B";"2B177";"Noceta";"2015-10-25 10:53:00";30;30;0;;;;;;;0;;"2";;;;;;""
2015;10085;"2B";"2B354";"Vivario";"2015-10-25 13:42:00";5000;0;5000;;;;;;;0;;"1";;;;;;""
2015;10314;"11";"11240";"Montazels";"2015-10-25 16:53:00";100;;;;;;;;;;;;"Involontaire (particulier)";;;;;""
2015;2478;"40";"40244";"Rivière-Saas-et-Gourby";"2015-10-25 16:54:00";100;100;;0;;;0;;;0;;;;;;;;""
2015;2477;"40";"40244";"Rivière-Saas-et-Gourby";"2015-10-25 17:31:00";100;100;;0;;;0;;;0;;;;;;;;""
2015;12006;"2A";"2A019";"Arbori";"2015-10-25 17:34:00";5000;;5000;;;;;;;;;;;;;;;""
2015;1670;"33";"33322";"Le Pian-Médoc";"2015-10-25 21:41:00";200;200;;0;;;0;;;0;;;"Accidentelle";;;;;""
2015;10315;"11";"11145";"Fleury";"2015-10-26 10:40:00";150;;;;;;;;;;;;"Involontaire (travaux)";;;;;""
2015;10316;"11";"11223";"Mas-des-Cours";"2015-10-26 15:12:00";3600;;;;;;;;;;;;"Involontaire (particulier)";;;;;""
2015;10284;"34";"34157";"Mèze";"2015-10-26 16:49:00";80;;80;;;;;;;;;"1";"Malveillance";;;;;""
2015;10901;"2A";"2A362";"Zonza";"2015-10-26 18:01:00";100;;100;;;;;;;;;;;;;;;""
2015;12007;"2A";"2A004";"Ajaccio";"2015-10-27 13:38:00";1000;;1000;;;;;;;;;;;;;;;""
2015;10317;"11";"11223";"Mas-des-Cours";"2015-10-27 14:27:00";800;;;;;;;;;;;;"Involontaire (particulier)";;;;;""
2015;10902;"2A";"2A211";"Petreto-Bicchisano";"2015-10-27 15:57:00";3;3;;;;;;;;;;;;;;;;""
2015;10499;"11";"11358";"Saint-Martin-Lys";"2015-10-28 17:50:00";50;;;;;;;;;;;;"Involontaire (particulier)";;;;;""
2015;10500;"11";"11095";"Comigne";"2015-10-29 11:06:00";1000;;;;;;;;;;;;"Involontaire (travaux)";;;;;""
2015;10290;"66";"66014";"Baixas";"2015-10-29 15:45:00";50;;;;;;;;;;;"2";"Involontaire (particulier)";;;;;""
2015;10406;"34";"34178";"Murviel-lès-Béziers";"2015-10-30 13:46:00";300;300;;;;;;;;;;"4";"Involontaire (travaux)";;;;;""
2015;10278;"04";"04045";"Céreste";"2015-10-30 15:12:00";380;;380;;;;;;;;;"1";"Involontaire (particulier)";;;;;""
2015;2476;"40";"40246";"Sabres";"2015-10-31 07:16:00";100;100;;0;;;0;;;0;;;;;;;;""
2015;10501;"11";"11203";"Lézignan-Corbières";"2015-10-31 10:45:00";6000;;;;;;;;;;;;"Involontaire (particulier)";;;;;""
2015;10502;"11";"11206";"Limoux";"2015-10-31 15:37:00";500;;;;;;;;;;;;"Involontaire (particulier)";;;;;""
2015;1667;"33";"33018";"Aubie-et-Espessas";"2015-10-31 23:09:00";20;20;;0;;;0;;;0;;;"Accidentelle";;;;;""
2015;1666;"33";"33202";"Hostens";"2015-11-01 10:42:00";370;370;;0;;;0;;;0;;;"Accidentelle";;;;;""
2015;10267;"2B";"2B159";"Meria";"2015-11-01 11:48:00";15000;;;;;;;;;;;;;;;;;""
2015;10503;"11";"11145";"Fleury";"2015-11-01 17:05:00";5000;;;;;;;;;;;;"Involontaire (travaux)";;;;;""
2015;10274;"83";"83070";"Le Lavandou";"2015-11-02 10:19:00";3000;3000;;;;;;;;;;"2";"Involontaire (particulier)";;;;;""
2015;2758;"36";"36095";"Lignerolles";"2015-11-02 12:29:00";30000;30000;;0;;;0;0;0;0;"Estimées";;;;;;;""
2015;1665;"33";"33495";"Salignac";"2015-11-02 13:18:00";800;800;;0;;;0;;;0;;;;;;;;""
2015;10319;"2B";"2B136";"Lama";"2015-11-04 09:49:00";20;;;;;;;;;;;;;;;;;""
2015;10903;"2A";"2A215";"Pianottoli-Caldarello";"2015-11-05 17:09:00";200;;200;;;;;;;;;;;;;;;""
2015;10424;"34";"34178";"Murviel-lès-Béziers";"2015-11-07 09:20:00";20;20;;;;;;;;;;"4";"Involontaire (particulier)";;;;;""
2015;10323;"2B";"2B184";"Olcani";"2015-11-07 11:46:00";15000;;;;;;;;;;;;;;;;;""
2015;1158;"81";"81042";"Burlats";"2015-11-07 17:00:00";500;0;;500;;;500;0;0;0;"Estimées";;;;;;;""
2015;10365;"2B";"2B095";"Corscia";"2015-11-08 14:55:00";500;;;;;;;;;;;;;;;;;""
2015;1369;"38";"38073";"Chantelouve";"2015-11-08 16:20:00";2500;0;;2500;;;2500;0;0;0;"Estimées";;;;;;;""
2015;10366;"2B";"2B354";"Vivario";"2015-11-09 12:41:00";200;;;;;;;;;;;;;;;;;""
2015;1169;"73";"73212";"Randens";"2015-11-09 14:24:00";30000;5000;;0;;;0;25000;0;25000;"Estimées";;;;;;;""
2015;10453;"66";"66211";"Tordères";"2015-11-09 14:35:00";3000;3000;;;;;;;;;;"5";"Malveillance";;;;;""
2015;1182;"46";"46042";"Cahors";"2015-11-10 13:42:00";300;0;;300;;;300;0;0;0;"Estimées";;;;;;;""
2015;10504;"11";"11318";"Roquecourbe-Minervois";"2015-11-10 15:46:00";475;;;;;;;;;;;;"Involontaire (travaux)";;;;;""
2015;10904;"2A";"2A359";"Zicavo";"2015-11-11 13:57:00";800;;800;;;;;;;;;;;;;;;""
2015;10389;"07";"07199";"Rosières";"2015-11-11 17:39:00";30;30;;;;;;;;;;"5";"Involontaire (travaux)";;;;;""
2015;1427;"09";"09136";"Gourbit";"2015-11-12 08:40:00";1200000;800000;;0;;;0;400000;0;400000;"Estimées";;;;;;;""
2015;1178;"73";"73116";"Fontcouverte-la-Toussuire";"2015-11-12 11:25:00";35000;12300;;22700;;;22700;0;0;0;"Estimées";;;;;;;""
2015;10390;"07";"07262";"Saint-Laurent-les-Bains";"2015-11-12 15:51:00";10000;;10000;;;;;;;;;"1";"Involontaire (particulier)";;;;;""
2015;10433;"34";"34224";"Puissalicon";"2015-11-12 17:40:00";2000;;2000;;;;;;;;;"1";"Involontaire (travaux)";;;;;""
2015;1179;"73";"73317";"Villard-sur-Doron";"2015-11-13 12:23:00";2000;2000;;0;;;0;0;0;0;"Estimées";;;;;;;""
2015;10434;"34";"34225";"Puisserguier";"2015-11-13 15:35:00";2250;2250;;;;;;;;;;"6";"Malveillance";;;;;""
2015;1180;"73";"73303";"Ugine";"2015-11-14 12:34:00";400000;400000;;0;;;0;0;0;0;"Estimées";;;;;;;""
2015;10505;"11";"11296";"Pouzols-Minervois";"2015-11-14 14:21:00";7070;;;;;;;;;;;;"Malveillance";;;;;""
2015;10506;"11";"11269";"Ouveillan";"2015-11-14 15:05:00";9300;;;;;;;;;;;;"Accidentelle";;;;;""
2015;10480;"48";"48152";"Saint-Frézal-de-Ventalon";"2015-11-14 16:40:00";1000;;;;;;;;;;;"3";"Involontaire (travaux)";;;;;""
2015;1326;"74";"74167";"Marlens";"2015-11-14 17:00:00";500000;500000;;0;;;0;0;0;0;"Estimées";;;;;;;""
2015;10445;"34";"34039";"Bouzigues";"2015-11-14 22:52:00";870;;870;;;;;;;;;"1";"Malveillance";;;;;""
2015;10508;"11";"11262";"Narbonne";"2015-11-15 13:16:00";21776;;;;;;;;;;;;"Involontaire (travaux)";;;;;""
2015;10446;"34";"34162";"Montagnac";"2015-11-15 13:30:00";8000;8000;;;;;;;;;;"2";"Involontaire (travaux)";;;;;""
2015;10509;"11";"11351";"Saint-Laurent-de-la-Cabrerisse";"2015-11-15 13:42:00";3500;;;;;;;;;;;;;;;;;""
2015;10907;"2A";"2A031";"Bastelica";"2015-11-15 15:29:00";10000;;10000;;;;;;;;;;;;;;;""
2015;1392;"38";"38417";"Sainte-Marie-d'Alloix";"2015-11-15 15:49:00";150;0;;150;;;150;0;0;0;"Estimées";;;;;;;""
2015;1477;"31";"31017";"Arlos";"2015-11-16 07:30:00";340000;340000;;0;;;0;0;0;0;"Estimées";;;;;;;""
2015;10513;"34";"34092";"Cruzy";"2015-11-16 10:27:00";5000;;5000;;;;;;;;;"1";"Involontaire (particulier)";;;;;""
2015;10510;"11";"11203";"Lézignan-Corbières";"2015-11-16 18:30:00";25;;;;;;;;;;;;"Involontaire (particulier)";;;;;""
2015;2474;"40";"40287";"Sanguinet";"2015-11-17 11:44:00";1000;1000;;0;;;0;;;0;;;"Involontaire (travaux)";;;;;""
2015;10511;"11";"11315";"Rieux-Minervois";"2015-11-17 16:04:00";44509;;;;;;;;;;;;"Involontaire (travaux)";;;;;""
2015;10492;"07";"07025";"Barnas";"2015-11-18 10:23:00";15000;6000;9000;;;;;;;;;"1";"Involontaire (travaux)";;;;;""
2015;11218;"11";"11011";"Aragon";"2015-11-18 13:44:00";500;;;;;;;;;;;;"Involontaire (particulier)";;;;;""
2015;10537;"34";"34162";"Montagnac";"2015-11-18 14:23:00";1300;1300;;;;;;;;;;"4";"Involontaire (travaux)";;;;;""
2015;11219;"11";"11332";"Saint-André-de-Roquelongue";"2015-11-18 19:54:00";3500;;;;;;;;;;;;"Involontaire (travaux)";;;;;""
2015;1371;"38";"38431";"Saint-Nazaire-les-Eymes";"2015-11-18 23:38:00";400;0;;400;;;400;0;0;0;"Estimées";;;;;;;""
2015;1430;"09";"09030";"Auzat";"2015-11-19 15:00:00";520000;200000;;0;;;0;320000;0;320000;"Estimées";;;;;;;""
2015;11220;"11";"11203";"Lézignan-Corbières";"2015-11-19 15:05:00";80;;;;;;;;;;;;"Involontaire (particulier)";;;;;""
2015;11221;"11";"11124";"Durban-Corbières";"2015-11-20 08:53:00";2500;;;;;;;;;;;;"Involontaire (travaux)";;;;;""
2015;10908;"2A";"2A139";"Lecci";"2015-11-20 10:58:00";50;;50;;;;;;;;;;;;;;;""
2015;10530;"07";"07112";"Labastide-sur-Bésorgues";"2015-11-20 13:07:00";380000;20000;360000;;;;;;;;;"1";"Involontaire (particulier)";;;;;""
2015;10515;"2B";"2B309";"Santa-Maria-di-Lota";"2015-11-20 14:06:00";400;;;;;;;;;;;;;;;;;""
2015;11222;"11";"11098";"Conilhac-Corbières";"2015-11-20 15:58:00";3000;;;;;;;;;;;;"Involontaire (travaux)";;;;;""
2015;1461;"31";"31070";"Blajan";"2015-11-20 16:19:00";50000;0;;50000;;;50000;0;0;0;"Estimées";;;;;;;""
2015;10906;"2A";"2A146";"Loreto-di-Tallano";"2015-11-20 16:26:00";10000;;10000;;;;;;;;;;;;;;;""
2015;11223;"11";"11122";"Douzens";"2015-11-20 19:27:00";18291;;;;;;;;;;;;"Accidentelle";;;;;""
2015;10785;"30";"30080";"Chamborigaud";"2015-11-20 20:01:00";853;853;;;;;;;;;;"2";"Involontaire (particulier)";;;;;""
2015;10522;"2B";"2B046";"Cagnano";"2015-11-20 20:11:00";30;;;;;;;;;;;;;;;;;""
2015;10535;"07";"07322";"Thueyts";"2015-11-20 21:37:00";10005;10005;;;;;;;;;;"3";;;;;;""
2015;11224;"11";"11170";"Gruissan";"2015-11-21 03:03:00";13700;;;;;;;;;;;;"Involontaire (particulier)";;;;;""
2015;11225;"11";"11262";"Narbonne";"2015-11-21 12:14:00";30400;;;;;;;;;;;;"Involontaire (travaux)";;;;;""
2015;10559;"83";"83077";"Méounes-lès-Montrieux";"2015-11-21 17:59:00";50;50;;;;;;;;;;"4";"Involontaire (particulier)";;;;;""
2015;11227;"11";"11040";"Bizanet";"2015-11-21 21:24:00";3000;;;;;;;;;;;;"Involontaire (particulier)";;;;;""
2015;10687;"66";"66217";"Trouillas";"2015-11-24 15:04:00";800;600;200;;;;;;;;;"2";;;;;;""
2015;11228;"11";"11145";"Fleury";"2015-11-24 16:22:00";6000;;;;;;;;;;;;"Malveillance";;;;;""
2015;10688;"66";"66041";"Cases-de-Pène";"2015-11-24 16:44:00";500;500;;;;;;;;;;"4";"Malveillance";;;;;""
2015;11229;"11";"11256";"Montséret";"2015-11-25 13:59:00";2000;;;;;;;;;;;;"Malveillance";;;;;""
2015;10835;"34";"34225";"Puisserguier";"2015-11-27 18:27:00";34000;10000;14000;;;;;;;10000;;"1";"Involontaire (travaux)";;;;;""
2015;10780;"04";"04109";"Mallefougasse-Augès";"2015-11-28 10:35:00";15900;15900;;;;;;;;;;"2";"Involontaire (particulier)";;;;;""
2015;10759;"06";"06074";"Lantosque";"2015-11-28 11:22:00";500;;500;;;;;;;;;"1";"Malveillance";;;;;""
2015;10844;"34";"34144";"Lunas";"2015-11-28 17:11:00";140;140;;;;;;;;;;"3";"Involontaire (travaux)";;;;;""
2015;11230;"11";"11269";"Ouveillan";"2015-11-28 18:09:00";12000;;;;;;;;;;;;"Involontaire (travaux)";;;;;""
2015;10754;"06";"06086";"Moulinet";"2015-11-28 18:50:00";80;;80;;;;;;;;;"1";"Malveillance";;;;;""
2015;10763;"06";"06098";"Puget-Rostang";"2015-11-29 14:22:00";5000;;5000;;;;;;;;;"1";"Malveillance";;;;;""
2015;11231;"11";"11203";"Lézignan-Corbières";"2015-11-29 14:27:00";25;;;;;;;;;;;;"Involontaire (particulier)";;;;;""
2015;11232;"11";"11001";"Aigues-Vives";"2015-11-29 14:29:00";1500;;;;;;;;;;;;"Involontaire (travaux)";;;;;""
2015;10952;"2B";"2B199";"Palasca";"2015-11-29 17:32:00";100;;;;;;;;;;;;;;;;;""
2015;10857;"34";"34045";"Cabrières";"2015-11-29 18:22:00";530;530;;;;;;;;;;"3";"Involontaire (travaux)";;;;;""
2015;10702;"83";"83043";"Collobrières";"2015-11-29 18:28:00";30;30;;;;;;;;;;"3";"Involontaire (particulier)";;;;;""
2015;11233;"11";"11436";"Villesèque-des-Corbières";"2015-11-30 11:13:00";6000;;;;;;;;;;;;"Involontaire (particulier)";;;;;""
2015;10786;"30";"30079";"Chambon";"2015-11-30 11:50:00";1702;1702;;;;;;;;;;"4";"Involontaire (particulier)";;;;;""
2015;11234;"11";"11048";"Boutenac";"2015-11-30 14:27:00";2500;;;;;;;;;;;;"Involontaire (particulier)";;;;;""
2015;10709;"83";"83135";"Tavernes";"2015-11-30 15:08:00";800;800;;;;;;;;;;"2";"Involontaire (particulier)";;;;;""
2015;11453;"06";"06074";"Lantosque";"2015-12-01 07:26:00";32500;32500;;;;;;;;;;"4";"Malveillance";;;;;""
2015;10775;"83";"83050";"Draguignan";"2015-12-01 13:08:00";150;;150;;;;;;;;;"1";"Involontaire (particulier)";;;;;""
2015;11235;"11";"11258";"Moussan";"2015-12-02 16:19:00";10000;;;;;;;;;;;;"Involontaire (travaux)";;;;;""
2015;11236;"11";"11203";"Lézignan-Corbières";"2015-12-02 19:04:00";30;;;;;;;;;;;;"Involontaire (particulier)";;;;;""
2015;11456;"06";"06074";"Lantosque";"2015-12-03 15:48:00";10000;10000;;;;;;;;;;"4";"Malveillance";;;;;""
2015;10893;"66";"66121";"Néfiach";"2015-12-03 17:58:00";500;;500;;;;;;;;;"1";"Involontaire (travaux)";;;;;""
2015;10877;"07";"07148";"Malbosc";"2015-12-04 14:05:00";40000;40000;;;;;;;;;;"4";"Involontaire (travaux)";;;;;""
2015;11238;"11";"11069";"Carcassonne";"2015-12-04 15:12:00";1500;;;;;;;;;;;;"Accidentelle";;;;;""
2015;11239;"11";"11069";"Carcassonne";"2015-12-05 08:08:00";100;;;;;;;;;;;;"Involontaire (particulier)";;;;;""
2015;1659;"33";"33314";"Pauillac";"2015-12-06 11:01:00";6;6;;0;;;0;;;0;;;"Involontaire (particulier)";;;;;""
2015;10899;"66";"66106";"Maureillas-las-Illas";"2015-12-06 15:12:00";500;500;;;;;;;;;;"4";"Involontaire (particulier)";;;;;""
2015;11981;"11";"11262";"Narbonne";"2015-12-09 06:22:00";4;;;;;;;;;;;;"Accidentelle";;;;;""
2015;11856;"66";"66148";"Port-Vendres";"2015-12-09 13:18:00";300;;300;;;;;;;;;"4";"Involontaire (travaux)";;;;;""
2015;1314;"81";"81313";"Le Verdier";"2015-12-11 17:56:00";20;0;;20;;;20;0;0;0;"Estimées";;;;;;;""
2015;11465;"06";"06096";"Pierlas";"2015-12-12 14:01:00";7000;;7000;;;;;;;;;"1";"Malveillance";;;;;""
2015;11471;"06";"06072";"Ilonse";"2015-12-12 15:25:00";23800;23800;;;;;;;;;;"4";"Malveillance";;;;;""
2015;2473;"40";"40053";"Bourriot-Bergonce";"2015-12-13 00:02:00";200;200;;0;;;0;;;0;;;;;;;;""
2015;11860;"66";"66070";"Espira-de-Conflent";"2015-12-13 18:09:00";60;60;;;;;;;;;;"4";"Malveillance";;;;;""
2015;11861;"66";"66202";"Targassonne";"2015-12-14 16:21:00";100;100;;;;;;;;;;"2";"Malveillance";;;;;""
2015;1317;"46";"46255";"Saint-Cirgues";"2015-12-15 12:26:00";500;0;;500;;;500;0;0;0;"Estimées";;;;;;;""
2015;11690;"06";"06127";"Saint-Martin-Vésubie";"2015-12-15 22:20:00";11200;900;10300;;;;;;;;;"4";"Involontaire (particulier)";;;;;""
2015;11868;"66";"66151";"Prats-de-Sournia";"2015-12-18 18:03:00";200;200;;;;;;;;;;"6";"Involontaire (travaux)";;;;;""
2015;1656;"33";"33529";"La Teste-de-Buch";"2015-12-19 13:43:00";20000;20000;;0;;;0;;;0;;;;;;;;""
2015;11829;"04";"04061";"Colmars";"2015-12-19 14:55:00";500;500;;;;;;;;;;"2";"Involontaire (particulier)";;;;;""
2015;1478;"31";"31085";"Boutx";"2015-12-19 19:32:00";50000;50000;;0;;;0;0;0;0;"Estimées";;;;;;;""
2015;11692;"06";"06103";"Roquebillière";"2015-12-20 12:03:00";49400;49400;;;;;;;;;;"4";"Malveillance";;;;;""
2015;1440;"09";"09325";"Vaychis";"2015-12-22 16:05:00";3500000;300000;;0;;;0;3200000;0;3200000;"Estimées";;;;;;;""
2015;11842;"06";"06074";"Lantosque";"2015-12-24 13:30:00";8000;;8000;;;;;;;;;"1";"Malveillance";;;;;""
2015;11841;"06";"06074";"Lantosque";"2015-12-24 13:30:00";2000;;2000;;;;;;;;;"1";"Malveillance";;;;;""
2015;11843;"06";"06074";"Lantosque";"2015-12-24 13:30:00";400;;400;;;;;;;;;"1";"Malveillance";;;;;""
2015;11844;"06";"06074";"Lantosque";"2015-12-24 13:30:00";400;;400;;;;;;;;;"1";"Malveillance";;;;;""
2015;11877;"66";"66036";"Canaveilles";"2015-12-25 00:15:00";150;100;50;;;;;;;;;"4";"Malveillance";;;;;""
2015;11878;"66";"66066";"Enveitg";"2015-12-26 10:51:00";50;50;;;;;;;;;;"4";"Involontaire (travaux)";;;;;""
2015;1651;"33";"33017";"Aubiac";"2015-12-26 12:47:00";2000;2000;;0;;;0;;;0;;;"Accidentelle";;;;;""
2015;1387;"12";"12224";"Saint-Geniez-d'Olt";"2015-12-26 15:17:00";450;0;;450;;;450;0;0;0;"Estimées";;;;;;;""
2015;11988;"2A";"2A019";"Arbori";"2015-12-27 09:52:00";10005;;10005;;;;;;;;;;;;;;;""
2015;11845;"06";"06074";"Lantosque";"2015-12-27 10:55:00";5000;;5000;;;;;;;;;"1";"Malveillance";;;;;""
2015;11879;"66";"66066";"Enveitg";"2015-12-27 13:05:00";20;20;;;;;;;;;;"4";"Involontaire (travaux)";;;;;""
2015;1391;"38";"38492";"Sinard";"2015-12-27 14:54:00";2000;0;;2000;;;2000;0;0;0;"Estimées";;;;;;;""
2015;11982;"11";"11071";"Cascastel-des-Corbières";"2015-12-27 15:35:00";100;;;;;;;;;;;;"Involontaire (particulier)";;;;;""
2015;1456;"09";"09136";"Gourbit";"2015-12-28 07:55:00";3500000;500000;;0;;;0;3000000;0;3000000;"Estimées";;;;;;;""
2015;1455;"09";"09008";"Alos";"2015-12-28 10:35:00";500000;500000;;0;;;0;0;0;0;"Estimées";;;;;;;""
2015;11983;"11";"11332";"Saint-André-de-Roquelongue";"2015-12-28 10:47:00";3000;;;;;;;;;;;;"Involontaire (travaux)";;;;;""
2015;11888;"06";"06103";"Roquebillière";"2015-12-28 14:14:00";5000;;5000;;;;;;;;;"1";"Malveillance";;;;;""
2015;1425;"31";"31142";"Cier-de-Luchon";"2015-12-28 15:04:00";30000;0;;30000;;;30000;0;0;0;"Estimées";;;;;;;""
2015;11984;"11";"11203";"Lézignan-Corbières";"2015-12-28 20:03:00";3;;;;;;;;;;;;"Malveillance";;;;;""
2015;11985;"11";"11220";"Marseillette";"2015-12-29 17:35:00";50;;;;;;;;;;;;"Involontaire (particulier)";;;;;""
2015;11889;"06";"06062";"Fontan";"2015-12-30 14:01:00";8000;;8000;;;;;;;;;"1";"Involontaire (particulier)";;;;;""
2015;11986;"11";"11012";"Argeliers";"2015-12-30 19:18:00";8141;;;;;;;;;;;;"Involontaire (travaux)";;;;;""
2015;11916;"66";"66178";"Saint-Jean-Pla-de-Corts";"2015-12-31 14:27:00";50;50;;;;;;;;;;"4";"Involontaire (particulier)";;;;;""
2016;4608;"66";"66225";"Villelongue-dels-Monts";"2016-01-01 15:37:00";10;10;;;;;;;;;;"3";"Involontaire (particulier)";;;;;""
2016;6821;"66";"66026";"Brouilla";"2016-01-02 11:56:00";10000;10000;0;;;;;;;;;"2";"Involontaire (travaux)";;;;;""
2016;12337;"66";"66106";"Maureillas-las-Illas";"2016-01-04 13:30:00";20;;20;;;;;;;;;"4";"Malveillance";;;;;""
2016;7868;"06";"06086";"Moulinet";"2016-01-07 18:36:00";800;;800;;;;;;;;;"1";"Involontaire (particulier)";;;;;""
2016;5715;"66";"66008";"Argelès-sur-Mer";"2016-01-08 14:41:00";10;10;;;;;;;;;;"4";"Malveillance";;;;;""
2016;6933;"83";"83133";"Tanneron";"2016-01-10 12:00:00";20;20;;;;;;;;;;"3";"Involontaire (travaux)";;;;;""
2016;7627;"2A";"2A092";"Conca";"2016-01-11 15:28:00";20;;20;;;;;;;0;;;;;;;;""
2016;7549;"2A";"2A362";"Zonza";"2016-01-11 19:06:00";500;;500;;;;;;;0;;;;;;;;""
2016;10894;"2B";"2B299";"San-Gavino-d'Ampugnani";"2016-01-11 20:03:00";300000;;300000;;;;;;;;;"1";"Involontaire (travaux)";;;;;""
2016;8364;"2B";"2B355";"Volpajola";"2016-01-11 22:37:00";3000;;3000;;;;;;;;;"1";;;;;;""
2016;7593;"83";"83056";"Figanières";"2016-01-12 13:22:00";500;500;;;;;;;;;;"5";"Involontaire (particulier)";;;;;""
2016;11005;"2B";"2B302";"San-Giovanni-di-Moriani";"2016-01-12 14:45:00";154355;126655;27700;;;;;;;0;;"2";;;;;;""
2016;8387;"11";"11386";"Talairan";"2016-01-12 16:15:00";2164;;;;;;;;;;;;"Malveillance";;;;;""
2016;11116;"2B";"2B194";"Ortale";"2016-01-12 18:43:00";10000;;10000;;;;;;;;;"1";;;;;;""
2016;9133;"2B";"2B097";"Costa";"2016-01-13 10:46:00";300;;300;;;;;;;;;"1";"Involontaire (travaux)";;;;;""
2016;9244;"2B";"2B352";"Ville-di-Paraso";"2016-01-13 10:46:00";1000;0;1000;;;;;;;0;;"1";"Involontaire (particulier)";;;;;""
2016;11228;"2B";"2B145";"Loreto-di-Casinca";"2016-01-13 13:40:00";10000;;10000;;;;;;;;;"1";;;;;;""
2016;9465;"2B";"2B217";"Piazzole";"2016-01-13 14:00:00";2000;;2000;;;;;;;;;"1";;;;;;""
2016;7679;"2A";"2A139";"Lecci";"2016-01-13 17:43:00";100;;100;;;;;;;0;;;;;;;;""
2016;7690;"2A";"2A247";"Porto-Vecchio";"2016-01-14 14:03:00";50;;50;;;;;;;0;;;;;;;;""
2016;12338;"2B";"2B161";"Moïta";"2016-01-14 16:01:00";10000;;10000;;;;;;;;;"2";;;;;;""
2016;8409;"11";"11262";"Narbonne";"2016-01-14 22:45:00";300;;;;;;;;;;;;"Malveillance";;;;;""
2016;8398;"11";"11262";"Narbonne";"2016-01-14 22:45:00";250;;;;;;;;;;;;"Malveillance";;;;;""
2016;4698;"2B";"2B225";"Pietra-di-Verde";"2016-01-15 12:54:00";40000;;40000;;;;;;;;;"1";"Malveillance";;;;;""
2016;12813;"2B";"2B148";"Lucciana";"2016-01-15 14:21:00";10000;;10000;;;;;;;;;"1";;;;;;""
2016;8420;"11";"11262";"Narbonne";"2016-01-15 22:43:00";324079;;324079;;;;;;;;;;"Malveillance";;;;;""
2016;5395;"66";"66084";"Fourques";"2016-01-16 18:32:00";4000;;4000;;;;;;;;;"1";"Malveillance";;;;;""
2016;8430;"11";"11024";"Bages";"2016-01-16 21:56:00";500;;;;;;;;;;;;"Malveillance";;;;;""
2016;4886;"34";"34103";"Fontès";"2016-01-17 01:57:00";600;;600;;;;;;;;;"1";"Malveillance";;;;;""
2016;5417;"66";"66008";"Argelès-sur-Mer";"2016-01-17 11:43:00";2000;500;1500;;;;;;;;;"1";;;;;;""
2016;12735;"2B";"2B030";"Barrettali";"2016-01-17 11:48:00";500;;;;;;;;;;;"2";"Malveillance";;;;;""
2016;8441;"11";"11261";"Moux";"2016-01-17 12:00:00";1000;;;;;;;;;;;;"Involontaire (travaux)";;;;;""
2016;12835;"2B";"2B283";"Solaro";"2016-01-17 13:07:00";4000;;4000;;;;;;;;;"1";;;;;;""
2016;12857;"2B";"2B042";"Borgo";"2016-01-17 15:35:00";20000;;20000;;;;;;;;;"1";;;;;;""
2016;7702;"2A";"2A189";"Olmeto";"2016-01-17 17:01:00";50;;50;;;;;;;0;;"1";;;;;;""
2016;12769;"2B";"2B355";"Volpajola";"2016-01-17 18:11:00";3;;3;;;;;;;;;"1";;;;;;""
2016;4621;"2B";"2B277";"Serra-di-Fiumorbo";"2016-01-17 19:41:00";2000;;2000;;;;;;;;;"1";;;;;;""
2016;7648;"2A";"2A269";"Sari-Solenzara";"2016-01-18 15:29:00";1000;;1000;;;;;;;;;;;;;;;""
2016;4643;"2B";"2B246";"La Porta";"2016-01-18 17:16:00";1000;;1000;;;;;;;;;"1";;;;;;""
2016;8452;"11";"11209";"Luc-sur-Aude";"2016-01-20 17:35:00";20;;;;;;;;;;;;"Involontaire (travaux)";;;;;""
2016;7582;"2A";"2A139";"Lecci";"2016-01-20 18:25:00";10;;10;;;;;;;0;;;;;;;;""
2016;5517;"66";"66122";"Nohèdes";"2016-01-24 12:02:00";2000;;2000;;;;;;;;;"1";"Involontaire (travaux)";;;;;""
2016;1;"12";"12153";"Montjaux";"2016-01-24 14:55:00";6000;0;;6000;;;6000;0;0;0;"Estimées";;"Involontaire (particulier)";;;;;""
2016;8463;"11";"11145";"Fleury";"2016-01-24 19:11:00";200;;;;;;;;;;;;"Involontaire (travaux)";;;;;""
2016;362;"23";"23144";"La Nouaille";"2016-01-26 14:42:00";20000;0;;20000;;;20000;0;0;0;"Estimées";;"Malveillance";;;;;""
2016;5606;"66";"66192";"Sauto";"2016-01-26 15:16:00";10000;2000;8000;;;;;;;;;"5";;;;;;""
2016;5052;"83";"83061";"Fréjus";"2016-01-26 16:15:00";10;10;;;;;;;;;;"1";"Involontaire (travaux)";;;;;""
2016;7713;"2A";"2A090";"Coggia";"2016-01-26 18:00:00";200;;200;;;;;;;;;;;;;;;""
2016;2;"12";"12198";"Rieupeyroux";"2016-01-27 17:56:00";20;0;;20;;;20;0;0;0;"Estimées";;"Involontaire (particulier)";;;;;""
2016;7735;"2A";"2A254";"Quenza";"2016-01-28 15:19:00";60000;;60000;;;;;;;;;;;;;;;""
2016;5173;"2B";"2B328";"Tox";"2016-01-30 11:46:00";20;20;0;;;;;;;0;;"1";;;;;;""
2016;5306;"04";"04155";"Prads-Haute-Bléone";"2016-01-30 16:40:00";150;150;;;;;;;;;;"4";"Involontaire (particulier)";;;;;""
2016;5727;"66";"66092";"Lansac";"2016-02-01 01:08:00";5000;500;4500;;;;;;;;;"1";"Malveillance";;;;;""
2016;8475;"11";"11262";"Narbonne";"2016-02-01 01:36:00";500;;;;;;;;;;;;"Malveillance";;;;;""
2016;5317;"04";"04152";"Pierrevert";"2016-02-01 12:18:00";220;220;;;;;;;;;;"5";"Involontaire (particulier)";;;;;""
2016;6268;"34";"34241";"Saint-Bauzille-de-la-Sylve";"2016-02-01 15:30:00";2300;1000;1300;;;;;;;;;"1";"Involontaire (travaux)";;;;;""
2016;7594;"2A";"2A017";"Appietto";"2016-02-01 16:01:00";50;;50;;;;;;;;;"1";;;;;;""
2016;8486;"11";"11241";"Montbrun-des-Corbières";"2016-02-02 14:29:00";9624;;;;;;;;;;;;"Involontaire (travaux)";;;;;""
2016;6423;"34";"34056";"Castelnau-de-Guers";"2016-02-02 17:50:00";2400;2000;400;;;;;;;;;"4";"Involontaire (travaux)";;;;;""
2016;8496;"11";"11262";"Narbonne";"2016-02-03 00:45:00";2500;;;;;;;;;;;;"Malveillance";;;;;""
2016;6834;"34";"34101";"Florensac";"2016-02-03 15:57:00";5800;;5800;;;;;;;;;"1";"Involontaire (travaux)";;;;;""
2016;8507;"11";"11145";"Fleury";"2016-02-03 16:18:00";14088;;;;;;;;;;;;;;;;;""
2016;12721;"13";"13033";"Ensuès-la-Redonne";"2016-02-03 19:05:00";3000;3000;;;;;;;;;;;"Malveillance";;;;;""
2016;6522;"34";"34319";"Vailhan";"2016-02-03 19:47:00";15500;5500;10000;;;;;;;;;"1";"Malveillance";;;;;""
2016;7936;"06";"06023";"Breil-sur-Roya";"2016-02-03 22:04:00";1015200;642500;372700;;;;;;;;;"5";;;;;;""
2016;6334;"2B";"2B355";"Volpajola";"2016-02-03 23:39:00";70000;;70000;;;;;;;;;"1";;;;;;""
2016;6002;"2B";"2B029";"Barbaggio";"2016-02-04 08:31:00";300;0;300;;;;;;;0;;"1";;;;;;""
2016;6024;"2B";"2B087";"Cervione";"2016-02-04 10:45:00";3000;;;;;;;;;;;"1";;;;;;""
2016;5969;"83";"83146";"La Verdière";"2016-02-04 10:57:00";350;350;;;;;;;;;;"5";"Involontaire (particulier)";;;;;""
2016;6035;"2B";"2B143";"Linguizzetta";"2016-02-04 11:55:00";100;0;100;;;;;;;0;;"1";;;;;;""
2016;4765;"84";"84034";"Caumont-sur-Durance";"2016-02-04 12:26:00";8000;;;;;;;;;;;;;;;;;""
2016;7925;"06";"06013";"Belvédère";"2016-02-04 13:11:00";2602200;380000;2222200;;;;;;;;;"1";"Malveillance";;;;;""
2016;7890;"06";"06137";"Spéracèdes";"2016-02-04 15:34:00";4000;4000;;;;;;;;0;;"3";"Involontaire (particulier)";;;;;""
2016;6978;"34";"34178";"Murviel-lès-Béziers";"2016-02-04 16:31:00";15100;10000;5100;;;;;;;;;"4";"Involontaire (travaux)";;;;;""
2016;6191;"07";"07332";"Valvignères";"2016-02-04 17:50:00";4000;;4000;;;;;;;;;"1";"Involontaire (particulier)";;;;;""
2016;6922;"34";"34194";"Paulhan";"2016-02-04 18:34:00";3500;;3500;;;;;;;;;"1";"Involontaire (travaux)";;;;;""
2016;7879;"06";"06122";"Saint-Jeannet";"2016-02-04 20:49:00";500;500;;;;;;;;;;"3";"Involontaire (particulier)";;;;;""
2016;6878;"34";"34103";"Fontès";"2016-02-04 22:53:00";11400;6400;5000;;;;;;;;;"1";"Malveillance";;;;;""
2016;8518;"11";"11148";"Fontcouverte";"2016-02-04 23:42:00";700;;;;;;;;;;;;"Malveillance";;;;;""
2016;8529;"11";"11262";"Narbonne";"2016-02-05 00:07:00";2700;;;;;;;;;;;;"Malveillance";;;;;""
2016;7912;"06";"06118";"Saint-Cézaire-sur-Siagne";"2016-02-05 13:01:00";100;100;;;;;;;;;;"3";"Involontaire (particulier)";;;;;""
2016;7669;"2A";"2A212";"Piana";"2016-02-05 13:13:00";10;;10;;;;;;;0;;;;;;;;""
2016;6666;"66";"66106";"Maureillas-las-Illas";"2016-02-05 14:45:00";5000;500;4500;;;;;;;;;"2";"Involontaire (particulier)";;;;;""
2016;7077;"34";"34229";"Riols";"2016-02-05 14:52:00";7600;7600;;;;;;;;;;"3";"Involontaire (travaux)";;;;;""
2016;4717;"48";"48148";"Saint-Étienne-Vallée-Française";"2016-02-05 14:55:00";900;900;;;;;;;;;;"2";"Involontaire (particulier)";;;;;""
2016;8540;"11";"11203";"Lézignan-Corbières";"2016-02-05 14:56:00";14243;;;;;;;;;;;;"Involontaire (particulier)";;;;;""
2016;7066;"34";"34194";"Paulhan";"2016-02-05 14:57:00";11200;;11200;;;;;;;;;"1";"Involontaire (travaux)";;;;;""
2016;8551;"11";"11390";"Thézan-des-Corbières";"2016-02-05 16:21:00";102861;;62861;;;;;;;40000;;;"Involontaire (travaux)";;;;;""
2016;7901;"06";"06013";"Belvédère";"2016-02-05 16:49:00";1689;;1689;;;;;;;;;"1";;;;;;""
2016;6412;"2B";"2B083";"Castirla";"2016-02-06 12:08:00";10;;;;;;;;;;;"1";;;;;;""
2016;7440;"2B";"2B042";"Borgo";"2016-02-06 15:52:00";60000;;50000;;;;;;;10000;;"1";;;;;;""
2016;6945;"66";"66041";"Cases-de-Pène";"2016-02-08 12:23:00";8000;;8000;;;;;;;;;"1";"Involontaire (particulier)";;;;;""
2016;12383;"11";"11202";"Leucate";"2016-02-08 13:43:00";350;;;;;;;;;;;;"Malveillance";;;;;""
2016;7980;"2B";"2B355";"Volpajola";"2016-02-10 14:28:00";8000;;;;;;;;;;;"1";;;;;;""
2016;8024;"2B";"2B199";"Palasca";"2016-02-11 17:30:00";1000;;;;;;;;;;;"1";;;;;;""
2016;8036;"2B";"2B242";"Poggio-Mezzana";"2016-02-11 18:38:00";2000;;;;;;;;;;;"1";;;;;;""
2016;8837;"66";"66024";"Le Boulou";"2016-02-13 19:42:00";400;200;200;;;;;;;;;"3";"Malveillance";;;;;""
2016;8562;"11";"11262";"Narbonne";"2016-02-15 23:56:00";200;;;;;;;;;;;;"Malveillance";;;;;""
2016;10463;"66";"66030";"Calce";"2016-02-17 14:27:00";10000;;10000;;;;;;;;;"1";"Involontaire (travaux)";;;;;""
2016;12394;"11";"11261";"Moux";"2016-02-18 18:21:00";3500;;;;;;;;;;;;;;;;;""
2016;4818;"30";"30026";"Avèze";"2016-02-19 12:57:00";8007;;;;;;;;;;;"3";"Involontaire (particulier)";;;;;""
2016;12172;"11";"11421";"Villedaigne";"2016-02-19 16:39:00";8549;;;;;;;;;;;;"Involontaire (travaux)";;;;;""
2016;9466;"34";"34069";"Cazouls-lès-Béziers";"2016-02-19 22:23:00";1700;1700;;;;;;;;;;"4";"Malveillance";;;;;""
2016;12405;"11";"11132";"Fabrezan";"2016-02-19 23:56:00";2000;;;;;;;;;;;;"Malveillance";;;;;""
2016;8594;"2B";"2B361";"Zilia";"2016-02-21 11:06:00";100;0;100;;;;;;;0;;"2";"Involontaire (travaux)";;;;;""
2016;12416;"11";"11071";"Cascastel-des-Corbières";"2016-02-21 11:43:00";19909;;;;;;;;;;;;"Involontaire (travaux)";;;;;""
2016;9046;"66";"66097";"Lesquerde";"2016-02-21 12:11:00";200;;200;;;;;;;;;"1";"Involontaire (particulier)";;;;;""
2016;5803;"34";"34157";"Mèze";"2016-02-21 14:56:00";300;300;;;;;;;;;;"4";"Malveillance";;;;;""
2016;12427;"11";"11332";"Saint-André-de-Roquelongue";"2016-02-21 15:26:00";1000;;;;;;;;;;;;"Involontaire (particulier)";;;;;""
2016;8376;"04";"04019";"Barcelonnette";"2016-02-21 16:46:00";2000;;;;;;;;;;;;"Involontaire (travaux)";;;;;""
2016;9758;"34";"34197";"Péret";"2016-02-21 18:34:00";6400;4000;2400;;;;;;;;;"1";"Involontaire (travaux)";;;;;""
2016;4;"12";"12163";"Murasson";"2016-02-21 18:55:00";200000;0;;200000;;;200000;0;0;0;"Estimées";;"Malveillance";;;;;""
2016;12722;"13";"13056";"Martigues";"2016-02-22 03:49:00";50;50;;;;;;;;;;;"Accidentelle";;;;;""
2016;5034;"2A";"2A031";"Bastelica";"2016-02-22 10:44:00";8000;;8000;;;;;;;;;;;;;;;""
2016;12438;"11";"11285";"Peyriac-de-Mer";"2016-02-22 16:12:00";100;;;;;;;;;;;;"Involontaire (travaux)";;;;;""
2016;5044;"2A";"2A008";"Albitreccia";"2016-02-22 17:19:00";1000;;1000;;;;;;;0;;;;;;;;""
2016;5045;"2A";"2A362";"Zonza";"2016-02-23 12:29:00";50;;50;;;;;;;0;;;;;;;;""
2016;10518;"66";"66093";"Laroque-des-Albères";"2016-02-23 14:42:00";15;15;;;;;;;;;;"3";"Malveillance";;;;;""
2016;12450;"11";"11202";"Leucate";"2016-02-23 15:55:00";6605;;;;;;;;;;;;;;;;;""
2016;5037;"2A";"2A098";"Coti-Chiavari";"2016-02-23 16:56:00";200;;200;;;;;;;;;;;;;;;""
2016;12461;"11";"11081";"Caunes-Minervois";"2016-02-23 18:38:00";15;;;;;;;;;;;;"Malveillance";;;;;""
2016;12472;"11";"11262";"Narbonne";"2016-02-23 20:39:00";35495;;;;;;;;;;;;"Malveillance";;;;;""
2016;12483;"11";"11262";"Narbonne";"2016-02-23 23:41:00";1000;;;;;;;;;;;;"Malveillance";;;;;""
2016;10563;"66";"66069";"Espira-de-l'Agly";"2016-02-24 11:02:00";15;15;;;;;;;;;;"4";"Malveillance";;;;;""
2016;12494;"11";"11367";"Saissac";"2016-02-24 11:49:00";3644;;;;;;;;;;;;"Involontaire (travaux)";;;;;""
2016;10574;"66";"66180";"Saint-Laurent-de-la-Salanque";"2016-02-24 14:03:00";15000;;15000;;;;;;;;;"1";"Involontaire (travaux)";;;;;""
2016;12505;"11";"11064";"Camplong-d'Aude";"2016-02-24 14:43:00";10988;;;;;;;;;;;;"Accidentelle";;;;;""
2016;12516;"11";"11262";"Narbonne";"2016-02-24 15:00:00";26576;;;;;;;;;;;;"Involontaire (travaux)";;;;;""
2016;8727;"2B";"2B190";"Olmi-Cappella";"2016-02-24 18:48:00";300;;;;;;;;;;;"1";;;;;;""
2016;5046;"2A";"2A288";"Sotta";"2016-02-25 12:57:00";1500;;500;;;;;;;1000;;"1";"Involontaire (particulier)";;;;;""
2016;10629;"66";"66084";"Fourques";"2016-02-25 14:33:00";500;;500;;;;;;;;;"2";;;;;;""
2016;10640;"66";"66014";"Baixas";"2016-02-25 15:51:00";5000;;5000;;;;;;;;;"1";"Malveillance";;;;;""
2016;12527;"11";"11145";"Fleury";"2016-02-26 13:27:00";8111;;;;;;;;;;;;"Involontaire (travaux)";;;;;""
2016;10707;"66";"66008";"Argelès-sur-Mer";"2016-02-26 14:56:00";10000;;10000;;;;;;;;;"1";"Accidentelle";;;;;""
2016;886;"31";"31454";"Rieumes";"2016-02-26 15:00:00";10000;0;;10000;;;10000;0;0;0;"Estimées";;;;;;;""
2016;8380;"48";"48155";"Saint-Germain-de-Calberte";"2016-02-26 16:12:00";50;;;;;;;;;;;"4";"Involontaire (particulier)";;;;;""
2016;12538;"11";"11122";"Douzens";"2016-02-26 18:58:00";11323;;;;;;;;;;;;"Malveillance";;;;;""
2016;10068;"34";"34178";"Murviel-lès-Béziers";"2016-02-26 19:18:00";2400;2400;;;;;;;;;;"5";"Involontaire (travaux)";;;;;""
2016;10729;"66";"66140";"Pézilla-la-Rivière";"2016-02-26 22:34:00";2000;1000;1000;;;;;;;;;"2";"Malveillance";;;;;""
2016;12712;"11";"11145";"Fleury";"2016-03-01 11:13:00";1500;;;;;;;;;;;;"Involontaire (travaux)";;;;;""
2016;12713;"11";"11370";"Salles-d'Aude";"2016-03-02 16:03:00";1000;;;;;;;;;;;;"Involontaire (travaux)";;;;;""
2016;10895;"66";"66134";"Passa";"2016-03-02 16:46:00";400;400;;;;;;;;;;"3";"Accidentelle";;;;;""
2016;11340;"34";"34285";"Saint-Pons-de-Mauchiens";"2016-03-03 17:27:00";620;620;;;;;;;;;;"1";"Involontaire (travaux)";;;;;""
2016;5047;"2A";"2A032";"Bastelicaccia";"2016-03-03 17:59:00";200;;200;;;;;;;0;;;;;;;;""
2016;10397;"2B";"2B049";"Calenzana";"2016-03-03 21:58:00";600;;;;;;;;;;;"1";;;;;;""
2016;10950;"66";"66014";"Baixas";"2016-03-04 12:30:00";25000;10000;15000;;;;;;;;;"1";"Malveillance";;;;;""
2016;10994;"66";"66053";"Collioure";"2016-03-04 20:44:00";100;100;;;;;;;;;;"2";;;;;;""
2016;10418;"2B";"2B167";"Montegrosso";"2016-03-05 11:32:00";600;;;;;;;;;;;"1";;;;;;""
2016;11072;"66";"66058";"Corneilla-la-Rivière";"2016-03-07 14:16:00";150;150;;;;;;;;;;"2";"Malveillance";;;;;""
2016;5048;"2A";"2A041";"Bonifacio";"2016-03-07 15:30:00";200;;200;;;;;;;0;;"1";"Involontaire (particulier)";;;;;""
2016;10452;"2B";"2B009";"Aléria";"2016-03-07 15:31:00";5000;;;;;;;;;;;"1";;;;;;""
2016;12714;"11";"11188";"La Palme";"2016-03-08 10:37:00";6205;;;;;;;;;;;;"Accidentelle";;;;;""
2016;12549;"11";"11240";"Montazels";"2016-03-08 12:01:00";150;;;;;;;;;;;;"Involontaire (travaux)";;;;;""
2016;11094;"66";"66048";"Cerbère";"2016-03-08 13:11:00";150000;;150000;;;;;;;;;"1";"Involontaire (travaux)";;;;;""
2016;11684;"34";"34162";"Montagnac";"2016-03-08 15:03:00";6600;3300;3300;;;;;;;;;"4";"Involontaire (travaux)";;;;;""
2016;12789;"06";"06049";"Courmes";"2016-03-09 15:16:00";72200;52200;20000;;;;;;;;;"3";"Malveillance";;;;;""
2016;12790;"06";"06088";"Nice";"2016-03-09 16:23:00";100;100;;;;;;;;;;"5";;;;;;""
2016;10807;"04";"04180";"Saint-Jacques";"2016-03-10 13:53:00";10400;;10400;;;;;;;;;"1";"Involontaire (travaux)";;;;;""
2016;12716;"11";"11052";"Brousses-et-Villaret";"2016-03-11 02:00:00";10;;;;;;;;;;;;"Accidentelle";;;;;""
2016;12717;"11";"11296";"Pouzols-Minervois";"2016-03-11 14:10:00";5313;;;;;;;;;;;;"Malveillance";;;;;""
2016;12670;"04";"04013";"Aubignosc";"2016-03-12 14:35:00";5200;;5200;;;;;;;;;"1";"Involontaire (particulier)";;;;;""
2016;12718;"11";"11295";"Portel-des-Corbières";"2016-03-12 15:00:00";7249;;;;;;;;;;;;"Involontaire (particulier)";;;;;""
2016;12793;"06";"06023";"Breil-sur-Roya";"2016-03-13 14:36:00";4555;4555;;;;;;;;;;"3";"Involontaire (particulier)";;;;;""
2016;2679;"40";"40105";"Garein";"2016-03-13 15:25:00";26680;26680;;0;;;0;;;0;;;;;;;;""
2016;11894;"83";"83004";"Les Arcs";"2016-03-13 16:22:00";60;60;;;;;;;;;;"5";"Accidentelle";;;;;""
2016;4766;"84";"84083";"Mornas";"2016-03-13 19:34:00";2000;;;;;;;;;;;;;;;;;""
2016;12071;"66";"66099";"Llauro";"2016-03-14 10:27:00";30;30;;;;;;;;;;"3";"Accidentelle";;;;;""
2016;5049;"2A";"2A198";"Ota";"2016-03-14 14:53:00";50;;50;;;;;;;0;;;;;;;;""
2016;8;"12";"12219";"Sainte-Eulalie-d'Olt";"2016-03-14 15:10:00";1500;0;;1500;;;1500;0;0;0;"Estimées";;"Involontaire (particulier)";;;;;""
2016;9;"12";"12208";"Saint-Affrique";"2016-03-14 15:56:00";1500;0;;1500;;;1500;0;0;0;"Estimées";;;;;;;""
2016;1343;"74";"74262";"Scientrier";"2016-03-14 16:10:00";6000;0;;6000;;;6000;0;0;0;"Estimées";;;;;;;""
2016;7;"43";"43170";"Saint-Beauzire";"2016-03-14 18:23:00";100;0;;100;;;100;0;0;0;"Estimées";;;;;;;""
2016;12104;"48";"48019";"Barre-des-Cévennes";"2016-03-15 14:07:00";30500;1400;29100;;;;;;;;;"1";"Involontaire (travaux)";;;;;""
2016;12795;"06";"06144";"La Tour";"2016-03-15 14:36:00";3500;1500;2000;;;;;;;;;"1";"Involontaire (travaux)";;;;;""
2016;1844;"47";"47242";"Saint-Front-sur-Lémance";"2016-03-15 16:20:00";200;200;;0;;;0;;;0;;;;;;;;""
2016;5689;"07";"07202";"Sablières";"2016-03-15 17:01:00";200000;50000;70000;;;;;;;80000;;"2";"Involontaire (travaux)";;;;;""
2016;12788;"34";"34189";"Olonzac";"2016-03-17 01:36:00";320;320;;;;;;;;;;"5";"Malveillance";;;;;""
2016;675;"38";"38075";"Chapareillan";"2016-03-18 11:13:00";1500;0;;1500;;;1500;0;0;0;"Estimées";;;;;;;""
2016;12836;"2B";"2B029";"Barbaggio";"2016-03-18 12:54:00";400;;400;;;;;;;;;"1";;;;;;""
2016;1234;"74";"74104";"Doussard";"2016-03-19 14:30:00";3000;0;;3000;;;3000;0;0;0;"Estimées";;;;;;;""
2016;12;"17";"17152";"Épargnes";"2016-03-19 16:15:00";8000;8000;;0;;;0;0;0;0;"Mesurées";;;;;;;""
2016;394;"16";"16190";"Longré";"2016-03-19 16:25:00";20000;0;;20000;;;20000;0;0;0;"Estimées";;;;;;;""
2016;12723;"13";"13081";"Rognac";"2016-03-19 16:37:00";7000;7000;;;;;;;;;;;"Involontaire (particulier)";;;;;""
2016;857;"15";"15092";"Lanobre";"2016-03-19 17:06:00";10000;0;;10000;;;10000;0;0;0;"Estimées";;;;;;;""
2016;1235;"74";"74006";"Allonzier-la-Caille";"2016-03-20 12:09:00";10000;0;;10000;;;10000;0;0;0;"Estimées";;;;;;;""
2016;12792;"34";"34095";"Fabrègues";"2016-03-21 13:08:00";65;65;;;;;;;;;;"5";"Malveillance";;;;;""
2016;12798;"06";"06074";"Lantosque";"2016-03-21 13:30:00";200;200;;;;;;;;;;"1";"Malveillance";;;;;""
2016;12800;"06";"06074";"Lantosque";"2016-03-21 13:32:00";3417;3417;;;;;;;;;;"3";"Malveillance";;;;;""
2016;5038;"2A";"2A322";"Tasso";"2016-03-21 15:04:00";3400;;3400;;;;;;;;;"3";;;;;;""
2016;158;"35";"35031";"La Bouëxière";"2016-03-22 11:59:00";65000;65000;;0;;;0;0;0;0;"Estimées";;;;;;;""
2016;14;"58";"58003";"Alligny-en-Morvan";"2016-03-22 13:26:00";20000;20000;;0;;;0;0;0;0;"Estimées";;"Involontaire (particulier)";;;;;""
2016;688;"77";"77186";"Fontainebleau";"2016-03-22 14:43:00";60;60;;0;;;0;0;0;0;"Estimées";;;;;;;""
2016;1220;"74";"74095";"Crempigny-Bonneguête";"2016-03-22 18:07:00";4000;0;;4000;;;4000;0;0;0;"Estimées";;;;;;;""
2016;5039;"2A";"2A031";"Bastelica";"2016-03-22 19:23:00";400;;400;;;;;;;;;"1";;;;;;""
2016;4716;"48";"48178";"Saint-Privat-de-Vallongue";"2016-03-22 19:30:00";310;310;;;;;;;;;;"2";"Involontaire (particulier)";;;;;""
2016;1653;"24";"24449";"Saint-Martial-d'Artenset";"2016-03-22 21:06:00";5000;5000;;0;;;0;;;0;;;;;;;;""
2016;5244;"48";"48155";"Saint-Germain-de-Calberte";"2016-03-23 10:13:00";2900;2900;;;;;;;;;;"2";"Involontaire (particulier)";;;;;""
2016;12753;"66";"66138";"Peyrestortes";"2016-03-23 10:42:00";15000;;15000;;;;;;;;;"1";"Involontaire (particulier)";;;;;""
2016;12856;"2B";"2B148";"Lucciana";"2016-03-23 11:14:00";3000;;;;;;;;;;;"1";;;;;;""
2016;22;"12";"12284";"Le Truel";"2016-03-23 11:27:00";2000;0;;2000;;;2000;0;0;0;"Estimées";;"Involontaire (particulier)";;;;;""
2016;4767;"84";"84034";"Caumont-sur-Durance";"2016-03-23 12:56:00";200000;160000;30000;;;;;;;10000;;"3";"Malveillance";;;;;""
2016;1233;"74";"74021";"Arthaz-Pont-Notre-Dame";"2016-03-23 14:52:00";6000;0;;6000;;;6000;0;0;0;"Estimées";;;;;;;""
2016;676;"38";"38156";"Les Éparres";"2016-03-23 14:53:00";200;200;;0;;;0;0;0;0;"Estimées";;;;;;;""
2016;2677;"40";"40197";"Morcenx";"2016-03-23 15:01:00";400;400;;0;;;0;;;0;;;"Involontaire (particulier)";;;;;""
2016;10303;"07";"07161";"Montpezat-sous-Bauzon";"2016-03-23 15:06:00";10000;10000;;;;;;;;;;"1";;;;;;""
2016;107;"28";"28051";"Bonneval";"2016-03-23 15:37:00";600;0;;600;;;600;0;0;0;"Estimées";;;;;;;""
2016;1651;"24";"24372";"Saint-Astier";"2016-03-23 16:27:00";400;400;;0;;;0;;;0;;;;;;;;""
2016;1650;"24";"24155";"Douville";"2016-03-23 16:31:00";10000;10000;;0;;;0;;;0;;;;;;;;""
2016;677;"38";"38341";"Rochetoirin";"2016-03-23 16:53:00";30000;30000;;0;;;0;0;0;0;"Estimées";;;;;;;""
2016;26;"17";"17070";"Brizambourg";"2016-03-23 17:46:00";8000;8000;;0;;;0;0;0;0;"Mesurées";;"Malveillance";;;;;""
2016;2507;"33";"33376";"Saint-Aubin-de-Médoc";"2016-03-23 17:53:00";4000;4000;;0;;;0;;;0;;;;;;;;""
2016;12811;"34";"34166";"Montblanc";"2016-03-24 01:13:00";400;400;;;;;;;;;;"3";"Malveillance";;;;;""
2016;12711;"13";"13007";"Auriol";"2016-03-24 07:01:00";50;50;;;;;;;;;;;"Involontaire (particulier)";;;;;""
2016;2505;"33";"33238";"Léognan";"2016-03-24 07:31:00";1000;1000;;0;;;0;;;0;;;"Malveillance";;;;;""
2016;12719;"11";"11203";"Lézignan-Corbières";"2016-03-24 07:35:00";500;;;;;;;;;;;;"Accidentelle";;;;;""
2016;12803;"06";"06082";"Massoins";"2016-03-24 08:10:00";7923;7923;;;;;;;;;;"6";;;;;;""
2016;12812;"34";"34166";"Montblanc";"2016-03-24 09:57:00";1500;1500;;;;;;;;;;"3";"Malveillance";;;;;""
2016;5050;"2A";"2A062";"Carbuccia";"2016-03-24 11:16:00";5;;5;;;;;;;0;;;;;;;;""
2016;12618;"30";"30154";"Mandagout";"2016-03-24 11:29:00";65079;65079;;;;;;;;;;"4";"Involontaire (travaux)";;;;;""
2016;5694;"07";"07232";"Saint-Étienne-de-Lugdarès";"2016-03-24 12:48:00";150000;;150000;;;;;;;;;"1";;;;;;""
2016;1649;"24";"24294";"Montpon-Ménestérol";"2016-03-24 13:42:00";6000;6000;;0;;;0;;;0;;;;;;;;""
2016;12720;"11";"11203";"Lézignan-Corbières";"2016-03-24 14:21:00";6000;;;;;;;;;;;;"Involontaire (travaux)";;;;;""
2016;12727;"13";"13092";"Saint-Chamas";"2016-03-24 15:09:00";10000;10000;;;;;;;;;;;"Accidentelle";;;;;""
2016;12725;"13";"13092";"Saint-Chamas";"2016-03-24 15:09:00";10000;10000;;;;;;;;;;;"Accidentelle";;;;;""
2016;962;"69";"69078";"Duerne";"2016-03-24 15:20:00";1000;1000;;0;;;0;0;0;0;"Estimées";;;;;;;""
2016;12724;"13";"13091";"Saint-Cannat";"2016-03-24 16:11:00";50;50;;;;;;;;0;;;"Malveillance";;;;;""
2016;12817;"34";"34289";"Saint-Thibéry";"2016-03-24 17:06:00";14340;340;;;;;;;;14000;;"3";"Involontaire (travaux)";;;;;""
2016;2503;"33";"33154";"Les Églisottes-et-Chalaures";"2016-03-24 17:08:00";200;200;;0;;;0;;;0;;;"Malveillance";;;;;""
2016;20;"18";"18005";"Allouis";"2016-03-24 17:09:00";9000;9000;;0;;;0;0;0;0;"Estimées";;"Accidentelle";;;;;""
2016;2502;"33";"33237";"Léogeats";"2016-03-24 18:07:00";4000;4000;;0;;;0;;;0;;;;;;;;""
2016;12819;"34";"34166";"Montblanc";"2016-03-24 18:43:00";200;200;;;;;;;;;;"4";"Malveillance";;;;;""
2016;27;"17";"17147";"Écoyeux";"2016-03-24 19:34:00";100;100;;0;;;0;0;0;0;"Mesurées";;"Malveillance";;;;;""
2016;12820;"34";"34069";"Cazouls-lès-Béziers";"2016-03-24 19:45:00";790;;790;;;;;;;;;"1";"Malveillance";;;;;""
2016;12730;"11";"11375";"Seignalens";"2016-03-25 11:45:00";28000;;;;;;;;;;;;"Involontaire (travaux)";;;;;""
2016;12729;"11";"11145";"Fleury";"2016-03-25 12:00:00";5600;;;;;;;;;;;;"Involontaire (travaux)";;;;;""
2016;12728;"11";"11001";"Aigues-Vives";"2016-03-25 12:35:00";6619;;;;;;;;;;;;"Involontaire (particulier)";;;;;""
2016;12808;"06";"06074";"Lantosque";"2016-03-25 13:38:00";3000;3000;;;;;;;;;;"3";"Malveillance";;;;;""
2016;12805;"06";"06050";"Coursegoules";"2016-03-25 13:58:00";7683;7683;;;;;;;;;;"3";"Malveillance";;;;;""
2016;23;"12";"12291";"Verrières";"2016-03-26 13:12:00";45000;0;;45000;;;45000;0;0;0;"Estimées";;"Involontaire (particulier)";;;;;""
2016;4656;"48";"48194";"Vialas";"2016-03-26 14:13:00";151100;;151100;;;;;;;;;"1";"Involontaire (travaux)";;;;;""
2016;4655;"48";"48166";"Cans et Cévennes";"2016-03-26 14:36:00";104100;41400;62700;;;;;;;;;"3";"Involontaire (particulier)";;;;;""
2016;4641;"06";"06142";"Touët-de-l'Escarène";"2016-03-26 14:37:00";107161;10000;97161;;;;;;;;;"1";"Involontaire (particulier)";;;;;""
2016;5243;"48";"48158";"Saint-Hilaire-de-Lavit";"2016-03-26 14:44:00";2100;2100;;;;;;;;;;"2";"Involontaire (travaux)";;;;;""
2016;12823;"34";"34031";"Bessan";"2016-03-26 14:48:00";1300;1300;;;;;;;;;;"3";"Malveillance";;;;;""
2016;12732;"04";"04076";"Entrevaux";"2016-03-26 14:50:00";6800;6800;;;;;;;;;;"2";"Involontaire (travaux)";;;;;""
2016;2501;"33";"33211";"Labarde";"2016-03-26 15:14:00";20000;20000;;0;;;0;;;0;;;;;;;;""
2016;12774;"66";"66066";"Enveitg";"2016-03-26 15:23:00";1000;;1000;;;;;;;;;"1";"Involontaire (travaux)";;;;;""
2016;8402;"48";"48013";"Badaroux";"2016-03-26 15:24:00";500;;;;;;;;;;;"3";;;;;;""
2016;12825;"34";"34061";"Causses-et-Veyran";"2016-03-26 15:35:00";20650;;20000;;;;;;;650;;"1";"Malveillance";;;;;""
2016;12826;"34";"34031";"Bessan";"2016-03-26 15:44:00";200;;200;;;;;;;;;"1";"Malveillance";;;;;""
2016;25;"38";"38403";"Saint-Jean-d'Hérans";"2016-03-26 16:16:00";12000;12000;;0;;;0;0;0;0;"Mesurées";;"Involontaire (particulier)";;;;;""
2016;24;"12";"12151";"Montézic";"2016-03-26 16:38:00";2000;0;;2000;;;2000;0;0;0;"Estimées";;"Involontaire (particulier)";;;;;""
2016;12810;"06";"06074";"Lantosque";"2016-03-26 18:36:00";4374;4374;;;;;;;;;;"5";"Malveillance";;;;;""
2016;4657;"48";"48019";"Barre-des-Cévennes";"2016-03-26 18:44:00";11600;400;11200;;;;;;;;;"1";"Involontaire (particulier)";;;;;""
2016;2676;"40";"40274";"Saint-Martin-d'Oney";"2016-03-26 18:53:00";12000;12000;;0;;;0;;;0;;;;;;;;""
2016;8401;"48";"48119";"Prévenchères";"2016-03-26 19:54:00";500;;;;;;;;;;;"1";"Involontaire (particulier)";;;;;""
2016;12852;"2B";"2B049";"Calenzana";"2016-03-27 17:09:00";11000;;;;;;;;;;;"1";"Malveillance";;;;;""
2016;2675;"40";"40304";"Soorts-Hossegor";"2016-03-28 09:30:00";100;100;;0;;;0;;;0;;;;;;;;""
2016;2674;"40";"40184";"Mimizan";"2016-03-28 15:33:00";100;100;;0;;;0;;;0;;;;;;;;""
2016;12827;"34";"34237";"Roujan";"2016-03-28 15:56:00";2000;2000;;;;;;;;;;"4";"Involontaire (particulier)";;;;;""
2016;4642;"06";"06077";"Lucéram";"2016-03-28 20:15:00";1028;1028;;;;;;;;;;"5";;;;;;""
2016;12768;"83";"83137";"Toulon";"2016-03-29 11:57:00";600;600;;;;;;;;;;"4";"Involontaire (particulier)";;;;;""
2016;12830;"34";"34225";"Puisserguier";"2016-03-29 14:31:00";4500;2000;2000;;;;;;;500;;"5";"Involontaire (particulier)";;;;;""
2016;12861;"66";"66124";"Font-Romeu-Odeillo-Via";"2016-03-29 15:32:00";300;300;;;;;;;;;;"4";;;;;;""
2016;5443;"11";"11379";"Sigean";"2016-03-29 17:36:00";2000;;;;;;;;;;;;"Involontaire (travaux)";;;;;""
2016;4789;"34";"34061";"Causses-et-Veyran";"2016-03-30 14:42:00";7900;;7900;;;;;;;;;"1";"Malveillance";;;;;""
2016;885;"31";"31502";"Saint-Marcet";"2016-03-30 19:04:00";10000;10000;;0;;;0;0;0;0;"Estimées";;;;;;;""
2016;5040;"2A";"2A060";"Cannelle";"2016-03-31 12:23:00";5000;;5000;;;;;;;;;"1";;;;;;""
2016;5089;"13";"13007";"Auriol";"2016-03-31 12:28:00";29400;29400;;;;;;;;;;;"Involontaire (particulier)";;;;;""
2016;4619;"2B";"2B183";"Ogliastro";"2016-03-31 12:32:00";60000;;;;;;;;;;;"1";"Malveillance";;;;;""
2016;5444;"11";"11370";"Salles-d'Aude";"2016-03-31 16:02:00";200;;;;;;;;;;;;"Involontaire (particulier)";;;;;""
2016;28;"38";"38347";"Roybon";"2016-03-31 16:16:00";160000;160000;;0;;;0;0;0;0;"Mesurées";;;;;;;""
2016;5087;"13";"13106";"Septèmes-les-Vallons";"2016-03-31 16:44:00";300;300;;;;;;;;;;;"Accidentelle";;;;;""
2016;5042;"2A";"2A324";"Tavera";"2016-03-31 16:59:00";2800;100;1700;;;;;;;1000;;"1";"Involontaire (particulier)";;;;;""
2016;5053;"2A";"2A031";"Bastelica";"2016-04-01 17:00:00";10200;;10200;;;;;;;;;"1";"Malveillance";;;;;""
2016;4628;"2B";"2B109";"Farinole";"2016-04-01 21:50:00";50000;;;;;;;;;;;"1";"Malveillance";;;;;""
2016;5054;"2A";"2A348";"Vico";"2016-04-02 10:20:00";500;;500;;;;;;;;;"1";"Involontaire (particulier)";;;;;""
2016;4624;"2B";"2B166";"Monte";"2016-04-02 10:27:00";50;;;;;;;;;;;"1";;;;;;""
2016;5055;"2A";"2A117";"Forciolo";"2016-04-02 11:12:00";250;;250;;;;;;;0;;"1";"Involontaire (particulier)";;;;;""
2016;32;"73";"73162";"Montailleur";"2016-04-02 14:28:00";10000;10000;;0;;;0;0;0;0;"Estimées";;;;;;;""
2016;5057;"2A";"2A324";"Tavera";"2016-04-02 17:01:00";6000;;6000;;;;;;;;;;;;;;;""
2016;5058;"2A";"2A284";"Sollacaro";"2016-04-02 17:47:00";70;;70;;;;;;;;;"1";"Involontaire (travaux)";;;;;""
2016;5060;"2A";"2A031";"Bastelica";"2016-04-02 18:57:00";9000;;7000;;;;;;;2000;;"1";"Malveillance";;;;;""
2016;4625;"2B";"2B281";"Sisco";"2016-04-02 18:57:00";200000;;200000;;;;;;;;;"1";"Malveillance";;;;;""
2016;4629;"2B";"2B265";"Rutali";"2016-04-02 19:06:00";4000;;;;;;;;;;;"1";;;;;;""
2016;34;"17";"17110";"Clérac";"2016-04-02 23:22:00";50;50;;0;;;0;0;0;0;"Estimées";;;;;;;""
2016;4626;"2B";"2B311";"Santa-Maria-Poggio";"2016-04-03 12:38:00";650;;;;;;;;;;;"1";;;;;;""
2016;4645;"2B";"2B135";"Isolaccio-di-Fiumorbo";"2016-04-03 14:55:00";10000;;;;;;;;;;;"1";;;;;;""
2016;4651;"04";"04007";"Angles";"2016-04-03 15:39:00";200;200;;;;;;;;;;"4";;;;;;""
2016;1840;"47";"47181";"Montagnac-sur-Lède";"2016-04-03 15:58:00";50;50;;0;;;0;;;0;;;;;;;;""
2016;5061;"2A";"2A323";"Tavaco";"2016-04-03 16:23:00";10000;;10000;;;;;;;;;"1";"Malveillance";;;;;""
2016;5445;"11";"11386";"Talairan";"2016-04-04 13:44:00";4000;;;;;;;;;;;;"Malveillance";;;;;""
2016;5092;"13";"13001";"Aix-en-Provence";"2016-04-04 14:35:00";300;300;;;;;;;;;;;"Involontaire (travaux)";;;;;""
2016;5062;"2A";"2A040";"Bocognano";"2016-04-04 15:29:00";200;;200;;;;;;;0;;;;;;;;""
2016;4630;"2B";"2B167";"Montegrosso";"2016-04-04 17:37:00";600;;;;;;;;;;;"1";"Malveillance";;;;;""
2016;4652;"04";"04070";"Digne-les-Bains";"2016-04-04 20:04:00";500;500;;;;;;;;;;"5";"Involontaire (particulier)";;;;;""
2016;5064;"2A";"2A203";"Partinello";"2016-04-05 19:04:00";100;;100;;;;;;;;;;;;;;;""
2016;5065;"2A";"2A031";"Bastelica";"2016-04-05 20:12:00";9000;;9000;;;;;;;;;"1";"Malveillance";;;;;""
2016;4658;"2B";"2B183";"Ogliastro";"2016-04-05 21:38:00";35000;;;;;;;;;;;"1";"Accidentelle";;;;;""
2016;4659;"2B";"2B087";"Cervione";"2016-04-06 11:35:00";10000;;;;;;;;;;;"1";"Accidentelle";;;;;""
2016;4824;"34";"34103";"Fontès";"2016-04-06 12:29:00";600;;600;;;;;;;;;"1";"Malveillance";;;;;""
2016;4865;"84";"84030";"Caromb";"2016-04-07 12:24:00";3000;3000;;;;;;;;;;"4";"Malveillance";;;;;""
2016;4660;"2B";"2B177";"Noceta";"2016-04-07 14:18:00";10;;;;;;;;;;;"1";;;;;;""
2016;5067;"2A";"2A189";"Olmeto";"2016-04-07 15:36:00";150;;150;;;;;;;;;;;;;;;""
2016;5068;"2A";"2A103";"Cuttoli-Corticchiato";"2016-04-07 16:01:00";5000;;5000;;;;;;;;;"1";;;;;;""
2016;35;"12";"12222";"Saint-Félix-de-Sorgues";"2016-04-07 16:45:00";2500;0;;2500;;;2500;0;0;0;"Estimées";;"Accidentelle";;;;;""
2016;5093;"13";"13071";"Les Pennes-Mirabeau";"2016-04-07 22:00:00";1000;1000;;;;;;;;;;;;;;;;""
2016;4833;"34";"34045";"Cabrières";"2016-04-08 16:04:00";1000;1000;;;;;;;;;;"2";"Involontaire (travaux)";;;;;""
2016;4666;"2B";"2B166";"Monte";"2016-04-08 19:55:00";150;;;;;;;;;;;"1";;;;;;""
2016;5134;"66";"66091";"Lamanère";"2016-04-09 13:11:00";300;300;;;;;;;;;;"3";;;;;;""
2016;5135;"66";"66210";"Thuir";"2016-04-09 14:04:00";3000;;3000;;;;;;;;;"1";"Involontaire (particulier)";;;;;""
2016;6523;"04";"04112";"Manosque";"2016-04-09 16:00:00";360;360;;;;;;;;;;"4";;;;;;""
2016;5137;"66";"66008";"Argelès-sur-Mer";"2016-04-09 16:34:00";2000;2000;;;;;;;;;;"2";;;;;;""
2016;5070;"2A";"2A212";"Piana";"2016-04-09 22:56:00";50;;50;;;;;;;;;;;;;;;""
2016;4863;"34";"34252";"Saint-Étienne-Estréchoux";"2016-04-10 14:40:00";950;950;;;;;;;;;;"3";"Malveillance";;;;;""
2016;38;"12";"12291";"Verrières";"2016-04-10 15:23:00";10000;0;;10000;;;10000;0;0;0;"Estimées";;"Involontaire (particulier)";;;;;""
2016;2673;"40";"40155";"Linxe";"2016-04-10 15:31:00";800;800;;0;;;0;;;0;;;;;;;;""
2016;5699;"07";"07144";"Loubaresse";"2016-04-11 05:53:00";40000;10000;30000;;;;;;;;;"1";;;;;;""
2016;5071;"2A";"2A008";"Albitreccia";"2016-04-11 09:22:00";20;;20;;;;;;;0;;;;;;;;""
2016;5072;"2A";"2A200";"Palneca";"2016-04-11 12:06:00";5;;5;;;;;;;0;;;;;;;;""
2016;4721;"04";"04047";"Champtercier";"2016-04-11 15:06:00";900;900;;;;;;;;;;"2";"Accidentelle";;;;;""
2016;4762;"04";"04112";"Manosque";"2016-04-11 15:08:00";34500;16100;18400;;;;;;;;;"4";"Involontaire (particulier)";;;;;""
2016;5073;"2A";"2A041";"Bonifacio";"2016-04-11 17:04:00";120;;120;;;;;;;;;;;;;;;""
2016;2498;"33";"33357";"Roaillan";"2016-04-11 19:25:00";30;30;;0;;;0;;;0;;;;;;;;""
2016;39;"12";"12136";"Maleville";"2016-04-11 19:34:00";25;0;;25;;;25;0;0;0;"Mesurées";;"Accidentelle";;;;;""
2016;4869;"06";"06098";"Puget-Rostang";"2016-04-12 10:36:00";60324;35324;25000;;;;;;;;;"5";"Involontaire (particulier)";;;;;""
2016;4795;"2B";"2B354";"Vivario";"2016-04-12 12:37:00";1000;;;;;;;;;;;"1";;;;;;""
2016;5144;"66";"66049";"Céret";"2016-04-12 12:47:00";10000;10000;;;;;;;;;;"3";;;;;;""
2016;4768;"84";"84075";"Méthamis";"2016-04-12 14:01:00";2000;;;;;;;;;;;;;;;;;""
2016;4870;"06";"06074";"Lantosque";"2016-04-12 15:34:00";131743;121743;10000;;;;;;;;;"5";"Malveillance";;;;;""
2016;4871;"06";"06153";"Valdeblore";"2016-04-12 16:02:00";1145;645;500;;;;;;;;;"4";"Involontaire (particulier)";;;;;""
2016;5077;"2A";"2A048";"Calcatoggio";"2016-04-12 17:22:00";25;;25;;;;;;;0;;;;;;;;""
2016;44;"17";"17387";"Saint-Porchaire";"2016-04-12 17:25:00";100;100;;0;;;0;0;0;0;"Estimées";;"Accidentelle";;;;;""
2016;5078;"2A";"2A269";"Sari-Solenzara";"2016-04-12 17:58:00";40;;40;;;;;;;;;;;;;;;""
2016;45;"17";"17070";"Brizambourg";"2016-04-12 19:18:00";5000;5000;;0;;;0;0;0;0;"Estimées";;;;;;;""
2016;5079;"2A";"2A249";"Propriano";"2016-04-12 20:31:00";100;;100;;;;;;;;;"1";"Accidentelle";;;;;""
2016;4852;"34";"34061";"Causses-et-Veyran";"2016-04-13 12:31:00";20000;;10000;;;;;;;10000;;"1";"Malveillance";;;;;""
2016;2672;"40";"40184";"Mimizan";"2016-04-13 16:28:00";100;100;;0;;;0;;;0;;;;;;;;""
2016;5446;"11";"11262";"Narbonne";"2016-04-13 16:43:00";100;;;;;;;;;;;;"Involontaire (particulier)";;;;;""
2016;4889;"84";"84022";"Buisson";"2016-04-13 17:18:00";100;;;;;;;;;;;;;;;;;""
2016;46;"17";"17240";"Montendre";"2016-04-13 17:33:00";3000;3000;;0;;;0;0;0;0;"Mesurées";;;;;;;""
2016;2671;"40";"40134";"Labouheyre";"2016-04-13 20:50:00";1000;200;;0;;;0;;;800;;;;;;;;""
2016;2497;"33";"33012";"Arsac";"2016-04-14 08:49:00";250;250;;0;;;0;;;0;;;"Malveillance";;;;;""
2016;4880;"2B";"2B314";"Santo-Pietro-di-Tenda";"2016-04-14 13:50:00";10000;;;;;;;;;;;"1";"Involontaire (travaux)";;;;;""
2016;5080;"2A";"2A362";"Zonza";"2016-04-14 14:00:00";300;;300;;;;;;;;;;;;;;;""
2016;5081;"2A";"2A268";"Sampolo";"2016-04-14 14:07:00";5000;;5000;;;;;;;;;"3";"Involontaire (particulier)";;;;;""
2016;5095;"13";"13025";"Châteauneuf-le-Rouge";"2016-04-14 15:08:00";500;500;;;;;;;;;;;;;;;;""
2016;4866;"83";"83053";"Évenos";"2016-04-14 16:03:00";5000;5000;;;;;;;;;;"4";"Involontaire (particulier)";;;;;""
2016;5094;"13";"13102";"Saint-Victoret";"2016-04-14 16:12:00";300;150;;;;;;;;150;;;;;;;;""
2016;5153;"66";"66161";"Ria-Sirach";"2016-04-15 10:20:00";6000;6000;;;;;;;;;;"2";"Involontaire (particulier)";;;;;""
2016;4867;"04";"04094";"Gréoux-les-Bains";"2016-04-15 11:50:00";310;;310;;;;;;;;;"1";"Involontaire (particulier)";;;;;""
2016;5154;"66";"66148";"Port-Vendres";"2016-04-15 13:25:00";100;100;;;;;;;;;;"4";;;;;;""
2016;65;"09";"09232";"Prades";"2016-04-15 16:00:00";150000;100000;;0;;;0;50000;0;50000;"Estimées";;;;;;;""
2016;4868;"04";"04068";"Dauphin";"2016-04-15 18:43:00";90;90;;;;;;;;;;"3";"Involontaire (particulier)";;;;;""
2016;5638;"34";"34069";"Cazouls-lès-Béziers";"2016-04-15 20:01:00";3000;3000;;;;;;;;;;"4";"Malveillance";;;;;""
2016;5082;"2A";"2A247";"Porto-Vecchio";"2016-04-15 20:12:00";10;;10;;;;;;;;;;;;;;;""
2016;5083;"2A";"2A103";"Cuttoli-Corticchiato";"2016-04-15 20:46:00";2000;;1000;;;;;;;1000;;"1";"Involontaire (particulier)";;;;;""
2016;5084;"2A";"2A060";"Cannelle";"2016-04-16 10:02:00";150;;150;;;;;;;0;;;;;;;;""
2016;4877;"83";"83012";"Barjols";"2016-04-16 11:00:00";6000;6000;;;;;;;;;;"4";"Involontaire (particulier)";;;;;""
2016;5447;"11";"11127";"Escouloubre";"2016-04-16 12:07:00";500;;;;;;;;;;;;"Involontaire (travaux)";;;;;""
2016;4884;"2B";"2B121";"Galéria";"2016-04-16 12:22:00";500;;;;;;;;;;;"1";;;;;;""
2016;6419;"26";"26036";"Beaumont-en-Diois";"2016-04-16 12:54:00";4000;1000;3000;;;;;;;;;;;;;;;""
2016;5448;"11";"11038";"Bessède-de-Sault";"2016-04-16 16:06:00";3000;;;;;;;;;;;;"Involontaire (travaux)";;;;;""
2016;4872;"06";"06066";"Gilette";"2016-04-16 20:03:00";200;200;;;;;;;;;;"5";"Involontaire (particulier)";;;;;""
2016;5098;"13";"13114";"Ventabren";"2016-04-17 14:00:00";600;300;;;;;;;;300;;;"Involontaire (particulier)";;;;;""
2016;5088;"2A";"2A031";"Bastelica";"2016-04-17 16:22:00";40000;;40000;;;;;;;;;"1";"Malveillance";;;;;""
2016;5086;"2A";"2A031";"Bastelica";"2016-04-17 16:22:00";4000;;4000;;;;;;;0;;"1";"Malveillance";;;;;""
2016;4890;"84";"84090";"Peypin-d'Aigues";"2016-04-17 16:47:00";6000;;;;;;;;;;;;;;;;;""
2016;5197;"2B";"2B096";"Corte";"2016-04-17 17:01:00";100000;10000;90000;;;;;;;;;"4";;;;;;""
2016;4918;"2B";"2B275";"Sermano";"2016-04-17 18:23:00";80;;;;;;;;;;;"1";;;;;;""
2016;5090;"2A";"2A090";"Coggia";"2016-04-17 22:04:00";10;;10;;;;;;;;;;;;;;;""
2016;5091;"2A";"2A288";"Sotta";"2016-04-18 14:05:00";200;;200;;;;;;;;;;;;;;;""
2016;4920;"2B";"2B050";"Calvi";"2016-04-18 17:34:00";100;;;;;;;;;;;"1";"Involontaire (particulier)";;;;;""
2016;6695;"2A";"2A024";"Aullène";"2016-04-18 18:12:00";2000;;2000;;;;;;;0;;;;;;;;""
2016;47;"17";"17070";"Brizambourg";"2016-04-18 19:24:00";200;200;;0;;;0;0;0;0;"Estimées";;;;;;;""
2016;5187;"2B";"2B159";"Meria";"2016-04-18 19:42:00";83700;;;;;;;;;;;"1";"Malveillance";;;;;""
2016;5188;"2B";"2B313";"San-Nicolao";"2016-04-18 21:02:00";90000;;;;;;;;;;;"1";"Malveillance";;;;;""
2016;5198;"2B";"2B124";"Ghisoni";"2016-04-19 08:38:00";1000;;;;;;;;;;;"1";;;;;;""
2016;5219;"34";"34103";"Fontès";"2016-04-19 13:01:00";140300;20000;100000;;;;;;;20300;;"1";"Malveillance";;;;;""
2016;5210;"66";"66170";"Sainte-Colombe-de-la-Commanderie";"2016-04-19 13:16:00";100;;100;;;;;;;;;"1";;;;;;""
2016;5033;"83";"83106";"Rocbaron";"2016-04-19 14:54:00";300;300;;;;;;;;;;"5";"Involontaire (particulier)";;;;;""
2016;5449;"11";"11429";"Villemoustaussou";"2016-04-19 16:28:00";1750;;;;;;;;;;;;"Involontaire (particulier)";;;;;""
2016;5223;"34";"34268";"Saint-Jean-de-la-Blaquière";"2016-04-19 17:39:00";5800;;5800;;;;;;;;;"1";"Malveillance";;;;;""
2016;5451;"11";"11170";"Gruissan";"2016-04-19 20:25:00";2000;;;;;;;;;;;;"Involontaire (particulier)";;;;;""
2016;48;"17";"17147";"Écoyeux";"2016-04-19 20:35:00";5500;5500;;0;;;0;0;0;0;"Mesurées";;;;;;;""
2016;5452;"11";"11168";"Granès";"2016-04-20 04:14:00";11138;;;;;;;;;;;;"Involontaire (travaux)";;;;;""
2016;5211;"66";"66127";"Opoul-Périllos";"2016-04-20 09:17:00";700;200;500;;;;;;;;;"2";"Involontaire (travaux)";;;;;""
2016;6717;"2A";"2A362";"Zonza";"2016-04-20 09:33:00";600;;600;;;;;;;;;;;;;;;""
2016;49;"17";"17309";"Saint-Aigulin";"2016-04-20 10:59:00";15000;15000;;0;;;0;0;0;0;"Estimées";;;;;;;""
2016;6718;"2A";"2A181";"Ocana";"2016-04-20 11:18:00";500;;500;;;;;;;;;;;;;;;""
2016;8379;"48";"48004";"Altier";"2016-04-20 11:33:00";229000;83800;145200;;;;;;;;;"3";"Involontaire (particulier)";;;;;""
2016;5709;"13";"13047";"Istres";"2016-04-20 14:14:00";300;300;;;;;;;;;;;"Malveillance";;;;;""
2016;5700;"07";"07096";"Gluiras";"2016-04-20 14:26:00";1500;1500;;;;;;;;;;"3";;;;;;""
2016;689;"77";"77186";"Fontainebleau";"2016-04-20 15:02:00";10;10;;0;;;0;0;0;0;"Estimées";;;;;;;""
2016;5701;"07";"07107";"Jaujac";"2016-04-20 15:12:00";1000;1000;;;;;;;;;;"4";"Involontaire (travaux)";;;;;""
2016;5123;"04";"04121";"Mézel";"2016-04-20 15:54:00";900;;900;;;;;;;;;"1";"Involontaire (particulier)";;;;;""
2016;5708;"13";"13048";"Jouques";"2016-04-20 17:12:00";150;150;;;;;;;;;;;;;;;;""
2016;858;"15";"15189";"Saint-Gérons";"2016-04-20 17:27:00";30000;0;;30000;;;30000;0;0;0;"Estimées";;;;;;;""
2016;4603;"36";"36233";"La Vernelle";"2016-04-20 17:43:00";200;200;;0;;;0;0;0;0;"Estimées";;;;;;;""
2016;5453;"11";"11345";"Saint-Jean-de-Barrou";"2016-04-20 20:01:00";2500;;;;;;;;;;;;"Involontaire (particulier)";;;;;""
2016;6696;"2A";"2A351";"Villanova";"2016-04-20 20:20:00";400;;400;;;;;;;;;"1";"Involontaire (particulier)";;;;;""
2016;5124;"48";"48095";"Mende";"2016-04-20 23:34:00";10000;10000;;;;;;;;;;"1";;;;;;""
2016;5454;"11";"11170";"Gruissan";"2016-04-21 03:31:00";1500;;;;;;;;;;;;"Involontaire (particulier)";;;;;""
2016;1367;"72";"72053";"Challes";"2016-04-21 07:23:00";30000;30000;;0;;;0;0;0;0;"Estimées";;;;;;;""
2016;5182;"83";"83061";"Fréjus";"2016-04-21 12:26:00";200;200;;;;;;;;;;"5";"Involontaire (travaux)";;;;;""
2016;1368;"72";"72154";"La Flèche";"2016-04-21 14:30:00";150;150;;0;;;0;0;0;0;"Estimées";;;;;;;""
2016;43;"58";"58128";"Glux-en-Glenne";"2016-04-21 15:08:00";2500;2500;;0;;;0;0;0;0;"Estimées";;;;;;;""
2016;2670;"40";"40184";"Mimizan";"2016-04-21 16:10:00";50;50;;0;;;0;;;0;;;;;;;;""
2016;7072;"2A";"2A024";"Aullène";"2016-04-21 16:30:00";300;;300;;;;;;;;;;;;;;;""
2016;5183;"83";"83085";"La Motte";"2016-04-21 18:03:00";1000;1000;;;;;;;;;;"4";"Involontaire (travaux)";;;;;""
2016;5241;"83";"83027";"La Cadière-d'Azur";"2016-04-23 12:36:00";100;100;;;;;;;;;;"4";"Involontaire (travaux)";;;;;""
2016;5710;"13";"13106";"Septèmes-les-Vallons";"2016-04-23 20:40:00";350;350;;;;;;;;;;;;;;;;""
2016;5723;"13";"13077";"Port-de-Bouc";"2016-04-24 07:24:00";100;100;;;;;;;;;;;"Involontaire (particulier)";;;;;""
2016;5711;"13";"13067";"Orgon";"2016-04-24 11:33:00";500;100;100;;;;;;;300;;;;;;;;""
2016;5712;"13";"13007";"Auriol";"2016-04-24 12:27:00";100;100;;;;;;;;;;;"Accidentelle";;;;;""
2016;5234;"2B";"2B124";"Ghisoni";"2016-04-24 12:48:00";50;;;;;;;;;;;"1";;;;;;""
2016;5713;"13";"13047";"Istres";"2016-04-24 14:00:00";600;600;;;;;;;;;;;"Malveillance";;;;;""
2016;6720;"2A";"2A041";"Bonifacio";"2016-04-24 14:44:00";300;;300;;;;;;;;;"1";"Involontaire (particulier)";;;;;""
2016;5512;"34";"34162";"Montagnac";"2016-04-24 14:54:00";2700;;;;;;;;;;;"4";"Accidentelle";;;;;""
2016;6721;"2A";"2A004";"Ajaccio";"2016-04-24 15:46:00";10;;10;;;;;;;;;;;;;;;""
2016;5717;"13";"13090";"Saint-Antonin-sur-Bayon";"2016-04-24 16:43:00";100;100;;;;;;;;;;;;;;;;""
2016;5718;"13";"13103";"Salon-de-Provence";"2016-04-24 16:44:00";100;100;;;;;;;;;;;"Accidentelle";;;;;""
2016;5719;"13";"13023";"Ceyreste";"2016-04-24 16:48:00";100;100;;;;;;;;;;;"Involontaire (particulier)";;;;;""
2016;5720;"13";"13091";"Saint-Cannat";"2016-04-24 17:27:00";200;200;;;;;;;;;;;"Involontaire (particulier)";;;;;""
2016;5721;"13";"13110";"Trets";"2016-04-24 18:04:00";150;50;100;;;;;;;;;;"Involontaire (travaux)";;;;;""
2016;5722;"13";"13001";"Aix-en-Provence";"2016-04-24 21:29:00";150;150;;;;;;;;;;;"Involontaire (particulier)";;;;;""
2016;5258;"04";"04053";"Châteauneuf-Val-Saint-Donat";"2016-04-24 22:30:00";350;350;;;;;;;;;;"2";"Involontaire (particulier)";;;;;""
2016;5725;"13";"13033";"Ensuès-la-Redonne";"2016-04-25 01:17:00";14800;14800;;;;;;;;;;;"Accidentelle";;;;;""
2016;5441;"66";"66019";"Bélesta";"2016-04-25 11:39:00";300;300;;;;;;;;;;"4";"Malveillance";;;;;""
2016;5724;"13";"13047";"Istres";"2016-04-25 18:28:00";600;600;;;;;;;;;;;"Malveillance";;;;;""
2016;6724;"2A";"2A035";"Belvédère-Campomoro";"2016-04-25 19:55:00";10;;10;;;;;;;;;;;;;;;""
2016;5455;"11";"11203";"Lézignan-Corbières";"2016-04-25 19:55:00";50;;;;;;;;;;;;;;;;;""
2016;5442;"66";"66115";"Montesquieu-des-Albères";"2016-04-25 22:21:00";500;;500;;;;;;;;;"1";;;;;;""
2016;2669;"40";"40168";"Magescq";"2016-04-26 10:42:00";100;100;;0;;;0;;;0;;;"Involontaire (travaux)";;;;;""
2016;5458;"66";"66205";"Tautavel";"2016-04-26 12:01:00";1000;200;800;;;;;;;;;"1";"Malveillance";;;;;""
2016;6864;"34";"34016";"Aumelas";"2016-04-26 15:26:00";17000;;10000;;;;;;;7000;;"1";"Involontaire (particulier)";;;;;""
2016;1369;"72";"72339";"Souligné-Flacé";"2016-04-26 15:48:00";10;10;;0;;;0;0;0;0;"Estimées";;;;;;;""
2016;2493;"33";"33202";"Hostens";"2016-04-26 16:04:00";2000;2000;;0;;;0;;;0;;;"Involontaire (travaux)";;;;;""
2016;7029;"11";"11170";"Gruissan";"2016-04-26 16:58:00";1;;;;;;;;;;;;"Involontaire (travaux)";;;;;""
2016;6723;"2A";"2A103";"Cuttoli-Corticchiato";"2016-04-26 21:15:00";1000;;1000;;;;;;;;;"1";;;;;;""
2016;5256;"06";"06130";"Saint-Vallier-de-Thiey";"2016-04-27 09:41:00";100;100;;;;;;;;;;"4";"Accidentelle";;;;;""
2016;5523;"34";"34225";"Puisserguier";"2016-04-27 11:57:00";4200;4200;;;;;;;;;;"4";"Involontaire (particulier)";;;;;""
2016;5269;"2B";"2B112";"Feliceto";"2016-04-27 14:49:00";100;;;;;;;;;;;"1";"Malveillance";;;;;""
2016;5270;"2B";"2B340";"Velone-Orneto";"2016-04-27 16:35:00";6000;;;;;;;;;;;"1";;;;;;""
2016;2668;"40";"40046";"Biscarrosse";"2016-04-27 17:55:00";3000;3000;;0;;;0;;;0;;;"Involontaire (particulier)";;;;;""
2016;5275;"2B";"2B280";"Silvareccio";"2016-04-27 18:05:00";10000;;;;;;;;;;;"1";"Malveillance";;;;;""
2016;5529;"34";"34103";"Fontès";"2016-04-27 21:29:00";500;;500;;;;;;;;;"1";"Malveillance";;;;;""
2016;2490;"33";"33498";"Salles";"2016-04-27 21:55:00";500;500;;0;;;0;;;0;;;;;;;;""
2016;6726;"2A";"2A209";"Peri";"2016-04-28 00:08:00";200;;200;;;;;;;;;"1";"Involontaire (particulier)";;;;;""
2016;5688;"48";"48170";"Saint-Martin-de-Boubaux";"2016-04-28 11:36:00";22100;21600;500;;;;;;;;;"4";"Involontaire (particulier)";;;;;""
2016;5456;"11";"11007";"Albières";"2016-04-28 12:35:00";450;;;;;;;;;;;;"Involontaire (travaux)";;;;;""
2016;5566;"83";"83027";"La Cadière-d'Azur";"2016-04-28 14:03:00";500;500;;;;;;;;;;"4";"Involontaire (travaux)";;;;;""
2016;5457;"11";"11116";"Cuxac-d'Aude";"2016-04-28 14:13:00";5000;;;;;;;;;;;;"Involontaire (travaux)";;;;;""
2016;5702;"07";"07226";"Saint-Clément";"2016-04-28 15:42:00";30000;10000;20000;;;;;;;;;"1";"Involontaire (travaux)";;;;;""
2016;5726;"13";"13115";"Vernègues";"2016-04-28 16:19:00";3400;3400;;;;;;;;;;;"Involontaire (particulier)";;;;;""
2016;6433;"26";"26284";"Roussas";"2016-04-28 22:01:00";1000;1000;;;;;;;;;;;;;;;;""
2016;5704;"07";"07322";"Thueyts";"2016-04-29 00:22:00";5000;;5000;;;;;;;;;"1";;;;;;""
2016;5534;"34";"34178";"Murviel-lès-Béziers";"2016-04-29 13:37:00";9300;2000;5000;;;;;;;2300;;"1";"Malveillance";;;;;""
2016;690;"77";"77359";"Perthes";"2016-04-29 17:38:00";20;20;;0;;;0;0;0;0;"Estimées";;;;;;;""
2016;5459;"66";"66005";"Angoustrine-Villeneuve-des-Escaldes";"2016-04-29 18:41:00";200;;200;;;;;;;;;"1";;;;;;""
2016;50;"46";"46311";"Sousceyrac-en-Quercy";"2016-04-29 18:48:00";3000;0;;3000;;;3000;0;0;0;"Estimées";;;;;;;""
2016;5404;"2B";"2B188";"Olmeta-di-Tuda";"2016-04-29 20:25:00";2000;;;;;;;;;;;"1";"Involontaire (particulier)";;;;;""
2016;5537;"34";"34225";"Puisserguier";"2016-05-01 08:30:00";1100;1100;;;;;;;;;;"4";"Involontaire (travaux)";;;;;""
2016;5460;"66";"66008";"Argelès-sur-Mer";"2016-05-01 12:53:00";800;200;600;;;;;;;;;"2";"Involontaire (travaux)";;;;;""
2016;5728;"13";"13112";"Velaux";"2016-05-01 14:37:00";200;200;;;;;;;;;;;;;;;;""
2016;2486;"33";"33452";"Saint-Michel-de-Rieufret";"2016-05-01 18:47:00";100000;100000;;0;;;0;;;0;;;;;;;;""
2016;5462;"66";"66069";"Espira-de-l'Agly";"2016-05-02 07:27:00";30000;5000;25000;;;;;;;;;"2";"Malveillance";;;;;""
2016;6332;"06";"06132";"Saorge";"2016-05-02 10:22:00";3324;3324;;;;;;;;;;"4";;;;;;""
2016;5538;"34";"34178";"Murviel-lès-Béziers";"2016-05-02 14:18:00";6500;6500;;;;;;;;;;"6";"Malveillance";;;;;""
2016;2666;"40";"40184";"Mimizan";"2016-05-02 16:25:00";200;200;;0;;;0;;;0;;;;;;;;""
2016;5729;"13";"13026";"Châteauneuf-les-Martigues";"2016-05-02 17:10:00";180;180;;;;;;;;;;;"Malveillance";;;;;""
2016;5463;"66";"66069";"Espira-de-l'Agly";"2016-05-02 17:48:00";1000;500;500;;;;;;;;;"2";"Malveillance";;;;;""
2016;5407;"04";"04231";"Valernes";"2016-05-02 17:55:00";6400;6400;;;;;;;;;;"3";"Involontaire (particulier)";;;;;""
2016;5731;"13";"13026";"Châteauneuf-les-Martigues";"2016-05-03 08:16:00";220;220;;;;;;;;;;;"Malveillance";;;;;""
2016;5541;"34";"34061";"Causses-et-Veyran";"2016-05-03 09:53:00";3700;3700;;;;;;;;;;"3";"Involontaire (travaux)";;;;;""
2016;5730;"13";"13088";"Le Rove";"2016-05-03 10:58:00";1900;1900;;;;;;;;;;;"Malveillance";;;;;""
2016;5543;"34";"34061";"Causses-et-Veyran";"2016-05-03 14:01:00";6900;;6900;;;;;;;;;"1";"Involontaire (travaux)";;;;;""
2016;5733;"13";"13026";"Châteauneuf-les-Martigues";"2016-05-03 14:56:00";450;450;;;;;;;;;;;"Malveillance";;;;;""
2016;2665;"40";"40184";"Mimizan";"2016-05-03 17:33:00";4000;4000;;0;;;0;;;0;;;;;;;;""
2016;5732;"13";"13051";"Lançon-Provence";"2016-05-03 17:53:00";100;100;;;;;;;;;;;"Involontaire (travaux)";;;;;""
2016;5544;"34";"34103";"Fontès";"2016-05-03 20:28:00";250;;250;;;;;;;;;"1";"Malveillance";;;;;""
2016;6725;"2A";"2A139";"Lecci";"2016-05-04 08:53:00";25;;25;;;;;;;;;;;;;;;""
2016;2664;"40";"40046";"Biscarrosse";"2016-05-04 10:45:00";10;10;;0;;;0;;;0;;;;;;;;""
2016;7030;"11";"11251";"Montlaur";"2016-05-04 12:13:00";5223;;;;;;;;;;;;"Involontaire (particulier)";;;;;""
2016;691;"77";"77186";"Fontainebleau";"2016-05-04 13:25:00";10000;10000;;0;;;0;0;0;0;"Estimées";;;;;;;""
2016;6728;"2A";"2A247";"Porto-Vecchio";"2016-05-04 14:00:00";50;;50;;;;;;;;;;;;;;;""
2016;72;"12";"12011";"Arvieu";"2016-05-04 14:23:00";100;0;;100;;;100;0;0;0;"Estimées";;;;;;;""
2016;7031;"11";"11322";"Roquefort-des-Corbières";"2016-05-04 15:04:00";1500;;;;;;;;;;;;"Involontaire (particulier)";;;;;""
2016;1644;"24";"24540";"Sorges et Ligueux en Périgord";"2016-05-04 15:50:00";40000;40000;;0;;;0;;;0;;;;;;;;""
2016;1643;"24";"24526";"Savignac-Lédrier";"2016-05-04 16:07:00";10000;10000;;0;;;0;;;0;;;;;;;;""
2016;1370;"72";"72187";"Marigné-Laillé";"2016-05-04 17:37:00";200;200;;0;;;0;0;0;0;"Estimées";;;;;;;""
2016;2482;"33";"33267";"Marcillac";"2016-05-04 17:56:00";3000;3000;;0;;;0;;;0;;;;;;;;""
2016;5546;"34";"34321";"Valergues";"2016-05-04 18:31:00";300;300;;;;;;;;;;"6";"Accidentelle";;;;;""
2016;75;"17";"17411";"Saint-Trojan-les-Bains";"2016-05-04 19:32:00";20;20;;0;;;0;0;0;0;"Estimées";;;;;;;""
2016;5736;"13";"13037";"La Fare-les-Oliviers";"2016-05-05 09:59:00";10000;10000;;;;;;;;;;;"Involontaire (particulier)";;;;;""
2016;5547;"34";"34183";"Nissan-lez-Enserune";"2016-05-05 10:19:00";37700;20000;10000;;;;;;;7700;;"1";"Involontaire (travaux)";;;;;""
2016;2662;"40";"40227";"Pissos";"2016-05-05 11:36:00";800;800;;0;;;0;;;0;;;;;;;;""
2016;5542;"34";"34092";"Cruzy";"2016-05-05 11:57:00";14600;10000;4600;;;;;;;;;"4";"Involontaire (travaux)";;;;;""
2016;5680;"66";"66134";"Passa";"2016-05-05 12:28:00";5000;500;4500;;;;;;;;;"2";;;;;;""
2016;5548;"34";"34004";"Agel";"2016-05-05 12:31:00";142600;100000;22600;;;;;;;20000;;"4";"Involontaire (particulier)";;;;;""
2016;5734;"13";"13047";"Istres";"2016-05-05 13:47:00";20000;20000;;;;;;;;;;;"Malveillance";;;;;""
2016;5588;"83";"83089";"Ollières";"2016-05-05 14:29:00";200;200;;;;;;;;;;"3";"Involontaire (particulier)";;;;;""
2016;5705;"07";"07339";"Vesseaux";"2016-05-05 14:31:00";1500;1500;;;;;;;;;;"4";"Involontaire (particulier)";;;;;""
2016;2479;"33";"33214";"Lacanau";"2016-05-05 14:39:00";1000;1000;;0;;;0;;;0;;;;;;;;""
2016;51;"43";"43206";"Saint-Just-près-Brioude";"2016-05-05 14:50:00";12700;12700;;0;;;0;0;0;0;"Mesurées";;"Involontaire (particulier)";;;;;""
2016;5681;"66";"66140";"Pézilla-la-Rivière";"2016-05-05 15:28:00";10000;3000;7000;;;;;;;;;"6";;;;;;""
2016;5735;"13";"13098";"Saint-Mitre-les-Remparts";"2016-05-05 15:39:00";2400;2000;400;;;;;;;;;;"Malveillance";;;;;""
2016;1237;"74";"74120";"Évires";"2016-05-05 17:54:00";15000;0;;15000;;;15000;0;0;0;"Mesurées";;;;;;;""
2016;2477;"33";"33056";"Blanquefort";"2016-05-05 18:35:00";500;500;;0;;;0;;;0;;;;;;;;""
2016;5607;"2B";"2B079";"Castello-di-Rostino";"2016-05-05 19:31:00";5000;;;;;;;;;;;"1";;;;;;""
2016;76;"17";"17147";"Écoyeux";"2016-05-05 21:27:00";250;250;;0;;;0;0;0;0;"Mesurées";;;;;;;""
2016;82;"19";"19199";"Saint-Étienne-aux-Clos";"2016-05-06 13:38:00";5000;5000;;0;;;0;0;0;0;"Estimées";;;;;;;""
2016;6729;"2A";"2A004";"Ajaccio";"2016-05-06 14:26:00";50;;50;;;;;;;;;;;;;;;""
2016;5739;"13";"13091";"Saint-Cannat";"2016-05-06 15:33:00";400;100;300;;;;;;;;;;"Malveillance";;;;;""
2016;5609;"2B";"2B199";"Palasca";"2016-05-06 15:35:00";650;;;;;;;;;;;"1";;;;;;""
2016;679;"38";"38256";"Montferrat";"2016-05-06 15:42:00";800;800;;0;;;0;0;0;0;"Estimées";;;;;;;""
2016;5737;"13";"13006";"Aureille";"2016-05-06 15:56:00";350;100;250;;;;;;;;;;"Involontaire (particulier)";;;;;""
2016;81;"19";"19231";"Saint-Pardoux-la-Croisille";"2016-05-06 16:17:00";60000;60000;;0;;;0;0;0;0;"Estimées";;;;;;;""
2016;1208;"73";"73129";"Grésy-sur-Isère";"2016-05-06 16:24:00";15000;15000;;0;;;0;0;0;0;"Estimées";;;;;;;""
2016;5549;"84";"84089";"Pertuis";"2016-05-06 16:56:00";2500;;;;;;;;;;;;;;;;;""
2016;2473;"33";"33193";"Grayan-et-l'Hôpital";"2016-05-06 17:21:00";200;200;;0;;;0;;;0;;;;;;;;""
2016;7032;"11";"11211";"Magrie";"2016-05-07 06:02:00";100;;;;;;;;;;;;"Accidentelle";;;;;""
2016;5611;"2B";"2B083";"Castirla";"2016-05-07 08:46:00";2000;;;;;;;;;;;"1";;;;;;""
2016;6333;"06";"06074";"Lantosque";"2016-05-07 10:46:00";87;87;;;;;;;;;;"4";"Malveillance";;;;;""
2016;6730;"2A";"2A065";"Cargèse";"2016-05-07 14:28:00";2000;;2000;;;;;;;;;"1";"Involontaire (travaux)";;;;;""
2016;74;"12";"12013";"Aubin";"2016-05-07 14:58:00";50000;50000;;0;;;0;0;0;0;"Estimées";;;;;;;""
2016;2472;"33";"33238";"Léognan";"2016-05-07 15:23:00";1000;1000;;0;;;0;;;0;;;;;;;;""
2016;5598;"83";"83049";"Cuers";"2016-05-07 15:38:00";500;500;;;;;;;;;;"4";"Malveillance";;;;;""
2016;7034;"11";"11014";"Armissan";"2016-05-07 15:54:00";1000;;;;;;;;;;;;"Involontaire (travaux)";;;;;""
2016;77;"17";"17070";"Brizambourg";"2016-05-07 16:40:00";1000;1000;;0;;;0;0;0;0;"Mesurées";;;;;;;""
2016;7567;"26";"26182";"Mirabel-aux-Baronnies";"2016-05-07 16:53:00";500;500;0;;;;;;;0;;;;;;;;""
2016;6349;"66";"66161";"Ria-Sirach";"2016-05-07 16:58:00";400;400;;;;;;;;;;"2";"Involontaire (particulier)";;;;;""
2016;682;"38";"38344";"Roussillon";"2016-05-07 17:54:00";500;500;;0;;;0;0;0;0;"Estimées";;;;;;;""
2016;1371;"72";"72357";"Thorée-les-Pins";"2016-05-07 18:27:00";500;500;;0;;;0;0;0;0;"Estimées";;;;;;;""
2016;2444;"33";"33238";"Léognan";"2016-05-07 18:30:00";3000;3000;;0;;;0;;;0;;;;;;;;""
2016;2661;"40";"40332";"Ychoux";"2016-05-07 23:00:00";500;500;;0;;;0;;;0;;;;;;;;""
2016;53;"46";"46143";"Lacapelle-Marival";"2016-05-08 11:12:00";30000;0;;30000;;;30000;0;0;0;"Estimées";;;;;;;""
2016;83;"19";"19023";"Beynat";"2016-05-08 14:27:00";10000;10000;;0;;;0;0;0;0;"Estimées";;"Accidentelle";;;;;""
2016;683;"38";"38494";"Soleymieu";"2016-05-08 14:37:00";500;500;;0;;;0;0;0;0;"Estimées";;;;;;;""
2016;5563;"04";"04123";"Mison";"2016-05-08 14:39:00";900;900;;;;;;;;;;"4";"Involontaire (particulier)";;;;;""
2016;2443;"33";"33233";"Laruscade";"2016-05-08 15:08:00";700;700;;0;;;0;;;0;;;;;;;;""
2016;78;"17";"17199";"Jussas";"2016-05-08 15:13:00";13500;13500;;0;;;0;0;0;0;"Mesurées";;;;;;;""
2016;684;"38";"38504";"Theys";"2016-05-08 15:24:00";50;50;;0;;;0;0;0;0;"Estimées";;;;;;;""
2016;1259;"88";"88486";"Vagney";"2016-05-08 17:30:00";300;300;;0;;;0;0;0;0;"Estimées";;;;;;;""
2016;2660;"40";"40095";"Estibeaux";"2016-05-08 18:54:00";2500;2500;;0;;;0;;;0;;;;;;;;""
2016;2442;"33";"33029";"Le Barp";"2016-05-08 23:36:00";2;2;;0;;;0;;;0;;;;;;;;""
2016;79;"17";"17313";"Saint-Bris-des-Bois";"2016-05-09 00:17:00";10200;10200;;0;;;0;0;0;0;"Mesurées";;;;;;;""
2016;6731;"2A";"2A103";"Cuttoli-Corticchiato";"2016-05-09 10:53:00";200;;200;;;;;;;;;;;;;;;""
2016;84;"19";"19045";"La Chapelle-Saint-Géraud";"2016-05-09 11:01:00";1500;1500;;0;;;0;0;0;0;"Estimées";;;;;;;""
2016;6732;"2A";"2A065";"Cargèse";"2016-05-09 11:41:00";200;;200;;;;;;;;;"1";"Involontaire (particulier)";;;;;""
2016;6734;"2A";"2A324";"Tavera";"2016-05-09 15:22:00";50;;50;;;;;;;;;;;;;;;""
2016;5647;"34";"34069";"Cazouls-lès-Béziers";"2016-05-09 16:59:00";26300;20000;6300;;;;;;;;;"6";"Malveillance";;;;;""
2016;5640;"83";"83113";"Saint-Julien";"2016-05-10 16:10:00";100;100;;;;;;;;;;"4";"Involontaire (particulier)";;;;;""
2016;6698;"2A";"2A006";"Alata";"2016-05-10 23:38:00";20;;20;;;;;;;;;"1";;;;;;""
2016;2659;"40";"40168";"Magescq";"2016-05-11 22:36:00";2000;2000;;0;;;0;;;0;;;"Accidentelle";;;;;""
2016;6735;"2A";"2A362";"Zonza";"2016-05-12 16:36:00";600;;600;;;;;;;;;;;;;;;""
2016;5644;"2B";"2B124";"Ghisoni";"2016-05-12 17:10:00";500;;;;;;;;;;;"1";;;;;;""
2016;2440;"33";"33205";"Illats";"2016-05-13 15:28:00";100;100;;0;;;0;;;0;;;;;;;;""
2016;2725;"49";"49045";"La Breille-les-Pins";"2016-05-14 06:00:00";1500000;1500000;;0;;;0;0;0;0;"Mesurées";;"Accidentelle";;;;;""
2016;1372;"72";"72119";"Domfront-en-Champagne";"2016-05-14 10:21:00";3;3;;0;;;0;0;0;0;"Estimées";;;;;;;""
2016;5656;"83";"83117";"Saint-Paul-en-Forêt";"2016-05-14 11:29:00";3;3;;;;;;;;;;"3";"Involontaire (particulier)";;;;;""
2016;5740;"13";"13028";"La Ciotat";"2016-05-14 16:35:00";7000;7000;;;;;;;;;;;;;;;;""
2016;5741;"13";"13056";"Martigues";"2016-05-15 11:02:00";2000;2000;;;;;;;;;;;;;;;;""
2016;5707;"07";"07117";"Lablachère";"2016-05-15 20:45:00";1500;;1500;;;;;;;;;"1";;;;;;""
2016;6736;"2A";"2A362";"Zonza";"2016-05-15 23:11:00";20;;20;;;;;;;;;;;;;;;""
2016;2438;"33";"33273";"Martignas-sur-Jalle";"2016-05-16 00:09:00";600;600;;0;;;0;;;0;;;"Accidentelle";;;;;""
2016;5786;"34";"34157";"Mèze";"2016-05-16 10:57:00";3500;3500;;;;;;;;;;"4";"Malveillance";;;;;""
2016;6737;"2A";"2A163";"Monacia-d'Aullène";"2016-05-16 16:19:00";50;;50;;;;;;;;;;;;;;;""
2016;5661;"83";"83009";"Bandol";"2016-05-16 16:25:00";15000;15000;;;;;;;;;;"4";"Malveillance";;;;;""
2016;2437;"33";"33273";"Martignas-sur-Jalle";"2016-05-16 17:49:00";10000;10000;;0;;;0;;;0;;;"Accidentelle";;;;;""
2016;7035;"11";"11198";"Laure-Minervois";"2016-05-16 19:27:00";100;;;;;;;;;;;;"Accidentelle";;;;;""
2016;5789;"34";"34157";"Mèze";"2016-05-16 22:55:00";900;900;;;;;;;;;;"4";"Malveillance";;;;;""
2016;5662;"83";"83082";"Montferrat";"2016-05-17 15:39:00";1500;1500;;;;;;;;;;"2";"Involontaire (particulier)";;;;;""
2016;751;"38";"38320";"Porcieu-Amblagnieu";"2016-05-17 17:05:00";30000;30000;;0;;;0;0;0;0;"Estimées";;;;;;;""
2016;7036;"11";"11144";"Fitou";"2016-05-17 18:14:00";40;;;;;;;;;;;;"Involontaire (particulier)";;;;;""
2016;6738;"2A";"2A163";"Monacia-d'Aullène";"2016-05-18 17:03:00";1200;;1200;;;;;;;;;;;;;;;""
2016;5796;"34";"34069";"Cazouls-lès-Béziers";"2016-05-19 21:06:00";1600;1600;;;;;;;;;;"4";"Malveillance";;;;;""
2016;2435;"33";"33273";"Martignas-sur-Jalle";"2016-05-19 22:08:00";200;200;;0;;;0;;;0;;;;;;;;""
2016;6073;"2B";"2B123";"Ghisonaccia";"2016-05-20 14:02:00";30000;;;;;;;;;;;"1";;;;;;""
2016;7037;"11";"11397";"Trèbes";"2016-05-20 15:39:00";500;;;;;;;;;;;;"Involontaire (particulier)";;;;;""
2016;5751;"83";"83073";"Le Luc";"2016-05-20 18:45:00";1500;1500;;;;;;;;;;"4";"Involontaire (particulier)";;;;;""
2016;5772;"2B";"2B167";"Montegrosso";"2016-05-21 11:11:00";3000;;;;;;;;;;;"1";"Involontaire (travaux)";;;;;""
2016;5773;"2B";"2B281";"Sisco";"2016-05-21 12:25:00";50;;;;;;;;;;;"1";;;;;;""
2016;6739;"2A";"2A215";"Pianottoli-Caldarello";"2016-05-21 13:05:00";200;;200;;;;;;;;;;;;;;;""
2016;6741;"2A";"2A004";"Ajaccio";"2016-05-21 13:52:00";1000;;500;;;;;;;500;;"1";;;;;;""
2016;6740;"2A";"2A247";"Porto-Vecchio";"2016-05-21 14:48:00";300;;300;;;;;;;;;;;;;;;""
2016;95;"43";"43249";"Valprivas";"2016-05-21 15:39:00";600;0;;600;;;600;0;0;0;"Estimées";;;;;;;""
2016;6482;"13";"13112";"Velaux";"2016-05-21 16:44:00";500;500;;;;;;;;;;;;;;;;""
2016;2428;"33";"33056";"Blanquefort";"2016-05-21 18:09:00";150;50;;0;;;0;;;100;;;;;;;;""
2016;1835;"47";"47249";"Saint-Laurent";"2016-05-21 19:54:00";5000;5000;;0;;;0;;;0;;;;;;;;""
2016;2427;"33";"33229";"Lanton";"2016-05-21 20:57:00";40;40;;0;;;0;;;0;;;"Naturelle";;;;;""
2016;99;"12";"12305";"Viviez";"2016-05-22 09:12:00";300;0;;300;;;300;0;0;0;"Estimées";;"Involontaire (particulier)";;;;;""
2016;6996;"2A";"2A001";"Afa";"2016-05-22 13:18:00";3000;;3000;;;;;;;;;"1";;;;;;""
2016;6997;"2A";"2A114";"Figari";"2016-05-22 17:01:00";50;;;;;;;;;;;;;;;;;""
2016;7038;"11";"11330";"Rustiques";"2016-05-24 14:19:00";100;;;;;;;;;;;;"Malveillance";;;;;""
2016;6999;"2A";"2A288";"Sotta";"2016-05-25 12:26:00";200;;200;;;;;;;;;;;;;;;""
2016;6077;"2B";"2B238";"Poggio-di-Venaco";"2016-05-25 12:34:00";1000;;;;;;;;;;;"1";;;;;;""
2016;6701;"2A";"2A065";"Cargèse";"2016-05-25 15:17:00";10000;;10000;;;;;;;;;;;;;;;""
2016;6238;"83";"83106";"Rocbaron";"2016-05-25 15:44:00";1550;1550;;;;;;;;;;"3";"Malveillance";;;;;""
2016;6248;"83";"83106";"Rocbaron";"2016-05-25 16:03:00";40;40;;;;;;;;;;"3";"Malveillance";;;;;""
2016;6702;"2A";"2A247";"Porto-Vecchio";"2016-05-25 18:01:00";200;;200;;;;;;;0;;;;;;;;""
2016;7001;"2A";"2A348";"Vico";"2016-05-25 18:19:00";200;;200;;;;;;;;;"1";"Involontaire (particulier)";;;;;""
2016;6243;"2B";"2B123";"Ghisonaccia";"2016-05-26 12:16:00";100;;;;;;;;;;;"1";;;;;;""
2016;6241;"83";"83106";"Rocbaron";"2016-05-26 19:22:00";400;400;;;;;;;;;;"3";"Malveillance";;;;;""
2016;6249;"2B";"2B123";"Ghisonaccia";"2016-05-26 19:38:00";50;;;;;;;;;;;"1";;;;;;""
2016;6703;"2A";"2A348";"Vico";"2016-05-26 22:38:00";20;;20;;;;;;;;;"1";"Involontaire (particulier)";;;;;""
2016;6481;"13";"13002";"Allauch";"2016-05-27 10:27:00";50;50;;;;;;;;;;;;;;;;""
2016;7002;"2A";"2A247";"Porto-Vecchio";"2016-05-27 15:36:00";1331;;1331;;;;;;;;;"1";"Involontaire (particulier)";;;;;""
2016;7003;"2A";"2A215";"Pianottoli-Caldarello";"2016-05-27 15:44:00";200;;200;;;;;;;;;;;;;;;""
2016;100;"46";"46070";"Cieurac";"2016-05-27 16:05:00";2500;0;;2500;;;2500;0;0;0;"Estimées";;;;;;;""
2016;4607;"36";"36189";"Saint-Denis-de-Jouhet";"2016-05-27 18:49:00";200;200;;0;;;0;0;0;0;"Estimées";;;;;;;""
2016;101;"17";"17243";"Montlieu-la-Garde";"2016-05-27 19:04:00";1000;1000;;0;;;0;0;0;0;"Mesurées";;;;;;;""
2016;6263;"83";"83106";"Rocbaron";"2016-05-27 20:00:00";500;500;;;;;;;;;;"3";"Malveillance";;;;;""
2016;6275;"83";"83050";"Draguignan";"2016-05-28 03:41:00";2300;2300;;;;;;;;;;"4";"Malveillance";;;;;""
2016;6347;"83";"83072";"Lorgues";"2016-05-28 11:28:00";3800;3800;;;;;;;;;;"4";"Involontaire (particulier)";;;;;""
2016;2425;"33";"33424";"Saint-Laurent-Médoc";"2016-05-28 17:11:00";1000;1000;;0;;;0;;;0;;;"Naturelle";;;;;""
2016;7004;"2A";"2A065";"Cargèse";"2016-05-28 20:21:00";100;;;;;;;;;;;;;;;;;""
2016;6335;"06";"06074";"Lantosque";"2016-05-28 22:52:00";62601;10000;52601;;;;;;;;;"1";"Malveillance";;;;;""
2016;7005;"2A";"2A362";"Zonza";"2016-05-29 09:14:00";50;;;;;;;;;;;;;;;;;""
2016;7039;"11";"11255";"Montredon-des-Corbières";"2016-05-29 13:29:00";1000;;;;;;;;;;;;"Malveillance";;;;;""
2016;2658;"40";"40123";"Herm";"2016-05-29 15:50:00";11000;11000;;0;;;0;;;0;;;"Naturelle";;;;;""
2016;7006;"2A";"2A272";"Sartène";"2016-05-30 15:58:00";50;;50;;;;;;;;;"1";"Involontaire (travaux)";;;;;""
2016;6341;"2B";"2B152";"Luri";"2016-05-31 12:28:00";10000;;;;;;;;;;;"1";"Involontaire (particulier)";;;;;""
2016;7007;"2A";"2A362";"Zonza";"2016-05-31 14:31:00";200;;200;;;;;;;;;;;;;;;""
2016;7041;"11";"11262";"Narbonne";"2016-05-31 14:36:00";300;;;;;;;;;;;;;;;;;""
2016;7008;"2A";"2A130";"Grosseto-Prugna";"2016-05-31 15:29:00";2000;;;;;;;;;;;;;;;;;""
2016;6480;"13";"13047";"Istres";"2016-05-31 16:05:00";1500;1500;;;;;;;;;;;;;;;;""
2016;7010;"2A";"2A142";"Levie";"2016-05-31 16:29:00";400;;400;;;;;;;;;"1";"Involontaire (particulier)";;;;;""
2016;7012;"2A";"2A041";"Bonifacio";"2016-06-01 11:59:00";200;;200;;;;;;;;;"1";;;;;;""
2016;7040;"11";"11043";"Bouilhonnac";"2016-06-01 18:59:00";25;;;;;;;;;;;;"Malveillance";;;;;""
2016;12684;"2A";"2A362";"Zonza";"2016-06-03 12:44:00";20;;;;;;;;;20;;;;;;;;""
2016;6479;"13";"13071";"Les Pennes-Mirabeau";"2016-06-03 14:49:00";2000;1000;;;;;;;;1000;;;"Accidentelle";;;;;""
2016;7013;"2A";"2A247";"Porto-Vecchio";"2016-06-03 15:55:00";400;;400;;;;;;;;;"1";"Involontaire (particulier)";;;;;""
2016;6606;"66";"66138";"Peyrestortes";"2016-06-04 10:32:00";5000;;5000;;;;;;;;;"1";"Involontaire (travaux)";;;;;""
2016;6616;"66";"66196";"Sorède";"2016-06-04 11:43:00";4000;;4000;;;;;;;;;"1";"Involontaire (travaux)";;;;;""
2016;7014;"2A";"2A284";"Sollacaro";"2016-06-04 14:03:00";300;;300;;;;;;;;;"1";"Involontaire (travaux)";;;;;""
2016;6443;"2B";"2B105";"Erbajolo";"2016-06-04 14:18:00";10000;;;;;;;;;;;"1";;;;;;""
2016;6457;"83";"83075";"Les Mayons";"2016-06-04 17:12:00";30;30;;;;;;;;;;"3";"Naturelle";;;;;""
2016;7042;"11";"11436";"Villesèque-des-Corbières";"2016-06-04 17:19:00";300;;;;;;;;;;;;"Naturelle";;;;;""
2016;7043;"11";"11124";"Durban-Corbières";"2016-06-04 18:00:00";3300;;;;;;;;;;;;"Naturelle";;;;;""
2016;6472;"13";"13063";"Miramas";"2016-06-05 17:20:00";10;10;;;;;;;;;;;;;;;;""
2016;7015;"2A";"2A191";"Olmiccia";"2016-06-05 17:31:00";1500;;1500;;;;;;;;;"1";"Involontaire (particulier)";;;;;""
2016;7016;"2A";"2A004";"Ajaccio";"2016-06-05 18:06:00";2000;;2000;;;;;;;;;"1";"Involontaire (particulier)";;;;;""
2016;6499;"04";"04189";"Saint-Martin-de-Brômes";"2016-06-05 18:07:00";60;60;;;;;;;;;;"4";"Naturelle";;;;;""
2016;6473;"13";"13077";"Port-de-Bouc";"2016-06-05 18:20:00";300;150;150;;;;;;;0;;;;;;;;""
2016;6767;"34";"34101";"Florensac";"2016-06-05 19:12:00";24500;4500;20000;;;;;;;;;"1";"Malveillance";;;;;""
2016;6471;"13";"13106";"Septèmes-les-Vallons";"2016-06-06 14:51:00";200;200;;;;;;;;;;;;;;;;""
2016;7017;"2A";"2A114";"Figari";"2016-06-06 15:35:00";300;;300;;;;;;;;;;;;;;;""
2016;6462;"83";"83071";"La Londe-les-Maures";"2016-06-07 02:19:00";10;10;;;;;;;;;;"3";"Accidentelle";;;;;""
2016;7018;"2A";"2A065";"Cargèse";"2016-06-07 08:49:00";2500;2500;;;;;;;;;;"1";"Involontaire (particulier)";;;;;""
2016;6474;"13";"13047";"Istres";"2016-06-07 13:34:00";100;100;;;;;;;;0;;;;;;;;""
2016;6467;"2B";"2B207";"Penta-di-Casinca";"2016-06-07 14:24:00";3000;;;;;;;;;;;"1";;;;;;""
2016;6475;"13";"13077";"Port-de-Bouc";"2016-06-07 15:34:00";30;30;;;;;;;;0;;;;;;;;""
2016;6476;"13";"13090";"Saint-Antonin-sur-Bayon";"2016-06-07 19:27:00";2;2;;;;;;;;;;;;;;;;""
2016;7019;"2A";"2A211";"Petreto-Bicchisano";"2016-06-08 11:12:00";50;;50;;;;;;;;;"1";"Involontaire (travaux)";;;;;""
2016;10173;"11";"11129";"Espéraza";"2016-06-08 16:07:00";1500;;;;;;;;;;;;"Accidentelle";;;;;""
2016;6478;"13";"13077";"Port-de-Bouc";"2016-06-08 16:48:00";4000;2000;2000;;;;;;;0;;;;;;;;""
2016;9918;"26";"26345";"Suze-la-Rousse";"2016-06-08 18:15:00";500;500;;;;;;;;;;;;;;;;""
2016;6607;"13";"13063";"Miramas";"2016-06-09 14:29:00";50;50;;;;;;;;0;;;;;;;;""
2016;6608;"13";"13040";"Fuveau";"2016-06-09 15:23:00";60;60;;;;;;;;;;;"Malveillance";;;;;""
2016;6609;"13";"13088";"Le Rove";"2016-06-09 15:55:00";2;2;;;;;;;;;;;;;;;;""
2016;6610;"13";"13050";"Lambesc";"2016-06-09 16:42:00";400;400;;;;;;;;;;;;;;;;""
2016;6612;"13";"13047";"Istres";"2016-06-09 18:03:00";100;100;;;;;;;;;;;;;;;;""
2016;6613;"13";"13051";"Lançon-Provence";"2016-06-09 19:10:00";20;20;;;;;;;;;;;"Involontaire (particulier)";;;;;""
2016;6614;"13";"13014";"Berre-l'Étang";"2016-06-09 19:34:00";50;50;;;;;;;;;;;;;;;;""
2016;436;"45";"45346";"Vitry-aux-Loges";"2016-06-09 20:24:00";10000;10000;;0;;;0;0;0;0;"Estimées";;;;;;;""
2016;6781;"34";"34103";"Fontès";"2016-06-09 22:15:00";1200;0;1200;;;;;;;0;;"1";"Malveillance";;;;;""
2016;6774;"34";"34103";"Fontès";"2016-06-09 22:15:00";1000;;1000;;;;;;;;;"1";"Malveillance";;;;;""
2016;6662;"66";"66071";"Estagel";"2016-06-10 12:55:00";200;;200;;;;;;;;;"1";"Accidentelle";;;;;""
2016;6615;"13";"13047";"Istres";"2016-06-10 14:48:00";50;50;;;;;;;;;;;"Involontaire (particulier)";;;;;""
2016;6663;"66";"66019";"Bélesta";"2016-06-10 16:07:00";100;100;;;;;;;;;;"2";"Naturelle";;;;;""
2016;6617;"13";"13058";"Maussane-les-Alpilles";"2016-06-11 12:01:00";1000;1000;;;;;;;;;;;;;;;;""
2016;6619;"13";"13055";"Marseille";"2016-06-12 00:14:00";100;100;;;;;;;;;;;;;;;;""
2016;7406;"11";"11261";"Moux";"2016-06-12 15:40:00";1500;;;;;;;;;;;;"Involontaire (particulier)";;;;;""
2016;6565;"2B";"2B124";"Ghisoni";"2016-06-12 16:35:00";800;;;;;;;;;;;"1";;;;;;""
2016;7021;"2A";"2A189";"Olmeto";"2016-06-12 17:18:00";100;;100;;;;;;;;;"1";"Involontaire (particulier)";;;;;""
2016;6561;"2B";"2B012";"Altiani";"2016-06-12 18:24:00";20000;;;;;;;;;;;"1";"Malveillance";;;;;""
2016;2655;"40";"40157";"Lit-et-Mixe";"2016-06-13 01:29:00";200;200;;0;;;0;;;0;;;;;;;;""
2016;6704;"2A";"2A006";"Alata";"2016-06-13 08:05:00";50;;50;;;;;;;;;"1";;;;;;""
2016;6627;"13";"13028";"La Ciotat";"2016-06-13 13:19:00";30;30;;;;;;;;;;;;;;;;""
2016;6623;"13";"13019";"Cabriès";"2016-06-13 13:28:00";6000;;;;;;;;;6000;;;"Involontaire (particulier)";;;;;""
2016;6572;"83";"83101";"Ramatuelle";"2016-06-13 14:30:00";200;200;;;;;;;;;;"4";"Involontaire (particulier)";;;;;""
2016;6629;"13";"13039";"Fos-sur-Mer";"2016-06-13 18:26:00";1000;500;500;;;;;;;;;;;;;;;""
2016;6631;"13";"13088";"Le Rove";"2016-06-13 23:58:00";800;800;;;;;;;;;;;"Accidentelle";;;;;""
2016;6782;"84";"84091";"Piolenc";"2016-06-14 06:26:00";2500;;;;;;;;;;;;;;;;;""
2016;6636;"13";"13001";"Aix-en-Provence";"2016-06-14 12:40:00";1226300;726300;;;;;;;;500000;;;;;;;;""
2016;6638;"13";"13026";"Châteauneuf-les-Martigues";"2016-06-14 14:18:00";20;20;;;;;;;;0;;;"Involontaire (travaux)";;;;;""
2016;7046;"11";"11379";"Sigean";"2016-06-14 14:19:00";27082;;;;;;;;;;;;"Involontaire (particulier)";;;;;""
2016;6640;"13";"13071";"Les Pennes-Mirabeau";"2016-06-14 15:05:00";1000;1000;;;;;;;;;;;;;;;;""
2016;6642;"13";"13091";"Saint-Cannat";"2016-06-14 15:20:00";24100;23940;;;;;;;;160;;;"Involontaire (particulier)";;;;;""
2016;7023;"2A";"2A139";"Lecci";"2016-06-14 16:19:00";378;;378;;;;;;;;;"1";"Involontaire (particulier)";;;;;""
2016;7024;"2A";"2A209";"Peri";"2016-06-14 19:04:00";300;;;;;;;;;;;;;;;;;""
2016;6645;"13";"13107";"Simiane-Collongue";"2016-06-14 21:41:00";10;10;;;;;;;;0;;;;;;;;""
2016;6591;"2B";"2B182";"Occhiatana";"2016-06-16 09:05:00";12000;;;;;;;;;;;"1";"Malveillance";;;;;""
2016;6647;"13";"13103";"Salon-de-Provence";"2016-06-16 18:08:00";10000;;;;;;;;;10000;;;"Malveillance";;;;;""
2016;6809;"34";"34178";"Murviel-lès-Béziers";"2016-06-17 15:00:00";27350;20000;7350;;;;;;;;;"6";"Malveillance";;;;;""
2016;6884;"13";"13088";"Le Rove";"2016-06-17 16:34:00";1500;1500;;;;;;;;;;;;;;;;""
2016;6885;"13";"13106";"Septèmes-les-Vallons";"2016-06-17 18:58:00";50;50;;;;;;;;0;;;;;;;;""
2016;6886;"13";"13033";"Ensuès-la-Redonne";"2016-06-18 09:04:00";2;2;;;;;;;;;;;"Involontaire (particulier)";;;;;""
2016;6887;"13";"13088";"Le Rove";"2016-06-18 12:06:00";25;25;;;;;;;;;;;;;;;;""
2016;6706;"2A";"2A006";"Alata";"2016-06-18 12:23:00";1000;;1000;;;;;;;;;"1";"Involontaire (particulier)";;;;;""
2016;7158;"66";"66014";"Baixas";"2016-06-18 18:05:00";25000;10000;15000;;;;;;;;;"2";"Accidentelle";;;;;""
2016;6812;"34";"34069";"Cazouls-lès-Béziers";"2016-06-18 18:52:00";4000;3000;1000;;;;;;;;;"1";"Malveillance";;;;;""
2016;7159;"66";"66136";"Perpignan";"2016-06-18 19:22:00";3000;;3000;;;;;;;;;"1";;;;;;""
2016;6813;"34";"34069";"Cazouls-lès-Béziers";"2016-06-18 19:23:00";700;700;;;;;;;;;;"6";"Malveillance";;;;;""
2016;8471;"2A";"2A247";"Porto-Vecchio";"2016-06-18 19:38:00";200;;;;;;;;;;;;;;;;;""
2016;6707;"2A";"2A247";"Porto-Vecchio";"2016-06-18 19:38:00";19000;;19000;;;;;;;;;"1";"Involontaire (particulier)";;;;;""
2016;6683;"2B";"2B341";"Venaco";"2016-06-18 20:30:00";5000;;;;;;;;;;;"1";;;;;;""
2016;6888;"13";"13029";"Cornillon-Confoux";"2016-06-19 10:02:00";400;400;;;;;;;;;;;"Involontaire (particulier)";;;;;""
2016;6890;"13";"13001";"Aix-en-Provence";"2016-06-19 11:30:00";40;40;;;;;;;;;;;;;;;;""
2016;6891;"13";"13098";"Saint-Mitre-les-Remparts";"2016-06-19 14:12:00";100;100;;;;;;;;0;;;;;;;;""
2016;6892;"13";"13071";"Les Pennes-Mirabeau";"2016-06-19 14:50:00";30;30;;;;;;;;0;;;;;;;;""
2016;7160;"66";"66016";"Banyuls-sur-Mer";"2016-06-19 14:51:00";1200000;200000;1000000;;;;;;;;;"1";"Involontaire (particulier)";;;;;""
2016;6818;"34";"34322";"Valflaunès";"2016-06-19 15:04:00";2800;800;0;;;;;;;2000;;"3";"Involontaire (particulier)";;;;;""
2016;6819;"34";"34070";"Cébazan";"2016-06-19 15:06:00";600;0;600;;;;;;;;;"1";"Involontaire (particulier)";;;;;""
2016;7161;"66";"66136";"Perpignan";"2016-06-19 15:14:00";7500;;7500;;;;;;;;;"1";;;;;;""
2016;6893;"13";"13103";"Salon-de-Provence";"2016-06-19 15:19:00";3000;3000;;;;;;;;;;;"Malveillance";;;;;""
2016;6894;"13";"13103";"Salon-de-Provence";"2016-06-19 16:04:00";500;250;250;;;;;;;0;;;"Malveillance";;;;;""
2016;6895;"13";"13092";"Saint-Chamas";"2016-06-19 18:00:00";100;100;;;;;;;;;;;;;;;;""
2016;6820;"34";"34069";"Cazouls-lès-Béziers";"2016-06-19 18:04:00";5200;2000;3200;;;;;;;;;"1";"Malveillance";;;;;""
2016;2423;"33";"33376";"Saint-Aubin-de-Médoc";"2016-06-19 19:48:00";300;300;;0;;;0;;;0;;;"Accidentelle";;;;;""
2016;6896;"13";"13067";"Orgon";"2016-06-19 19:49:00";2000;2000;;;;;;;;;;;"Involontaire (particulier)";;;;;""
2016;6691;"2B";"2B037";"Biguglia";"2016-06-20 10:23:00";25000;;;;;;;;;;;"1";;;;;;""
2016;7028;"2A";"2A189";"Olmeto";"2016-06-20 17:17:00";5000;;;;;;;;;;;"1";"Involontaire (travaux)";;;;;""
2016;6897;"13";"13071";"Les Pennes-Mirabeau";"2016-06-20 17:48:00";5500;5500;;;;;;;;;;;"Malveillance";;;;;""
2016;6898;"13";"13040";"Fuveau";"2016-06-21 03:29:00";5000;5000;;;;;;;;;;;;;;;;""
2016;7157;"66";"66126";"Oms";"2016-06-21 09:41:00";100;100;;;;;;;;;;"3";"Accidentelle";;;;;""
2016;7162;"66";"66058";"Corneilla-la-Rivière";"2016-06-21 09:45:00";100;;100;;;;;;;;;"1";"Involontaire (travaux)";;;;;""
2016;7163;"66";"66138";"Peyrestortes";"2016-06-21 10:03:00";250;;250;;;;;;;;;"1";;;;;;""
2016;6899;"13";"13078";"Port-Saint-Louis-du-Rhône";"2016-06-21 10:48:00";10000;;;;;;;;;10000;;;;;;;;""
2016;6901;"13";"13016";"La Bouilladisse";"2016-06-21 13:04:00";50;50;;;;;;;;;;;"Malveillance";;;;;""
2016;6783;"84";"84091";"Piolenc";"2016-06-21 13:08:00";2500;;;;;;;;;;;;;;;;;""
2016;6902;"13";"13001";"Aix-en-Provence";"2016-06-21 15:01:00";16100;16100;;;;;;;;;;;"Malveillance";;;;;""
2016;6903;"13";"13063";"Miramas";"2016-06-21 16:11:00";100;100;;;;;;;;;;;;;;;;""
2016;7167;"66";"66143";"Planèzes";"2016-06-21 16:26:00";600000;400000;200000;;;;;;;;;"2";"Involontaire (travaux)";;;;;""
2016;6904;"13";"13107";"Simiane-Collongue";"2016-06-21 17:50:00";100;100;;;;;;;;;;;;;;;;""
2016;6905;"13";"13106";"Septèmes-les-Vallons";"2016-06-22 02:16:00";60;60;;;;;;;;0;;;;;;;;""
2016;7128;"2A";"2A362";"Zonza";"2016-06-22 09:52:00";1000;;1000;;;;;;;;;;"Involontaire (particulier)";;;;;""
2016;6840;"2B";"2B058";"Canari";"2016-06-22 10:13:00";200;;;;;;;;;;;"1";"Malveillance";;;;;""
2016;6841;"2B";"2B037";"Biguglia";"2016-06-22 10:48:00";15000;;;;;;;;;;;"1";;;;;;""
2016;7084;"2A";"2A272";"Sartène";"2016-06-22 12:29:00";10;;10;;;;;;;;;"1";;;;;;""
2016;7085;"2A";"2A276";"Serra-di-Ferro";"2016-06-22 14:17:00";100;;100;;;;;;;;;"1";"Involontaire (travaux)";;;;;""
2016;6906;"13";"13079";"Puyloubier";"2016-06-22 14:27:00";20;;20;;;;;;;0;;;;;;;;""
2016;6907;"13";"13032";"Éguilles";"2016-06-22 14:28:00";5;;5;;;;;;;0;;;"Involontaire (particulier)";;;;;""
2016;6909;"13";"13025";"Châteauneuf-le-Rouge";"2016-06-22 14:36:00";200;200;;;;;;;;0;;;;;;;;""
2016;6908;"13";"13025";"Châteauneuf-le-Rouge";"2016-06-22 14:36:00";400;400;;;;;;;;0;;;;;;;;""
2016;6912;"13";"13070";"La Penne-sur-Huveaune";"2016-06-22 18:22:00";400;200;200;;;;;;;0;;;;;;;;""
2016;7074;"2A";"2A247";"Porto-Vecchio";"2016-06-22 22:45:00";100;;100;;;;;;;;;"1";"Malveillance";;;;;""
2016;6831;"34";"34039";"Bouzigues";"2016-06-23 04:06:00";1800;;1800;;;;;;;;;"1";"Malveillance";;;;;""
2016;6910;"13";"13070";"La Penne-sur-Huveaune";"2016-06-23 05:11:00";2;;2;;;;;;;0;;;;;;;;""
2016;6913;"13";"13071";"Les Pennes-Mirabeau";"2016-06-23 10:13:00";20;;20;;;;;;;0;;;"Malveillance";;;;;""
2016;6914;"13";"13039";"Fos-sur-Mer";"2016-06-23 13:04:00";200;200;;;;;;;;;;;"Malveillance";;;;;""
2016;6915;"13";"13106";"Septèmes-les-Vallons";"2016-06-23 14:01:00";2;2;;;;;;;;0;;;;;;;;""
2016;6833;"34";"34157";"Mèze";"2016-06-23 14:10:00";1900;1000;900;;;;;;;;;"4";"Accidentelle";;;;;""
2016;6916;"13";"13080";"Le Puy-Sainte-Réparade";"2016-06-23 16:00:00";400;400;;;;;;;;;;;;;;;;""
2016;6917;"13";"13114";"Ventabren";"2016-06-23 16:58:00";2000;1500;500;;;;;;;0;;;"Involontaire (travaux)";;;;;""
2016;6883;"2B";"2B187";"Olmeta-di-Capocorso";"2016-06-23 18:01:00";35000;;35000;;;;;;;;;"1";"Involontaire (travaux)";;;;;""
2016;6846;"2B";"2B037";"Biguglia";"2016-06-23 23:53:00";120;;;;;;;;;;;"1";;;;;;""
2016;6918;"13";"13001";"Aix-en-Provence";"2016-06-24 11:07:00";300;;300;;;;;;;0;;;;;;;;""
2016;7076;"2A";"2A041";"Bonifacio";"2016-06-24 11:46:00";800;;800;;;;;;;;;"1";"Involontaire (particulier)";;;;;""
2016;6860;"83";"83019";"Bormes-les-Mimosas";"2016-06-24 12:32:00";3;3;;;;;;;;;;"4";"Involontaire (particulier)";;;;;""
2016;2419;"33";"33214";"Lacanau";"2016-06-24 13:16:00";7000;7000;;0;;;0;;;0;;;"Naturelle";;;;;""
2016;6838;"34";"34010";"Aniane";"2016-06-24 14:48:00";7800;7800;;;;;;;;;;"3";"Malveillance";;;;;""
2016;7078;"2A";"2A127";"Giuncheto";"2016-06-24 15:08:00";500;;500;;;;;;;;;"1";"Involontaire (particulier)";;;;;""
2016;7080;"2A";"2A103";"Cuttoli-Corticchiato";"2016-06-24 16:21:00";1670;;1000;;;;;;;670;;"1";"Involontaire (particulier)";;;;;""
2016;7079;"2A";"2A276";"Serra-di-Ferro";"2016-06-24 16:21:00";20000;;20000;;;;;;;;;"1";"Involontaire (travaux)";;;;;""
2016;7047;"11";"11386";"Talairan";"2016-06-24 16:38:00";46819;;;;;;;;;;;;"Malveillance";;;;;""
2016;6839;"34";"34074";"Cessenon-sur-Orb";"2016-06-24 17:19:00";2200;1500;700;;;;;;;;;"1";"Malveillance";;;;;""
2016;7172;"66";"66016";"Banyuls-sur-Mer";"2016-06-24 20:49:00";120;120;;;;;;;;;;"4";"Malveillance";;;;;""
2016;7081;"2A";"2A048";"Calcatoggio";"2016-06-25 09:27:00";10000;;10000;;;;;;;;;"1";"Involontaire (particulier)";;;;;""
2016;6944;"2B";"2B058";"Canari";"2016-06-25 11:00:00";10000;;;;;;;;;;;"1";"Involontaire (travaux)";;;;;""
2016;7174;"66";"66030";"Calce";"2016-06-25 11:27:00";50000;;50000;;;;;;;;;"1";"Malveillance";;;;;""
2016;6919;"13";"13024";"Charleval";"2016-06-25 13:12:00";80;80;;;;;;;;;;;;;;;;""
2016;6920;"13";"13047";"Istres";"2016-06-25 13:54:00";3000;2000;1000;;;;;;;0;;;;;;;;""
2016;6852;"2B";"2B286";"Sorbo-Ocagnano";"2016-06-25 14:11:00";700;;;;;;;;;;;"1";;;;;;""
2016;6921;"13";"13073";"Peypin";"2016-06-25 14:30:00";200;200;;;;;;;;;;;;;;;;""
2016;6923;"13";"13071";"Les Pennes-Mirabeau";"2016-06-25 16:30:00";5000;;;;;;;;;5000;;;;;;;;""
2016;752;"38";"38070";"Le Champ-près-Froges";"2016-06-25 17:13:00";200;200;;0;;;0;0;0;0;"Estimées";;;;;;;""
2016;7414;"06";"06003";"Andon";"2016-06-25 17:32:00";2216;2216;;;;;;;;;;"4";"Accidentelle";;;;;""
2016;6924;"13";"13114";"Ventabren";"2016-06-25 18:40:00";2000;1000;1000;;;;;;;0;;;;;;;;""
2016;6925;"13";"13072";"Peynier";"2016-06-25 18:42:00";200;200;;;;;;;;;;;;;;;;""
2016;12468;"66";"66024";"Le Boulou";"2016-06-25 21:36:00";300;300;;;;;;;;;;"4";"Malveillance";;;;;""
2016;7182;"66";"66106";"Maureillas-las-Illas";"2016-06-25 21:36:00";50;;50;;;;;;;;;"1";"Malveillance";;;;;""
2016;6871;"34";"34103";"Fontès";"2016-06-25 22:36:00";11300;5000;6300;;;;;;;;;"1";"Malveillance";;;;;""
2016;6959;"07";"07132";"Largentière";"2016-06-26 12:34:00";5000;;5000;;;;;;;;;"1";;;;;;""
2016;7187;"66";"66136";"Perpignan";"2016-06-26 15:10:00";40000;;40000;;;;;;;;;"1";;;;;;""
2016;6926;"13";"13071";"Les Pennes-Mirabeau";"2016-06-26 15:13:00";20000;20000;;;;;;;;;;;"Malveillance";;;;;""
2016;7082;"2A";"2A204";"Pastricciola";"2016-06-26 16:16:00";1000;;1000;;;;;;;;;"1";"Involontaire (particulier)";;;;;""
2016;6927;"13";"13001";"Aix-en-Provence";"2016-06-26 18:45:00";10;10;;;;;;;;0;;;;;;;;""
2016;6928;"13";"13077";"Port-de-Bouc";"2016-06-26 22:21:00";20;20;;;;;;;;0;;;;;;;;""
2016;6929;"13";"13007";"Auriol";"2016-06-27 00:29:00";20;20;;;;;;;;;;;;;;;;""
2016;6930;"13";"13015";"Bouc-Bel-Air";"2016-06-27 01:53:00";3000;3000;;;;;;;;;;;"Accidentelle";;;;;""
2016;6931;"13";"13045";"Graveson";"2016-06-27 02:11:00";1000;1000;;;;;;;;;;;"Malveillance";;;;;""
2016;6949;"04";"04128";"Montfuron";"2016-06-27 11:34:00";1000;1000;;;;;;;;;;"4";"Involontaire (travaux)";;;;;""
2016;7116;"2B";"2B096";"Corte";"2016-06-27 14:08:00";248000;;248000;;;;;;;;;"1";"Involontaire (particulier)";;;;;""
2016;6932;"13";"13047";"Istres";"2016-06-27 14:18:00";100;;100;;;;;;;0;;;;;;;;""
2016;7089;"2A";"2A276";"Serra-di-Ferro";"2016-06-27 14:28:00";30;;30;;;;;;;;;"1";;;;;;""
2016;6935;"13";"13073";"Peypin";"2016-06-27 14:35:00";200;100;100;;;;;;;0;;;"Involontaire (particulier)";;;;;""
2016;6950;"04";"04081";"Esparron-de-Verdon";"2016-06-27 14:35:00";350;350;;;;;;;;;;"2";"Malveillance";;;;;""
2016;6936;"13";"13047";"Istres";"2016-06-27 14:53:00";30;;;;;;;;;;;;;;;;;""
2016;8446;"34";"34145";"Lunel";"2016-06-27 14:56:00";51700;20000;1700;;;;;;;30000;;"4";"Accidentelle";;;;;""
2016;6951;"34";"34166";"Montblanc";"2016-06-27 15:01:00";425000;100000;105000;;;;;;;220000;;"5";"Involontaire (particulier)";;;;;""
2016;6937;"13";"13050";"Lambesc";"2016-06-27 15:16:00";20;;20;;;;;;;0;;;"Malveillance";;;;;""
2016;7189;"66";"66136";"Perpignan";"2016-06-27 15:31:00";30000;;30000;;;;;;;;;"1";"Malveillance";;;;;""
2016;7196;"84";"84009";"La Bastide-des-Jourdans";"2016-06-27 17:27:00";300;;;;;;;;;;;;;;;;;""
2016;6938;"13";"13075";"Plan-de-Cuques";"2016-06-27 18:05:00";4000;3500;500;;;;;;;0;;;"Malveillance";;;;;""
2016;6939;"13";"13059";"Meyrargues";"2016-06-27 18:34:00";300;;300;;;;;;;0;;;;;;;;""
2016;6940;"13";"13044";"Grans";"2016-06-28 06:33:00";100;100;;;;;;;;;;;;;;;;""
2016;6958;"34";"34292";"Salasc";"2016-06-28 10:19:00";10000;;5000;;;;;;;5000;;"1";"Involontaire (particulier)";;;;;""
2016;7415;"06";"06075";"Levens";"2016-06-28 11:13:00";665;;665;;;;;;;;;"1";"Involontaire (particulier)";;;;;""
2016;7416;"06";"06024";"Briançonnet";"2016-06-28 12:46:00";846;;846;;;;;;;;;"1";"Involontaire (particulier)";;;;;""
2016;6960;"13";"13105";"Sénas";"2016-06-28 12:53:00";150;;150;;;;;;;0;;;;;;;;""
2016;6961;"13";"13086";"Roquevaire";"2016-06-28 14:19:00";3900;3900;;;;;;;;;;;;;;;;""
2016;6962;"13";"13047";"Istres";"2016-06-28 15:07:00";40;;40;;;;;;;0;;;;;;;;""
2016;7091;"2A";"2A160";"Moca-Croce";"2016-06-28 15:10:00";100;;100;;;;;;;;;"1";;;;;;""
2016;6963;"13";"13106";"Septèmes-les-Vallons";"2016-06-28 15:17:00";50;;50;;;;;;;0;;;;;;;;""
2016;7101;"2A";"2A019";"Arbori";"2016-06-28 15:37:00";3000;;3000;;;;;;;;;"1";"Involontaire (particulier)";;;;;""
2016;7124;"2A";"2A100";"Cristinacce";"2016-06-28 16:47:00";100;;;;;;;;;;;;;;;;;""
2016;753;"38";"38038";"Belmont";"2016-06-28 17:08:00";8000;0;;8000;;;8000;0;0;0;"Estimées";;;;;;;""
2016;6964;"13";"13117";"Vitrolles";"2016-06-28 17:19:00";3;3;;;;;;;;;;;"Malveillance";;;;;""
2016;108;"17";"17225";"Les Mathes";"2016-06-28 18:14:00";5;5;;0;;;0;0;0;0;"Estimées";;"Involontaire (particulier)";;;;;""
2016;7125;"34";"34036";"Le Bosc";"2016-06-29 00:17:00";200;10;0;;;;;;;190;;"1";"Involontaire (particulier)";;;;;""
2016;7127;"34";"34178";"Murviel-lès-Béziers";"2016-06-29 13:42:00";6500;500;;;;;;;;6000;;"5";"Malveillance";;;;;""
2016;6965;"13";"13001";"Aix-en-Provence";"2016-06-29 14:45:00";200;;200;;;;;;;0;;;;;;;;""
2016;6966;"13";"13032";"Éguilles";"2016-06-29 16:34:00";5000;;;;;;;;;5000;;;;;;;;""
2016;6969;"13";"13047";"Istres";"2016-06-29 20:00:00";10;;10;;;;;;;0;;;;;;;;""
2016;6970;"13";"13001";"Aix-en-Provence";"2016-06-29 20:03:00";2000;2000;;;;;;;;;;;;;;;;""
2016;6971;"13";"13001";"Aix-en-Provence";"2016-06-29 22:39:00";7000;7000;;;;;;;;;;;;;;;;""
2016;6988;"2B";"2B346";"Vescovato";"2016-06-30 12:28:00";5000;;;;;;;;;;;"1";;;;;;""
2016;7190;"66";"66069";"Espira-de-l'Agly";"2016-06-30 14:20:00";80;;80;;;;;;;;;"4";"Involontaire (travaux)";;;;;""
2016;7133;"2A";"2A271";"Sarrola-Carcopino";"2016-06-30 14:20:00";2000;;300;;;;;;;1700;;"1";"Involontaire (particulier)";;;;;""
2016;7138;"2A";"2A323";"Tavaco";"2016-06-30 14:37:00";700;;700;;;;;;;;;"1";"Involontaire (particulier)";;;;;""
2016;6991;"2B";"2B342";"Ventiseri";"2016-06-30 15:11:00";500;;;;;;;;;;;"1";;;;;;""
2016;7086;"13";"13103";"Salon-de-Provence";"2016-06-30 15:21:00";500;500;;;;;;;;;;;"Accidentelle";;;;;""
2016;2414;"33";"33333";"Le Porge";"2016-06-30 17:14:00";100;100;;0;;;0;;;0;;;;;;;;""
2016;7048;"11";"11198";"Laure-Minervois";"2016-06-30 17:53:00";140300;20100;20100;;;;;;;100100;;;"Malveillance";;;;;""
2016;2413;"33";"33333";"Le Porge";"2016-06-30 18:08:00";100;100;;0;;;0;;;0;;;;;;;;""
2016;7117;"2B";"2B184";"Olcani";"2016-06-30 19:17:00";500;;;;;;;;;;;"1";"Involontaire (travaux)";;;;;""
2016;2652;"40";"40323";"Vert";"2016-07-01 11:23:00";500;500;;0;;;0;;;0;;;;;;;;""
2016;7191;"66";"66108";"Millas";"2016-07-01 11:35:00";5000;;5000;;;;;;;;;"1";"Accidentelle";;;;;""
2016;7096;"2A";"2A284";"Sollacaro";"2016-07-01 12:30:00";20;;20;;;;;;;;;"1";"Involontaire (travaux)";;;;;""
2016;7087;"13";"13112";"Velaux";"2016-07-01 16:25:00";200;200;;;;;;;;;;;"Involontaire (particulier)";;;;;""
2016;7095;"83";"83030";"Camps-la-Source";"2016-07-01 17:06:00";300;300;;;;;;;;;;"3";"Naturelle";;;;;""
2016;12619;"30";"30045";"Bordezac";"2016-07-01 18:11:00";1085;;;;;;;;;;;"4";"Naturelle";;;;;""
2016;7134;"2A";"2A004";"Ajaccio";"2016-07-01 18:34:00";20;;20;;;;;;;;;;;;;;;""
2016;7217;"66";"66053";"Collioure";"2016-07-02 10:16:00";5000;5000;;;;;;;;;;"2";"Accidentelle";;;;;""
2016;7090;"13";"13028";"La Ciotat";"2016-07-02 15:18:00";500;;500;;;;;;;0;;;;;;;;""
2016;7486;"2B";"2B096";"Corte";"2016-07-02 15:51:00";25000;;;;;;;;;;;"1";"Naturelle";;;;;""
2016;2651;"40";"40310";"Soustons";"2016-07-02 16:34:00";100;100;;0;;;0;;;0;;;"Involontaire (particulier)";;;;;""
2016;7439;"34";"34109";"Gabian";"2016-07-02 17:16:00";200;200;;;;;;;;;;"3";"Malveillance";;;;;""
2016;7192;"66";"66008";"Argelès-sur-Mer";"2016-07-02 18:10:00";200;200;;;;;;;;;;"4";"Involontaire (particulier)";;;;;""
2016;7442;"34";"34103";"Fontès";"2016-07-02 20:49:00";400;;400;;;;;;;;;"1";"Malveillance";;;;;""
2016;7407;"11";"11069";"Carcassonne";"2016-07-02 22:25:00";650;;;;;;;;;;;;"Accidentelle";;;;;""
2016;7092;"13";"13047";"Istres";"2016-07-03 13:43:00";30;;30;;;;;;;0;;;"Involontaire (particulier)";;;;;""
2016;7093;"13";"13077";"Port-de-Bouc";"2016-07-03 14:49:00";2000;1500;500;;;;;;;0;;;;;;;;""
2016;109;"12";"12089";"Decazeville";"2016-07-03 15:34:00";20;0;;20;;;20;0;0;0;"Estimées";;;;;;;""
2016;111;"12";"12106";"Gabriac";"2016-07-03 16:00:00";200;0;;200;;;200;0;0;0;"Estimées";;"Involontaire (travaux)";;;;;""
2016;7094;"13";"13037";"La Fare-les-Oliviers";"2016-07-03 19:40:00";3500;3500;;;;;;;;;;;;;;;;""
2016;7097;"13";"13020";"Cadolive";"2016-07-03 20:27:00";100;100;;;;;;;;;;;;;;;;""
2016;7105;"83";"83079";"La Môle";"2016-07-03 20:42:00";150;150;;;;;;;;;;"1";"Accidentelle";;;;;""
2016;7193;"66";"66225";"Villelongue-dels-Monts";"2016-07-03 23:27:00";5000;;5000;;;;;;;;;"1";"Involontaire (particulier)";;;;;""
2016;7409;"11";"11369";"Sallèles-d'Aude";"2016-07-04 00:04:00";700;;;;;;;;;;;;"Malveillance";;;;;""
2016;12470;"66";"66092";"Lansac";"2016-07-04 02:46:00";150;150;;;;;;;;;;"3";"Malveillance";;;;;""
2016;7410;"11";"11253";"Montolieu";"2016-07-04 13:54:00";1385;;;;;;;;;;;;"Involontaire (particulier)";;;;;""
2016;7113;"13";"13038";"Fontvieille";"2016-07-04 16:04:00";250;;250;;;;;;;0;;;;;;;;""
2016;115;"17";"17038";"Bedenac";"2016-07-04 16:36:00";100;100;;0;;;0;0;0;0;"Estimées";;"Malveillance";;;;;""
2016;2650;"40";"40171";"Mano";"2016-07-04 17:42:00";2000;2000;;0;;;0;;;0;;;;;;;;""
2016;7294;"07";"07231";"Saint-Étienne-de-Fontbellon";"2016-07-04 19:26:00";1500;;1500;;;;;;;;;"1";;;;;;""
2016;7195;"66";"66138";"Peyrestortes";"2016-07-04 20:24:00";15000;10000;5000;;;;;;;;;"4";;;;;;""
2016;7201;"66";"66030";"Calce";"2016-07-05 04:17:00";200000;;200000;;;;;;;;;"1";"Accidentelle";;;;;""
2016;7114;"13";"13047";"Istres";"2016-07-05 04:44:00";2;2;;;;;;;;;;;;;;;;""
2016;7152;"2B";"2B123";"Ghisonaccia";"2016-07-05 09:11:00";5500;;;;;;;;;;;"1";;;;;;""
2016;7142;"13";"13026";"Châteauneuf-les-Martigues";"2016-07-05 11:48:00";80;;80;;;;;;;0;;;;;;;;""
2016;7207;"66";"66140";"Pézilla-la-Rivière";"2016-07-05 12:06:00";150000;50000;100000;;;;;;;;;"2";"Accidentelle";;;;;""
2016;2407;"33";"33417";"Sainte-Hélène";"2016-07-05 14:08:00";200;200;;0;;;0;;;0;;;;;;;;""
2016;7194;"84";"84048";"Gignac";"2016-07-05 14:52:00";2000;;;;;;;;;;;;;;;;;""
2016;7215;"66";"66214";"Tresserre";"2016-07-05 16:19:00";300;300;;;;;;;;;;"3";"Malveillance";;;;;""
2016;7145;"13";"13106";"Septèmes-les-Vallons";"2016-07-05 19:28:00";5;;5;;;;;;;0;;;"Malveillance";;;;;""
2016;7144;"13";"13106";"Septèmes-les-Vallons";"2016-07-05 19:28:00";100;;100;;;;;;;0;;;"Malveillance";;;;;""
2016;7146;"13";"13056";"Martigues";"2016-07-05 19:38:00";4000;4000;;;;;;;;;;;;;;;;""
2016;2405;"33";"33236";"Lège-Cap-Ferret";"2016-07-05 22:10:00";20;20;;0;;;0;;;0;;;;;;;;""
2016;7147;"13";"13056";"Martigues";"2016-07-05 23:27:00";100;100;;;;;;;;0;;;;;;;;""
2016;7148;"13";"13019";"Cabriès";"2016-07-06 01:55:00";1000;500;500;;;;;;;0;;;;;;;;""
2016;7149;"13";"13016";"La Bouilladisse";"2016-07-06 05:14:00";200;;200;;;;;;;0;;;"Involontaire (particulier)";;;;;""
2016;7278;"13";"13040";"Fuveau";"2016-07-06 10:40:00";4;4;;;;;;;;0;;;;;;;;""
2016;7279;"13";"13001";"Aix-en-Provence";"2016-07-06 10:45:00";4000;4000;;;;;;;;;;;"Involontaire (travaux)";;;;;""
2016;7280;"13";"13047";"Istres";"2016-07-06 12:11:00";4;4;;;;;;;;0;;;;;;;;""
2016;7307;"2A";"2A017";"Appietto";"2016-07-06 12:51:00";1600;;500;;;;;;;1100;;"1";"Involontaire (particulier)";;;;;""
2016;7281;"13";"13019";"Cabriès";"2016-07-06 13:09:00";40000;16400;;;;;;;;23600;;;;;;;;""
2016;8121;"34";"34141";"La Livinière";"2016-07-06 14:03:00";40;;40;;;;;;;;;"1";"Accidentelle";;;;;""
2016;7487;"2B";"2B281";"Sisco";"2016-07-06 14:50:00";10;;;;;;;;;;;"1";"Involontaire (particulier)";;;;;""
2016;7282;"13";"13043";"Gignac-la-Nerthe";"2016-07-06 16:18:00";500;500;;;;;;;;0;;;;;;;;""
2016;7283;"13";"13071";"Les Pennes-Mirabeau";"2016-07-06 17:07:00";50;50;;;;;;;;;;;;;;;;""
2016;7284;"13";"13022";"Cassis";"2016-07-06 17:09:00";200;200;;;;;;;;;;;;;;;;""
2016;7285;"13";"13076";"Plan-d'Orgon";"2016-07-06 17:14:00";500;500;;;;;;;;0;;;;;;;;""
2016;7286;"13";"13056";"Martigues";"2016-07-06 18:10:00";4000;4000;;;;;;;;;;;;;;;;""
2016;7288;"13";"13047";"Istres";"2016-07-06 18:28:00";2;2;;;;;;;;0;;;;;;;;""
2016;7289;"13";"13054";"Marignane";"2016-07-06 19:04:00";2000;2000;;;;;;;;;;;;;;;;""
2016;7290;"13";"13063";"Miramas";"2016-07-06 19:16:00";400;200;200;;;;;;;0;;;;;;;;""
2016;7291;"13";"13056";"Martigues";"2016-07-06 20:15:00";50;;50;;;;;;;0;;;;;;;;""
2016;7461;"34";"34285";"Saint-Pons-de-Mauchiens";"2016-07-06 20:17:00";1700;;1700;;;;;;;;;"1";"Malveillance";;;;;""
2016;7463;"34";"34045";"Cabrières";"2016-07-06 20:29:00";8000;;1000;;;;;;;7000;;"1";"Accidentelle";;;;;""
2016;7411;"11";"11295";"Portel-des-Corbières";"2016-07-06 23:01:00";5541;;;;;;;;;;;;"Involontaire (particulier)";;;;;""
2016;7292;"13";"13019";"Cabriès";"2016-07-06 23:27:00";200;200;;;;;;;;0;;;"Malveillance";;;;;""
2016;7412;"11";"11152";"Fontjoncouse";"2016-07-06 23:58:00";450;;;;;;;;;;;;"Malveillance";;;;;""
2016;7293;"13";"13056";"Martigues";"2016-07-07 00:09:00";600;300;300;;;;;;;0;;;"Malveillance";;;;;""
2016;7413;"11";"11308";"Raissac-sur-Lampy";"2016-07-07 12:55:00";144520;;46500;;;;;;;98020;;;"Involontaire (travaux)";;;;;""
2016;7983;"2A";"2A006";"Alata";"2016-07-07 14:33:00";30;;30;;;;;;;;;"1";"Malveillance";;;;;""
2016;7365;"13";"13077";"Port-de-Bouc";"2016-07-07 15:08:00";200;100;100;;;;;;;0;;;;;;;;""
2016;8254;"66";"66228";"Villeneuve-la-Rivière";"2016-07-07 15:34:00";5000;;5000;;;;;;;;;"1";;;;;;""
2016;7623;"34";"34072";"Celles";"2016-07-07 15:36:00";18000;8000;;;;;;;;10000;;"1";"Involontaire (travaux)";;;;;""
2016;1821;"47";"47302";"Sos";"2016-07-07 15:52:00";200;200;;0;;;0;;;0;;;;;;;;""
2016;7624;"34";"34178";"Murviel-lès-Béziers";"2016-07-07 15:55:00";3000;0;3000;;;;;;;0;;"1";"Malveillance";;;;;""
2016;137;"12";"12012";"Asprières";"2016-07-07 16:14:00";700;0;;700;;;700;0;0;0;"Estimées";;;;;;;""
2016;7366;"13";"13077";"Port-de-Bouc";"2016-07-07 16:50:00";2500;2500;;;;;;;;0;;;"Malveillance";;;;;""
2016;7367;"13";"13048";"Jouques";"2016-07-07 17:29:00";100;100;;;;;;;;0;;;"Involontaire (particulier)";;;;;""
2016;7368;"13";"13063";"Miramas";"2016-07-07 17:41:00";2000;1000;1000;;;;;;;0;;;;;;;;""
2016;7993;"2A";"2A288";"Sotta";"2016-07-07 19:24:00";300;;300;;;;;;;;;"1";"Accidentelle";;;;;""
2016;8340;"11";"11257";"Monze";"2016-07-08 00:30:00";150;;;;;;;;;;;;"Malveillance";;;;;""
2016;7369;"13";"13098";"Saint-Mitre-les-Remparts";"2016-07-08 01:01:00";400;200;200;;;;;;;0;;;"Malveillance";;;;;""
2016;7370;"13";"13077";"Port-de-Bouc";"2016-07-08 04:29:00";3000;2000;1000;;;;;;;0;;;"Malveillance";;;;;""
2016;8154;"13";"13055";"Marseille";"2016-07-08 09:15:00";42000;;42000;;;;;;;;;"1";"Malveillance";;;;;""
2016;144;"73";"73268";"Saint-Paul-sur-Isère";"2016-07-08 10:34:00";1000;1000;;0;;;0;0;0;0;"Estimées";;"Involontaire (travaux)";;;;;""
2016;8472;"2A";"2A247";"Porto-Vecchio";"2016-07-08 14:57:00";10;;10;;;;;;;;;;;;;;;""
2016;692;"77";"77186";"Fontainebleau";"2016-07-08 15:35:00";2000;2000;;0;;;0;0;0;0;"Estimées";;;;;;;""
2016;7467;"83";"83090";"Ollioules";"2016-07-08 15:39:00";300;300;;;;;;;;;;"4";"Involontaire (particulier)";;;;;""
2016;7483;"13";"13019";"Cabriès";"2016-07-08 15:49:00";150;;150;;;;;;;0;;;;;;;;""
2016;7488;"13";"13103";"Salon-de-Provence";"2016-07-08 16:16:00";150;150;;;;;;;;;;;;;;;;""
2016;7490;"13";"13028";"La Ciotat";"2016-07-08 18:28:00";10;;10;;;;;;;0;;;;;;;;""
2016;755;"38";"38344";"Roussillon";"2016-07-08 18:40:00";400;0;;400;;;400;0;0;0;"Estimées";;;;;;;""
2016;7494;"13";"13056";"Martigues";"2016-07-09 01:47:00";500;;500;;;;;;;0;;;;;;;;""
2016;7495;"13";"13077";"Port-de-Bouc";"2016-07-09 14:50:00";600;300;300;;;;;;;0;;;"Malveillance";;;;;""
2016;138;"12";"12185";"Pont-de-Salars";"2016-07-09 14:52:00";10;0;;10;;;10;0;0;0;"Estimées";;;;;;;""
2016;1236;"74";"74224";"La Roche-sur-Foron";"2016-07-09 16:10:00";25000;0;;25000;;;25000;0;0;0;"Estimées";;;;;;;""
2016;7635;"34";"34103";"Fontès";"2016-07-09 19:58:00";400;;400;;;;;;;;;"1";"Accidentelle";;;;;""
2016;7497;"13";"13098";"Saint-Mitre-les-Remparts";"2016-07-09 19:58:00";100;100;;;;;;;;0;;;;;;;;""
2016;8255;"66";"66046";"Caudiès-de-Fenouillèdes";"2016-07-10 00:30:00";20000;15000;5000;;;;;;;;;"2";"Malveillance";;;;;""
2016;7498;"13";"13106";"Septèmes-les-Vallons";"2016-07-10 01:30:00";50;;50;;;;;;;0;;;;;;;;""
2016;7499;"13";"13044";"Grans";"2016-07-10 03:32:00";30;30;;;;;;;;0;;;"Accidentelle";;;;;""
2016;8447;"34";"34163";"Montarnaud";"2016-07-10 12:04:00";127500;80000;40000;;;;;;;7500;;"1";"Involontaire (particulier)";;;;;""
2016;117;"43";"43152";"Polignac";"2016-07-10 13:01:00";500;0;;500;;;500;0;0;0;"Estimées";;"Involontaire (travaux)";;;;;""
2016;7637;"34";"34157";"Mèze";"2016-07-10 15:48:00";8000;2000;2000;;;;;;;4000;;"1";"Malveillance";;;;;""
2016;7465;"30";"30334";"Uzès";"2016-07-10 17:16:00";100;;;;;;;;;;;"1";"Involontaire (particulier)";;;;;""
2016;7500;"13";"13001";"Aix-en-Provence";"2016-07-10 18:01:00";300;300;;;;;;;;;;;"Involontaire (travaux)";;;;;""
2016;8258;"66";"66069";"Espira-de-l'Agly";"2016-07-10 18:19:00";1000;500;500;;;;;;;;;"2";"Malveillance";;;;;""
2016;7501;"13";"13104";"Sausset-les-Pins";"2016-07-10 22:08:00";1200;1200;;;;;;;;;;;;;;;;""
2016;7997;"2A";"2A349";"Viggianello";"2016-07-10 23:54:00";100;;100;;;;;;;;;"1";"Involontaire (particulier)";;;;;""
2016;7502;"13";"13103";"Salon-de-Provence";"2016-07-11 02:50:00";500;500;;;;;;;;;;;;;;;;""
2016;7524;"13";"13087";"Rousset";"2016-07-11 14:23:00";50;;50;;;;;;;0;;;"Involontaire (travaux)";;;;;""
2016;7525;"13";"13056";"Martigues";"2016-07-11 15:03:00";100;100;;;;;;;;;;;"Malveillance";;;;;""
2016;11416;"83";"83068";"Grimaud";"2016-07-11 15:26:00";50;50;;;;;;;;;;"1";"Involontaire (travaux)";;;;;""
2016;7526;"13";"13056";"Martigues";"2016-07-11 16:25:00";150;;150;;;;;;;0;;;;;;;;""
2016;7527;"13";"13056";"Martigues";"2016-07-11 19:42:00";100;100;;;;;;;;;;;;;;;;""
2016;7998;"2A";"2A211";"Petreto-Bicchisano";"2016-07-11 21:13:00";6500;;6500;;;;;;;;;"1";"Malveillance";;;;;""
2016;7528;"13";"13111";"Vauvenargues";"2016-07-12 10:03:00";100;100;;;;;;;;;;;"Naturelle";;;;;""
2016;7618;"06";"06016";"Beuil";"2016-07-12 12:26:00";120;120;;;;;;;;;;"4";"Naturelle";;;;;""
2016;7530;"13";"13019";"Cabriès";"2016-07-12 17:33:00";500;250;250;;;;;;;0;;;"Involontaire (particulier)";;;;;""
2016;7839;"2B";"2B350";"Vignale";"2016-07-13 00:45:00";5000;;;;;;;;;;;"1";"Malveillance";;;;;""
2016;7840;"2B";"2B350";"Vignale";"2016-07-13 04:31:00";15000;;;;;;;;;;;"1";;;;;;""
2016;2646;"40";"40157";"Lit-et-Mixe";"2016-07-13 08:38:00";300;300;;0;;;0;;;0;;;;;;;;""
2016;8000;"2A";"2A362";"Zonza";"2016-07-13 10:02:00";1200;;1200;;;;;;;;;"1";"Accidentelle";;;;;""
2016;8262;"66";"66144";"Pollestres";"2016-07-13 11:18:00";8000;;8000;;;;;;;;;"2";;;;;;""
2016;8264;"66";"66012";"Baho";"2016-07-13 11:58:00";25000;5000;20000;;;;;;;;;"2";"Malveillance";;;;;""
2016;8049;"34";"34032";"Béziers";"2016-07-13 12:32:00";87000;7000;20000;;;;;;;60000;;"2";"Involontaire (particulier)";;;;;""
2016;7914;"13";"13088";"Le Rove";"2016-07-13 12:42:00";60;60;;;;;;;;0;;;;;;;;""
2016;7559;"11";"11212";"Mailhac";"2016-07-13 13:29:00";3391439;1246200;1406900;;;;;;;738339;;;"Accidentelle";;;;;""
2016;7619;"06";"06043";"Coaraze";"2016-07-13 13:56:00";30;30;;;;;;;;;;"3";;;;;;""
2016;8265;"66";"66180";"Saint-Laurent-de-la-Salanque";"2016-07-13 14:40:00";100000;;100000;;;;;;;;;"1";"Involontaire (particulier)";;;;;""
2016;7881;"04";"04128";"Montfuron";"2016-07-13 16:17:00";48;;48;;;;;;;;;"1";;;;;;""
2016;7917;"13";"13077";"Port-de-Bouc";"2016-07-13 17:07:00";50;;50;;;;;;;0;;;"Malveillance";;;;;""
2016;7915;"13";"13077";"Port-de-Bouc";"2016-07-13 17:07:00";50;;50;;;;;;;0;;;"Malveillance";;;;;""
2016;7916;"13";"13077";"Port-de-Bouc";"2016-07-13 17:07:00";50;;50;;;;;;;0;;;"Malveillance";;;;;""
2016;7882;"04";"04128";"Montfuron";"2016-07-13 17:15:00";60;;60;;;;;;;;;"1";;;;;;""
2016;7911;"13";"13001";"Aix-en-Provence";"2016-07-13 17:25:00";600;300;300;;;;;;;0;;;;;;;;""
2016;8271;"66";"66014";"Baixas";"2016-07-13 19:21:00";3000;3000;;;;;;;;;;"4";"Malveillance";;;;;""
2016;8341;"11";"11286";"Peyriac-Minervois";"2016-07-13 20:20:00";1000;;;;;;;;;;;;"Malveillance";;;;;""
2016;7908;"13";"13102";"Saint-Victoret";"2016-07-13 21:16:00";5000;;;;;;;;;5000;;;"Malveillance";;;;;""
2016;7910;"13";"13102";"Saint-Victoret";"2016-07-13 21:16:00";5000;;;;;;;;;5000;;;"Malveillance";;;;;""
2016;7909;"13";"13102";"Saint-Victoret";"2016-07-13 21:16:00";5000;;;;;;;;;5000;;;"Malveillance";;;;;""
2016;7906;"13";"13026";"Châteauneuf-les-Martigues";"2016-07-13 21:43:00";1000000;1000000;;;;;;;;;;;"Malveillance";;;;;""
2016;7918;"13";"13106";"Septèmes-les-Vallons";"2016-07-13 22:14:00";30;;30;;;;;;;0;;;;;;;;""
2016;7643;"34";"34165";"Montbazin";"2016-07-13 22:24:00";7500;;5000;;;;;;;2500;;"1";"Involontaire (particulier)";;;;;""
2016;8273;"66";"66046";"Caudiès-de-Fenouillèdes";"2016-07-13 22:29:00";15000;5000;10000;;;;;;;;;"1";"Malveillance";;;;;""
2016;8448;"34";"34111";"Ganges";"2016-07-13 22:30:00";500;;500;;;;;;;;;"1";"Involontaire (particulier)";;;;;""
2016;7644;"34";"34056";"Castelnau-de-Guers";"2016-07-13 22:37:00";5100;;2500;;;;;;;2600;;"1";"Involontaire (particulier)";;;;;""
2016;7646;"34";"34186";"Octon";"2016-07-13 22:53:00";1100;;1100;;;;;;;;;"1";"Involontaire (particulier)";;;;;""
2016;7913;"13";"13081";"Rognac";"2016-07-13 23:12:00";200;;200;;;;;;;0;;;;;;;;""
2016;7907;"13";"13001";"Aix-en-Provence";"2016-07-13 23:37:00";20000;10000;;;;;;;;10000;;;;;;;;""
2016;7731;"83";"83031";"Le Cannet-des-Maures";"2016-07-13 23:50:00";1500;1500;;;;;;;;;;"5";"Malveillance";;;;;""
2016;8342;"11";"11255";"Montredon-des-Corbières";"2016-07-14 00:12:00";200;;;;;;;;;;;;"Malveillance";;;;;""
2016;7926;"13";"13101";"Saint-Savournin";"2016-07-14 01:29:00";500;;500;;;;;;;0;;;"Malveillance";;;;;""
2016;7844;"2B";"2B020";"Aregno";"2016-07-14 01:37:00";2000;;;;;;;;;;;"1";"Malveillance";;;;;""
2016;7919;"13";"13076";"Plan-d'Orgon";"2016-07-14 03:04:00";4000;2000;2000;;;;;;;0;;;;;;;;""
2016;8122;"34";"34153";"Les Matelles";"2016-07-14 03:05:00";3000;1000;;;;;;;;2000;;"1";"Involontaire (particulier)";;;;;""
2016;7931;"13";"13098";"Saint-Mitre-les-Remparts";"2016-07-14 05:22:00";30;30;;;;;;;;0;;;;;;;;""
2016;2391;"33";"33199";"Gujan-Mestras";"2016-07-14 06:40:00";80;80;;0;;;0;;;0;;;;;;;;""
2016;7921;"13";"13001";"Aix-en-Provence";"2016-07-14 10:14:00";1000;1000;;;;;;;;;;;"Involontaire (particulier)";;;;;""
2016;8276;"66";"66136";"Perpignan";"2016-07-14 10:33:00";25000;10000;15000;;;;;;;;;"1";"Malveillance";;;;;""
2016;8277;"66";"66180";"Saint-Laurent-de-la-Salanque";"2016-07-14 11:21:00";10000;;10000;;;;;;;;;"1";"Malveillance";;;;;""
2016;8284;"66";"66164";"Rivesaltes";"2016-07-14 12:19:00";150;150;;;;;;;;;;"4";;;;;;""
2016;7561;"11";"11040";"Bizanet";"2016-07-14 14:08:00";7162701;331800;6830901;;;;;;;;;;"Malveillance";;;;;""
2016;8286;"66";"66136";"Perpignan";"2016-07-14 14:28:00";90000;;90000;;;;;;;;;"1";;;;;;""
2016;7932;"13";"13102";"Saint-Victoret";"2016-07-14 14:44:00";10;;10;;;;;;;0;;;;;;;;""
2016;7650;"04";"04094";"Gréoux-les-Bains";"2016-07-14 15:06:00";7100;2200;;;;;;;;4900;;"2";"Involontaire (travaux)";;;;;""
2016;8123;"34";"34082";"Combaillaux";"2016-07-14 15:26:00";5900;5900;;;;;;;;;;"6";"Malveillance";;;;;""
2016;7734;"83";"83104";"Rians";"2016-07-14 15:31:00";4000;4000;;;;;;;;;;"3";"Accidentelle";;;;;""
2016;8291;"66";"66058";"Corneilla-la-Rivière";"2016-07-14 16:09:00";10000;5000;5000;;;;;;;;;"2";;;;;;""
2016;8292;"66";"66136";"Perpignan";"2016-07-14 16:30:00";2000;2000;;;;;;;;;;"4";"Malveillance";;;;;""
2016;2645;"40";"40133";"Labenne";"2016-07-14 16:46:00";100;100;;0;;;0;;;0;;;;;;;;""
2016;7922;"13";"13114";"Ventabren";"2016-07-14 17:35:00";1000;;1000;;;;;;;0;;;"Involontaire (travaux)";;;;;""
2016;7927;"13";"13059";"Meyrargues";"2016-07-14 18:50:00";500;500;;;;;;;;;;;"Involontaire (particulier)";;;;;""
2016;7739;"83";"83069";"Hyères";"2016-07-14 18:51:00";73000;73000;;;;;;;;;;"2";"Involontaire (particulier)";;;;;""
2016;8001;"2A";"2A362";"Zonza";"2016-07-14 19:13:00";102;;102;;;;;;;;;"1";"Accidentelle";;;;;""
2016;7933;"13";"13077";"Port-de-Bouc";"2016-07-14 19:27:00";10;;10;;;;;;;0;;;"Malveillance";;;;;""
2016;7928;"13";"13056";"Martigues";"2016-07-14 19:54:00";300;;300;;;;;;;0;;;;;;;;""
2016;7740;"83";"83127";"Signes";"2016-07-14 21:06:00";800;800;;;;;;;;;;"5";"Malveillance";;;;;""
2016;2389;"33";"33036";"Bazas";"2016-07-14 21:53:00";25;25;;0;;;0;;;0;;;;;;;;""
2016;7562;"11";"11273";"Paraza";"2016-07-14 21:56:00";185068;107268;77800;;;;;;;;;;"Malveillance";;;;;""
2016;7929;"13";"13106";"Septèmes-les-Vallons";"2016-07-14 22:07:00";200;100;100;;;;;;;0;;;"Malveillance";;;;;""
2016;8060;"34";"34109";"Gabian";"2016-07-14 22:29:00";200;200;0;;;;;;;;;"1";"Involontaire (particulier)";;;;;""
2016;7930;"13";"13106";"Septèmes-les-Vallons";"2016-07-14 22:59:00";150;;150;;;;;;;0;;;;;;;;""
2016;7920;"13";"13106";"Septèmes-les-Vallons";"2016-07-14 23:16:00";2000;1000;1000;;;;;;;0;;;;;;;;""
2016;8164;"13";"13055";"Marseille";"2016-07-14 23:34:00";10000;5000;5000;;;;;;;;;"1";;;;;;""
2016;7951;"13";"13051";"Lançon-Provence";"2016-07-15 00:28:00";20;;20;;;;;;;0;;;;;;;;""
2016;7938;"13";"13051";"Lançon-Provence";"2016-07-15 00:29:00";5000;;;;;;;;;5000;;;"Malveillance";;;;;""
2016;7904;"04";"04244";"Volonne";"2016-07-15 00:52:00";12900;3700;9200;;;;;;;;;"3";;;;;;""
2016;7945;"13";"13106";"Septèmes-les-Vallons";"2016-07-15 01:22:00";200;;200;;;;;;;0;;;"Involontaire (particulier)";;;;;""
2016;2388;"33";"33541";"Vensac";"2016-07-15 01:41:00";10;10;;0;;;0;;;0;;;"Malveillance";;;;;""
2016;7946;"13";"13106";"Septèmes-les-Vallons";"2016-07-15 02:56:00";50;;50;;;;;;;0;;;;;;;;""
2016;8937;"11";"11203";"Lézignan-Corbières";"2016-07-15 03:57:00";1200;;;;;;;;;;;;"Malveillance";;;;;""
2016;7937;"13";"13051";"Lançon-Provence";"2016-07-15 11:01:00";40600;18200;15400;;;;;;;7000;;;"Involontaire (particulier)";;;;;""
2016;7853;"2B";"2B166";"Monte";"2016-07-15 11:15:00";2;;;;;;;;;;;"3";"Naturelle";;;;;""
2016;7942;"13";"13045";"Graveson";"2016-07-15 13:22:00";500;500;;;;;;;;0;;;;;;;;""
2016;7941;"13";"13014";"Berre-l'Étang";"2016-07-15 14:14:00";1000;500;500;;;;;;;0;;;"Involontaire (particulier)";;;;;""
2016;7952;"13";"13077";"Port-de-Bouc";"2016-07-15 14:19:00";10;;10;;;;;;;0;;;;;;;;""
2016;7950;"13";"13071";"Les Pennes-Mirabeau";"2016-07-15 15:10:00";30;30;;;;;;;;0;;;;;;;;""
2016;7934;"13";"13033";"Ensuès-la-Redonne";"2016-07-15 15:15:00";4000000;4000000;;;;;;;;;;;;;;;;""
2016;8125;"34";"34243";"Saint-Bauzille-de-Putois";"2016-07-15 15:27:00";9500;3000;3000;;;;;;;3500;;"1";"Accidentelle";;;;;""
2016;7939;"13";"13106";"Septèmes-les-Vallons";"2016-07-15 15:44:00";1500;;1500;;;;;;;0;;;;;;;;""
2016;7940;"13";"13106";"Septèmes-les-Vallons";"2016-07-15 15:44:00";1500;1000;500;;;;;;;0;;;;;;;;""
2016;7620;"06";"06050";"Coursegoules";"2016-07-15 16:06:00";24119;14119;10000;;;;;;;;;"3";;;;;;""
2016;1636;"24";"24392";"Saint-Crépin-et-Carlucet";"2016-07-15 16:27:00";2000;2000;;0;;;0;;;0;;;"Malveillance";;;;;""
2016;7751;"83";"83030";"Camps-la-Source";"2016-07-15 16:34:00";50;50;;;;;;;;;;"4";"Malveillance";;;;;""
2016;123;"46";"46086";"Cuzance";"2016-07-15 16:47:00";5000;0;;5000;;;5000;0;0;0;"Estimées";;;;;;;""
2016;7752;"83";"83064";"Garéoult";"2016-07-15 16:56:00";75000;55000;;;;;;;;20000;;"4";"Involontaire (particulier)";;;;;""
2016;2641;"40";"40157";"Lit-et-Mixe";"2016-07-15 16:59:00";200;200;;0;;;0;;;0;;;;;;;;""
2016;2640;"40";"40135";"Labrit";"2016-07-15 17:11:00";34000;34000;;0;;;0;;;0;;;"Involontaire (travaux)";;;;;""
2016;7855;"2B";"2B143";"Linguizzetta";"2016-07-15 17:32:00";80000;;;;;;;;;;;"1";"Malveillance";;;;;""
2016;8449;"34";"34082";"Combaillaux";"2016-07-15 17:50:00";100;100;;;;;;;;;;"6";"Involontaire (travaux)";;;;;""
2016;7856;"2B";"2B143";"Linguizzetta";"2016-07-15 18:11:00";100;;;;;;;;;;;"1";;;;;;""
2016;1635;"24";"24080";"Capdrot";"2016-07-15 18:50:00";4000;4000;;0;;;0;;;0;;;;;;;;""
2016;7943;"13";"13056";"Martigues";"2016-07-15 19:11:00";500;500;;;;;;;;;;;;;;;;""
2016;7935;"13";"13056";"Martigues";"2016-07-15 19:40:00";460000;460000;;;;;;;;;;;"Malveillance";;;;;""
2016;7949;"13";"13005";"Aubagne";"2016-07-15 19:57:00";40;;40;;;;;;;0;;;;;;;;""
2016;7944;"13";"13041";"Gardanne";"2016-07-15 19:57:00";300;300;;;;;;;;;;;;;;;;""
2016;8171;"13";"13055";"Marseille";"2016-07-15 21:59:00";600;;600;;;;;;;;;"1";"Malveillance";;;;;""
2016;7948;"13";"13056";"Martigues";"2016-07-15 22:41:00";50;;50;;;;;;;0;;;"Malveillance";;;;;""
2016;7617;"30";"30341";"Vauvert";"2016-07-15 22:57:00";27684;;;;;;;;;;;"1";"Malveillance";;;;;""
2016;12620;"30";"30341";"Vauvert";"2016-07-15 22:58:00";504;;;;;;;;;;;"1";"Malveillance";;;;;""
2016;8938;"11";"11132";"Fabrezan";"2016-07-15 23:10:00";1000;;;;;;;;;;;;"Malveillance";;;;;""
2016;8128;"34";"34291";"Saint-Vincent-d'Olargues";"2016-07-15 23:33:00";100;100;;;;;;;;;;"4";"Involontaire (particulier)";;;;;""
2016;7954;"13";"13013";"Belcodène";"2016-07-16 00:59:00";10;10;;;;;;;;;;;"Malveillance";;;;;""
2016;8126;"34";"34157";"Mèze";"2016-07-16 02:36:00";1500;500;1000;;;;;;;;;"4";"Malveillance";;;;;""
2016;8343;"11";"11262";"Narbonne";"2016-07-16 07:30:00";10;;;;;;;;;;;;"Accidentelle";;;;;""
2016;8450;"34";"34157";"Mèze";"2016-07-16 09:39:00";850;0;850;;;;;;;;;"1";"Involontaire (travaux)";;;;;""
2016;8314;"66";"66101";"Llupia";"2016-07-16 11:09:00";20000;;20000;;;;;;;;;"1";"Involontaire (particulier)";;;;;""
2016;7953;"13";"13111";"Vauvenargues";"2016-07-16 12:21:00";30;;30;;;;;;;0;;;;;;;;""
2016;12621;"30";"30341";"Vauvert";"2016-07-16 12:58:00";150;;;;;;;;;;;"1";"Involontaire (travaux)";;;;;""
2016;7862;"2B";"2B263";"Rospigliani";"2016-07-16 13:46:00";250;;;;;;;;;;;"4";"Naturelle";;;;;""
2016;7659;"30";"30223";"Rousson";"2016-07-16 14:01:00";4000;;;;;;;;;;;"2";"Involontaire (particulier)";;;;;""
2016;8325;"66";"66071";"Estagel";"2016-07-16 15:32:00";150000;;150000;;;;;;;;;"1";"Malveillance";;;;;""
2016;2383;"33";"33498";"Salles";"2016-07-16 15:32:00";40000;40000;;0;;;0;;;0;;;;;;;;""
2016;8327;"66";"66028";"Cabestany";"2016-07-16 16:42:00";25000;10000;15000;;;;;;;;;"4";"Malveillance";;;;;""
2016;7652;"11";"11099";"Conques-sur-Orbiel";"2016-07-16 16:56:00";829689;48000;83100;;;;;;;698589;;;"Accidentelle";;;;;""
2016;9613;"07";"07310";"Savas";"2016-07-16 17:31:00";1500;1500;;;;;;;;;;"4";;;;;;""
2016;7955;"13";"13081";"Rognac";"2016-07-16 18:01:00";5;5;;;;;;;;;;;"Malveillance";;;;;""
2016;8066;"34";"34258";"Saint-Geniès-de-Fontedit";"2016-07-16 18:44:00";1800;800;1000;;;;;;;;;"1";"Involontaire (particulier)";;;;;""
2016;8345;"11";"11132";"Fabrezan";"2016-07-16 20:20:00";200;;;;;;;;;;;;"Malveillance";;;;;""
2016;8330;"66";"66225";"Villelongue-dels-Monts";"2016-07-16 20:53:00";500;;500;;;;;;;;;"1";"Malveillance";;;;;""
2016;1809;"47";"47280";"Saint-Sylvestre-sur-Lot";"2016-07-16 22:06:00";150;150;;0;;;0;;;0;;;"Involontaire (travaux)";;;;;""
2016;8331;"66";"66225";"Villelongue-dels-Monts";"2016-07-16 22:19:00";500;;500;;;;;;;;;"2";"Malveillance";;;;;""
2016;760;"38";"38027";"Barraux";"2016-07-16 22:55:00";150;0;;150;;;150;0;0;0;"Estimées";;;;;;;""
2016;2380;"33";"33273";"Martignas-sur-Jalle";"2016-07-16 23:14:00";100;100;;0;;;0;;;0;;;;;;;;""
2016;10171;"11";"11091";"Chalabre";"2016-07-16 23:50:00";100;;;;;;;;;;;;;;;;;""
2016;8076;"34";"34328";"Vendémian";"2016-07-17 01:11:00";1500;;1500;;;;;;;;;"1";"Malveillance";;;;;""
2016;8680;"66";"66011";"Bages";"2016-07-17 01:11:00";30000;15000;15000;;;;;;;;;"4";"Malveillance";;;;;""
2016;8451;"34";"34074";"Cessenon-sur-Orb";"2016-07-17 03:02:00";25;;25;;;;;;;;;"1";"Involontaire (particulier)";;;;;""
2016;7960;"13";"13005";"Aubagne";"2016-07-17 03:10:00";5;;5;;;;;;;0;;;;;;;;""
2016;1628;"24";"24029";"Beaupouyet";"2016-07-17 07:01:00";10000;10000;;0;;;0;;;0;;;;;;;;""
2016;7959;"13";"13017";"Boulbon";"2016-07-17 10:21:00";100;;100;;;;;;;0;;;;;;;;""
2016;8346;"11";"11315";"Rieux-Minervois";"2016-07-17 11:10:00";600;;;;;;;;;;;;"Accidentelle";;;;;""
2016;12622;"30";"30341";"Vauvert";"2016-07-17 11:38:00";50;;;;;;;;;;;"1";"Involontaire (travaux)";;;;;""
2016;8004;"2A";"2A092";"Conca";"2016-07-17 14:07:00";989;;989;;;;;;;;;"1";"Accidentelle";;;;;""
2016;8347;"11";"11170";"Gruissan";"2016-07-17 14:14:00";984;;;;;;;;;;;;"Malveillance";;;;;""
2016;7670;"06";"06065";"La Gaude";"2016-07-17 14:37:00";2699;;2699;;;;;;;;;"1";;;;;;""
2016;7830;"04";"04152";"Pierrevert";"2016-07-17 14:40:00";17;17;;;;;;;;;;"4";"Involontaire (particulier)";;;;;""
2016;7870;"2B";"2B049";"Calenzana";"2016-07-17 15:00:00";6000;;;;;;;;;;;"1";"Malveillance";;;;;""
2016;7957;"13";"13005";"Aubagne";"2016-07-17 15:12:00";300;150;150;;;;;;;0;;;"Malveillance";;;;;""
2016;7956;"13";"13056";"Martigues";"2016-07-17 15:24:00";5000;;;;;;;;;5000;;;;;;;;""
2016;2378;"33";"33273";"Martignas-sur-Jalle";"2016-07-17 15:24:00";300;300;;0;;;0;;;0;;;;;;;;""
2016;8453;"34";"34003";"Agde";"2016-07-17 16:19:00";100;100;;;;;;;;;;"6";"Involontaire (particulier)";;;;;""
2016;7671;"06";"06027";"Cagnes-sur-Mer";"2016-07-17 16:42:00";11241;;11241;;;;;;;;;"1";"Involontaire (particulier)";;;;;""
2016;2375;"33";"33214";"Lacanau";"2016-07-17 17:06:00";800;800;;0;;;0;;;0;;;;;;;;""
2016;7871;"2B";"2B334";"Valle-d'Alesani";"2016-07-17 18:06:00";500;;;;;;;;;;;"1";;;;;;""
2016;7974;"13";"13056";"Martigues";"2016-07-17 18:17:00";2000;2000;;;;;;;;;;;"Involontaire (travaux)";;;;;""
2016;8348;"11";"11144";"Fitou";"2016-07-17 19:01:00";121304;;121304;;;;;;;;;;"Involontaire (particulier)";;;;;""
2016;8349;"11";"11203";"Lézignan-Corbières";"2016-07-17 21:21:00";50;;;;;;;;;;;;"Involontaire (particulier)";;;;;""
2016;8006;"2A";"2A092";"Conca";"2016-07-18 10:00:00";37;;37;;;;;;;;;"1";"Involontaire (particulier)";;;;;""
2016;7883;"83";"83072";"Lorgues";"2016-07-18 11:14:00";1900;1900;;;;;;;;;;"5";"Malveillance";;;;;""
2016;178;"46";"46145";"Lachapelle-Auzac";"2016-07-18 12:13:00";3000;0;;3000;;;3000;0;0;0;"Estimées";;;;;;;""
2016;8690;"66";"66106";"Maureillas-las-Illas";"2016-07-18 12:39:00";400000;100000;300000;;;;;;;;;"3";"Involontaire (particulier)";;;;;""
2016;8127;"34";"34051";"Canet";"2016-07-18 12:40:00";300;;300;;;;;;;;;"1";"Involontaire (particulier)";;;;;""
2016;8670;"83";"83045";"Correns";"2016-07-18 12:52:00";6320000;5620000;560000;;;;;;;140000;;"4";"Malveillance";;;;;""
2016;147;"25";"25413";"Mouthe";"2016-07-18 13:00:00";200;100;;0;;;0;0;100;100;"Mesurées";;"Malveillance";;;;;"Données partielles ou non valides"
2016;7826;"83";"83004";"Les Arcs";"2016-07-18 13:23:00";1500;;1500;;;;;;;;;"1";"Involontaire (particulier)";;;;;""
2016;7827;"83";"83035";"Le Castellet";"2016-07-18 13:46:00";6600;6600;;;;;;;;;;"1";"Involontaire (particulier)";;;;;""
2016;2636;"40";"40133";"Labenne";"2016-07-18 14:07:00";8000;8000;;0;;;0;;;0;;;;;;;;""
2016;130;"81";"81136";"Larroque";"2016-07-18 15:13:00";3000;0;;3000;;;3000;0;0;0;"Estimées";;;;;;;""
2016;190;"63";"63334";"Saint-Dier-d'Auvergne";"2016-07-18 15:25:00";1337;1337;;0;;;0;0;0;0;"Estimées";;"Involontaire (particulier)";;;;;""
2016;8194;"84";"84048";"Gignac";"2016-07-18 15:31:00";20000;;;;;;;;;;;;;;;;;""
2016;143;"17";"17337";"Saint-Georges-d'Oléron";"2016-07-18 16:01:00";1000;1000;;0;;;0;0;0;0;"Estimées";;;;;;;""
2016;2369;"33";"33097";"Carcans";"2016-07-18 16:08:00";6000;6000;;0;;;0;;;0;;;;;;;;""
2016;7962;"13";"13081";"Rognac";"2016-07-18 16:12:00";1000;500;500;;;;;;;0;;;;;;;;""
2016;7961;"13";"13001";"Aix-en-Provence";"2016-07-18 16:17:00";2000;1000;1000;;;;;;;0;;;;;;;;""
2016;179;"46";"46032";"Boissières";"2016-07-18 16:28:00";500;0;;500;;;500;0;0;0;"Estimées";;;;;;;""
2016;7963;"13";"13023";"Ceyreste";"2016-07-18 16:42:00";30;;30;;;;;;;0;;;;;;;;""
2016;9614;"07";"07128";"Lalouvesc";"2016-07-18 17:32:00";250;;250;;;;;;;;;"1";;;;;;""
2016;8696;"66";"66084";"Fourques";"2016-07-18 17:34:00";10000;;10000;;;;;;;;;"2";"Malveillance";;;;;""
2016;7905;"06";"06136";"Sospel";"2016-07-18 17:50:00";1264;;1264;;;;;;;;;"1";"Involontaire (particulier)";;;;;""
2016;2635;"40";"40058";"Cachen";"2016-07-18 18:42:00";10;10;;0;;;0;;;0;;;;;;;;""
2016;8090;"34";"34069";"Cazouls-lès-Béziers";"2016-07-18 18:45:00";500;500;;;;;;;;;;"4";"Involontaire (particulier)";;;;;""
2016;8817;"30";"30169";"Milhaud";"2016-07-18 19:10:00";21730;;;;;;;;;;;"1";"Malveillance";;;;;""
2016;7964;"13";"13113";"Venelles";"2016-07-18 19:48:00";5;5;;;;;;;;0;;;;;;;;""
2016;1002;"86";"86274";"Les Trois-Moutiers";"2016-07-18 22:02:00";100;100;;0;;;0;0;0;0;"Estimées";;;;;;;""
2016;1622;"24";"24393";"Sainte-Croix";"2016-07-18 22:12:00";10000;10000;;0;;;0;;;0;;;;;;;;""
2016;7820;"30";"30102";"Dions";"2016-07-18 22:20:00";635;;;;;;;;;;;"1";"Malveillance";;;;;""
2016;139;"12";"12145";"Millau";"2016-07-18 22:30:00";30;0;;30;;;30;0;0;0;"Estimées";;"Accidentelle";;;;;""
2016;8007;"2A";"2A181";"Ocana";"2016-07-18 22:48:00";400;;400;;;;;;;;;"1";"Malveillance";;;;;""
2016;12623;"30";"30102";"Dions";"2016-07-19 04:17:00";15;;;;;;;;;;;"1";"Involontaire (travaux)";;;;;""
2016;7971;"13";"13071";"Les Pennes-Mirabeau";"2016-07-19 08:26:00";300;300;;;;;;;;0;;;;;;;;""
2016;8764;"83";"83128";"Sillans-la-Cascade";"2016-07-19 09:16:00";100;100;;;;;;;;;;"5";"Malveillance";;;;;""
2016;140;"12";"12082";"La Couvertoirade";"2016-07-19 09:40:00";70000;0;;70000;;;70000;0;0;0;"Estimées";;"Involontaire (travaux)";;;;;""
2016;763;"38";"38298";"Le Péage-de-Roussillon";"2016-07-19 09:49:00";1500;0;;1500;;;1500;0;0;0;"Estimées";;;;;;;""
2016;12624;"30";"30169";"Milhaud";"2016-07-19 09:51:00";35;;;;;;;;;;;"1";"Involontaire (travaux)";;;;;""
2016;7973;"13";"13117";"Vitrolles";"2016-07-19 09:59:00";5;5;;;;;;;;0;;;;;;;;""
2016;10838;"26";"26073";"Chantemerle-lès-Grignan";"2016-07-19 12:09:00";500;500;;;;;;;;;;;;;;;;""
2016;7966;"13";"13056";"Martigues";"2016-07-19 12:34:00";6000;6000;;;;;;;;;;;;;;;;""
2016;7836;"83";"83072";"Lorgues";"2016-07-19 13:12:00";100;100;;;;;;;;;;"5";"Involontaire (travaux)";;;;;""
2016;8116;"34";"34225";"Puisserguier";"2016-07-19 14:01:00";51500;21500;10000;;;;;;;20000;;"1";"Accidentelle";;;;;""
2016;7965;"13";"13030";"Cuges-les-Pins";"2016-07-19 14:04:00";27000;27000;;;;;;;;;;;"Involontaire (particulier)";;;;;""
2016;2634;"40";"40168";"Magescq";"2016-07-19 14:17:00";180000;180000;;0;;;0;;;0;;;;;;;;""
2016;7970;"13";"13036";"Eyragues";"2016-07-19 14:27:00";500;250;250;;;;;;;0;;;"Malveillance";;;;;""
2016;8008;"2A";"2A062";"Carbuccia";"2016-07-19 14:56:00";1600;;1600;;;;;;;;;"1";;;;;;""
2016;8221;"2A";"2A181";"Ocana";"2016-07-19 15:07:00";11650;;11650;;;;;;;;;"1";"Malveillance";;;;;""
2016;563;"28";"28229";"Mainvilliers";"2016-07-19 15:19:00";200;0;;200;;;200;0;0;0;"Estimées";;;;;;;""
2016;174;"45";"45121";"Dammarie-sur-Loing";"2016-07-19 15:48:00";102000;2000;;0;;;0;0;100000;100000;"Estimées";;;;;;;""
2016;136;"43";"43118";"Lavoûte-Chilhac";"2016-07-19 16:16:00";6700;2200;;0;;;0;0;4500;4500;"Mesurées";;"Malveillance";;;;;""
2016;180;"46";"46022";"Bélaye";"2016-07-19 16:20:00";10000;0;;10000;;;10000;0;0;0;"Estimées";;;;;;;""
2016;7967;"13";"13077";"Port-de-Bouc";"2016-07-19 16:24:00";2000;1000;1000;;;;;;;0;;;"Involontaire (travaux)";;;;;""
2016;2633;"40";"40296";"Seignosse";"2016-07-19 16:57:00";200;200;;0;;;0;;;0;;;;;;;;""
2016;2361;"33";"33097";"Carcans";"2016-07-19 17:03:00";2500;2500;;0;;;0;;;0;;;;;;;;""
2016;1004;"86";"86293";"Vivonne";"2016-07-19 17:06:00";1000;500;;0;;;0;0;500;500;"Estimées";;;;;;;""
2016;181;"46";"46066";"Cazals";"2016-07-19 17:08:00";3000;0;;3000;;;3000;0;0;0;"Estimées";;;;;;;""
2016;7837;"83";"83065";"Gassin";"2016-07-19 17:33:00";200;200;;;;;;;;;;"5";"Malveillance";;;;;""
2016;8009;"2A";"2A209";"Peri";"2016-07-19 18:39:00";200;;200;;;;;;;;;;;;;;;""
2016;7968;"13";"13026";"Châteauneuf-les-Martigues";"2016-07-19 18:47:00";1000;1000;;;;;;;;;;;"Malveillance";;;;;""
2016;2632;"40";"40167";"Luxey";"2016-07-19 19:35:00";14000;14000;;0;;;0;;;0;;;"Accidentelle";;;;;""
2016;8198;"2B";"2B355";"Volpajola";"2016-07-19 21:30:00";464200;64200;400000;;;;;;;;;"1";"Malveillance";;;;;""
2016;7972;"13";"13056";"Martigues";"2016-07-19 22:55:00";200;200;;;;;;;;;;;"Malveillance";;;;;""
2016;2631;"40";"40135";"Labrit";"2016-07-19 23:53:00";2500;2500;;0;;;0;;;0;;;;;;;;""
2016;2356;"33";"33009";"Arcachon";"2016-07-20 01:38:00";2500;2500;;0;;;0;;;0;;;;;;;;""
2016;2355;"33";"33422";"Saint-Jean-d'Illac";"2016-07-20 01:58:00";2500;2500;;0;;;0;;;0;;;"Accidentelle";;;;;""
2016;2354;"33";"33122";"Cestas";"2016-07-20 02:46:00";50;50;;0;;;0;;;0;;;;;;;;""
2016;8350;"11";"11170";"Gruissan";"2016-07-20 10:14:00";1;;;;;;;;;;;;"Involontaire (particulier)";;;;;""
2016;7984;"13";"13103";"Salon-de-Provence";"2016-07-20 11:05:00";100;;100;;;;;;;0;;;;;;;;""
2016;7985;"13";"13026";"Châteauneuf-les-Martigues";"2016-07-20 12:55:00";500;250;250;;;;;;;0;;;"Involontaire (particulier)";;;;;""
2016;7986;"13";"13063";"Miramas";"2016-07-20 13:47:00";15000;15000;;;;;;;;;;;"Involontaire (travaux)";;;;;""
2016;7987;"13";"13117";"Vitrolles";"2016-07-20 13:48:00";20;20;;;;;;;;0;;;;;;;;""
2016;7903;"04";"04188";"Saint-Maime";"2016-07-20 13:54:00";8900;;8900;;;;;;;;;"1";"Involontaire (particulier)";;;;;""
2016;8476;"2A";"2A249";"Propriano";"2016-07-20 15:48:00";10;;10;;;;;;;;;;;;;;;""
2016;8224;"2A";"2A104";"Eccica-Suarella";"2016-07-20 17:20:00";2000;1000;1000;;;;;;;;;"1";"Malveillance";;;;;""
2016;7988;"13";"13007";"Auriol";"2016-07-20 17:23:00";100;100;;;;;;;;;;;"Involontaire (travaux)";;;;;""
2016;766;"38";"38537";"La Verpillière";"2016-07-20 17:27:00";200;0;;200;;;200;0;0;0;"Estimées";;;;;;;""
2016;8120;"34";"34226";"Quarante";"2016-07-20 18:05:00";350;350;0;;;;;;;;;"4";"Malveillance";;;;;""
2016;8225;"2A";"2A271";"Sarrola-Carcopino";"2016-07-20 18:32:00";100;;100;;;;;;;;;"1";"Malveillance";;;;;""
2016;9615;"07";"07309";"Satillieu";"2016-07-20 18:52:00";2500;2500;;;;;;;;;;"4";;;;;;""
2016;8226;"2A";"2A271";"Sarrola-Carcopino";"2016-07-20 19:49:00";150;;150;;;;;;;;;"1";"Malveillance";;;;;""
2016;8227;"2A";"2A004";"Ajaccio";"2016-07-20 21:58:00";4600;100;4500;;;;;;;;;"1";"Involontaire (travaux)";;;;;""
2016;7989;"13";"13063";"Miramas";"2016-07-21 00:49:00";300;300;;;;;;;;;;;"Involontaire (particulier)";;;;;""
2016;7990;"13";"13063";"Miramas";"2016-07-21 00:49:00";50;50;;;;;;;;;;;;;;;;""
2016;7992;"13";"13005";"Aubagne";"2016-07-21 05:27:00";20;20;;;;;;;;0;;;;;;;;""
2016;7994;"13";"13047";"Istres";"2016-07-21 06:30:00";2;2;;;;;;;;0;;;;;;;;""
2016;11210;"26";"26282";"Romeyer";"2016-07-21 07:07:00";120;120;;;;;;;;;;;;;;;;""
2016;8204;"2B";"2B185";"Oletta";"2016-07-21 11:38:00";15000;;;;;;;;;;;"1";"Malveillance";;;;;""
2016;8129;"30";"30169";"Milhaud";"2016-07-21 11:48:00";26584;;;;;;;;;;;"1";"Malveillance";;;;;""
2016;8385;"13";"13103";"Salon-de-Provence";"2016-07-21 14:11:00";2000;1000;1000;;;;;;;0;;;;;;;;""
2016;8134;"30";"30222";"La Roque-sur-Cèze";"2016-07-21 14:26:00";5;;;;;;;;;;;"1";"Malveillance";;;;;""
2016;12626;"30";"30222";"La Roque-sur-Cèze";"2016-07-21 14:26:00";15;;;;;;;;;;;"1";"Malveillance";;;;;""
2016;8386;"13";"13063";"Miramas";"2016-07-21 14:42:00";50;50;;;;;;;;;;;"Malveillance";;;;;""
2016;8772;"83";"83121";"Salernes";"2016-07-21 14:55:00";2;2;;;;;;;;;;"4";"Involontaire (travaux)";;;;;""
2016;8209;"2B";"2B037";"Biguglia";"2016-07-21 19:25:00";1000;;;;;;;;;;;"1";;;;;;""
2016;8228;"2A";"2A006";"Alata";"2016-07-21 19:44:00";100;;100;;;;;;;;;"1";"Malveillance";;;;;""
2016;12627;"30";"30169";"Milhaud";"2016-07-21 20:49:00";20;;;;;;;;;;;"1";"Involontaire (travaux)";;;;;""
2016;8368;"48";"48004";"Altier";"2016-07-21 21:35:00";7000;;7000;;;;;;;;;"1";"Naturelle";;;;;""
2016;8218;"04";"04193";"Saint-Paul-sur-Ubaye";"2016-07-21 22:22:00";30;;;;;;;;;;;;"Involontaire (particulier)";;;;;""
2016;8143;"30";"30168";"Mialet";"2016-07-21 23:31:00";724;;;;;;;;;;;"4";"Naturelle";;;;;""
2016;12628;"30";"30079";"Chambon";"2016-07-22 01:02:00";10;;;;;;;;;;;"4";"Naturelle";;;;;""
2016;8713;"66";"66226";"Villemolaque";"2016-07-22 02:15:00";800;800;;;;;;;;;;"4";"Malveillance";;;;;""
2016;2348;"33";"33333";"Le Porge";"2016-07-22 02:21:00";500;500;;0;;;0;;;0;;;"Malveillance";;;;;""
2016;8714;"66";"66217";"Trouillas";"2016-07-22 02:50:00";25000;15000;10000;;;;;;;;;"4";"Malveillance";;;;;""
2016;8715;"66";"66148";"Port-Vendres";"2016-07-22 02:58:00";20000;15000;5000;;;;;;;;;"4";"Malveillance";;;;;""
2016;8388;"13";"13080";"Le Puy-Sainte-Réparade";"2016-07-22 06:25:00";100;50;50;;;;;;;0;;;;;;;;""
2016;8195;"84";"84014";"Beaumont-de-Pertuis";"2016-07-22 08:29:00";100;;;;;;;;;;;;;;;;;""
2016;8351;"11";"11262";"Narbonne";"2016-07-22 08:59:00";40;;;;;;;;;;;;"Naturelle";;;;;""
2016;8229;"2A";"2A041";"Bonifacio";"2016-07-22 09:04:00";20;;20;;;;;;;;;"1";"Involontaire (particulier)";;;;;""
2016;8210;"2B";"2B096";"Corte";"2016-07-22 14:30:00";22800;;;;;;;;;;;"1";"Malveillance";;;;;""
2016;2628;"40";"40155";"Linxe";"2016-07-22 14:48:00";26000;26000;;0;;;0;;;0;;;;;;;;""
2016;8230;"2A";"2A276";"Serra-di-Ferro";"2016-07-22 16:24:00";400;;400;;;;;;;;;"6";"Malveillance";;;;;""
2016;8721;"66";"66008";"Argelès-sur-Mer";"2016-07-22 18:09:00";500;500;;;;;;;;;;"4";"Malveillance";;;;;""
2016;2627;"40";"40163";"Lüe";"2016-07-22 18:45:00";11000;11000;;0;;;0;;;0;;;;;;;;""
2016;1013;"86";"86066";"Châtellerault";"2016-07-22 19:00:00";10;10;;0;;;0;0;0;0;"Estimées";;;;;;;""
2016;8775;"83";"83030";"Camps-la-Source";"2016-07-22 19:04:00";100;100;;;;;;;;;;"5";"Malveillance";;;;;""
2016;8776;"83";"83007";"Aups";"2016-07-22 20:25:00";2;2;;;;;;;;;;"4";"Naturelle";;;;;""
2016;8389;"13";"13033";"Ensuès-la-Redonne";"2016-07-22 20:30:00";10;10;;;;;;;;0;;;;;;;;""
2016;8231;"2A";"2A031";"Bastelica";"2016-07-22 21:04:00";90;;90;;;;;;;;;"1";"Malveillance";;;;;""
2016;8352;"11";"11269";"Ouveillan";"2016-07-23 00:26:00";3129;;;;;;;;;;;;"Malveillance";;;;;""
2016;8211;"2B";"2B037";"Biguglia";"2016-07-23 02:57:00";100;;;;;;;;;;;"1";;;;;;""
2016;8723;"66";"66069";"Espira-de-l'Agly";"2016-07-23 04:44:00";40000;20000;20000;;;;;;;;;"4";"Malveillance";;;;;""
2016;2346;"33";"33540";"Vendays-Montalivet";"2016-07-23 06:58:00";10;10;;0;;;0;;;0;;;;;;;;""
2016;8480;"2A";"2A272";"Sartène";"2016-07-23 10:24:00";100;;100;;;;;;;;;"1";"Accidentelle";;;;;""
2016;8353;"11";"11124";"Durban-Corbières";"2016-07-23 11:14:00";53;;;;;;;;;;;;"Involontaire (particulier)";;;;;""
2016;8454;"34";"34242";"Saint-Bauzille-de-Montmel";"2016-07-23 14:20:00";150;;150;;;;;;;;;"1";"Involontaire (particulier)";;;;;""
2016;8354;"11";"11086";"Caves";"2016-07-23 15:33:00";457;;;;;;;;;;;;"Involontaire (particulier)";;;;;""
2016;8232;"2A";"2A130";"Grosseto-Prugna";"2016-07-23 15:38:00";500;;500;;;;;;;;;;"Accidentelle";;;;;""
2016;8390;"13";"13042";"Gémenos";"2016-07-23 17:01:00";10;10;;;;;;;;;;;"Naturelle";;;;;""
2016;8391;"13";"13100";"Saint-Rémy-de-Provence";"2016-07-23 21:20:00";10;;10;;;;;;;0;;;"Malveillance";;;;;""
2016;8392;"13";"13063";"Miramas";"2016-07-23 21:34:00";15;;15;;;;;;;0;;;;;;;;""
2016;10172;"11";"11121";"Donazac";"2016-07-23 22:28:00";2000;;;;;;;;;;;;"Involontaire (travaux)";;;;;""
2016;8455;"34";"34069";"Cazouls-lès-Béziers";"2016-07-23 23:41:00";2900;900;2000;;;;;;;;;"1";"Accidentelle";;;;;""
2016;8337;"34";"34103";"Fontès";"2016-07-24 01:36:00";400;;400;;;;;;;;;"1";"Malveillance";;;;;""
2016;8338;"34";"34279";"Saint-Nazaire-de-Ladarez";"2016-07-24 04:13:00";50;50;;;;;;;;;;"6";"Malveillance";;;;;""
2016;8357;"11";"11257";"Monze";"2016-07-24 04:41:00";2;;;;;;;;;;;;"Malveillance";;;;;""
2016;8213;"2B";"2B054";"Campile";"2016-07-24 06:29:00";15;;;;;;;;;;;"1";"Malveillance";;;;;""
2016;8787;"83";"83041";"Claviers";"2016-07-24 09:55:00";150;150;;;;;;;;;;"5";"Naturelle";;;;;""
2016;693;"77";"77006";"Arbonne-la-Forêt";"2016-07-24 13:16:00";3500;3500;;0;;;0;0;0;0;"Estimées";;;;;;;""
2016;8456;"34";"34336";"Villeneuve-lès-Béziers";"2016-07-24 15:03:00";15400;5400;10000;;;;;;;;;"1";"Involontaire (particulier)";;;;;""
2016;8233;"2A";"2A279";"Serriera";"2016-07-24 15:56:00";10;10;;;;;;;;;;;;;;;;""
2016;8789;"83";"83121";"Salernes";"2016-07-24 16:03:00";50;50;;;;;;;;;;"4";"Naturelle";;;;;""
2016;8219;"04";"04094";"Gréoux-les-Bains";"2016-07-24 16:28:00";3800;3800;;;;;;;;;;"2";;;;;;""
2016;8790;"83";"83083";"Montfort-sur-Argens";"2016-07-24 16:50:00";10;10;;;;;;;;;;"5";"Involontaire (travaux)";;;;;""
2016;2624;"40";"40307";"Sore";"2016-07-24 17:58:00";1000;100;;0;;;0;;;900;;;;;;;;""
2016;2623;"40";"40167";"Luxey";"2016-07-24 18:15:00";150;150;;0;;;0;;;0;;;;;;;;""
2016;8393;"13";"13117";"Vitrolles";"2016-07-24 19:48:00";400;200;200;;;;;;;0;;;;;;;;""
2016;8394;"13";"13033";"Ensuès-la-Redonne";"2016-07-25 00:36:00";20;20;;;;;;;;0;;;;;;;;""
2016;8935;"11";"11370";"Salles-d'Aude";"2016-07-25 08:39:00";100;;;;;;;;;;;;;;;;;""
2016;8519;"06";"06089";"Opio";"2016-07-25 13:58:00";300;300;;;;;;;;;;"4";"Involontaire (travaux)";;;;;""
2016;8235;"2A";"2A269";"Sari-Solenzara";"2016-07-25 14:33:00";20;;20;;;;;;;;;"1";"Involontaire (particulier)";;;;;""
2016;9251;"66";"66096";"Latour-de-France";"2016-07-25 17:02:00";10000;;10000;;;;;;;;;"1";"Malveillance";;;;;""
2016;8792;"83";"83030";"Camps-la-Source";"2016-07-25 17:20:00";150;150;;;;;;;;;;"4";"Malveillance";;;;;""
2016;8360;"34";"34074";"Cessenon-sur-Orb";"2016-07-25 17:53:00";6000;2000;2000;;;;;;;2000;;"1";"Involontaire (particulier)";;;;;""
2016;2338;"33";"33378";"Saint-Avit-Saint-Nazaire";"2016-07-25 18:13:00";5000;5000;;0;;;0;;;0;;;"Accidentelle";;;;;""
2016;471;"17";"17084";"Champagnolles";"2016-07-25 19:21:00";1000;1000;;0;;;0;0;0;0;"Estimées";;;;;;;""
2016;8381;"2B";"2B037";"Biguglia";"2016-07-25 22:02:00";26000;;;;;;;;;;;"1";"Malveillance";;;;;""
2016;8934;"11";"11262";"Narbonne";"2016-07-25 22:49:00";673;;;;;;;;;;;;"Accidentelle";;;;;""
2016;8249;"84";"84017";"Bédoin";"2016-07-25 23:25:00";1000;1000;;;;;;;;;;"4";"Malveillance";;;;;""
2016;1373;"72";"72223";"Noyen-sur-Sarthe";"2016-07-25 23:26:00";60;60;;0;;;0;0;0;0;"Estimées";;;;;;;""
2016;8395;"13";"13077";"Port-de-Bouc";"2016-07-26 01:02:00";5000;100;200;;;;;;;4700;;;"Malveillance";;;;;""
2016;1801;"47";"47085";"Durance";"2016-07-26 03:28:00";500;500;;0;;;0;;;0;;;"Accidentelle";;;;;""
2016;9298;"66";"66069";"Espira-de-l'Agly";"2016-07-26 03:52:00";2000;1000;1000;;;;;;;;;"4";"Malveillance";;;;;""
2016;8520;"06";"06034";"Castagniers";"2016-07-26 13:47:00";1775;1775;;;;;;;;;;"5";;;;;;""
2016;9304;"66";"66145";"Ponteilla";"2016-07-26 14:47:00";40000;10000;30000;;;;;;;;;"4";;;;;;""
2016;8359;"34";"34094";"Espondeilhan";"2016-07-26 15:30:00";6000;;;;;;;;;;;"1";;;;;;""
2016;8374;"48";"48171";"Saint-Martin-de-Lansuscle";"2016-07-26 15:35:00";500;500;;;;;;;;;;"1";"Involontaire (particulier)";;;;;""
2016;9306;"66";"66187";"Saint-Paul-de-Fenouillet";"2016-07-26 15:47:00";2000;2000;;;;;;;;;;"3";"Malveillance";;;;;""
2016;8358;"34";"34120";"Jacou";"2016-07-26 15:57:00";300;300;;;;;;;;;;"4";"Involontaire (particulier)";;;;;""
2016;8939;"11";"11170";"Gruissan";"2016-07-26 17:11:00";1;;;;;;;;;;;;"Involontaire (particulier)";;;;;""
2016;8396;"13";"13115";"Vernègues";"2016-07-26 17:29:00";100;50;50;;;;;;;0;;;"Involontaire (particulier)";;;;;""
2016;9307;"66";"66136";"Perpignan";"2016-07-26 17:45:00";5000;1000;4000;;;;;;;;;"2";"Malveillance";;;;;""
2016;2335;"33";"33115";"Cazalis";"2016-07-26 18:00:00";300;300;;0;;;0;;;0;;;"Accidentelle";;;;;""
2016;8458;"34";"34268";"Saint-Jean-de-la-Blaquière";"2016-07-26 19:29:00";300;300;;;;;;;;;;"2";"Involontaire (particulier)";;;;;""
2016;1374;"72";"72294";"Saint-Léonard-des-Bois";"2016-07-26 19:58:00";100;100;;0;;;0;0;0;0;"Estimées";;;;;;;""
2016;8459;"34";"34163";"Montarnaud";"2016-07-26 20:12:00";5;5;;;;;;;;;;"2";"Accidentelle";;;;;""
2016;2334;"33";"33179";"Galgon";"2016-07-26 20:42:00";10000;10000;;0;;;0;;;0;;;;;;;;""
2016;8798;"83";"83083";"Montfort-sur-Argens";"2016-07-26 20:56:00";2;2;;;;;;;;;;"4";"Involontaire (travaux)";;;;;""
2016;2621;"40";"40326";"Vielle-Saint-Girons";"2016-07-27 00:24:00";100;100;;0;;;0;;;0;;;;;;;;""
2016;10969;"13";"13055";"Marseille";"2016-07-27 01:01:00";2000;;2000;;;;;;;;;"1";"Malveillance";;;;;""
2016;9316;"66";"66136";"Perpignan";"2016-07-27 05:26:00";5000;2500;2500;;;;;;;;;"3";"Malveillance";;;;;""
2016;9318;"66";"66106";"Maureillas-las-Illas";"2016-07-27 11:31:00";40000;40000;;;;;;;;;;"3";"Malveillance";;;;;""
2016;8801;"83";"83083";"Montfort-sur-Argens";"2016-07-27 12:38:00";100;100;;;;;;;;;;"4";"Involontaire (travaux)";;;;;""
2016;9323;"66";"66164";"Rivesaltes";"2016-07-27 14:43:00";500000;20000;480000;;;;;;;;;"1";"Involontaire (particulier)";;;;;""
2016;8383;"2B";"2B355";"Volpajola";"2016-07-27 15:09:00";5;;;;;;;;;;;"1";"Malveillance";;;;;""
2016;8497;"2B";"2B289";"Soveria";"2016-07-27 15:21:00";2;;;;;;;;;;;"1";;;;;;""
2016;8803;"83";"83083";"Montfort-sur-Argens";"2016-07-27 15:58:00";100;100;;;;;;;;;;"5";"Involontaire (travaux)";;;;;""
2016;8397;"13";"13001";"Aix-en-Provence";"2016-07-27 17:00:00";5200;4000;1200;;;;;;;;;;"Involontaire (particulier)";;;;;""
2016;8460;"34";"34074";"Cessenon-sur-Orb";"2016-07-27 17:05:00";2050;2050;;;;;;;;;;"4";"Malveillance";;;;;""
2016;1614;"24";"24509";"Saint-Vincent-de-Connezac";"2016-07-27 17:44:00";500;500;;0;;;0;;;0;;;;;;;;""
2016;12476;"66";"66115";"Montesquieu-des-Albères";"2016-07-27 17:59:00";35500;30000;5500;;;;;;;;;"5";"Malveillance";;;;;""
2016;8807;"83";"83083";"Montfort-sur-Argens";"2016-07-27 18:52:00";10;10;;;;;;;;;;"4";"Involontaire (travaux)";;;;;""
2016;770;"38";"38107";"Chonas-l'Amballan";"2016-07-27 20:15:00";200;0;;200;;;200;0;0;0;"Estimées";;;;;;;""
2016;8399;"13";"13001";"Aix-en-Provence";"2016-07-27 23:37:00";2500;2500;;;;;;;;;;;"Accidentelle";;;;;""
2016;8400;"13";"13077";"Port-de-Bouc";"2016-07-28 00:01:00";200;100;100;;;;;;;;;;"Malveillance";;;;;""
2016;8384;"2B";"2B037";"Biguglia";"2016-07-28 01:07:00";100;;;;;;;;;;;"1";;;;;;""
2016;2620;"40";"40094";"Escource";"2016-07-28 04:28:00";200;200;;0;;;0;;;0;;;"Accidentelle";;;;;""
2016;8481;"2A";"2A062";"Carbuccia";"2016-07-28 07:37:00";10;;10;;;;;;;;;"1";"Malveillance";;;;;""
2016;8423;"34";"34330";"Vérargues";"2016-07-28 10:07:00";3500;;3500;;;;;;;;;"1";"Involontaire (particulier)";;;;;""
2016;9326;"66";"66024";"Le Boulou";"2016-07-28 10:47:00";7000;1000;6000;;;;;;;;;"2";"Malveillance";;;;;""
2016;9327;"66";"66189";"Saleilles";"2016-07-28 11:42:00";35000;;35000;;;;;;;;;"1";"Involontaire (travaux)";;;;;""
2016;9330;"66";"66115";"Montesquieu-des-Albères";"2016-07-28 12:57:00";700;700;;;;;;;;;;"3";"Malveillance";;;;;""
2016;8424;"34";"34069";"Cazouls-lès-Béziers";"2016-07-28 13:56:00";660;;660;;;;;;;;;"1";"Malveillance";;;;;""
2016;1612;"24";"24117";"Chavagnac";"2016-07-28 14:15:00";1000;1000;;0;;;0;;;0;;;;;;;;""
2016;8482;"2A";"2A062";"Carbuccia";"2016-07-28 14:18:00";20;;20;;;;;;;;;"1";"Malveillance";;;;;""
2016;9690;"13";"13048";"Jouques";"2016-07-28 14:35:00";50;50;;;;;;;;;;;"Malveillance";;;;;""
2016;8483;"2A";"2A345";"Vero";"2016-07-28 16:03:00";450;;450;;;;;;;;;"1";"Malveillance";;;;;""
2016;2619;"40";"40296";"Seignosse";"2016-07-28 17:40:00";500;500;;0;;;0;;;0;;;;;;;;""
2016;10968;"13";"13055";"Marseille";"2016-07-28 18:07:00";550;;550;;;;;;;;;"1";"Malveillance";;;;;""
2016;9691;"13";"13001";"Aix-en-Provence";"2016-07-28 21:19:00";400;400;;;;;;;;;;;"Malveillance";;;;;""
2016;8428;"34";"34103";"Fontès";"2016-07-28 22:36:00";1650;;1650;;;;;;;;;"1";"Malveillance";;;;;""
2016;9693;"13";"13041";"Gardanne";"2016-07-28 23:51:00";30;30;;;;;;;;;;;;;;;;""
2016;9694;"13";"13067";"Orgon";"2016-07-29 01:16:00";500;300;200;;;;;;;;;;"Malveillance";;;;;""
2016;8522;"06";"06086";"Moulinet";"2016-07-29 09:59:00";608;608;;;;;;;;;;"4";"Naturelle";;;;;""
2016;8461;"34";"34197";"Péret";"2016-07-29 12:30:00";1900;;1900;;;;;;;;;"1";"Accidentelle";;;;;""
2016;8811;"83";"83083";"Montfort-sur-Argens";"2016-07-29 12:49:00";100;100;;;;;;;;;;"4";"Involontaire (travaux)";;;;;""
2016;9338;"66";"66129";"Ortaffa";"2016-07-29 14:00:00";30000;20000;10000;;;;;;;;;"3";;;;;;""
2016;859;"15";"15142";"Neuvéglise";"2016-07-29 15:20:00";5000;0;;5000;;;5000;0;0;0;"Estimées";;;;;;;""
2016;183;"46";"46099";"Fargues";"2016-07-29 17:14:00";20000;0;;20000;;;20000;0;0;0;"Estimées";;;;;;;""
2016;771;"38";"38504";"Theys";"2016-07-29 18:40:00";2500;2500;;0;;;0;0;0;0;"Estimées";;"Involontaire (travaux)";;;;;""
2016;8521;"06";"06099";"Puget-Théniers";"2016-07-29 19:45:00";352;352;;;;;;;;;;"4";"Naturelle";;;;;""
2016;8527;"2B";"2B188";"Olmeta-di-Tuda";"2016-07-30 00:36:00";35000;;;;;;;;;;;"1";"Malveillance";;;;;""
2016;2617;"40";"40319";"Trensacq";"2016-07-30 01:13:00";10;10;;0;;;0;;;0;;;"Naturelle";;;;;""
2016;8433;"34";"34229";"Riols";"2016-07-30 01:47:00";100;100;;;;;;;;;;"3";"Malveillance";;;;;""
2016;2616;"40";"40184";"Mimizan";"2016-07-30 01:58:00";3000;3000;;0;;;0;;;0;;;"Naturelle";;;;;""
2016;2326;"33";"33529";"La Teste-de-Buch";"2016-07-30 06:12:00";30000;30000;;0;;;0;;;0;;;"Naturelle";;;;;""
2016;694;"77";"77386";"Recloses";"2016-07-30 08:07:00";1500;1500;;0;;;0;0;0;0;"Estimées";;;;;;;""
2016;2325;"33";"33042";"Belin-Béliet";"2016-07-30 10:11:00";5;5;;0;;;0;;;0;;;"Naturelle";;;;;""
2016;8444;"48";"48098";"Molezon";"2016-07-30 11:14:00";8400;8400;;;;;;;;;;"3";"Naturelle";;;;;""
2016;2324;"33";"33501";"Saucats";"2016-07-30 12:33:00";800;800;;0;;;0;;;0;;;;;;;;""
2016;2323;"33";"33225";"Landiras";"2016-07-30 13:52:00";300;300;;0;;;0;;;0;;;;;;;;""
2016;12629;"30";"30351";"Villeneuve-lès-Avignon";"2016-07-30 14:04:00";17517;;;;;;;;;;;"1";"Involontaire (particulier)";;;;;""
2016;170;"12";"12033";"Bozouls";"2016-07-30 14:45:00";50000;0;;50000;;;50000;0;0;0;"Estimées";;;;;;;""
2016;9695;"13";"13038";"Fontvieille";"2016-07-30 15:05:00";3500;;;;;;;;;;;;"Involontaire (particulier)";;;;;""
2016;184;"46";"46014";"Bagat-en-Quercy";"2016-07-30 15:32:00";5000;0;;5000;;;5000;0;0;0;"Estimées";;"Accidentelle";;;;;""
2016;185;"46";"46015";"Bagnac-sur-Célé";"2016-07-30 15:53:00";300;0;;300;;;300;0;0;0;"Estimées";;;;;;;""
2016;8940;"11";"11099";"Conques-sur-Orbiel";"2016-07-30 16:05:00";3565;;;;;;;;;;;;"Involontaire (particulier)";;;;;""
2016;2322;"33";"33229";"Lanton";"2016-07-30 16:22:00";1500;1500;;0;;;0;;;0;;;;;;;;""
2016;2321;"33";"33422";"Saint-Jean-d'Illac";"2016-07-30 16:29:00";20;20;;0;;;0;;;0;;;"Naturelle";;;;;""
2016;2320;"33";"33251";"Louchats";"2016-07-30 16:33:00";1500;1500;;0;;;0;;;0;;;;;;;;""
2016;2319;"33";"33436";"Saint-Magne";"2016-07-30 16:38:00";1000;1000;;0;;;0;;;0;;;;;;;;""
2016;2317;"33";"33310";"Origne";"2016-07-30 16:49:00";5000;5000;;0;;;0;;;0;;;"Naturelle";;;;;""
2016;2318;"33";"33494";"Salaunes";"2016-07-30 16:55:00";250;250;;0;;;0;;;0;;;"Naturelle";;;;;""
2016;1032;"86";"86066";"Châtellerault";"2016-07-30 16:58:00";40;40;;0;;;0;0;0;0;"Estimées";;;;;;;""
2016;2316;"33";"33251";"Louchats";"2016-07-30 17:01:00";2000;1000;;0;;;0;;;1000;;;;;;;;""
2016;2315;"33";"33229";"Lanton";"2016-07-30 17:42:00";10;10;;0;;;0;;;0;;;"Naturelle";;;;;""
2016;171;"12";"12080";"Coupiac";"2016-07-30 17:45:00";20000;0;;20000;;;20000;0;0;0;"Estimées";;;;;;;""
2016;2314;"33";"33011";"Arès";"2016-07-30 18:09:00";200;200;;0;;;0;;;0;;;;;;;;""
2016;8942;"11";"11198";"Laure-Minervois";"2016-07-30 18:09:00";19896;3000;;;;;;;;16896;;;"Involontaire (travaux)";;;;;""
2016;2312;"33";"33503";"Saumos";"2016-07-30 18:38:00";3000;3000;;0;;;0;;;0;;;"Naturelle";;;;;""
2016;2311;"33";"33417";"Sainte-Hélène";"2016-07-30 18:55:00";1500;1500;;0;;;0;;;0;;;"Naturelle";;;;;""
2016;8445;"48";"48173";"Saint-Michel-de-Dèze";"2016-07-30 19:00:00";30;;30;;;;;;;;;"1";;;;;;""
2016;8943;"11";"11081";"Caunes-Minervois";"2016-07-30 19:14:00";1833;;;;;;;;;;;;"Naturelle";;;;;""
2016;9345;"66";"66020";"Bolquère";"2016-07-30 19:16:00";15;15;;;;;;;;;;"4";"Accidentelle";;;;;""
2016;2310;"33";"33528";"Le Temple";"2016-07-30 19:30:00";9;9;;0;;;0;;;0;;;"Naturelle";;;;;""
2016;2614;"40";"40279";"Saint-Paul-lès-Dax";"2016-07-30 20:58:00";3800;3800;;0;;;0;;;0;;;"Naturelle";;;;;""
2016;2613;"40";"40085";"Commensacq";"2016-07-30 21:22:00";30;30;;0;;;0;;;0;;;"Naturelle";;;;;""
2016;2612;"40";"40210";"Onesse-Laharie";"2016-07-30 21:53:00";3600;3600;;0;;;0;;;0;;;"Naturelle";;;;;""
2016;2611;"40";"40323";"Vert";"2016-07-30 22:03:00";1300;1300;;0;;;0;;;0;;;"Naturelle";;;;;""
2016;2610;"40";"40266";"Saint-Julien-en-Born";"2016-07-30 22:18:00";1500;1500;;0;;;0;;;0;;;"Naturelle";;;;;""
2016;2609;"40";"40094";"Escource";"2016-07-31 04:00:00";28000;28000;;0;;;0;;;0;;;"Naturelle";;;;;""
2016;2608;"40";"40210";"Onesse-Laharie";"2016-07-31 07:24:00";85000;85000;;0;;;0;;;0;;;;;;;;""
2016;2307;"33";"33244";"Lignan-de-Bazas";"2016-07-31 08:08:00";10;10;;0;;;0;;;0;;;"Naturelle";;;;;""
2016;2607;"40";"40171";"Mano";"2016-07-31 08:25:00";3000;3000;;0;;;0;;;0;;;"Naturelle";;;;;""
2016;2606;"40";"40081";"Cère";"2016-07-31 08:38:00";12000;12000;;0;;;0;;;0;;;"Naturelle";;;;;""
2016;2306;"33";"33251";"Louchats";"2016-07-31 09:15:00";100;100;;0;;;0;;;0;;;;;;;;""
2016;12630;"30";"30351";"Villeneuve-lès-Avignon";"2016-07-31 11:11:00";10;;;;;;;;;;;"1";"Involontaire (travaux)";;;;;""
2016;2605;"40";"40149";"Lencouacq";"2016-07-31 11:18:00";400;400;;0;;;0;;;0;;;;;;;;""
2016;9348;"66";"66075";"Eyne";"2016-07-31 13:08:00";300;300;;;;;;;;;;"4";"Naturelle";;;;;""
2016;8528;"2B";"2B124";"Ghisoni";"2016-07-31 13:37:00";49900;;;;;;;;;;;"1";"Naturelle";;;;;""
2016;8523;"06";"06068";"Gourdon";"2016-07-31 13:51:00";4171;4171;;;;;;;;;;"3";"Accidentelle";;;;;""
2016;12631;"30";"30351";"Villeneuve-lès-Avignon";"2016-07-31 14:39:00";10;;;;;;;;;;;"1";"Involontaire (travaux)";;;;;""
2016;2604;"40";"40094";"Escource";"2016-07-31 17:27:00";100;100;;0;;;0;;;0;;;"Naturelle";;;;;""
2016;2603;"40";"40250";"Saint-Avit";"2016-07-31 18:23:00";5000;5000;;0;;;0;;;0;;;"Naturelle";;;;;""
2016;8488;"34";"34007";"Aigues-Vives";"2016-07-31 20:02:00";2700;700;;;;;;;;2000;;"1";"Involontaire (particulier)";;;;;""
2016;8502;"2B";"2B355";"Volpajola";"2016-08-01 03:32:00";2000;;;;;;;;;;;"1";;;;;;""
2016;8503;"2B";"2B355";"Volpajola";"2016-08-01 03:32:00";400;;;;;;;;;;;"1";;;;;;""
2016;8565;"2A";"2A272";"Sartène";"2016-08-01 04:17:00";100;;100;;;;;;;;;"1";"Involontaire (travaux)";;;;;""
2016;9697;"13";"13040";"Fuveau";"2016-08-01 04:38:00";800;100;700;;;;;;;;;;"Accidentelle";;;;;""
2016;8819;"83";"83042";"Cogolin";"2016-08-01 05:40:00";100;100;;;;;;;;;;"2";"Malveillance";;;;;""
2016;2301;"33";"33229";"Lanton";"2016-08-01 09:32:00";400;400;;0;;;0;;;0;;;"Naturelle";;;;;""
2016;2602;"40";"40135";"Labrit";"2016-08-01 12:09:00";34000;34000;;0;;;0;;;0;;;"Naturelle";;;;;""
2016;9352;"66";"66069";"Espira-de-l'Agly";"2016-08-01 12:23:00";10000;10000;;;;;;;;;;"4";"Malveillance";;;;;""
2016;2299;"33";"33239";"Lerm-et-Musset";"2016-08-01 12:32:00";900;900;;0;;;0;;;0;;;"Naturelle";;;;;""
2016;186;"46";"46127";"Gourdon";"2016-08-01 12:58:00";100;0;;100;;;100;0;0;0;"Estimées";;;;;;;""
2016;8566;"2A";"2A001";"Afa";"2016-08-01 13:07:00";15000;1000;4000;;;;;;;10000;;"2";"Involontaire (particulier)";;;;;""
2016;2601;"40";"40053";"Bourriot-Bergonce";"2016-08-01 13:23:00";2000;2000;;0;;;0;;;0;;;;;;;;""
2016;9356;"66";"66176";"Saint-Hippolyte";"2016-08-01 13:33:00";30000;;30000;;;;;;;;;"1";"Malveillance";;;;;""
2016;2298;"33";"33517";"Soussans";"2016-08-01 13:51:00";50;50;;0;;;0;;;0;;;;;;;;""
2016;860;"15";"15265";"Ydes";"2016-08-01 14:16:00";10000;0;;10000;;;10000;0;0;0;"Estimées";;;;;;;""
2016;9353;"66";"66069";"Espira-de-l'Agly";"2016-08-01 14:41:00";800;800;;;;;;;;;;"4";"Malveillance";;;;;""
2016;8946;"11";"11307";"Raissac-d'Aude";"2016-08-01 14:55:00";150;;;;;;;;;;;;"Involontaire (particulier)";;;;;""
2016;9701;"13";"13107";"Simiane-Collongue";"2016-08-01 15:15:00";1100;1100;;;;;;;;;;;"Involontaire (particulier)";;;;;""
2016;176;"58";"58080";"La Collancelle";"2016-08-01 15:17:00";10000;10000;;0;;;0;0;0;0;"Estimées";;;;;;;""
2016;9702;"13";"13001";"Aix-en-Provence";"2016-08-01 15:20:00";414600;114600;300000;;;;;;;;;;"Malveillance";;;;;""
2016;2295;"33";"33229";"Lanton";"2016-08-01 15:52:00";3000;3000;;0;;;0;;;0;;;"Naturelle";;;;;""
2016;8567;"2A";"2A139";"Lecci";"2016-08-01 16:34:00";280;;280;;;;;;;;;"1";"Involontaire (particulier)";;;;;""
2016;8468;"30";"30312";"Sauveterre";"2016-08-01 16:36:00";1353;;;;;;;;;;;"1";"Involontaire (particulier)";;;;;""
2016;9359;"66";"66205";"Tautavel";"2016-08-01 17:20:00";331900;200000;131900;;;;;;;;;"2";"Malveillance";;;;;""
2016;2293;"33";"33022";"Avensan";"2016-08-01 18:41:00";500;500;;0;;;0;;;0;;;;;;;;""
2016;9786;"13";"13056";"Martigues";"2016-08-01 19:25:00";57600;57600;;;;;;;;;;;"Malveillance";;;;;""
2016;2292;"33";"33333";"Le Porge";"2016-08-01 20:33:00";200;200;;0;;;0;;;0;;;;;;;;""
2016;9362;"66";"66028";"Cabestany";"2016-08-01 21:23:00";10000;5000;5000;;;;;;;;;"4";;;;;;""
2016;8557;"84";"84074";"Mérindol";"2016-08-02 11:12:00";40000;40000;;;;;;;;;;"4";;;;;;""
2016;2600;"40";"40149";"Lencouacq";"2016-08-02 11:43:00";11200;11200;;0;;;0;;;0;;;;;;;;""
2016;8588;"2B";"2B320";"Tallone";"2016-08-02 11:50:00";51000;;;;;;;;;;;"1";"Malveillance";;;;;""
2016;8823;"83";"83072";"Lorgues";"2016-08-02 12:14:00";150;150;;;;;;;;;;"5";"Malveillance";;;;;""
2016;8510;"30";"30351";"Villeneuve-lès-Avignon";"2016-08-02 14:03:00";63;;;;;;;;;;;"1";"Involontaire (travaux)";;;;;""
2016;8948;"11";"11372";"Salsigne";"2016-08-02 14:05:00";44594;;4594;;;;;;;40000;;;"Involontaire (travaux)";;;;;""
2016;2289;"33";"33122";"Cestas";"2016-08-02 14:50:00";2000;2000;;0;;;0;;;0;;;"Naturelle";;;;;""
2016;2288;"33";"33529";"La Teste-de-Buch";"2016-08-02 15:20:00";6000;6000;;0;;;0;;;0;;;;;;;;""
2016;1037;"86";"86066";"Châtellerault";"2016-08-02 16:08:00";630;630;;0;;;0;0;0;0;"Mesurées";;;;;;;""
2016;8511;"30";"30154";"Mandagout";"2016-08-02 16:43:00";50;;;;;;;;;;;"3";"Involontaire (particulier)";;;;;""
2016;8949;"11";"11162";"Generville";"2016-08-02 16:50:00";74533;8533;;;;;;;;66000;;;"Involontaire (travaux)";;;;;""
2016;2287;"33";"33376";"Saint-Aubin-de-Médoc";"2016-08-02 17:10:00";8000;100;;0;;;0;;;7900;;;"Involontaire (travaux)";;;;;""
2016;2285;"33";"33199";"Gujan-Mestras";"2016-08-02 17:38:00";100;100;;0;;;0;;;0;;;;;;;;""
2016;9787;"13";"13098";"Saint-Mitre-les-Remparts";"2016-08-02 19:10:00";3000;3000;;;;;;;;;;;"Malveillance";;;;;""
2016;8953;"11";"11102";"Couffoulens";"2016-08-02 23:48:00";1;;;;;;;;;;;;"Involontaire (particulier)";;;;;""
2016;8951;"11";"11327";"Roullens";"2016-08-02 23:48:00";1;;;;;;;;;;;;"Involontaire (particulier)";;;;;""
2016;8590;"2B";"2B037";"Biguglia";"2016-08-03 00:20:00";20000;;;;;;;;;;;"1";"Malveillance";;;;;""
2016;8589;"2B";"2B037";"Biguglia";"2016-08-03 00:20:00";30000;;;;;;;;;;;"1";"Malveillance";;;;;""
2016;9788;"13";"13041";"Gardanne";"2016-08-03 00:47:00";50;50;;;;;;;;;;;"Accidentelle";;;;;""
2016;8509;"2B";"2B037";"Biguglia";"2016-08-03 02:05:00";1000;;;;;;;;;;;"1";"Malveillance";;;;;""
2016;8830;"83";"83073";"Le Luc";"2016-08-03 03:14:00";40;40;;;;;;;;;;"3";"Malveillance";;;;;""
2016;9789;"13";"13056";"Martigues";"2016-08-03 05:42:00";50;50;;;;;;;;;;;"Accidentelle";;;;;""
2016;8531;"2B";"2B343";"Venzolasca";"2016-08-03 08:48:00";1;;;;;;;;;;;"1";;;;;;""
2016;2283;"33";"33229";"Lanton";"2016-08-03 11:39:00";2500;2500;;0;;;0;;;0;;;;;;;;""
2016;774;"38";"38022";"Les Avenières Veyrins-Thuellin";"2016-08-03 11:46:00";600;0;;600;;;600;0;0;0;"Estimées";;"Malveillance";;;;;""
2016;1605;"24";"24102";"Chancelade";"2016-08-03 11:57:00";1000;1000;;0;;;0;;;0;;;;;;;;""
2016;8532;"2B";"2B185";"Oletta";"2016-08-03 12:38:00";4000;;;;;;;;;;;"1";"Malveillance";;;;;""
2016;194;"46";"46287";"Saint-Paul-de-Loubressac";"2016-08-03 13:52:00";800;0;;800;;;800;0;0;0;"Estimées";;;;;;;""
2016;8542;"34";"34069";"Cazouls-lès-Béziers";"2016-08-03 14:09:00";660;;660;;;;;;;;;"1";"Malveillance";;;;;""
2016;1375;"72";"72058";"Changé";"2016-08-03 14:50:00";5;5;;0;;;0;0;0;0;"Estimées";;;;;;;""
2016;192;"63";"63427";"Teilhède";"2016-08-03 15:00:00";27654;0;;700;;;700;0;26954;26954;"Mesurées";;;;;;;""
2016;9119;"04";"04190";"Saint-Martin-les-Eaux";"2016-08-03 15:18:00";5;;5;;;;;;;;;"1";"Accidentelle";;;;;""
2016;195;"46";"46287";"Saint-Paul-de-Loubressac";"2016-08-03 15:21:00";20000;0;;20000;;;20000;0;0;0;"Estimées";;;;;;;""
2016;8561;"84";"84150";"Visan";"2016-08-03 15:39:00";200;;;;;;;;;;;;;;;;;""
2016;695;"77";"77001";"Achères-la-Forêt";"2016-08-03 15:45:00";36;36;;0;;;0;0;0;0;"Estimées";;;;;;;""
2016;8569;"2A";"2A211";"Petreto-Bicchisano";"2016-08-03 15:47:00";20;;20;;;;;;;;;"1";;;;;;""
2016;2280;"33";"33225";"Landiras";"2016-08-03 15:54:00";1000;1000;;0;;;0;;;0;;;;;;;;""
2016;466;"58";"58001";"Achun";"2016-08-03 16:20:00";100250;250;;0;;;0;0;100000;100000;"Estimées";;;;;;;""
2016;1306;"32";"32096";"Cazaubon";"2016-08-03 16:22:00";50000;0;;50000;;;50000;0;0;0;"Estimées";;;;;;;""
2016;1603;"24";"24488";"Saint-Pompont";"2016-08-03 16:50:00";500;500;;0;;;0;;;0;;;;;;;;""
2016;1376;"72";"72346";"La Suze-sur-Sarthe";"2016-08-03 17:00:00";2500;2500;;0;;;0;0;0;0;"Estimées";;;;;;;""
2016;12477;"66";"66231";"Vingrau";"2016-08-03 17:10:00";2500;;2500;;;;;;;;;"2";"Malveillance";;;;;""
2016;9121;"04";"04195";"Saint-Pons";"2016-08-03 21:35:00";200;200;;;;;;;;;;"4";;;;;;""
2016;8954;"11";"11269";"Ouveillan";"2016-08-03 23:31:00";217;;;;;;;;;;;;"Malveillance";;;;;""
2016;8956;"11";"11012";"Argeliers";"2016-08-04 00:07:00";1500;;;;;;;;;;;;"Malveillance";;;;;""
2016;8957;"11";"11262";"Narbonne";"2016-08-04 06:55:00";500;;;;;;;;;;;;"Accidentelle";;;;;""
2016;8960;"11";"11262";"Narbonne";"2016-08-04 10:15:00";1;;;;;;;;;;;;"Involontaire (particulier)";;;;;""
2016;9051;"34";"34341";"Villeveyrac";"2016-08-04 11:40:00";16200;;6200;;;;;;;10000;;"1";"Involontaire (travaux)";;;;;""
2016;9081;"34";"34056";"Castelnau-de-Guers";"2016-08-04 12:25:00";700;700;;;;;;;;;;"4";"Accidentelle";;;;;""
2016;9086;"34";"34049";"Camplong";"2016-08-04 12:31:00";360;360;;;;;;;;;;"6";"Malveillance";;;;;""
2016;8592;"2B";"2B311";"Santa-Maria-Poggio";"2016-08-04 16:13:00";2;;;;;;;;;;;"1";;;;;;""
2016;9011;"11";"11257";"Monze";"2016-08-04 18:14:00";21798;;;;;;;;;;;;"Malveillance";;;;;""
2016;2598;"40";"40061";"Campagne";"2016-08-05 08:52:00";1;1;;0;;;0;;;0;;;;;;;;""
2016;9790;"13";"13112";"Velaux";"2016-08-05 09:54:00";500;500;;;;;;;;;;;;;;;;""
2016;9793;"13";"13071";"Les Pennes-Mirabeau";"2016-08-05 11:56:00";400;400;;;;;;;;;;;;;;;;""
2016;8595;"2B";"2B059";"Canavaggia";"2016-08-05 14:01:00";3900;;;;;;;;;;;"1";"Involontaire (particulier)";;;;;""
2016;1308;"32";"32243";"Mauléon-d'Armagnac";"2016-08-05 14:01:00";10000;0;;10000;;;10000;0;0;0;"Estimées";;;;;;;""
2016;9093;"34";"34032";"Béziers";"2016-08-05 14:34:00";2300;2000;;;;;;;;300;;"4";"Malveillance";;;;;""
2016;8655;"34";"34148";"Maraussan";"2016-08-05 14:57:00";101700;40000;21700;;;;;;;40000;;"4";"Malveillance";;;;;""
2016;9123;"04";"04245";"Volx";"2016-08-05 15:22:00";41;41;;;;;;;;;;"5";"Naturelle";;;;;""
2016;8645;"2A";"2A247";"Porto-Vecchio";"2016-08-05 15:59:00";500;;500;;;;;;;;;"1";"Accidentelle";;;;;""
2016;8840;"83";"83045";"Correns";"2016-08-05 17:28:00";1300;1300;;;;;;;;;;"4";"Involontaire (travaux)";;;;;""
2016;9794;"13";"13063";"Miramas";"2016-08-05 17:39:00";5;;5;;;;;;;0;;;;;;;;""
2016;8661;"34";"34090";"Le Crès";"2016-08-05 18:00:00";25700;20000;;;;;;;;5700;;"1";"Involontaire (particulier)";;;;;""
2016;2597;"40";"40180";"Meilhan";"2016-08-05 18:15:00";300;300;;0;;;0;;;0;;;;;;;;""
2016;9795;"13";"13095";"Saint-Marc-Jaumegarde";"2016-08-05 18:49:00";100;100;;;;;;;;;;;;;;;;""
2016;9796;"13";"13071";"Les Pennes-Mirabeau";"2016-08-05 19:16:00";10;10;;;;;;;;;;;"Malveillance";;;;;""
2016;10538;"66";"66020";"Bolquère";"2016-08-05 20:19:00";2500;1500;1000;;;;;;;;;"4";"Malveillance";;;;;""
2016;9797;"13";"13056";"Martigues";"2016-08-05 21:46:00";300;300;;;;;;;;;;;;;;;;""
2016;9391;"66";"66217";"Trouillas";"2016-08-06 03:26:00";6000;6000;;;;;;;;;;"3";"Malveillance";;;;;""
2016;9798;"13";"13023";"Ceyreste";"2016-08-06 04:03:00";125;125;;;;;;;;;;;"Malveillance";;;;;""
2016;9393;"66";"66190";"Salses-le-Château";"2016-08-06 08:53:00";1000;1000;;;;;;;;;;"4";"Malveillance";;;;;""
2016;8841;"83";"83032";"Carcès";"2016-08-06 11:55:00";150;150;;;;;;;;;;"4";"Involontaire (particulier)";;;;;""
2016;9799;"13";"13043";"Gignac-la-Nerthe";"2016-08-06 12:33:00";50;50;;;;;;;;0;;;;;;;;""
2016;2595;"40";"40184";"Mimizan";"2016-08-06 13:05:00";100;100;;0;;;0;;;0;;;;;;;;""
2016;8574;"30";"30169";"Milhaud";"2016-08-06 13:42:00";254;;;;;;;;;;;"1";"Malveillance";;;;;""
2016;8664;"2B";"2B009";"Aléria";"2016-08-06 14:48:00";66000;;;;;;;;;;;"1";"Malveillance";;;;;""
2016;2594;"40";"40149";"Lencouacq";"2016-08-06 14:57:00";5400;5400;;0;;;0;;;0;;;;;;;;""
2016;9800;"13";"13118";"Coudoux";"2016-08-06 15:58:00";50900;;;;;;;;;50900;;;"Involontaire (particulier)";;;;;""
2016;9097;"34";"34113";"Gigean";"2016-08-06 16:54:00";800;400;400;;;;;;;;;"1";"Involontaire (particulier)";;;;;""
2016;204;"12";"12176";"Onet-le-Château";"2016-08-06 17:14:00";300;0;;300;;;300;0;0;0;"Estimées";;;;;;;""
2016;9402;"66";"66212";"Torreilles";"2016-08-06 18:22:00";150000;;150000;;;;;;;;;"1";"Malveillance";;;;;""
2016;11987;"34";"34066";"Cazevieille";"2016-08-06 18:46:00";300;;300;;;;;;;;;"1";"Accidentelle";;;;;""
2016;2593;"40";"40303";"Solférino";"2016-08-06 19:54:00";30000;30000;;0;;;0;;;0;;;"Naturelle";;;;;""
2016;8582;"30";"30169";"Milhaud";"2016-08-06 21:22:00";2687;;;;;;;;;;;"1";"Malveillance";;;;;""
2016;1377;"72";"72058";"Changé";"2016-08-06 21:47:00";100;100;;0;;;0;0;0;0;"Estimées";;;;;;;""
2016;10423;"11";"11112";"Cubières-sur-Cinoble";"2016-08-06 22:37:00";50;;;;;;;;;;;;"Accidentelle";;;;;""
2016;9805;"13";"13097";"Saint-Martin-de-Crau";"2016-08-06 22:44:00";166400;110000;50000;;;;;;;6400;;;"Malveillance";;;;;""
2016;9801;"13";"13001";"Aix-en-Provence";"2016-08-06 23:49:00";300;150;150;;;;;;;0;;;;;;;;""
2016;8647;"2A";"2A330";"Ucciani";"2016-08-07 00:08:00";100;;100;;;;;;;;;"1";"Malveillance";;;;;""
2016;8599;"2B";"2B046";"Cagnano";"2016-08-07 01:56:00";200;;;;;;;;;;;"1";"Malveillance";;;;;""
2016;8909;"34";"34107";"Fraisse-sur-Agout";"2016-08-07 03:11:00";12600;;12600;;;;;;;;;"1";"Malveillance";;;;;""
2016;9409;"66";"66046";"Caudiès-de-Fenouillèdes";"2016-08-07 03:20:00";1000;1000;;;;;;;;;;"2";"Malveillance";;;;;""
2016;9013;"11";"11116";"Cuxac-d'Aude";"2016-08-07 04:30:00";1000;;;;;;;;;;;;"Accidentelle";;;;;""
2016;9014;"11";"11069";"Carcassonne";"2016-08-07 06:17:00";5000;;;;;;;;;;;;;;;;;""
2016;8648;"2A";"2A288";"Sotta";"2016-08-07 09:02:00";7176;;7176;;;;;;;;;"1";"Malveillance";;;;;""
2016;8650;"2A";"2A247";"Porto-Vecchio";"2016-08-07 09:04:00";3350;;3350;;;;;;;;;"1";"Malveillance";;;;;""
2016;8911;"34";"34197";"Péret";"2016-08-07 09:58:00";2800;2800;;;;;;;;;;"2";"Malveillance";;;;;""
2016;8672;"2B";"2B185";"Oletta";"2016-08-07 10:50:00";97300;;97300;;;;;;;;;"1";"Malveillance";;;;;""
2016;8665;"2B";"2B335";"Valle-di-Campoloro";"2016-08-07 11:05:00";5000;;;;;;;;;;;"1";"Accidentelle";;;;;""
2016;8611;"30";"30169";"Milhaud";"2016-08-07 11:58:00";161;;;;;;;;;;;"1";"Malveillance";;;;;""
2016;8652;"2A";"2A247";"Porto-Vecchio";"2016-08-07 12:16:00";20;;20;;;;;;;;;"1";"Involontaire (particulier)";;;;;""
2016;8651;"2A";"2A323";"Tavaco";"2016-08-07 12:19:00";5300;;5300;;;;;;;;;"1";"Malveillance";;;;;""
2016;200;"46";"46108";"Fons";"2016-08-07 12:45:00";30000;0;;30000;;;30000;0;0;0;"Estimées";;;;;;;""
2016;1378;"72";"72346";"La Suze-sur-Sarthe";"2016-08-07 13:00:00";1000;1000;;0;;;0;0;0;0;"Estimées";;;;;;;""
2016;9802;"13";"13056";"Martigues";"2016-08-07 15:50:00";150;150;;;;;;;;0;;;;;;;;""
2016;2271;"33";"33540";"Vendays-Montalivet";"2016-08-07 16:13:00";1500;1500;;0;;;0;;;0;;;;;;;;""
2016;8653;"2A";"2A247";"Porto-Vecchio";"2016-08-07 17:01:00";10;;10;;;;;;;;;;;;;;;""
2016;715;"09";"09328";"Verdun";"2016-08-07 17:30:00";70000;0;;20000;;;20000;50000;0;50000;"Estimées";;;;;;;""
2016;11988;"34";"34267";"Saint-Jean-de-Fos";"2016-08-07 17:43:00";60;;60;;;;;;;;;"1";"Involontaire (particulier)";;;;;""
2016;199;"81";"81219";"Puylaurens";"2016-08-07 18:08:00";200;200;;0;;;0;0;0;0;"Estimées";;"Accidentelle";;;;;""
2016;861;"15";"15153";"Pleaux";"2016-08-07 18:36:00";10000;0;;10000;;;10000;0;0;0;"Estimées";;;;;;;""
2016;201;"46";"46063";"Castelnau-Montratier";"2016-08-07 19:01:00";2000;0;;2000;;;2000;0;0;0;"Estimées";;;;;;;""
2016;9804;"13";"13041";"Gardanne";"2016-08-07 19:10:00";3;3;;;;;;;;;;;;;;;;""
2016;1379;"72";"72047";"Brette-les-Pins";"2016-08-07 19:55:00";150;150;;0;;;0;0;0;0;"Estimées";;;;;;;""
2016;9015;"11";"11067";"Canet";"2016-08-07 20:47:00";500;;;;;;;;;;;;"Malveillance";;;;;""
2016;9016;"11";"11041";"Bize-Minervois";"2016-08-08 00:38:00";500;;;;;;;;;;;;"Malveillance";;;;;""
2016;9806;"13";"13077";"Port-de-Bouc";"2016-08-08 11:52:00";100;100;;;;;;;;;;;;;;;;""
2016;1043;"86";"86075";"Chouppes";"2016-08-08 11:54:00";500;500;;0;;;0;0;0;0;"Estimées";;;;;;;""
2016;9660;"2B";"2B251";"Prunelli-di-Fiumorbo";"2016-08-08 13:05:00";399600;200000;;;;;;;;199600;;"3";"Malveillance";;;;;""
2016;8920;"34";"34247";"Saint-Clément-de-Rivière";"2016-08-08 13:15:00";200;100;;;;;;;;100;;"4";"Involontaire (travaux)";;;;;""
2016;8636;"06";"06144";"La Tour";"2016-08-08 13:17:00";1077;1077;;;;;;;;;;"3";"Involontaire (travaux)";;;;;""
2016;11989;"34";"34247";"Saint-Clément-de-Rivière";"2016-08-08 14:19:00";600;300;300;;;;;;;;;"4";"Involontaire (travaux)";;;;;""
2016;202;"19";"19047";"Chartrier-Ferrière";"2016-08-08 14:55:00";120000;120000;;0;;;0;0;0;0;"Estimées";;;;;;;""
2016;205;"12";"12145";"Millau";"2016-08-08 15:00:00";50;0;;50;;;50;0;0;0;"Estimées";;;;;;;""
2016;8850;"83";"83067";"Gonfaron";"2016-08-08 15:29:00";9000;9000;;;;;;;;;;"3";"Involontaire (particulier)";;;;;""
2016;8921;"34";"34247";"Saint-Clément-de-Rivière";"2016-08-08 15:38:00";700;700;;;;;;;;;;"4";"Involontaire (travaux)";;;;;""
2016;9807;"13";"13056";"Martigues";"2016-08-08 16:11:00";5000;2500;2500;;;;;;;0;;;;;;;;""
2016;1380;"72";"72213";"Mulsanne";"2016-08-08 17:06:00";5;5;;0;;;0;0;0;0;"Estimées";;;;;;;""
2016;776;"38";"38188";"Herbeys";"2016-08-08 17:59:00";10000;0;;10000;;;10000;0;0;0;"Estimées";;;;;;;""
2016;1189;"15";"15153";"Pleaux";"2016-08-08 18:41:00";1200;0;;1200;;;1200;0;0;0;"Estimées";;;;;;;""
2016;8637;"06";"06057";"L'Escarène";"2016-08-08 19:24:00";24;24;;;;;;;;;;"3";;;;;;""
2016;8853;"83";"83023";"Brignoles";"2016-08-08 19:56:00";400;400;;;;;;;;;;"1";"Involontaire (particulier)";;;;;""
2016;2591;"40";"40150";"Léon";"2016-08-08 21:53:00";50;50;;0;;;0;;;0;;;;;;;;""
2016;9017;"11";"11069";"Carcassonne";"2016-08-08 22:20:00";200;;;;;;;;;;;;"Malveillance";;;;;""
2016;9808;"13";"13001";"Aix-en-Provence";"2016-08-08 22:50:00";10;10;;;;;;;;;;;"Accidentelle";;;;;""
2016;1598;"24";"24427";"Saint-Jean-d'Eyraud";"2016-08-09 00:09:00";3000;3000;;0;;;0;;;0;;;"Involontaire (particulier)";;;;;""
2016;9018;"11";"11322";"Roquefort-des-Corbières";"2016-08-09 04:21:00";20;;;;;;;;;;;;"Malveillance";;;;;""
2016;10486;"48";"48028";"Les Bondons";"2016-08-09 04:59:00";2100;;2100;;;;;;;;;"1";;;;;;""
2016;2590;"40";"40258";"Sainte-Foy";"2016-08-09 08:52:00";1;1;;0;;;0;;;0;;;;;;;;""
2016;8927;"34";"34245";"Saint-Chinian";"2016-08-09 10:59:00";1200;200;1000;;;;;;;;;"1";"Malveillance";;;;;""
2016;1049;"86";"86223";"Saint-Germain";"2016-08-09 13:09:00";400;400;;0;;;0;0;0;0;"Estimées";;;;;;;""
2016;8929;"34";"34069";"Cazouls-lès-Béziers";"2016-08-09 13:44:00";1200;1200;;;;;;;;;;"3";"Malveillance";;;;;""
2016;1381;"72";"72293";"Saint-Jean-du-Bois";"2016-08-09 14:04:00";2000;2000;;0;;;0;0;0;0;"Estimées";;;;;;;""
2016;2262;"33";"33540";"Vendays-Montalivet";"2016-08-09 14:06:00";20;20;;0;;;0;;;0;;;"Malveillance";;;;;""
2016;2261;"33";"33540";"Vendays-Montalivet";"2016-08-09 14:06:00";50;50;;0;;;0;;;0;;;"Malveillance";;;;;""
2016;8931;"34";"34335";"Villemagne-l'Argentière";"2016-08-09 15:43:00";500;500;;;;;;;;;;"3";"Malveillance";;;;;""
2016;8675;"2B";"2B037";"Biguglia";"2016-08-09 17:28:00";3000;;;;;;;;;;;"1";;;;;;""
2016;9816;"13";"13056";"Martigues";"2016-08-09 20:28:00";55;55;;;;;;;;;;;"Malveillance";;;;;""
2016;8862;"2A";"2A359";"Zicavo";"2016-08-09 22:21:00";100;;100;;;;;;;;;"1";"Malveillance";;;;;""
2016;1777;"47";"47147";"Lévignac-de-Guyenne";"2016-08-09 22:27:00";90;90;;0;;;0;;;0;;;;;;;;""
2016;8864;"2A";"2A249";"Propriano";"2016-08-10 00:00:00";4524;;4524;;;;;;;;;"1";"Malveillance";;;;;""
2016;8941;"34";"34092";"Cruzy";"2016-08-10 01:13:00";100;;100;;;;;;;;;"1";"Malveillance";;;;;""
2016;8737;"30";"30169";"Milhaud";"2016-08-10 01:48:00";596;;;;;;;;;;;"1";"Malveillance";;;;;""
2016;2257;"33";"33322";"Le Pian-Médoc";"2016-08-10 09:00:00";2000;2000;;0;;;0;;;0;;;;;;;;""
2016;9817;"13";"13056";"Martigues";"2016-08-10 11:29:00";30000;;;;;;;;;30000;;;"Accidentelle";;;;;""
2016;8863;"2A";"2A189";"Olmeto";"2016-08-10 11:47:00";25;;25;;;;;;;;;"1";"Malveillance";;;;;""
2016;9818;"13";"13039";"Fos-sur-Mer";"2016-08-10 11:56:00";7110000;3100000;4010000;;;;;;;;;;"Accidentelle";;;;;""
2016;9471;"66";"66182";"Sainte-Marie";"2016-08-10 12:46:00";10000;;10000;;;;;;;;;"1";;;;;;""
2016;8865;"2A";"2A041";"Bonifacio";"2016-08-10 12:52:00";205;;205;;;;;;;;;"1";"Malveillance";;;;;""
2016;9020;"11";"11429";"Villemoustaussou";"2016-08-10 13:13:00";2000;;;;;;;;;;;;"Involontaire (particulier)";;;;;""
2016;8824;"30";"30181";"Montmirat";"2016-08-10 13:42:00";52692;;;;;;;;;;;"1";"Malveillance";;;;;""
2016;8959;"34";"34069";"Cazouls-lès-Béziers";"2016-08-10 13:47:00";1200;1200;;;;;;;;;;"1";"Malveillance";;;;;""
2016;8961;"34";"34234";"Roquessels";"2016-08-10 14:04:00";1960000;930000;1000000;;;;;;;30000;;"1";"Involontaire (particulier)";;;;;""
2016;9019;"11";"11085";"Cavanac";"2016-08-10 14:47:00";44571;;14571;;;;;;;30000;;;"Accidentelle";;;;;""
2016;9820;"13";"13048";"Jouques";"2016-08-10 15:05:00";5000;5000;;;;;;;;;;;"Accidentelle";;;;;""
2016;8829;"30";"30268";"Saint-Jean-de-Valériscle";"2016-08-10 15:09:00";20000;;;;;;;;;;;"5";"Accidentelle";;;;;""
2016;9821;"13";"13081";"Rognac";"2016-08-10 15:09:00";26630000;26630000;;;;;;;;;;"4";"Involontaire (particulier)";;;;;""
2016;1596;"24";"24047";"La Boissière-d'Ans";"2016-08-10 15:11:00";324000;324000;;0;;;0;;;0;;;;;;;;""
2016;8831;"30";"30140";"Lasalle";"2016-08-10 15:35:00";3000;;;;;;;;;;;"5";"Involontaire (particulier)";;;;;""
2016;11418;"83";"83153";"Saint-Mandrier-sur-Mer";"2016-08-10 15:47:00";7000;7000;;;;;;;;;;"4";"Involontaire (particulier)";;;;;""
2016;8733;"06";"06045";"Collongues";"2016-08-10 16:11:00";10;10;;;;;;;;;;"4";"Naturelle";;;;;""
2016;8866;"2A";"2A247";"Porto-Vecchio";"2016-08-10 16:24:00";30;;30;;;;;;;;;"1";;;;;;""
2016;339;"12";"12300";"Villefranche-de-Rouergue";"2016-08-10 16:39:00";200;0;;200;;;200;0;0;0;"Estimées";;;;;;;""
2016;8968;"34";"34285";"Saint-Pons-de-Mauchiens";"2016-08-10 16:50:00";287500;180000;90000;;;;;;;17500;;"4";"Malveillance";;;;;""
2016;340;"12";"12130";"Livinhac-le-Haut";"2016-08-10 17:30:00";20000;0;;20000;;;20000;0;0;0;"Estimées";;"Involontaire (particulier)";;;;;""
2016;208;"81";"81241";"Saint-Antonin-de-Lacalm";"2016-08-10 17:50:00";5000;5000;;0;;;0;0;0;0;"Estimées";;;;;;;""
2016;9822;"13";"13047";"Istres";"2016-08-10 17:58:00";293300;293300;;;;;;;;;;;;;;;;""
2016;9823;"13";"13050";"Lambesc";"2016-08-10 18:32:00";250;250;;;;;;;;;;;;;;;;""
2016;9825;"13";"13118";"Coudoux";"2016-08-10 18:45:00";40000;40000;;;;;;;;;;;;;;;;""
2016;9021;"11";"11116";"Cuxac-d'Aude";"2016-08-10 19:53:00";3000;;;;;;;;;;;;"Accidentelle";;;;;""
2016;9022;"11";"11022";"Azille";"2016-08-10 20:14:00";90908;10908;80000;;;;;;;;;;"Malveillance";;;;;""
2016;472;"17";"17038";"Bedenac";"2016-08-10 22:35:00";2000;2000;;0;;;0;0;0;0;"Mesurées";;"Malveillance";;;;;""
2016;9826;"13";"13056";"Martigues";"2016-08-10 23:27:00";1000;1000;;;;;;;;;;;;;;;;""
2016;8885;"30";"30189";"Nîmes";"2016-08-10 23:35:00";22000;;;;;;;;;;;"4";"Malveillance";;;;;""
2016;8860;"83";"83073";"Le Luc";"2016-08-11 05:53:00";7000;7000;;;;;;;;;;"4";"Malveillance";;;;;""
2016;9472;"66";"66111";"Montalba-le-Château";"2016-08-11 07:52:00";13083700;800000;11997100;;;;;;;286600;;"1";"Malveillance";;;;;""
2016;2589;"40";"40266";"Saint-Julien-en-Born";"2016-08-11 09:55:00";100;100;;0;;;0;;;0;;;"Involontaire (travaux)";;;;;""
2016;696;"77";"77386";"Recloses";"2016-08-11 10:21:00";10000;10000;;0;;;0;0;0;0;"Estimées";;;;;;;""
2016;9163;"2B";"2B057";"Canale-di-Verde";"2016-08-11 10:34:00";300;;;;;;;;;;;"1";;;;;;""
2016;10399;"30";"30189";"Nîmes";"2016-08-11 10:57:00";2500;;;;;;;;;;;"4";"Involontaire (travaux)";;;;;""
2016;9166;"2B";"2B002";"Aghione";"2016-08-11 11:26:00";15000;;;;;;;;;;;"1";;;;;;""
2016;9473;"66";"66019";"Bélesta";"2016-08-11 11:41:00";500;500;;;;;;;;;;"3";"Malveillance";;;;;""
2016;1382;"72";"72047";"Brette-les-Pins";"2016-08-11 11:45:00";4;4;;0;;;0;0;0;0;"Estimées";;;;;;;""
2016;9168;"2B";"2B050";"Calvi";"2016-08-11 12:53:00";5;;;;;;;;;;;"1";"Involontaire (particulier)";;;;;""
2016;9827;"13";"13047";"Istres";"2016-08-11 13:00:00";2;2;;;;;;;;;;;;;;;;""
2016;9474;"66";"66037";"Canet-en-Roussillon";"2016-08-11 13:08:00";40000;20000;20000;;;;;;;;;"4";"Malveillance";;;;;""
2016;9475;"66";"66174";"Saint-Féliu-d'Avall";"2016-08-11 13:34:00";5000;;5000;;;;;;;;;"1";;;;;;""
2016;1594;"24";"24032";"Beauronne";"2016-08-11 13:40:00";15000;15000;;0;;;0;;;0;;;;;;;;""
2016;564;"28";"28254";"Mittainvilliers-Vérigny";"2016-08-11 14:07:00";300;0;;300;;;300;0;0;0;"Estimées";;;;;;;""
2016;9169;"2B";"2B124";"Ghisoni";"2016-08-11 14:30:00";50;;;;;;;;;;;"4";"Naturelle";;;;;""
2016;10014;"2A";"2A071";"Casalabriva";"2016-08-11 14:31:00";5;;5;;;;;;;;;;;;;;;""
2016;354;"63";"63092";"Charbonnières-les-Varennes";"2016-08-11 15:00:00";1157;0;;143;;;143;1014;0;1014;"Mesurées";;;;;;;""
2016;9477;"66";"66182";"Sainte-Marie";"2016-08-11 15:00:00";5000;;5000;;;;;;;;;"1";"Malveillance";;;;;""
2016;1057;"86";"86085";"Coussay";"2016-08-11 15:03:00";300;300;;0;;;0;0;0;0;"Estimées";;;;;;;""
2016;2243;"33";"33359";"Roquebrune";"2016-08-11 15:08:00";10000;10000;;0;;;0;;;0;;;;;;;;""
2016;9170;"2B";"2B236";"Poggio-di-Nazza";"2016-08-11 15:11:00";500;;;;;;;;;;;"4";"Naturelle";;;;;""
2016;10403;"30";"30169";"Milhaud";"2016-08-11 15:31:00";3026;;;;;;;;;;;"1";"Malveillance";;;;;""
2016;9478;"66";"66171";"Saint-Cyprien";"2016-08-11 15:32:00";10000;5000;5000;;;;;;;;;"1";"Malveillance";;;;;""
2016;8867;"2A";"2A254";"Quenza";"2016-08-11 15:53:00";20;20;;;;;;;;;;"4";"Naturelle";;;;;""
2016;1383;"72";"72346";"La Suze-sur-Sarthe";"2016-08-11 15:53:00";2500;2500;;0;;;0;0;0;0;"Estimées";;;;;;;""
2016;8899;"30";"30141";"Laudun-l'Ardoise";"2016-08-11 16:01:00";102268;102268;;;;;;;;;;"2";"Involontaire (travaux)";;;;;""
2016;8975;"34";"34007";"Aigues-Vives";"2016-08-11 16:05:00";12;12;;;;;;;;;;"1";"Involontaire (particulier)";;;;;""
2016;363;"18";"18219";"Saint-Laurent";"2016-08-11 16:34:00";93300;59300;;34000;;;34000;0;0;0;"Mesurées";;"Accidentelle";;;;;""
2016;9479;"66";"66022";"Boule-d'Amont";"2016-08-11 16:55:00";20000;20000;;;;;;;;;;"3";"Malveillance";;;;;""
2016;9480;"66";"66024";"Le Boulou";"2016-08-11 17:55:00";3000;2000;1000;;;;;;;;;"2";"Malveillance";;;;;""
2016;10015;"2A";"2A247";"Porto-Vecchio";"2016-08-11 17:59:00";20;;20;;;;;;;;;;;;;;;""
2016;9481;"66";"66093";"Laroque-des-Albères";"2016-08-11 18:13:00";10000;1000;7000;;;;;;;2000;;"1";"Malveillance";;;;;""
2016;2238;"33";"33333";"Le Porge";"2016-08-11 19:10:00";10;10;;0;;;0;;;0;;;;;;;;""
2016;2588;"40";"40266";"Saint-Julien-en-Born";"2016-08-11 19:43:00";300;300;;0;;;0;;;0;;;;;;;;""
2016;11990;"34";"34157";"Mèze";"2016-08-11 21:00:00";200;200;;;;;;;;;;"4";"Malveillance";;;;;""
2016;2586;"40";"40326";"Vielle-Saint-Girons";"2016-08-11 21:16:00";1500;1500;;0;;;0;;;0;;;;;;;;""
2016;8983;"34";"34124";"Lacoste";"2016-08-11 21:31:00";1400;;1400;;;;;;;;;"1";"Involontaire (travaux)";;;;;""
2016;8886;"30";"30145";"Lédenon";"2016-08-11 22:32:00";21827;;;;;;;;;;;"5";"Malveillance";;;;;""
2016;9191;"06";"06077";"Lucéram";"2016-08-12 09:29:00";715;715;;;;;;;;;;"4";"Naturelle";;;;;""
2016;8987;"34";"34327";"Vendargues";"2016-08-12 11:57:00";13000;10000;3000;;;;;;;;;"1";"Involontaire (particulier)";;;;;""
2016;8887;"30";"30169";"Milhaud";"2016-08-12 13:01:00";49190;;;;;;;;;;;"1";"Malveillance";;;;;""
2016;12632;"30";"30145";"Lédenon";"2016-08-12 13:28:00";5000;;;;;;;;;;;"4";"Involontaire (travaux)";;;;;""
2016;1770;"47";"47148";"Leyritz-Moncassin";"2016-08-12 13:43:00";1000;500;;0;;;0;;;500;;;"Accidentelle";;;;;""
2016;10016;"2A";"2A041";"Bonifacio";"2016-08-12 14:11:00";5000;;5000;;;;;;;;;"1";"Malveillance";;;;;""
2016;9482;"66";"66178";"Saint-Jean-Pla-de-Corts";"2016-08-12 14:27:00";4000;;4000;;;;;;;;;"1";;;;;;""
2016;9828;"13";"13047";"Istres";"2016-08-12 14:48:00";1000;1000;;;;;;;;;;;;;;;;""
2016;269;"43";"43112";"Langeac";"2016-08-12 14:56:00";1000;1000;;0;;;0;0;0;0;"Estimées";;;;;;;""
2016;9829;"13";"13005";"Aubagne";"2016-08-12 14:59:00";4;;4;;;;;;;0;;;"Involontaire (particulier)";;;;;""
2016;476;"17";"17038";"Bedenac";"2016-08-12 15:26:00";5200;5200;;0;;;0;0;0;0;"Estimées";;"Involontaire (travaux)";;;;;""
2016;1769;"47";"47012";"Anzex";"2016-08-12 15:33:00";1000;1000;;0;;;0;;;0;;;"Accidentelle";;;;;""
2016;341;"12";"12270";"Sévérac d'Aveyron";"2016-08-12 16:00:00";500;0;;500;;;500;0;0;0;"Estimées";;"Involontaire (travaux)";;;;;""
2016;2234;"33";"33218";"Lagorce";"2016-08-12 16:07:00";500;500;;0;;;0;;;0;;;;;;;;""
2016;9483;"66";"66153";"Prunet-et-Belpuig";"2016-08-12 16:17:00";200;200;;;;;;;;;;"3";"Malveillance";;;;;""
2016;11123;"2A";"2A131";"Guagno";"2016-08-12 16:33:00";11;;11;;;;;;;;;;;;;;;""
2016;9619;"11";"11192";"Lasbordes";"2016-08-12 16:37:00";25261;;;;;;;;;;;;"Involontaire (particulier)";;;;;""
2016;697;"77";"77520";"Villiers-sous-Grez";"2016-08-12 16:56:00";3500;3500;;0;;;0;0;0;0;"Estimées";;;;;;;""
2016;12633;"30";"30169";"Milhaud";"2016-08-12 17:05:00";559;;;;;;;;;;;"1";"Involontaire (travaux)";;;;;""
2016;2231;"33";"33199";"Gujan-Mestras";"2016-08-12 17:32:00";50;50;;0;;;0;;;0;;;;;;;;""
2016;1315;"32";"32315";"Peyrusse-Grande";"2016-08-12 17:39:00";300000;0;;150000;;;150000;150000;0;150000;"Estimées";;;;;;;""
2016;8988;"34";"34243";"Saint-Bauzille-de-Putois";"2016-08-12 18:50:00";5800;;5000;;;;;;;800;;"1";"Accidentelle";;;;;""
2016;12634;"30";"30169";"Milhaud";"2016-08-12 21:05:00";7070;;;;;;;;;;;"1";"Malveillance";;;;;""
2016;9620;"11";"11370";"Salles-d'Aude";"2016-08-13 03:57:00";1500;;;;;;;;;;;;"Malveillance";;;;;""
2016;10017;"2A";"2A070";"Casaglione";"2016-08-13 05:40:00";10;;10;;;;;;;;;"1";"Malveillance";;;;;""
2016;10018;"2A";"2A048";"Calcatoggio";"2016-08-13 05:50:00";100;;100;;;;;;;;;"1";"Malveillance";;;;;""
2016;271;"81";"81241";"Saint-Antonin-de-Lacalm";"2016-08-13 09:02:00";5000;0;;5000;;;5000;0;0;0;"Estimées";;;;;;;""
2016;9384;"84";"84054";"L'Isle-sur-la-Sorgue";"2016-08-13 09:37:00";200;;;;;;;;;;;;;;;;;""
2016;9830;"13";"13022";"Cassis";"2016-08-13 12:47:00";100;100;;;;;;;;;;;"Involontaire (particulier)";;;;;""
2016;8997;"34";"34069";"Cazouls-lès-Béziers";"2016-08-13 13:32:00";500;;;;;;;;;;;"1";"Malveillance";;;;;""
2016;8998;"34";"34211";"Le Poujol-sur-Orb";"2016-08-13 14:24:00";6400;6400;;;;;;;;;;"5";"Involontaire (particulier)";;;;;""
2016;9484;"66";"66008";"Argelès-sur-Mer";"2016-08-13 15:21:00";50000;;50000;;;;;;;;;"1";"Malveillance";;;;;""
2016;9831;"13";"13027";"Châteaurenard";"2016-08-13 16:00:00";150;100;50;;;;;;;0;;;;;;;;""
2016;342;"12";"12133";"Luc-la-Primaube";"2016-08-13 16:11:00";300;0;;300;;;300;0;0;0;"Estimées";;"Involontaire (particulier)";;;;;""
2016;9192;"06";"06075";"Levens";"2016-08-13 16:49:00";10093;10093;;;;;;;;;;"5";"Involontaire (particulier)";;;;;""
2016;9026;"11";"11259";"Moussoulens";"2016-08-13 17:50:00";3100;;;;;;;;;;;;"Involontaire (particulier)";;;;;""
2016;8880;"30";"30032";"Beaucaire";"2016-08-13 18:11:00";373;;;;;;;;;;;"1";"Involontaire (particulier)";;;;;""
2016;9832;"13";"13050";"Lambesc";"2016-08-13 18:23:00";10;;10;;;;;;;0;;;;;;;;""
2016;9719;"66";"66093";"Laroque-des-Albères";"2016-08-13 18:36:00";700;0;700;;;;;;;;;"1";"Malveillance";;;;;""
2016;10424;"11";"11373";"Salvezines";"2016-08-13 19:07:00";2;;;;;;;;;;;;"Malveillance";;;;;""
2016;2199;"33";"33297";"Moulis-en-Médoc";"2016-08-13 20:16:00";30000;30000;;0;;;0;;;0;;;;;;;;""
2016;2198;"33";"33297";"Moulis-en-Médoc";"2016-08-13 20:32:00";150;150;;0;;;0;;;0;;;;;;;;""
2016;9003;"34";"34045";"Cabrières";"2016-08-14 00:44:00";800;;400;;;;;;;400;;"1";"Malveillance";;;;;""
2016;9004;"34";"34157";"Mèze";"2016-08-14 01:26:00";300;300;;;;;;;;;;"4";"Malveillance";;;;;""
2016;9005;"34";"34017";"Aumes";"2016-08-14 11:18:00";45000;20000;25000;;;;;;;;;"4";"Malveillance";;;;;""
2016;343;"12";"12177";"Palmas d'Aveyron";"2016-08-14 12:00:00";60;0;;60;;;60;0;0;0;"Estimées";;;;;;;""
2016;276;"46";"46075";"Corn";"2016-08-14 13:27:00";1000;0;;1000;;;1000;0;0;0;"Estimées";;;;;;;""
2016;9395;"84";"84096";"Rasteau";"2016-08-14 13:40:00";3500;3500;;;;;;;;;;"2";;;;;;""
2016;9008;"34";"34092";"Cruzy";"2016-08-14 13:56:00";2500;;500;;;;;;;2000;;"1";"Accidentelle";;;;;""
2016;9833;"13";"13015";"Bouc-Bel-Air";"2016-08-14 14:42:00";400;400;;;;;;;;;;;"Malveillance";;;;;""
2016;9193;"06";"06158";"Villars-sur-Var";"2016-08-14 15:25:00";2048;;2048;;;;;;;;;"1";"Involontaire (particulier)";;;;;""
2016;9009;"34";"34172";"Montpellier";"2016-08-14 15:58:00";1400;0;400;;;;;;;1000;;"4";"Involontaire (particulier)";;;;;""
2016;10019;"2A";"2A209";"Peri";"2016-08-14 16:38:00";300;;300;;;;;;;;;"1";;;;;;""
2016;9834;"13";"13047";"Istres";"2016-08-14 18:12:00";700;700;;;;;;;;;;;;;;;;""
2016;9621;"11";"11261";"Moux";"2016-08-14 18:23:00";500;;;;;;;;;;;;"Accidentelle";;;;;""
2016;11420;"83";"83087";"Nans-les-Pins";"2016-08-14 18:50:00";30800;500;300;;;;;;;30000;;"1";"Malveillance";;;;;""
2016;2186;"33";"33547";"Villandraut";"2016-08-14 20:04:00";30;30;;0;;;0;;;0;;;;;;;;""
2016;9622;"11";"11069";"Carcassonne";"2016-08-14 20:26:00";100;;;;;;;;;;;;"Malveillance";;;;;""
2016;9049;"48";"48075";"Ispagnac";"2016-08-14 21:40:00";13500;;13500;;;;;;;;;"1";;;;;;""
2016;9404;"84";"84150";"Visan";"2016-08-14 22:03:00";1000;;;;;;;;;;;;;;;;;""
2016;9184;"2B";"2B188";"Olmeta-di-Tuda";"2016-08-14 22:51:00";150;;;;;;;;;;;"1";"Malveillance";;;;;""
2016;9836;"13";"13019";"Cabriès";"2016-08-15 00:37:00";20;20;;;;;;;;0;;;;;;;;""
2016;9837;"13";"13048";"Jouques";"2016-08-15 00:44:00";3;3;;;;;;;;;;;;;;;;""
2016;9032;"83";"83140";"Tourves";"2016-08-15 03:18:00";400;400;;;;;;;;;;"4";"Involontaire (particulier)";;;;;""
2016;477;"17";"17038";"Bedenac";"2016-08-15 03:27:00";4700;4700;;0;;;0;0;0;0;"Mesurées";;"Malveillance";;;;;""
2016;278;"46";"46047";"Calès";"2016-08-15 10:17:00";10000;0;;10000;;;10000;0;0;0;"Estimées";;;;;;;""
2016;1762;"47";"47215";"Pujols";"2016-08-15 10:26:00";5000;5000;;0;;;0;;;0;;;;;;;;""
2016;9185;"2B";"2B009";"Aléria";"2016-08-15 10:42:00";1000;;;;;;;;;;;"4";;;;;;""
2016;9040;"34";"34245";"Saint-Chinian";"2016-08-15 10:57:00";25;;25;;;;;;;;;"1";"Malveillance";;;;;""
2016;9137;"04";"04005";"Allons";"2016-08-15 11:05:00";500;500;;;;;;;;;;"2";"Involontaire (particulier)";;;;;""
2016;279;"46";"46292";"Saint-Simon";"2016-08-15 11:08:00";160;0;;160;;;160;0;0;0;"Estimées";;;;;;;""
2016;344;"12";"12012";"Asprières";"2016-08-15 11:34:00";5000;0;;5000;;;5000;0;0;0;"Estimées";;"Accidentelle";;;;;""
2016;10020;"2A";"2A310";"Santa-Maria-Figaniella";"2016-08-15 13:30:00";200;;200;;;;;;;;;"1";"Involontaire (particulier)";;;;;""
2016;781;"38";"38505";"Thodure";"2016-08-15 13:59:00";50000;0;;50000;;;50000;0;0;0;"Estimées";;;;;;;""
2016;1317;"32";"32096";"Cazaubon";"2016-08-15 14:15:00";5000;0;;5000;;;5000;0;0;0;"Estimées";;;;;;;""
2016;779;"38";"38363";"Saint-Barthélemy";"2016-08-15 15:11:00";300;0;;300;;;300;0;0;0;"Estimées";;;;;;;""
2016;12144;"34";"34116";"Grabels";"2016-08-15 15:32:00";4400;;1000;;;;;;;3400;;"1";"Involontaire (particulier)";;;;;""
2016;10491;"48";"48036";"Cassagnas";"2016-08-15 15:41:00";7500;2600;4900;;;;;;;;;"1";"Accidentelle";;;;;""
2016;345;"12";"12102";"Flavin";"2016-08-15 15:55:00";2000;0;;2000;;;2000;0;0;0;"Estimées";;"Involontaire (travaux)";;;;;""
2016;11421;"83";"83065";"Gassin";"2016-08-15 16:01:00";600;600;;;;;;;;;;"5";"Accidentelle";;;;;""
2016;2182;"33";"33097";"Carcans";"2016-08-15 16:24:00";300;300;;0;;;0;;;0;;;;;;;;""
2016;349;"12";"12076";"Conques-en-Rouergue";"2016-08-15 16:40:00";50000;0;;50000;;;50000;0;0;0;"Estimées";;"Accidentelle";;;;;""
2016;274;"19";"19033";"Bugeat";"2016-08-15 17:12:00";2000;0;;2000;;;2000;0;0;0;"Estimées";;"Naturelle";;;;;""
2016;9038;"30";"30145";"Lédenon";"2016-08-15 18:10:00";400;;;;;;;;;;;"3";"Malveillance";;;;;""
2016;2584;"40";"40303";"Solférino";"2016-08-15 20:14:00";700;700;;0;;;0;;;0;;;"Naturelle";;;;;""
2016;346;"12";"12083";"Cransac";"2016-08-15 21:02:00";100;0;;100;;;100;0;0;0;"Estimées";;"Accidentelle";;;;;""
2016;2176;"33";"33236";"Lège-Cap-Ferret";"2016-08-16 03:30:00";100;100;;0;;;0;;;0;;;"Accidentelle";;;;;""
2016;718;"09";"09327";"Ventenac";"2016-08-16 05:20:00";110000;30000;;0;;;0;80000;0;80000;"Estimées";;;;;;;""
2016;565;"28";"28254";"Mittainvilliers-Vérigny";"2016-08-16 09:33:00";500;0;;500;;;500;0;0;0;"Estimées";;;;;;;""
2016;9254;"83";"83063";"La Garde-Freinet";"2016-08-16 10:12:00";700;700;;;;;;;;;;"2";"Accidentelle";;;;;""
2016;9838;"13";"13098";"Saint-Mitre-les-Remparts";"2016-08-16 10:47:00";1000;500;500;;;;;;;0;;;;;;;;""
2016;2583;"40";"40227";"Pissos";"2016-08-16 11:12:00";7000;7000;;0;;;0;;;0;;;;;;;;""
2016;9142;"30";"30169";"Milhaud";"2016-08-16 14:06:00";18854;;;;;;;;;;;"1";"Malveillance";;;;;""
2016;347;"12";"12008";"Anglars-Saint-Félix";"2016-08-16 14:10:00";100;0;;100;;;100;0;0;0;"Estimées";;;;;;;""
2016;2172;"33";"33104";"Castelnau-de-Médoc";"2016-08-16 14:33:00";300;300;;0;;;0;;;0;;;"Accidentelle";;;;;""
2016;395;"16";"16384";"Touvérac";"2016-08-16 14:41:00";60000;60000;;0;;;0;0;0;0;"Estimées";;;;;;;""
2016;9194;"06";"06049";"Courmes";"2016-08-16 15:20:00";20771;;20771;;;;;;;;;"1";"Involontaire (particulier)";;;;;""
2016;11424;"48";"48016";"Balsièges";"2016-08-16 15:53:00";500;500;;;;;;;;;;"4";"Naturelle";;;;;""
2016;9731;"66";"66205";"Tautavel";"2016-08-16 16:00:00";2000;;2000;;;;;;;;;"1";"Involontaire (particulier)";;;;;""
2016;9303;"48";"48137";"Saint-Bauzile";"2016-08-16 16:12:00";3600;3600;;;;;;;;;;"4";"Naturelle";;;;;""
2016;348;"12";"12190";"Prévinquières";"2016-08-16 16:17:00";60000;0;;60000;;;60000;0;0;0;"Estimées";;;;;;;""
2016;396;"16";"16282";"La Rochette";"2016-08-16 16:37:00";60000;60000;;0;;;0;0;0;0;"Estimées";;;;;;;""
2016;280;"43";"43055";"Chaniat";"2016-08-16 16:49:00";2500;2500;;0;;;0;0;0;0;"Mesurées";;;;;;;""
2016;10174;"11";"11312";"Ribouisse";"2016-08-16 17:17:00";500;;;;;;;;;;;;"Involontaire (particulier)";;;;;""
2016;2582;"40";"40227";"Pissos";"2016-08-16 17:37:00";15;15;;0;;;0;;;0;;;;;;;;""
2016;2682;"46";"46090";"Durbans";"2016-08-16 17:53:00";5000;5000;;0;;;0;0;0;0;"Estimées";;;;;;;""
2016;481;"17";"17038";"Bedenac";"2016-08-16 18:09:00";104100;104100;;0;;;0;0;0;0;"Mesurées";;"Malveillance";;;;;""
2016;2683;"46";"46094";"Espédaillac";"2016-08-16 18:26:00";20000;20000;;0;;;0;0;0;0;"Estimées";;;;;;;""
2016;906;"31";"31181";"Le Fauga";"2016-08-16 19:33:00";10000;0;;5000;;;5000;5000;0;5000;"Estimées";;;;;;;""
2016;9839;"13";"13047";"Istres";"2016-08-16 19:58:00";400;400;;;;;;;;;;;"Malveillance";;;;;""
2016;2581;"40";"40164";"Retjons";"2016-08-16 20:16:00";120000;120000;;0;;;0;;;0;;;;;;;;""
2016;350;"12";"12076";"Conques-en-Rouergue";"2016-08-16 20:57:00";500;0;;500;;;500;0;0;0;"Estimées";;"Involontaire (particulier)";;;;;""
2016;9195;"06";"06024";"Briançonnet";"2016-08-16 21:20:00";6;;6;;;;;;;;;"1";;;;;;""
2016;351;"46";"46299";"Sauliac-sur-Célé";"2016-08-16 21:22:00";40000;40000;;0;;;0;0;0;0;"Estimées";;"Naturelle";;;;;""
2016;353;"46";"46183";"Marcilhac-sur-Célé";"2016-08-16 21:30:00";220000;220000;;0;;;0;0;0;0;"Estimées";;"Naturelle";;;;;""
2016;281;"43";"43006";"Ally";"2016-08-16 22:34:00";900;100;;0;;;0;800;0;800;"Mesurées";;"Involontaire (travaux)";;;;;""
2016;1384;"72";"72047";"Brette-les-Pins";"2016-08-17 03:01:00";100;100;;0;;;0;0;0;0;"Estimées";;;;;;;""
2016;9282;"2B";"2B047";"Calacuccia";"2016-08-17 05:25:00";200;;;;;;;;;;;"1";"Naturelle";;;;;""
2016;9840;"13";"13112";"Velaux";"2016-08-17 08:07:00";10;10;;;;;;;;0;;;;;;;;""
2016;9272;"04";"04036";"Le Brusquet";"2016-08-17 12:01:00";270;270;;;;;;;;;;"4";"Involontaire (particulier)";;;;;""
2016;9841;"13";"13048";"Jouques";"2016-08-17 13:16:00";3000;3000;;;;;;;;;;;;;;;;""
2016;9283;"2B";"2B049";"Calenzana";"2016-08-17 13:30:00";360;;;;;;;;;;;"1";"Accidentelle";;;;;""
2016;9842;"13";"13001";"Aix-en-Provence";"2016-08-17 14:18:00";20;;20;;;;;;;0;;;"Involontaire (travaux)";;;;;""
2016;470;"58";"58128";"Glux-en-Glenne";"2016-08-17 15:39:00";500;500;;0;;;0;0;0;0;"Estimées";;"Malveillance";;;;;""
2016;469;"58";"58128";"Glux-en-Glenne";"2016-08-17 16:01:00";200;200;;0;;;0;0;0;0;"Estimées";;;;;;;""
2016;283;"79";"79278";"Saint-Martin-du-Fouilloux";"2016-08-17 16:45:00";10000;5000;;0;;;0;5000;0;5000;"Estimées";;"Involontaire (travaux)";;;;;""
2016;9286;"83";"83041";"Claviers";"2016-08-17 17:51:00";4;4;;;;;;;;;;"5";"Naturelle";;;;;""
2016;9623;"11";"11144";"Fitou";"2016-08-17 18:19:00";1203;;;;;;;;;;;;"Naturelle";;;;;""
2016;2580;"40";"40246";"Sabres";"2016-08-17 18:36:00";7000;7000;;0;;;0;;;0;;;"Naturelle";;;;;""
2016;9285;"83";"83050";"Draguignan";"2016-08-17 19:25:00";200;200;;;;;;;;;;"4";"Naturelle";;;;;""
2016;10021;"2A";"2A359";"Zicavo";"2016-08-17 21:22:00";100;;100;;;;;;;;;"1";"Malveillance";;;;;""
2016;1756;"47";"47052";"Casteljaloux";"2016-08-18 10:53:00";10;10;;0;;;0;;;0;;;"Involontaire (particulier)";;;;;""
2016;12635;"30";"30169";"Milhaud";"2016-08-18 11:16:00";574;;;;;;;;;;;"1";"Malveillance";;;;;""
2016;9506;"2B";"2B188";"Olmeta-di-Tuda";"2016-08-18 12:32:00";3000;;;;;;;;;;;"1";"Malveillance";;;;;""
2016;9618;"06";"06151";"Utelle";"2016-08-18 12:34:00";39;39;;;;;;;;;;"4";"Naturelle";;;;;""
2016;9494;"04";"04124";"Montagnac-Montpezat";"2016-08-18 15:20:00";41;41;;;;;;;;;;"5";"Naturelle";;;;;""
2016;10334;"07";"07075";"Cros-de-Géorand";"2016-08-18 16:06:00";20000;20000;;;;;;;;;;"1";;;;;;""
2016;9617;"06";"06157";"Vence";"2016-08-18 16:26:00";103608;;103608;;;;;;;;;"1";;;;;;""
2016;9312;"30";"30226";"Saint-Alexandre";"2016-08-18 16:56:00";800;;;;;;;;;;;"3";;;;;;""
2016;9289;"83";"83008";"Bagnols-en-Forêt";"2016-08-18 17:26:00";25;25;;;;;;;;;;"4";"Naturelle";;;;;""
2016;9546;"34";"34313";"Tressan";"2016-08-18 21:19:00";350;350;;;;;;;;;;"3";"Involontaire (particulier)";;;;;""
2016;10022;"2A";"2A085";"Cauro";"2016-08-19 02:19:00";100;;100;;;;;;;;;"1";"Accidentelle";;;;;""
2016;10063;"2A";"2A017";"Appietto";"2016-08-19 03:30:00";410;;410;;;;;;;;;"1";"Malveillance";;;;;""
2016;10064;"2A";"2A004";"Ajaccio";"2016-08-19 11:30:00";4400;;4400;;;;;;;;;"1";"Accidentelle";;;;;""
2016;9624;"11";"11330";"Rustiques";"2016-08-19 13:13:00";2100;;;;;;;;;;;;"Malveillance";;;;;""
2016;9843;"13";"13035";"Eyguières";"2016-08-19 13:41:00";50;;50;;;;;;;0;;;;;;;;""
2016;567;"12";"12118";"Lacroix-Barrez";"2016-08-19 15:06:00";20000;0;;20000;;;20000;0;0;0;"Estimées";;;;;;;""
2016;2152;"33";"33218";"Lagorce";"2016-08-19 15:48:00";4000;4000;;0;;;0;;;0;;;;;;;;""
2016;9510;"2B";"2B009";"Aléria";"2016-08-19 17:00:00";10000;;;;;;;;;;;"3";"Accidentelle";;;;;""
2016;9519;"83";"83098";"Le Pradet";"2016-08-19 17:20:00";40;40;;;;;;;;;;"3";"Malveillance";;;;;""
2016;399;"46";"46010";"Aujols";"2016-08-19 17:56:00";400;0;;400;;;400;0;0;0;"Estimées";;;;;;;""
2016;11857;"13";"13106";"Septèmes-les-Vallons";"2016-08-19 18:40:00";1200;600;600;;;;;;;;;"4";"Malveillance";;;;;""
2016;9492;"30";"30342";"Vénéjan";"2016-08-19 18:42:00";2885;;;;;;;;;;;"1";;;;;;""
2016;9844;"13";"13110";"Trets";"2016-08-19 18:57:00";20;20;;;;;;;;0;;;;;;;;""
2016;698;"77";"77187";"Fontaine-Fourches";"2016-08-19 20:30:00";100;100;;0;;;0;0;0;0;"Estimées";;;;;;;""
2016;9741;"66";"66148";"Port-Vendres";"2016-08-20 06:27:00";200;;200;;;;;;;;;"1";"Involontaire (particulier)";;;;;""
2016;9521;"83";"83023";"Brignoles";"2016-08-20 09:53:00";10;10;;;;;;;;;;"5";"Naturelle";;;;;""
2016;9845;"13";"13088";"Le Rove";"2016-08-20 12:57:00";50;50;;;;;;;;;;;;;;;;""
2016;9625;"11";"11027";"Barbaira";"2016-08-20 18:50:00";50;;;;;;;;;;;;"Accidentelle";;;;;""
2016;9527;"83";"83127";"Signes";"2016-08-21 00:57:00";50;50;;;;;;;;;;"5";"Malveillance";;;;;""
2016;9847;"13";"13063";"Miramas";"2016-08-21 02:33:00";500;250;250;;;;;;;0;;;"Accidentelle";;;;;""
2016;9560;"34";"34273";"Saint-Martin-de-l'Arçon";"2016-08-21 02:53:00";20;20;;;;;;;;;;"2";"Accidentelle";;;;;""
2016;10536;"66";"66038";"Canohès";"2016-08-21 11:09:00";1000;200;800;;;;;;;;;"1";;;;;;""
2016;10175;"11";"11170";"Gruissan";"2016-08-21 12:24:00";1800;;;;;;;;;;;;"Involontaire (particulier)";;;;;""
2016;9528;"83";"83137";"Toulon";"2016-08-21 12:41:00";2000;2000;;;;;;;;;;"4";"Malveillance";;;;;""
2016;1570;"24";"24472";"Saint-Nexans";"2016-08-21 13:04:00";100;100;;0;;;0;;;0;;;"Involontaire (particulier)";;;;;""
2016;9626;"11";"11148";"Fontcouverte";"2016-08-21 14:08:00";211482;;186482;;;;;;;25000;;;"Accidentelle";;;;;""
2016;9533;"30";"30066";"Cannes-et-Clairan";"2016-08-21 14:36:00";919;;;;;;;;;;;"4";;;;;;""
2016;9561;"34";"34343";"Viols-le-Fort";"2016-08-21 14:37:00";5500;5500;;;;;;;;;;"2";"Accidentelle";;;;;""
2016;1385;"72";"72293";"Saint-Jean-du-Bois";"2016-08-21 14:46:00";800;800;;0;;;0;0;0;0;"Estimées";;;;;;;""
2016;568;"12";"12270";"Sévérac d'Aveyron";"2016-08-21 15:17:00";100;0;;100;;;100;0;0;0;"Estimées";;;;;;;""
2016;10176;"11";"11145";"Fleury";"2016-08-21 15:30:00";1800;;;;;;;;;;;;;;;;;""
2016;9848;"13";"13056";"Martigues";"2016-08-21 15:33:00";30000;30000;;;;;;;;;;;;;;;;""
2016;9744;"66";"66195";"Le Soler";"2016-08-21 15:35:00";30000;10000;20000;;;;;;;;;"3";;;;;;""
2016;9849;"13";"13088";"Le Rove";"2016-08-21 15:56:00";10;;10;;;;;;;0;;;;;;;;""
2016;2145;"33";"33348";"Queyrac";"2016-08-21 15:57:00";500;500;;0;;;0;;;0;;;"Involontaire (particulier)";;;;;""
2016;9698;"04";"04219";"Thorame-Haute";"2016-08-21 16:02:00";150;150;;;;;;;;;;"4";"Involontaire (particulier)";;;;;""
2016;9628;"11";"11361";"Saint-Papoul";"2016-08-21 16:15:00";52980;;;;;;;;;;;;"Involontaire (travaux)";;;;;""
2016;9850;"13";"13047";"Istres";"2016-08-21 16:17:00";20000;20000;;;;;;;;;;;"Malveillance";;;;;""
2016;10069;"2A";"2A062";"Carbuccia";"2016-08-21 16:52:00";2000;;2000;;;;;;;;;"1";"Malveillance";;;;;""
2016;9537;"30";"30169";"Milhaud";"2016-08-21 17:23:00";269;;;;;;;;;;;"1";"Malveillance";;;;;""
2016;9629;"11";"11081";"Caunes-Minervois";"2016-08-21 18:06:00";150;;;;;;;;;;;;"Involontaire (particulier)";;;;;""
2016;9632;"83";"83066";"Ginasservis";"2016-08-21 18:38:00";11500;11500;;;;;;;;;;"2";"Malveillance";;;;;""
2016;9851;"13";"13001";"Aix-en-Provence";"2016-08-21 20:40:00";20;20;;;;;;;;0;;;;;;;;""
2016;10177;"11";"11129";"Espéraza";"2016-08-22 01:43:00";8000;;;;;;;;;;;;"Malveillance";;;;;""
2016;9745;"66";"66030";"Calce";"2016-08-22 08:28:00";90000;90000;;;;;;;;;;"2";"Malveillance";;;;;""
2016;9852;"13";"13034";"Eygalières";"2016-08-22 09:13:00";200;100;100;;;;;;;0;;;"Accidentelle";;;;;""
2016;9853;"13";"13114";"Ventabren";"2016-08-22 11:00:00";10000;10000;;;;;;;;;;;;;;;;""
2016;9630;"11";"11170";"Gruissan";"2016-08-22 11:25:00";35472;;;;;;;;;;;;"Involontaire (particulier)";;;;;""
2016;9855;"13";"13103";"Salon-de-Provence";"2016-08-22 11:46:00";30;15;15;;;;;;;0;;;;;;;;""
2016;9854;"13";"13044";"Grans";"2016-08-22 11:48:00";30;;30;;;;;;;0;;;"Involontaire (particulier)";;;;;""
2016;12637;"30";"30145";"Lédenon";"2016-08-22 12:34:00";10;;;;;;;;;;;"1";"Involontaire (travaux)";;;;;""
2016;9634;"83";"83080";"Mons";"2016-08-22 12:54:00";200;200;;;;;;;;;;"2";"Involontaire (particulier)";;;;;""
2016;12638;"30";"30169";"Milhaud";"2016-08-22 13:30:00";1644;;;;;;;;;;;"2";"Malveillance";;;;;""
2016;862;"15";"15215";"Saint-Simon";"2016-08-22 13:37:00";3000;0;;3000;;;3000;0;0;0;"Estimées";;;;;;;""
2016;10104;"34";"34028";"Bédarieux";"2016-08-22 13:43:00";2000;500;;;;;;;;1500;;"2";"Involontaire (particulier)";;;;;""
2016;9748;"66";"66133";"Palau-del-Vidre";"2016-08-22 13:48:00";10000;2000;8000;;;;;;;;;"4";"Involontaire (particulier)";;;;;""
2016;482;"17";"17038";"Bedenac";"2016-08-22 13:56:00";3000;3000;;0;;;0;0;0;0;"Estimées";;"Involontaire (travaux)";;;;;""
2016;10106;"34";"34028";"Bédarieux";"2016-08-22 14:15:00";3700;3700;;;;;;;;;;"2";"Involontaire (particulier)";;;;;""
2016;400;"46";"46020";"Beauregard";"2016-08-22 14:31:00";10000;0;;10000;;;10000;0;0;0;"Estimées";;;;;;;""
2016;1386;"72";"72124";"Écommoy";"2016-08-22 14:47:00";4000;4000;;0;;;0;0;0;0;"Estimées";;;;;;;""
2016;10028;"2B";"2B096";"Corte";"2016-08-22 14:51:00";784900;84900;700000;;;;;;;;;"1";"Malveillance";;;;;""
2016;9856;"13";"13056";"Martigues";"2016-08-22 15:24:00";5000;5000;;;;;;;;;;;;;;;;""
2016;2138;"33";"33192";"Gradignan";"2016-08-22 15:28:00";1500;1500;;0;;;0;;;0;;;;;;;;""
2016;569;"12";"12192";"Mounes-Prohencoux";"2016-08-22 15:34:00";30000;0;;30000;;;30000;0;0;0;"Estimées";;"Involontaire (travaux)";;;;;""
2016;9749;"66";"66195";"Le Soler";"2016-08-22 16:06:00";20000;20000;;;;;;;;;;"2";"Accidentelle";;;;;""
2016;2133;"33";"33490";"Saint-Vivien-de-Médoc";"2016-08-22 17:12:00";15000;5000;;0;;;0;;;10000;;;;;;;;""
2016;10086;"30";"30189";"Nîmes";"2016-08-22 17:23:00";23998;;;;;;;;;;;"4";"Malveillance";;;;;""
2016;2132;"33";"33203";"Hourtin";"2016-08-22 17:24:00";100;100;;0;;;0;;;0;;;;;;;;""
2016;10178;"11";"11322";"Roquefort-des-Corbières";"2016-08-22 17:48:00";3822;;;;;;;;;;;;"Malveillance";;;;;""
2016;9858;"13";"13081";"Rognac";"2016-08-22 23:13:00";3000;3000;;;;;;;;;;;"Malveillance";;;;;""
2016;9750;"66";"66030";"Calce";"2016-08-22 23:30:00";15000;10000;5000;;;;;;;;;"2";"Malveillance";;;;;""
2016;10071;"2A";"2A181";"Ocana";"2016-08-23 00:02:00";50;;50;;;;;;;;;"1";"Malveillance";;;;;""
2016;9859;"13";"13047";"Istres";"2016-08-23 00:04:00";120;120;;;;;;;;;;;"Malveillance";;;;;""
2016;10180;"11";"11379";"Sigean";"2016-08-23 05:38:00";100;;;;;;;;;;;;"Accidentelle";;;;;""
2016;9679;"2B";"2B145";"Loreto-di-Casinca";"2016-08-23 05:55:00";7000;;;;;;;;;;;"1";"Malveillance";;;;;""
2016;401;"46";"46152";"Lamothe-Fénelon";"2016-08-23 11:32:00";20000;0;;20000;;;20000;0;0;0;"Estimées";;;;;;;""
2016;2126;"33";"33155";"Escaudes";"2016-08-23 12:05:00";3500;3500;;0;;;0;;;0;;;"Involontaire (travaux)";;;;;""
2016;12639;"30";"30189";"Nîmes";"2016-08-23 12:29:00";15350;;;;;;;;;;;"4";"Malveillance";;;;;""
2016;1569;"24";"24455";"Saint-Martin-de-Ribérac";"2016-08-23 12:36:00";100;100;;0;;;0;;;0;;;;;;;;""
2016;402;"46";"46235";"Reilhac";"2016-08-23 13:08:00";20000;0;;20000;;;20000;0;0;0;"Estimées";;;;;;;""
2016;9809;"48";"48086";"Luc";"2016-08-23 13:42:00";25000;;;;;;;;;;;"1";"Involontaire (particulier)";;;;;""
2016;403;"46";"46001";"Albas";"2016-08-23 13:57:00";400;0;;400;;;400;0;0;0;"Estimées";;;;;;;""
2016;9682;"2B";"2B162";"Moltifao";"2016-08-23 14:01:00";50;;;;;;;;;;;"1";"Accidentelle";;;;;""
2016;9975;"2B";"2B042";"Borgo";"2016-08-23 15:21:00";40000;;;;;;;;;;;"5";"Involontaire (particulier)";;;;;""
2016;863;"15";"15136";"Mourjou";"2016-08-23 15:47:00";4000;0;;4000;;;4000;0;0;0;"Estimées";;;;;;;""
2016;9704;"84";"84093";"Puget";"2016-08-23 15:48:00";5000;5000;;;;;;;;;;"4";"Involontaire (particulier)";;;;;""
2016;9860;"13";"13103";"Salon-de-Provence";"2016-08-23 16:45:00";4;;4;;;;;;;0;;;"Malveillance";;;;;""
2016;404;"46";"46148";"Lalbenque";"2016-08-23 16:51:00";500;0;;500;;;500;0;0;0;"Estimées";;;;;;;""
2016;2576;"40";"40157";"Lit-et-Mixe";"2016-08-23 17:07:00";30000;30000;;0;;;0;;;0;;;"Malveillance";;;;;""
2016;2577;"40";"40157";"Lit-et-Mixe";"2016-08-23 17:07:00";10500;10500;;0;;;0;;;0;;;"Malveillance";;;;;""
2016;375;"63";"63144";"Égliseneuve-d'Entraigues";"2016-08-23 17:20:00";588;412;;0;;;0;0;176;176;"Mesurées";;;;;;;""
2016;10422;"06";"06075";"Levens";"2016-08-23 17:48:00";113;113;;;;;;;;;;"5";;;;;;""
2016;10072;"2A";"2A006";"Alata";"2016-08-23 18:30:00";22610;;22610;;;;;;;;;"1";"Malveillance";;;;;""
2016;1260;"88";"88263";"Laveline-du-Houx";"2016-08-23 19:00:00";1000;1000;;0;;;0;0;0;0;"Estimées";;;;;;;""
2016;10209;"2B";"2B029";"Barbaggio";"2016-08-24 00:16:00";5533800;5283800;100000;;;;;;;150000;;"2";"Malveillance";;;;;""
2016;9861;"13";"13056";"Martigues";"2016-08-24 02:07:00";2000;2000;;;;;;;;;;;"Accidentelle";;;;;""
2016;405;"46";"46089";"Duravel";"2016-08-24 05:42:00";100;0;;100;;;100;0;0;0;"Estimées";;;;;;;""
2016;9707;"04";"04018";"Banon";"2016-08-24 06:17:00";7300;7300;;;;;;;;;;"2";"Accidentelle";;;;;""
2016;9976;"2B";"2B096";"Corte";"2016-08-24 08:05:00";100;100;;;;;;;;;;"1";"Malveillance";;;;;""
2016;9978;"2B";"2B105";"Erbajolo";"2016-08-24 10:19:00";80000;;80000;;;;;;;;;"1";"Malveillance";;;;;""
2016;9977;"2B";"2B303";"San-Giuliano";"2016-08-24 10:28:00";200;;;;;;;;;;;"1";;;;;;""
2016;9980;"2B";"2B105";"Erbajolo";"2016-08-24 10:54:00";100;;;;;;;;;;;"1";;;;;;""
2016;9862;"13";"13001";"Aix-en-Provence";"2016-08-24 11:38:00";35;20;15;;;;;;;0;;;"Malveillance";;;;;""
2016;699;"77";"77328";"Nanteau-sur-Essonne";"2016-08-24 11:40:00";10;10;;0;;;0;0;0;0;"Estimées";;;;;;;""
2016;9981;"2B";"2B238";"Poggio-di-Venaco";"2016-08-24 11:41:00";340039;40000;300039;;;;;;;;;"1";"Malveillance";;;;;""
2016;9984;"2B";"2B238";"Poggio-di-Venaco";"2016-08-24 11:50:00";1000;;;;;;;;;;;"1";"Malveillance";;;;;""
2016;9982;"2B";"2B110";"Favalello";"2016-08-24 11:57:00";100;;;;;;;;;;;"1";;;;;;""
2016;10073;"2A";"2A247";"Porto-Vecchio";"2016-08-24 11:59:00";500;;500;;;;;;;;;;;;;;;""
2016;9983;"2B";"2B096";"Corte";"2016-08-24 12:05:00";1000;;;;;;;;;;;"1";"Malveillance";;;;;""
2016;9863;"13";"13001";"Aix-en-Provence";"2016-08-24 12:46:00";50;50;;;;;;;;;;;"Involontaire (travaux)";;;;;""
2016;570;"12";"12047";"Campagnac";"2016-08-24 13:05:00";250;0;;250;;;250;0;0;0;"Estimées";;;;;;;""
2016;9864;"13";"13019";"Cabriès";"2016-08-24 13:31:00";3;;3;;;;;;;0;;;;;;;;""
2016;406;"46";"46090";"Durbans";"2016-08-24 13:34:00";500;0;;500;;;500;0;0;0;"Estimées";;;;;;;""
2016;1562;"24";"24021";"Badefols-d'Ans";"2016-08-24 14:00:00";400;400;;0;;;0;;;0;;;;;;;;""
2016;2574;"40";"40171";"Mano";"2016-08-24 14:21:00";270000;270000;;0;;;0;;;0;;;;;;;;""
2016;2114;"33";"33202";"Hostens";"2016-08-24 14:39:00";28200;28200;;0;;;0;;;0;;;;;;;;""
2016;9985;"2B";"2B251";"Prunelli-di-Fiumorbo";"2016-08-24 14:48:00";1500;;;;;;;;;;;"1";;;;;;""
2016;407;"46";"46004";"Anglars";"2016-08-24 14:58:00";10000;0;;10000;;;10000;0;0;0;"Estimées";;;;;;;""
2016;10113;"34";"34172";"Montpellier";"2016-08-24 15:07:00";1700;1700;;;;;;;;;;"6";"Involontaire (particulier)";;;;;""
2016;2113;"33";"33474";"Saint-Selve";"2016-08-24 15:42:00";10500;10500;;0;;;0;;;0;;;;;;;;""
2016;10181;"11";"11068";"Capendu";"2016-08-24 15:57:00";3684;;;;;;;;;;;;"Accidentelle";;;;;""
2016;372;"19";"19047";"Chartrier-Ferrière";"2016-08-24 16:19:00";10000;10000;;0;;;0;0;0;0;"Estimées";;;;;;;""
2016;10183;"11";"11262";"Narbonne";"2016-08-24 16:21:00";5408;;;;;;;;;;;;"Accidentelle";;;;;""
2016;10182;"11";"11027";"Barbaira";"2016-08-24 16:22:00";9083;;;;;;;;;;;;"Accidentelle";;;;;""
2016;9987;"2B";"2B157";"Mazzola";"2016-08-24 16:29:00";200;;;;;;;;;;;"1";"Malveillance";;;;;""
2016;9986;"2B";"2B110";"Favalello";"2016-08-24 16:30:00";100;;;;;;;;;;;"1";"Malveillance";;;;;""
2016;571;"12";"12171";"Nauviale";"2016-08-24 17:00:00";30000;0;;30000;;;30000;0;0;0;"Estimées";;"Malveillance";;;;;""
2016;10114;"34";"34270";"Saint-Jean-de-Védas";"2016-08-24 17:07:00";3500;;2500;;;;;;;1000;;"1";"Involontaire (particulier)";;;;;""
2016;408;"46";"46087";"Dégagnac";"2016-08-24 17:17:00";2000;0;;2000;;;2000;0;0;0;"Estimées";;;;;;;""
2016;2110;"33";"33322";"Le Pian-Médoc";"2016-08-24 17:48:00";25000;25000;;0;;;0;;;0;;;;;;;;""
2016;572;"12";"12249";"Saint-Sever-du-Moustier";"2016-08-24 18:24:00";10000;0;;10000;;;10000;0;0;0;"Estimées";;"Accidentelle";;;;;""
2016;9988;"2B";"2B078";"Castellare-di-Mercurio";"2016-08-24 18:30:00";20000;;;;;;;;;;;"1";"Malveillance";;;;;""
2016;9991;"2B";"2B078";"Castellare-di-Mercurio";"2016-08-24 18:38:00";15000;;;;;;;;;;;"1";"Malveillance";;;;;""
2016;10185;"11";"11198";"Laure-Minervois";"2016-08-24 19:43:00";2000;;;;;;;;;;;;"Accidentelle";;;;;""
2016;9992;"2B";"2B148";"Lucciana";"2016-08-24 19:47:00";5000;;;;;;;;;;;"1";;;;;;""
2016;9989;"2B";"2B306";"Santa-Lucia-di-Mercurio";"2016-08-24 20:23:00";100;;;;;;;;;;;"1";;;;;;""
2016;10184;"11";"11099";"Conques-sur-Orbiel";"2016-08-24 20:36:00";8438;;;;;;;;;;;;"Malveillance";;;;;""
2016;9993;"2B";"2B346";"Vescovato";"2016-08-24 23:05:00";20005;;;;;;;;;;;"1";"Malveillance";;;;;""
2016;483;"17";"17311";"Saint-Augustin";"2016-08-24 23:13:00";5000;5000;;0;;;0;0;0;0;"Estimées";;"Involontaire (travaux)";;;;;""
2016;9994;"2B";"2B329";"Tralonca";"2016-08-25 01:37:00";100;;;;;;;;;;;"1";"Accidentelle";;;;;""
2016;9995;"2B";"2B096";"Corte";"2016-08-25 02:22:00";100;;;;;;;;;;;"1";;;;;;""
2016;409;"46";"46023";"Belfort-du-Quercy";"2016-08-25 04:57:00";5100;0;;5100;;;5100;0;0;0;"Estimées";;;;;;;""
2016;12640;"30";"30228";"Sainte-Anastasie";"2016-08-25 10:46:00";14328;;;;;;;;;;;"1";"Involontaire (particulier)";;;;;""
2016;9875;"04";"04094";"Gréoux-les-Bains";"2016-08-25 10:59:00";170;;170;;;;;;;;;"1";"Involontaire (particulier)";;;;;""
2016;1261;"88";"88089";"La Chapelle-devant-Bruyères";"2016-08-25 11:10:00";200;200;;0;;;0;0;0;0;"Estimées";;;;;;;""
2016;1743;"47";"47028";"Birac-sur-Trec";"2016-08-25 11:32:00";500;250;;0;;;0;;;250;;;;;;;;""
2016;10074;"2A";"2A247";"Porto-Vecchio";"2016-08-25 11:37:00";10000;10000;;;;;;;;;;"5";"Malveillance";;;;;""
2016;785;"38";"38313";"Ponsonnas";"2016-08-25 11:47:00";5000;0;;5000;;;5000;0;0;0;"Estimées";;;;;;;""
2016;410;"46";"46063";"Castelnau-Montratier";"2016-08-25 12:09:00";400;0;;400;;;400;0;0;0;"Estimées";;;;;;;""
2016;9996;"2B";"2B148";"Lucciana";"2016-08-25 12:13:00";21300;;;;;;;;;;;"1";"Involontaire (particulier)";;;;;""
2016;573;"12";"12291";"Verrières";"2016-08-25 12:26:00";10000;0;;10000;;;10000;0;0;0;"Estimées";;;;;;;""
2016;12145;"34";"34150";"Marseillan";"2016-08-25 13:04:00";5400;;4000;;;;;;;1400;;"1";"Accidentelle";;;;;""
2016;9998;"2B";"2B148";"Lucciana";"2016-08-25 13:07:00";300;;;;;;;;;;;"1";"Malveillance";;;;;""
2016;412;"46";"46042";"Cahors";"2016-08-25 13:16:00";200;0;;200;;;200;0;0;0;"Estimées";;;;;;;""
2016;9865;"13";"13077";"Port-de-Bouc";"2016-08-25 13:51:00";3000;3000;;;;;;;;;;;"Involontaire (particulier)";;;;;""
2016;1387;"72";"72357";"Thorée-les-Pins";"2016-08-25 13:55:00";2000;2000;;0;;;0;0;0;0;"Estimées";;;;;;;""
2016;603;"42";"42182";"Renaison";"2016-08-25 14:00:00";3000;3000;;0;;;0;0;0;0;"Mesurées";;"Involontaire (travaux)";;;;;""
2016;10196;"2B";"2B116";"Focicchia";"2016-08-25 14:00:00";263500;173500;;;;;;;;90000;;"2";"Malveillance";;;;;""
2016;10332;"07";"07301";"Saint-Victor";"2016-08-25 14:03:00";5000;5000;;;;;;;;;;"5";"Involontaire (travaux)";;;;;""
2016;2105;"33";"33362";"Sablons";"2016-08-25 14:34:00";300;300;;0;;;0;;;0;;;"Malveillance";;;;;""
2016;10150;"2B";"2B148";"Lucciana";"2016-08-25 14:39:00";100135;100135;;;;;;;;;;"5";"Malveillance";;;;;""
2016;10087;"30";"30228";"Sainte-Anastasie";"2016-08-25 14:49:00";37738;;;;;;;;;;;"1";"Involontaire (travaux)";;;;;""
2016;910;"31";"31145";"Cintegabelle";"2016-08-25 14:57:00";20200;200;;10000;;;10000;10000;0;10000;"Estimées";;;;;;;""
2016;9866;"13";"13003";"Alleins";"2016-08-25 15:20:00";50000;30000;20000;;;;;;;;;;;;;;;""
2016;10040;"66";"66046";"Caudiès-de-Fenouillèdes";"2016-08-25 15:35:00";5000;2000;3000;;;;;;;;;"2";;;;;;""
2016;2104;"33";"33264";"Maransin";"2016-08-25 15:36:00";20000;20000;;0;;;0;;;0;;;;;;;;""
2016;10120;"34";"34141";"La Livinière";"2016-08-25 15:41:00";8600;2000;1600;;;;;;;5000;;"1";"Involontaire (particulier)";;;;;""
2016;9999;"2B";"2B148";"Lucciana";"2016-08-25 16:39:00";135;;;;;;;;;;;"1";"Involontaire (particulier)";;;;;""
2016;413;"46";"46067";"Cazillac";"2016-08-25 17:26:00";15000;0;;15000;;;15000;0;0;0;"Estimées";;;;;;;""
2016;1388;"72";"72385";"Yvré-le-Pôlin";"2016-08-25 17:37:00";2000;2000;;0;;;0;0;0;0;"Estimées";;;;;;;""
2016;864;"15";"15098";"Laurie";"2016-08-25 18:10:00";5000;0;;5000;;;5000;0;0;0;"Estimées";;;;;;;""
2016;9867;"83";"83035";"Le Castellet";"2016-08-25 18:21:00";250;250;;;;;;;;;;"4";"Accidentelle";;;;;""
2016;10121;"34";"34293";"La Salvetat-sur-Agout";"2016-08-25 20:23:00";450;450;;;;;;;;;;"4";"Involontaire (particulier)";;;;;""
2016;1549;"24";"24481";"Saint-Paul-la-Roche";"2016-08-25 20:44:00";2000;2000;;0;;;0;;;0;;;;;;;;""
2016;12146;"34";"34103";"Fontès";"2016-08-25 20:55:00";8;;8;;;;;;;;;"1";"Malveillance";;;;;""
2016;10000;"2B";"2B110";"Favalello";"2016-08-25 22:48:00";50;;;;;;;;;;;"1";;;;;;""
2016;10002;"2B";"2B286";"Sorbo-Ocagnano";"2016-08-25 23:10:00";200;;;;;;;;;;;"1";;;;;;""
2016;10003;"2B";"2B327";"Tomino";"2016-08-26 06:29:00";20;;;;;;;;;;;"1";"Malveillance";;;;;""
2016;10186;"11";"11410";"Villalier";"2016-08-26 06:54:00";7;;;;;;;;;;;;"Accidentelle";;;;;""
2016;414;"46";"46236";"Reilhaguet";"2016-08-26 09:57:00";100;0;;100;;;100;0;0;0;"Estimées";;;;;;;""
2016;10126;"34";"34259";"Saint-Georges-d'Orques";"2016-08-26 11:19:00";2400;;2400;;;;;;;;;"1";"Involontaire (particulier)";;;;;""
2016;389;"18";"18088";"Ennordres";"2016-08-26 11:20:00";20000;20000;;0;;;0;0;0;0;"Estimées";;;;;;;""
2016;10004;"2B";"2B238";"Poggio-di-Venaco";"2016-08-26 11:38:00";200;;;;;;;;;;;"1";;;;;;""
2016;10210;"2B";"2B148";"Lucciana";"2016-08-26 11:49:00";53500;53500;;;;;;;;;;"2";"Involontaire (particulier)";;;;;""
2016;376;"63";"63026";"Aydat";"2016-08-26 12:18:00";96595;0;;45703;;;45703;50892;0;50892;"Mesurées";;;;;;;""
2016;10005;"2B";"2B009";"Aléria";"2016-08-26 12:25:00";88000;88000;;;;;;;;;;"2";"Malveillance";;;;;""
2016;12641;"30";"30228";"Sainte-Anastasie";"2016-08-26 12:37:00";5;;;;;;;;;;;"1";"Involontaire (travaux)";;;;;""
2016;9967;"83";"83051";"Entrecasteaux";"2016-08-26 12:46:00";2000;2000;;;;;;;;;;"1";"Malveillance";;;;;""
2016;10041;"66";"66118";"Montner";"2016-08-26 12:49:00";3000;;3000;;;;;;;;;"1";"Malveillance";;;;;""
2016;2100;"33";"33086";"Camiac-et-Saint-Denis";"2016-08-26 13:03:00";1803;3;;0;;;0;;;1800;;;;;;;;""
2016;1548;"24";"24449";"Saint-Martial-d'Artenset";"2016-08-26 13:52:00";59000;59000;;0;;;0;;;0;;;;;;;;""
2016;1190;"15";"15147";"Parlan";"2016-08-26 14:40:00";3000;0;;3000;;;3000;0;0;0;"Estimées";;;;;;;""
2016;11037;"2A";"2A006";"Alata";"2016-08-26 16:08:00";3200;;3200;;;;;;;;;"1";"Malveillance";;;;;""
2016;2097;"33";"33036";"Bazas";"2016-08-26 16:10:00";400;400;;0;;;0;;;0;;;;;;;;""
2016;790;"38";"38545";"Vif";"2016-08-26 16:34:00";10000;0;;10000;;;10000;0;0;0;"Estimées";;;;;;;""
2016;2094;"33";"33036";"Bazas";"2016-08-26 17:46:00";10;10;;0;;;0;;;0;;;;;;;;""
2016;1389;"72";"72253";"Roézé-sur-Sarthe";"2016-08-26 17:49:00";200;200;;0;;;0;0;0;0;"Estimées";;;;;;;""
2016;789;"38";"38348";"Ruy-Montceau";"2016-08-26 18:02:00";200;0;;200;;;200;0;0;0;"Estimées";;;;;;;""
2016;1262;"88";"88148";"Dommartin-lès-Remiremont";"2016-08-26 18:15:00";4000;4000;;0;;;0;0;0;0;"Estimées";;;;;;;""
2016;788;"38";"38324";"Primarette";"2016-08-26 18:49:00";1500;0;;1500;;;1500;0;0;0;"Estimées";;;;;;;""
2016;883;"79";"79209";"Pierrefitte";"2016-08-26 18:53:00";5400;300;;100;;;100;5000;0;5000;"Estimées";;;;;;;""
2016;415;"46";"46243";"Rueyres";"2016-08-26 19:04:00";100;0;;100;;;100;0;0;0;"Estimées";;;;;;;""
2016;12147;"34";"34144";"Lunas";"2016-08-26 20:30:00";200;;200;;;;;;;;;"1";"Malveillance";;;;;""
2016;397;"16";"16380";"Le Tâtre";"2016-08-26 23:24:00";5000;5000;;0;;;0;0;0;0;"Estimées";;"Involontaire (particulier)";;;;;""
2016;484;"17";"17240";"Montendre";"2016-08-27 00:07:00";500;500;;0;;;0;0;0;0;"Estimées";;;;;;;""
2016;10426;"11";"11262";"Narbonne";"2016-08-27 00:44:00";100;;;;;;;;;;;;"Involontaire (particulier)";;;;;""
2016;865;"15";"15059";"Cussac";"2016-08-27 01:40:00";5000;0;;5000;;;5000;0;0;0;"Estimées";;;;;;;""
2016;11855;"13";"13077";"Port-de-Bouc";"2016-08-27 02:31:00";600;300;300;;;;;;;;;"4";"Malveillance";;;;;""
2016;2571;"40";"40192";"Mont-de-Marsan";"2016-08-27 03:59:00";500;500;;0;;;0;;;0;;;;;;;;""
2016;439;"45";"45173";"Jargeau";"2016-08-27 05:59:00";1500;0;;1500;;;1500;0;0;0;"Mesurées";;;;;;;""
2016;1255;"01";"01216";"Lhuis";"2016-08-27 12:30:00";20000;0;;20000;;;20000;0;0;0;"Estimées";;;;;;;""
2016;10007;"2B";"2B143";"Linguizzetta";"2016-08-27 12:47:00";5000;;;;;;;;;;;"1";;;;;;""
2016;10130;"34";"34178";"Murviel-lès-Béziers";"2016-08-27 13:32:00";2700;2700;;;;;;;;;;"5";"Malveillance";;;;;""
2016;12680;"07";"07318";"Tauriers";"2016-08-27 13:53:00";20000;20000;;;;;;;;;;"4";;;;;;""
2016;866;"15";"15176";"Saint-Chamant";"2016-08-27 14:05:00";8000;0;;8000;;;8000;0;0;0;"Estimées";;;;;;;""
2016;2088;"33";"33476";"Saint-Seurin-de-Cadourne";"2016-08-27 14:13:00";3000;3000;;0;;;0;;;0;;;;;;;;""
2016;575;"12";"12291";"Verrières";"2016-08-27 14:32:00";20000;20000;;0;;;0;0;0;0;"Estimées";;;;;;;""
2016;791;"38";"38515";"Trept";"2016-08-27 14:55:00";2000;0;;2000;;;2000;0;0;0;"Estimées";;;;;;;""
2016;2084;"33";"33005";"Andernos-les-Bains";"2016-08-27 15:11:00";600;300;;0;;;0;;;300;;;;;;;;""
2016;1390;"72";"72021";"Avoise";"2016-08-27 15:31:00";1000;1000;;0;;;0;0;0;0;"Estimées";;;;;;;""
2016;576;"12";"12125";"Laval-Roquecezière";"2016-08-27 15:32:00";20000;0;;20000;;;20000;0;0;0;"Estimées";;;;;;;""
2016;10008;"2B";"2B201";"Pancheraccia";"2016-08-27 15:35:00";3000;3000;;;;;;;;;;"2";"Malveillance";;;;;""
2016;1391;"72";"72244";"Précigné";"2016-08-27 15:54:00";300;300;;0;;;0;0;0;0;"Estimées";;;;;;;""
2016;1545;"24";"24283";"Monsec";"2016-08-27 16:15:00";150000;150000;;0;;;0;;;0;;;;;;;;""
2016;380;"19";"19273";"Turenne";"2016-08-27 16:41:00";50000;50000;;0;;;0;0;0;0;"Estimées";;;;;;;""
2016;10202;"84";"84030";"Caromb";"2016-08-27 16:56:00";80000;80000;;;;;;;;;;"4";"Malveillance";;;;;""
2016;792;"38";"38282";"Optevoz";"2016-08-27 17:36:00";40000;0;;40000;;;40000;0;0;0;"Estimées";;;;;;;""
2016;793;"38";"38135";"Courtenay";"2016-08-27 18:11:00";30000;0;;30000;;;30000;0;0;0;"Estimées";;;;;;;""
2016;577;"12";"12159";"Morlhon-le-Haut";"2016-08-27 18:13:00";100;0;;100;;;100;0;0;0;"Estimées";;"Involontaire (travaux)";;;;;""
2016;794;"38";"38083";"Charette";"2016-08-27 18:20:00";700;0;;700;;;700;0;0;0;"Estimées";;;;;;;""
2016;2570;"40";"40210";"Onesse-Laharie";"2016-08-27 21:59:00";45000;45000;;0;;;0;;;0;;;;;;;;""
2016;485;"17";"17038";"Bedenac";"2016-08-27 22:16:00";3000;3000;;0;;;0;0;0;0;"Estimées";;"Involontaire (travaux)";;;;;""
2016;10009;"2B";"2B214";"Piano";"2016-08-28 00:12:00";150;;;;;;;;;;;"1";;;;;;""
2016;486;"17";"17240";"Montendre";"2016-08-28 01:48:00";1000;1000;;0;;;0;0;0;0;"Estimées";;;;;;;""
2016;11038;"2A";"2A181";"Ocana";"2016-08-28 03:49:00";30;;30;;;;;;;;;;;;;;;""
2016;11040;"2A";"2A247";"Porto-Vecchio";"2016-08-28 05:40:00";120;;120;;;;;;;;;"1";"Malveillance";;;;;""
2016;11124;"2A";"2A247";"Porto-Vecchio";"2016-08-28 05:40:00";37;;37;;;;;;;;;"1";"Malveillance";;;;;""
2016;11125;"2A";"2A247";"Porto-Vecchio";"2016-08-28 05:41:00";20;;20;;;;;;;;;"3";"Malveillance";;;;;""
2016;2077;"33";"33318";"Pessac";"2016-08-28 06:41:00";1500;1500;;0;;;0;;;0;;;;;;;;""
2016;10010;"2B";"2B009";"Aléria";"2016-08-28 08:06:00";10;;;;;;;;;;;"1";;;;;;""
2016;11856;"13";"13056";"Martigues";"2016-08-28 10:51:00";10000;5000;3000;;;;;;;2000;;"4";"Malveillance";;;;;""
2016;2569;"40";"40085";"Commensacq";"2016-08-28 12:00:00";300;300;;0;;;0;;;0;;;"Naturelle";;;;;""
2016;10088;"30";"30034";"Bellegarde";"2016-08-28 12:19:00";5000;;;;;;;;;;;"1";;;;;;""
2016;11041;"2A";"2A362";"Zonza";"2016-08-28 13:27:00";200;;200;;;;;;;;;"1";;;;;;""
2016;10089;"30";"30302";"Saint-Victor-la-Coste";"2016-08-28 14:02:00";200;;;;;;;;;;;"1";;;;;;""
2016;2074;"33";"33473";"Saint-Savin";"2016-08-28 14:53:00";900;900;;0;;;0;;;0;;;;;;;;""
2016;11863;"13";"13065";"Mouriès";"2016-08-28 14:54:00";12800;2800;10000;;;;;;;;;"1";;;;;;""
2016;10212;"2B";"2B007";"Albertacce";"2016-08-28 15:56:00";150;150;;;;;;;;;;"4";"Naturelle";;;;;""
2016;11422;"83";"83127";"Signes";"2016-08-28 16:16:00";15;15;;;;;;;;;;"3";"Involontaire (travaux)";;;;;""
2016;10393;"07";"07182";"Prades";"2016-08-28 16:54:00";12120;2000;10120;;;;;;;;;"1";;;;;;""
2016;1542;"24";"24354";"La Roche-Chalais";"2016-08-28 18:07:00";30000;30000;;0;;;0;;;0;;;;;;;;""
2016;9973;"83";"83056";"Figanières";"2016-08-28 18:40:00";300;300;;;;;;;;;;"5";"Malveillance";;;;;""
2016;10141;"34";"34084";"Corneilhan";"2016-08-28 18:51:00";1000;1000;;;;;;;;;;"1";"Accidentelle";;;;;""
2016;1733;"47";"47157";"Marmande";"2016-08-28 20:18:00";1000;1000;;0;;;0;;;0;;;"Involontaire (travaux)";;;;;""
2016;10146;"34";"34049";"Camplong";"2016-08-28 21:30:00";34000;;34000;;;;;;;;;"1";"Malveillance";;;;;""
2016;2568;"40";"40313";"Tartas";"2016-08-28 21:40:00";500;500;;0;;;0;;;0;;;;;;;;""
2016;1392;"72";"72346";"La Suze-sur-Sarthe";"2016-08-28 21:43:00";4000;4000;;0;;;0;0;0;0;"Estimées";;;;;;;""
2016;10187;"11";"11330";"Rustiques";"2016-08-29 00:26:00";12;;;;;;;;;;;;"Malveillance";;;;;""
2016;10213;"2B";"2B007";"Albertacce";"2016-08-29 09:18:00";500;500;;;;;;;;;;"4";"Naturelle";;;;;""
2016;11630;"48";"48171";"Saint-Martin-de-Lansuscle";"2016-08-29 10:07:00";14700;2500;12200;;;;;;;;;"1";"Accidentelle";;;;;""
2016;390;"63";"63211";"Marsac-en-Livradois";"2016-08-29 14:35:00";4727;2627;;0;;;0;2100;0;2100;"Mesurées";;;;;;;""
2016;10143;"34";"34013";"Aspiran";"2016-08-29 16:02:00";1200;;1200;;;;;;;;;"1";"Involontaire (particulier)";;;;;""
2016;10188;"11";"11021";"Axat";"2016-08-29 16:35:00";300;;;;;;;;;;;;"Naturelle";;;;;""
2016;416;"46";"46042";"Cahors";"2016-08-29 17:16:00";125;0;;125;;;125;0;0;0;"Estimées";;;;;;;""
2016;578;"12";"12051";"Cantoin";"2016-08-29 17:40:00";10000;0;;10000;;;10000;0;0;0;"Estimées";;"Involontaire (travaux)";;;;;""
2016;411;"43";"43198";"Saint-Jean-Lachalm";"2016-08-29 18:24:00";14000;0;;14000;;;14000;0;0;0;"Mesurées";;;;;;;""
2016;10206;"04";"04205";"Seyne";"2016-08-29 18:33:00";800;;800;;;;;;;;;"1";"Involontaire (particulier)";;;;;""
2016;11858;"13";"13034";"Eygalières";"2016-08-29 19:35:00";200;200;;;;;;;;;;"4";"Malveillance";;;;;""
2016;2567;"40";"40123";"Herm";"2016-08-29 20:24:00";150;150;;0;;;0;;;0;;;;;;;;""
2016;11861;"13";"13037";"La Fare-les-Oliviers";"2016-08-29 22:05:00";5000;250;750;;;;;;;4000;;"1";"Involontaire (particulier)";;;;;""
2016;10152;"2B";"2B148";"Lucciana";"2016-08-29 22:08:00";10;;;;;;;;;;;"1";"Involontaire (travaux)";;;;;""
2016;10189;"11";"11111";"Cruscades";"2016-08-29 22:39:00";13631;;;;;;;;;;;;"Malveillance";;;;;""
2016;11862;"13";"13056";"Martigues";"2016-08-29 23:07:00";1000;500;500;;;;;;;;;"4";"Malveillance";;;;;""
2016;11859;"13";"13002";"Allauch";"2016-08-29 23:30:00";1500;750;750;;;;;;;;;"4";"Naturelle";;;;;""
2016;579;"12";"12168";"Nant";"2016-08-30 00:10:00";300;0;;300;;;300;0;0;0;"Estimées";;;;;;;""
2016;10240;"34";"34016";"Aumelas";"2016-08-30 05:27:00";22300;;22300;;;;;;;;;"1";"Malveillance";;;;;""
2016;10416;"34";"34016";"Aumelas";"2016-08-30 05:27:00";500;;500;;;;;;;;;"1";"Malveillance";;;;;""
2016;10415;"34";"34016";"Aumelas";"2016-08-30 05:27:00";130;;130;;;;;;;;;"1";"Malveillance";;;;;""
2016;10417;"34";"34016";"Aumelas";"2016-08-30 05:27:00";300;;300;;;;;;;;;"1";"Malveillance";;;;;""
2016;11127;"2A";"2A247";"Porto-Vecchio";"2016-08-30 05:37:00";5;;5;;;;;;;;;"1";"Malveillance";;;;;""
2016;11129;"2A";"2A247";"Porto-Vecchio";"2016-08-30 05:37:00";5;;5;;;;;;;;;"1";"Malveillance";;;;;""
2016;11126;"2A";"2A247";"Porto-Vecchio";"2016-08-30 05:37:00";5;;5;;;;;;;;;"1";;;;;;""
2016;2566;"40";"40297";"Le Sen";"2016-08-30 08:33:00";2000;2000;;0;;;0;;;0;;;"Accidentelle";;;;;""
2016;10419;"06";"06136";"Sospel";"2016-08-30 11:55:00";14;14;;;;;;;;;;"5";"Naturelle";;;;;""
2016;2067;"33";"33439";"Saint-Mariens";"2016-08-30 12:17:00";100;100;;0;;;0;;;0;;;"Accidentelle";;;;;""
2016;796;"38";"38553";"Villefontaine";"2016-08-30 12:22:00";200;0;;200;;;200;0;0;0;"Estimées";;;;;;;""
2016;468;"58";"58081";"Colméry";"2016-08-30 12:50:00";80000;30000;;0;;;0;0;50000;50000;"Estimées";;"Malveillance";;;;;""
2016;11864;"13";"13001";"Aix-en-Provence";"2016-08-30 13:00:00";100;100;;;;;;;;;;"4";"Involontaire (travaux)";;;;;""
2016;2565;"40";"40267";"Saint-Justin";"2016-08-30 13:07:00";13000;10000;;0;;;0;;;3000;;;;;;;;""
2016;1393;"72";"72213";"Mulsanne";"2016-08-30 14:05:00";20;20;;0;;;0;0;0;0;"Estimées";;;;;;;""
2016;2065;"33";"33338";"Prignac-en-Médoc";"2016-08-30 14:35:00";20000;20000;;0;;;0;;;0;;;;;;;;""
2016;580;"12";"12089";"Decazeville";"2016-08-30 15:30:00";200;0;;200;;;200;0;0;0;"Estimées";;;;;;;""
2016;10214;"2B";"2B007";"Albertacce";"2016-08-30 15:33:00";10;10;;;;;;;;;;"3";"Naturelle";;;;;""
2016;10420;"06";"06091";"Peille";"2016-08-30 15:48:00";5;5;;;;;;;;;;"4";"Naturelle";;;;;""
2016;10215;"2B";"2B073";"Casamaccioli";"2016-08-30 16:10:00";10;;;;;;;;;;;"4";"Naturelle";;;;;""
2016;417;"46";"46197";"Le Montat";"2016-08-30 16:23:00";20000;0;;20000;;;20000;0;0;0;"Estimées";;;;;;;""
2016;10199;"2B";"2B007";"Albertacce";"2016-08-30 16:59:00";10;;;;;;;;;;;"4";"Naturelle";;;;;""
2016;11042;"2A";"2A288";"Sotta";"2016-08-30 17:01:00";30;;30;;;;;;;;;"1";;;;;;""
2016;1729;"47";"47230";"Saint-Aubin";"2016-08-30 17:04:00";80000;80000;;0;;;0;;;0;;;;;;;;""
2016;946;"31";"31118";"Castelnau-d'Estrétefonds";"2016-08-30 18:53:00";5000;0;;5000;;;5000;0;0;0;"Estimées";;;;;;;""
2016;10217;"2B";"2B162";"Moltifao";"2016-08-30 19:05:00";2;;;;;;;;;;;"1";"Naturelle";;;;;""
2016;10218;"2B";"2B162";"Moltifao";"2016-08-30 19:21:00";1;1;;;;;;;;;;"4";"Naturelle";;;;;""
2016;10425;"11";"11203";"Lézignan-Corbières";"2016-08-30 20:40:00";370;;;;;;;;;;;;"Accidentelle";;;;;""
2016;10542;"66";"66069";"Espira-de-l'Agly";"2016-08-30 21:58:00";100;100;;;;;;;;;;"4";"Accidentelle";;;;;""
2016;10219;"2B";"2B124";"Ghisoni";"2016-08-31 07:46:00";1;;;;;;;;;;;"4";"Naturelle";;;;;""
2016;10220;"2B";"2B283";"Solaro";"2016-08-31 11:22:00";1;;;;;;;;;;;"4";"Naturelle";;;;;""
2016;2562;"40";"40043";"Bias";"2016-08-31 11:43:00";2524;2490;;0;;;0;;;34;;;"Accidentelle";;;;;""
2016;2563;"40";"40043";"Bias";"2016-08-31 11:43:00";1320;1200;;0;;;0;;;120;;;"Accidentelle";;;;;""
2016;2564;"40";"40043";"Bias";"2016-08-31 11:43:00";3830;3790;;0;;;0;;;40;;;"Accidentelle";;;;;""
2016;438;"45";"45267";"Saint-Aignan-des-Gués";"2016-08-31 14:03:00";800;800;;0;;;0;0;0;0;"Estimées";;;;;;;""
2016;2466;"33";"33329";"Pompéjac";"2016-08-31 15:00:00";55000;55000;;0;;;0;;;0;;;;;;;;""
2016;11043;"2A";"2A212";"Piana";"2016-08-31 15:02:00";400;;400;;;;;;;;;"1";;;;;;""
2016;911;"31";"31071";"Bois-de-la-Pierre";"2016-08-31 15:04:00";7000;0;;7000;;;7000;0;0;0;"Estimées";;;;;;;""
2016;1540;"24";"24367";"Saint-André-de-Double";"2016-08-31 15:25:00";3000;3000;;0;;;0;;;0;;;;;;;;""
2016;11724;"26";"26348";"Taulignan";"2016-08-31 15:39:00";1000;1000;;;;;;;;;;;;;;;;""
2016;566;"28";"28005";"Alluyes";"2016-08-31 17:13:00";20000;0;;20000;;;20000;0;0;0;"Estimées";;;;;;;""
2016;1728;"47";"47119";"Houeillès";"2016-08-31 17:20:00";5000;5000;;0;;;0;;;0;;;;;;;;""
2016;11865;"13";"13098";"Saint-Mitre-les-Remparts";"2016-08-31 17:27:00";1000;500;500;;;;;;;;;"1";"Malveillance";;;;;""
2016;2465;"33";"33063";"Bordeaux";"2016-08-31 17:33:00";50;50;;0;;;0;;;0;;;;;;;;""
2016;422;"81";"81085";"Escroux";"2016-08-31 18:41:00";3000;3000;;0;;;0;0;0;0;"Estimées";;;;;;;""
2016;10251;"34";"34334";"Vieussan";"2016-08-31 18:52:00";4300;2300;2000;;;;;;;;;"5";"Accidentelle";;;;;""
2016;12148;"34";"34162";"Montagnac";"2016-08-31 23:13:00";200;200;;;;;;;;;;"4";"Malveillance";;;;;""
2016;11149;"11";"11198";"Laure-Minervois";"2016-09-01 02:17:00";1000;;;;;;;;;;;;"Accidentelle";;;;;""
2016;487;"17";"17038";"Bedenac";"2016-09-01 11:50:00";1500;1500;;0;;;0;0;0;0;"Estimées";;"Involontaire (travaux)";;;;;""
2016;1181;"45";"45173";"Jargeau";"2016-09-01 11:50:00";10000;0;;10000;;;10000;0;0;0;"Estimées";;;;;;;""
2016;10543;"66";"66176";"Saint-Hippolyte";"2016-09-01 12:19:00";2500;;2500;;;;;;;;;"1";;;;;;""
2016;443;"46";"46287";"Saint-Paul-de-Loubressac";"2016-09-01 12:59:00";200;0;;200;;;200;0;0;0;"Estimées";;;;;;;""
2016;2457;"33";"33385";"Saint-Christophe-de-Double";"2016-09-01 13:20:00";60000;60000;;0;;;0;;;0;;;;;;;;""
2016;799;"38";"38071";"Champ-sur-Drac";"2016-09-01 13:29:00";300;0;;300;;;300;0;0;0;"Estimées";;;;;;;""
2016;10223;"30";"30169";"Milhaud";"2016-09-01 13:41:00";6539;;;;;;;;;;;"1";"Malveillance";;;;;""
2016;687;"70";"70245";"Fougerolles";"2016-09-01 14:00:00";4;4;;0;;;0;0;0;0;"Mesurées";;"Accidentelle";;;;;""
2016;467;"58";"58251";"Saint-Loup";"2016-09-01 14:58:00";70250;250;;0;;;0;0;70000;70000;"Estimées";;;;;;;""
2016;10269;"34";"34178";"Murviel-lès-Béziers";"2016-09-01 15:19:00";21000;20000;;;;;;;;1000;;"3";"Malveillance";;;;;""
2016;10284;"2B";"2B283";"Solaro";"2016-09-01 15:20:00";200;;;;;;;;;;;"1";;;;;;""
2016;444;"46";"46298";"Sarrazac";"2016-09-01 15:20:00";10000;0;;10000;;;10000;0;0;0;"Estimées";;;;;;;""
2016;2451;"33";"33502";"Saugon";"2016-09-01 15:53:00";1500;1500;;0;;;0;;;0;;;;;;;;""
2016;867;"15";"15252";"Velzic";"2016-09-01 16:23:00";1000;0;;1000;;;1000;0;0;0;"Estimées";;;;;;;""
2016;1182;"45";"45004";"Amilly";"2016-09-01 16:27:00";15000;0;;15000;;;15000;0;0;0;"Estimées";;;;;;;""
2016;2557;"40";"40075";"Castets";"2016-09-01 17:34:00";20000;20000;;0;;;0;;;0;;;;;;;;""
2016;445;"46";"46201";"Montcuq-en-Quercy-Blanc";"2016-09-01 18:11:00";400;0;;400;;;400;0;0;0;"Estimées";;;;;;;""
2016;800;"38";"38439";"Crêts en Belledonne";"2016-09-01 18:20:00";100;0;;100;;;100;0;0;0;"Estimées";;;;;;;""
2016;801;"38";"38130";"La Côte-Saint-André";"2016-09-01 18:45:00";200;0;;200;;;200;0;0;0;"Estimées";;;;;;;""
2016;2556;"40";"40114";"Gourbera";"2016-09-01 20:27:00";4100;4100;;0;;;0;;;0;;;;;;;;""
2016;2446;"33";"33213";"La Brède";"2016-09-01 22:30:00";20000;20000;;0;;;0;;;0;;;"Accidentelle";;;;;""
2016;2060;"33";"33019";"Audenge";"2016-09-02 10:20:00";1000;1000;;0;;;0;;;0;;;;;;;;""
2016;446;"46";"46038";"Bretenoux";"2016-09-02 13:04:00";400;0;;400;;;400;0;0;0;"Estimées";;;;;;;""
2016;2555;"40";"40243";"Rion-des-Landes";"2016-09-02 13:32:00";30000;30000;;0;;;0;;;0;;;;;;;;""
2016;1293;"28";"28202";"Lamblore";"2016-09-02 13:35:00";15000;0;;5000;;;5000;0;10000;10000;"Estimées";;;;;;;""
2016;457;"19";"19017";"Bassignac-le-Bas";"2016-09-02 14:32:00";2000;2000;;0;;;0;0;0;0;"Estimées";;;;;;;""
2016;802;"38";"38114";"Clonas-sur-Varèze";"2016-09-02 14:49:00";3000;0;;3000;;;3000;0;0;0;"Estimées";;;;;;;""
2016;868;"15";"15146";"Pailherols";"2016-09-02 15:10:00";20000;0;;20000;;;20000;0;0;0;"Estimées";;;;;;;""
2016;2057;"33";"33005";"Andernos-les-Bains";"2016-09-02 15:15:00";50;50;;0;;;0;;;0;;;;;;;;""
2016;11044;"2A";"2A017";"Appietto";"2016-09-02 15:23:00";12000;;12000;;;;;;;;;"1";;;;;;""
2016;11045;"2A";"2A247";"Porto-Vecchio";"2016-09-02 15:43:00";10;;10;;;;;;;;;;;;;;;""
2016;2056;"33";"33090";"Canéjan";"2016-09-02 15:45:00";2000;2000;;0;;;0;;;0;;;;;;;;""
2016;803;"38";"38158";"Eybens";"2016-09-02 15:52:00";8000;0;;8000;;;8000;0;0;0;"Estimées";;;;;;;""
2016;447;"46";"46312";"Strenquels";"2016-09-02 15:52:00";10000;0;;10000;;;10000;0;0;0;"Estimées";;;;;;;""
2016;2054;"33";"33329";"Pompéjac";"2016-09-02 16:31:00";5;5;;0;;;0;;;0;;;;;;;;""
2016;581;"12";"12270";"Sévérac d'Aveyron";"2016-09-02 16:38:00";30;0;;30;;;30;0;0;0;"Estimées";;;;;;;""
2016;804;"38";"38295";"Parmilieu";"2016-09-02 17:00:00";300;0;;300;;;300;0;0;0;"Estimées";;;;;;;""
2016;12642;"30";"30105";"Dourbies";"2016-09-02 17:32:00";9019;;;;;;;;;;;"1";"Malveillance";;;;;""
2016;805;"38";"38348";"Ruy-Montceau";"2016-09-02 17:50:00";3000;0;;3000;;;3000;0;0;0;"Estimées";;;;;;;""
2016;515;"63";"63026";"Aydat";"2016-09-02 19:00:00";1900;1200;;700;;;700;0;0;0;"Mesurées";;;;;;;"Données partielles ou non valides"
2016;1529;"24";"24544";"Tamniès";"2016-09-02 23:26:00";400;400;;0;;;0;;;0;;;;;;;;""
2016;448;"63";"63245";"Mozac";"2016-09-02 23:45:00";8165;0;;1575;;;1575;0;6590;6590;"Mesurées";;;;;;;""
2016;2048;"33";"33002";"Aillas";"2016-09-03 12:47:00";400;400;;0;;;0;;;0;;;;;;;;""
2016;582;"12";"12209";"Saint-Amans-des-Cots";"2016-09-03 12:58:00";200;0;;200;;;200;0;0;0;"Estimées";;;;;;;""
2016;12643;"30";"30028";"Bagnols-sur-Cèze";"2016-09-03 13:18:00";605;;;;;;;;;;;"1";"Accidentelle";;;;;""
2016;1183;"45";"45314";"Sully-la-Chapelle";"2016-09-03 14:00:00";20000;0;;20000;;;20000;0;0;0;"Estimées";;;;;;;""
2016;12644;"30";"30116";"Fournès";"2016-09-03 14:22:00";10378;;;;;;;;;;;"1";"Accidentelle";;;;;""
2016;2046;"33";"33164";"Fargues";"2016-09-03 15:02:00";20;20;;0;;;0;;;0;;;;;;;;""
2016;449;"63";"63388";"Saint-Priest-des-Champs";"2016-09-03 15:15:00";3621;0;;3621;;;3621;0;0;0;"Mesurées";;;;;;;""
2016;11046;"2A";"2A345";"Vero";"2016-09-03 16:23:00";200;;200;;;;;;;;;"1";;;;;;""
2016;458;"19";"19062";"Corrèze";"2016-09-03 17:08:00";50000;50000;;0;;;0;0;0;0;"Estimées";;;;;;;""
2016;459;"19";"19087";"Gourdon-Murat";"2016-09-03 17:15:00";2500;2500;;0;;;0;0;0;0;"Estimées";;;;;;;""
2016;12645;"30";"30169";"Milhaud";"2016-09-03 18:43:00";129;;;;;;;;;;;"1";"Malveillance";;;;;""
2016;2684;"46";"46154";"Laramière";"2016-09-03 19:04:00";5000;5000;;0;;;0;0;0;0;"Estimées";;;;;;;""
2016;806;"38";"38316";"Pont-de-Chéruy";"2016-09-03 19:27:00";100;0;;100;;;100;0;0;0;"Estimées";;;;;;;""
2016;465;"19";"19160";"Pérols-sur-Vézère";"2016-09-03 19:27:00";6000;6000;;0;;;0;0;0;0;"Estimées";;;;;;;""
2016;450;"63";"63026";"Aydat";"2016-09-03 22:55:00";3968;0;;3968;;;3968;0;0;0;"Mesurées";;;;;;;""
2016;2042;"33";"33538";"Valeyrac";"2016-09-04 00:22:00";200;200;;0;;;0;;;0;;;;;;;;""
2016;2041;"33";"33091";"Cantenac";"2016-09-04 02:37:00";1000;1000;;0;;;0;;;0;;;;;;;;""
2016;10501;"84";"84130";"Suzette";"2016-09-04 03:52:00";11500;;;;;;;;;;;;;;;;;""
2016;478;"63";"63453";"Vertaizon";"2016-09-04 11:36:00";2300;2000;;300;;;300;0;0;0;"Mesurées";;;;;;;""
2016;869;"15";"15061";"Dienne";"2016-09-04 12:30:00";1500;0;;1500;;;1500;0;0;0;"Estimées";;;;;;;""
2016;12646;"30";"30203";"Portes";"2016-09-04 14:25:00";22000;;;;;;;;;;;"4";"Malveillance";;;;;""
2016;1526;"24";"24565";"Varaignes";"2016-09-04 15:34:00";50;50;;0;;;0;;;0;;;;;;;;""
2016;512;"42";"42316";"Unieux";"2016-09-04 16:00:00";60000;40000;;20000;;;20000;0;0;0;"Estimées";;;;;;;""
2016;10271;"30";"30014";"Arpaillargues-et-Aureillac";"2016-09-04 16:03:00";10000;;;;;;;;;;;"1";"Accidentelle";;;;;""
2016;12648;"30";"30159";"Le Martinet";"2016-09-04 16:07:00";5000;;;;;;;;;;;"4";"Involontaire (travaux)";;;;;""
2016;10265;"34";"34073";"Cers";"2016-09-04 16:18:00";300;;300;;;;;;;;;"1";"Involontaire (particulier)";;;;;""
2016;1116;"86";"86278";"Vaux";"2016-09-04 16:48:00";150;150;;0;;;0;0;0;0;"Estimées";;;;;;;""
2016;10544;"66";"66132";"Palau-de-Cerdagne";"2016-09-04 17:02:00";100;100;;;;;;;;;;"4";"Naturelle";;;;;""
2016;1525;"24";"24500";"Saint-Sauveur-Lalande";"2016-09-04 17:41:00";50;50;;0;;;0;;;0;;;;;;;;""
2016;12649;"30";"30040";"Blandas";"2016-09-05 00:59:00";23693;;;;;;;;;;;"4";"Malveillance";;;;;""
2016;1394;"72";"72253";"Roézé-sur-Sarthe";"2016-09-05 02:58:00";300;300;;0;;;0;0;0;0;"Estimées";;;;;;;""
2016;11866;"13";"13001";"Aix-en-Provence";"2016-09-05 08:23:00";100;100;;;;;;;;;;"1";;;;;;""
2016;12650;"30";"30203";"Portes";"2016-09-05 10:05:00";10;;;;;;;;;;;"4";"Involontaire (travaux)";;;;;""
2016;807;"38";"38351";"Saint-Agnin-sur-Bion";"2016-09-05 10:12:00";600;0;;600;;;600;0;0;0;"Estimées";;;;;;;""
2016;10320;"34";"34114";"Gignac";"2016-09-05 10:25:00";23000;;10000;;;;;;;13000;;"1";"Malveillance";;;;;""
2016;11751;"30";"30232";"Saint-André-d'Olérargues";"2016-09-05 10:43:00";15000;;;;;;;;;;;"3";;;;;;""
2016;547;"63";"63453";"Vertaizon";"2016-09-05 11:30:00";8215;1600;;500;;;500;6115;0;6115;"Mesurées";;;;;;;""
2016;11631;"48";"48096";"Meyrueis";"2016-09-05 11:58:00";1600;0;1600;;;;;;;;;"1";;;;;;""
2016;870;"15";"15061";"Dienne";"2016-09-05 12:10:00";1500;0;;1500;;;1500;0;0;0;"Estimées";;;;;;;""
2016;10322;"34";"34073";"Cers";"2016-09-05 12:47:00";67600;;37600;;;;;;;30000;;"1";"Accidentelle";;;;;""
2016;12651;"30";"30203";"Portes";"2016-09-05 13:28:00";10;;;;;;;;;;;"4";"Involontaire (travaux)";;;;;""
2016;2553;"40";"40326";"Vielle-Saint-Girons";"2016-09-05 13:31:00";100;100;;0;;;0;;;0;;;"Involontaire (particulier)";;;;;""
2016;871;"15";"15263";"Virargues";"2016-09-05 14:00:00";2000;0;;2000;;;2000;0;0;0;"Estimées";;;;;;;""
2016;10545;"66";"66176";"Saint-Hippolyte";"2016-09-05 14:00:00";50000;;50000;;;;;;;;;"1";;;;;;""
2016;10324;"34";"34069";"Cazouls-lès-Béziers";"2016-09-05 14:05:00";2700;;700;;;;;;;2000;;"1";"Malveillance";;;;;""
2016;1718;"47";"47169";"Moirax";"2016-09-05 14:16:00";20000;10000;;0;;;0;;;10000;;;"Accidentelle";;;;;""
2016;10428;"11";"11270";"Padern";"2016-09-05 15:34:00";7890300;314600;7225700;;;;;;;350000;;;"Accidentelle";;;;;""
2016;453;"81";"81066";"Caucalières";"2016-09-05 15:46:00";800000;700000;;0;;;0;100000;0;100000;"Estimées";;"Accidentelle";;;;;""
2016;2035;"33";"33484";"Saint-Symphorien";"2016-09-05 16:30:00";2000;2000;;0;;;0;;;0;;;;;;;;""
2016;2552;"40";"40182";"Mézos";"2016-09-05 16:48:00";1200;1200;;0;;;0;;;0;;;"Involontaire (travaux)";;;;;""
2016;1522;"24";"24335";"Port-Sainte-Foy-et-Ponchapt";"2016-09-05 17:09:00";30000;30000;;0;;;0;;;0;;;;;;;;""
2016;11122;"13";"13055";"Marseille";"2016-09-05 17:21:00";3030000;780000;2250000;;;;;;;;;"1";"Malveillance";;;;;""
2016;11867;"13";"13047";"Istres";"2016-09-05 18:56:00";5000;2500;2500;;;;;;;;;;"Malveillance";;;;;""
2016;809;"38";"38068";"Champagnier";"2016-09-05 19:01:00";1000;0;;1000;;;1000;0;0;0;"Estimées";;"Involontaire (travaux)";;;;;""
2016;10547;"66";"66136";"Perpignan";"2016-09-05 19:28:00";20000;;20000;;;;;;;;;"1";"Malveillance";;;;;""
2016;11868;"13";"13047";"Istres";"2016-09-05 20:36:00";15000;10000;5000;;;;;;;;;"4";"Malveillance";;;;;""
2016;479;"63";"63113";"Clermont-Ferrand";"2016-09-05 21:00:00";3182;0;;3182;;;3182;0;0;0;"Mesurées";;;;;;;""
2016;11869;"13";"13005";"Aubagne";"2016-09-05 21:28:00";300;300;;;;;;;;;;"4";"Malveillance";;;;;""
2016;10328;"07";"07323";"Toulaud";"2016-09-05 22:18:00";10000;10000;;;;;;;;;;"1";"Malveillance";;;;;""
2016;10427;"11";"11286";"Peyriac-Minervois";"2016-09-05 23:49:00";263087;153000;110087;;;;;;;;;;"Malveillance";;;;;""
2016;2032;"33";"33177";"Gaillan-en-Médoc";"2016-09-06 00:33:00";2000;2000;;0;;;0;;;0;;;;;;;;""
2016;12652;"30";"30040";"Blandas";"2016-09-06 02:09:00";292;;;;;;;;;;;"4";"Malveillance";;;;;""
2016;10338;"30";"30040";"Blandas";"2016-09-06 02:09:00";950;;;;;;;;;;;"4";"Malveillance";;;;;""
2016;10313;"83";"83098";"Le Pradet";"2016-09-06 03:20:00";500;500;;;;;;;;;;"5";"Malveillance";;;;;""
2016;10550;"66";"66069";"Espira-de-l'Agly";"2016-09-06 05:43:00";40000;20000;20000;;;;;;;;;"4";"Malveillance";;;;;""
2016;11870;"13";"13087";"Rousset";"2016-09-06 05:49:00";50;50;;;;;;;;;;"1";"Malveillance";;;;;""
2016;10360;"2B";"2B239";"Poggio-d'Oletta";"2016-09-06 09:23:00";3000;;;;;;;;;;;"1";"Malveillance";;;;;""
2016;10433;"04";"04115";"Méailles";"2016-09-06 10:22:00";7300;7300;;;;;;;;;;"4";"Involontaire (travaux)";;;;;""
2016;11047;"2A";"2A114";"Figari";"2016-09-06 11:30:00";3000;;3000;;;;;;;;;;;;;;;""
2016;2549;"40";"40217";"Parentis-en-Born";"2016-09-06 11:57:00";25000;25000;;0;;;0;;;0;;;;;;;;""
2016;10654;"13";"13055";"Marseille";"2016-09-06 11:58:00";1900;1000;900;;;;;;;;;"1";"Malveillance";;;;;""
2016;1331;"32";"32346";"Roquebrune";"2016-09-06 12:15:00";10000;0;;10000;;;10000;0;0;0;"Estimées";;;;;;;""
2016;461;"46";"46159";"Latouille-Lentillac";"2016-09-06 12:18:00";10000;10000;;0;;;0;0;0;0;"Estimées";;;;;;;""
2016;2030;"33";"33417";"Sainte-Hélène";"2016-09-06 12:44:00";1000;1000;;0;;;0;;;0;;;;;;;;""
2016;11872;"13";"13013";"Belcodène";"2016-09-06 13:16:00";100;100;;;;;;;;;;"4";"Involontaire (particulier)";;;;;""
2016;1713;"47";"47265";"Saint-Pastour";"2016-09-06 13:46:00";15000;15000;;0;;;0;;;0;;;;;;;;""
2016;10348;"30";"30299";"Saint-Siffret";"2016-09-06 14:05:00";36;;;;;;;;;;;"3";"Malveillance";;;;;""
2016;12653;"30";"30299";"Saint-Siffret";"2016-09-06 14:06:00";91;;;;;;;;;;;"2";"Malveillance";;;;;""
2016;1256;"01";"01073";"Ceyzérieu";"2016-09-06 14:25:00";60000;60000;;0;;;0;0;0;0;"Estimées";;;;;;;""
2016;1516;"24";"24481";"Saint-Paul-la-Roche";"2016-09-06 15:06:00";50000;50000;;0;;;0;;;0;;;;;;;;""
2016;11632;"48";"48177";"Saint-Pierre-le-Vieux";"2016-09-06 15:26:00";28100;28100;;;;;;;;;;"4";;;;;;""
2016;10434;"04";"04207";"Sigoyer";"2016-09-06 15:43:00";29800;12700;;;;;;;;17100;;"2";"Involontaire (travaux)";;;;;""
2016;2028;"33";"33011";"Arès";"2016-09-06 16:09:00";200;200;;0;;;0;;;0;;;;;;;;""
2016;462;"46";"46335";"Villesèque";"2016-09-06 16:47:00";500;0;;500;;;500;0;0;0;"Estimées";;;;;;;""
2016;455;"19";"19175";"Roche-le-Peyroux";"2016-09-06 16:49:00";20000;20000;;0;;;0;0;0;0;"Estimées";;;;;;;""
2016;2027;"33";"33500";"Samonac";"2016-09-06 16:52:00";15000;15000;;0;;;0;;;0;;;"Accidentelle";;;;;""
2016;10421;"06";"06157";"Vence";"2016-09-06 16:53:00";649700;;649700;;;;;;;;;"1";;;;;;""
2016;10356;"30";"30311";"Sauve";"2016-09-06 17:09:00";100;;;;;;;;;;;"2";;;;;;""
2016;463;"46";"46086";"Cuzance";"2016-09-06 17:17:00";400;0;;400;;;400;0;0;0;"Estimées";;;;;;;""
2016;11423;"83";"83063";"La Garde-Freinet";"2016-09-06 17:38:00";30;30;;;;;;;;;;"5";"Involontaire (particulier)";;;;;""
2016;10395;"07";"07288";"Saint-Priest";"2016-09-06 17:46:00";8000;;8000;;;;;;;;;"1";;;;;;""
2016;10556;"66";"66136";"Perpignan";"2016-09-06 17:52:00";20000;;20000;;;;;;;;;"1";;;;;;""
2016;10361;"2B";"2B238";"Poggio-di-Venaco";"2016-09-06 17:53:00";800;;;;;;;;;;;"1";;;;;;""
2016;1514;"24";"24449";"Saint-Martial-d'Artenset";"2016-09-06 18:04:00";20000;20000;;0;;;0;;;0;;;;;;;;""
2016;464;"46";"46185";"Martel";"2016-09-06 19:53:00";5000;0;;5000;;;5000;0;0;0;"Estimées";;;;;;;""
2016;2024;"33";"33179";"Galgon";"2016-09-06 20:18:00";1500;1500;;0;;;0;;;0;;;;;;;;""
2016;10380;"07";"07075";"Cros-de-Géorand";"2016-09-06 21:39:00";5000;;5000;;;;;;;;;"1";;;;;;""
2016;2023;"33";"33510";"Semens";"2016-09-06 21:48:00";600;600;;0;;;0;;;0;;;;;;;;""
2016;12211;"11";"11069";"Carcassonne";"2016-09-06 23:40:00";500;;;;;;;;;;;;"Malveillance";;;;;""
2016;2020;"33";"33382";"Saint-Christoly-de-Blaye";"2016-09-07 01:02:00";4000;4000;;0;;;0;;;0;;;;;;;;""
2016;10368;"30";"30199";"Pommiers";"2016-09-07 05:19:00";358;;;;;;;;;;;"3";"Malveillance";;;;;""
2016;12654;"30";"30199";"Pommiers";"2016-09-07 05:19:00";921;;;;;;;;;;;"2";"Malveillance";;;;;""
2016;12655;"30";"30176";"Montdardier";"2016-09-07 05:19:00";1171;;;;;;;;;;;"2";"Malveillance";;;;;""
2016;2547;"40";"40075";"Castets";"2016-09-07 10:22:00";610;610;;0;;;0;;;0;;;;;;;;""
2016;473;"46";"46329";"Vaylats";"2016-09-07 12:58:00";200000;200000;;0;;;0;0;0;0;"Mesurées";;;;;;;""
2016;1128;"86";"86274";"Les Trois-Moutiers";"2016-09-07 13:12:00";400000;400000;;0;;;0;0;0;0;"Estimées";;;;;;;""
2016;2546;"40";"40323";"Vert";"2016-09-07 13:19:00";4000;4000;;0;;;0;;;0;;;;;;;;""
2016;474;"46";"46090";"Durbans";"2016-09-07 13:36:00";400;0;;400;;;400;0;0;0;"Estimées";;;;;;;""
2016;2545;"40";"40319";"Trensacq";"2016-09-07 13:48:00";495000;495000;;0;;;0;;;0;;;;;;;;""
2016;1395;"72";"72065";"La Chapelle-Saint-Aubin";"2016-09-07 13:57:00";250;250;;0;;;0;0;0;0;"Estimées";;;;;;;""
2016;1511;"24";"24449";"Saint-Martial-d'Artenset";"2016-09-07 14:16:00";70000;70000;;0;;;0;;;0;;;;;;;;""
2016;2014;"33";"33382";"Saint-Christoly-de-Blaye";"2016-09-07 14:36:00";600;600;;0;;;0;;;0;;;;;;;;""
2016;10688;"34";"34070";"Cébazan";"2016-09-07 14:40:00";1031000;800000;200000;;;;;;;31000;;"1";"Involontaire (particulier)";;;;;""
2016;10541;"48";"48038";"Chambon-le-Château";"2016-09-07 14:43:00";300;;;;;;;;;;;"4";"Involontaire (particulier)";;;;;""
2016;10431;"11";"11410";"Villalier";"2016-09-07 15:23:00";107055;1000;;;;;;;;106055;;;"Involontaire (particulier)";;;;;""
2016;10430;"11";"11434";"Villepinte";"2016-09-07 15:25:00";24942;;;;;;;;;;;;"Involontaire (travaux)";;;;;""
2016;2013;"33";"33272";"Marsas";"2016-09-07 15:28:00";20000;20000;;0;;;0;;;0;;;;;;;;""
2016;11991;"11";"11014";"Armissan";"2016-09-07 15:34:00";4;;;;;;;;;;;;"Involontaire (particulier)";;;;;""
2016;10695;"34";"34109";"Gabian";"2016-09-07 15:53:00";6100;;6100;;;;;;;;;"1";"Malveillance";;;;;""
2016;480;"63";"63395";"Saint-Sandoux";"2016-09-07 16:00:00";58500;0;;10360;;;10360;0;48140;48140;"Mesurées";;;;;;;""
2016;583;"12";"12113";"Gramond";"2016-09-07 16:12:00";1500;0;;1500;;;1500;0;0;0;"Estimées";;;;;;;""
2016;12206;"06";"06085";"Mougins";"2016-09-07 16:27:00";354;;;;;;;;;;;"1";"Involontaire (particulier)";;;;;""
2016;1509;"24";"24206";"Grives";"2016-09-07 16:54:00";50;50;;0;;;0;;;0;;;;;;;;""
2016;642;"17";"17074";"Bussac-Forêt";"2016-09-07 16:55:00";41000;41000;;0;;;0;0;0;0;"Mesurées";;;;;;;""
2016;2544;"40";"40266";"Saint-Julien-en-Born";"2016-09-07 17:19:00";12000;12000;;0;;;0;;;0;;;;;;;;""
2016;2009;"33";"33077";"Cabanac-et-Villagrains";"2016-09-07 18:38:00";2000;2000;;0;;;0;;;0;;;;;;;;""
2016;1507;"24";"24206";"Grives";"2016-09-07 22:17:00";100;100;;0;;;0;;;0;;;;;;;;""
2016;475;"46";"46295";"Saint-Vincent-du-Pendit";"2016-09-08 00:42:00";200;0;;200;;;200;0;0;0;"Estimées";;;;;;;""
2016;2007;"33";"33322";"Le Pian-Médoc";"2016-09-08 01:33:00";1000;1000;;0;;;0;;;0;;;;;;;;""
2016;2006;"33";"33322";"Le Pian-Médoc";"2016-09-08 02:12:00";3000;3000;;0;;;0;;;0;;;;;;;;""
2016;1506;"24";"24191";"Fraisse";"2016-09-08 05:22:00";70000;70000;;0;;;0;;;0;;;;;;;;""
2016;11151;"11";"11069";"Carcassonne";"2016-09-08 07:12:00";300;;;;;;;;;;;;"Malveillance";;;;;""
2016;11873;"13";"13098";"Saint-Mitre-les-Remparts";"2016-09-08 09:25:00";600;300;300;;;;;;;;;"4";"Malveillance";;;;;""
2016;2004;"33";"33240";"Lesparre-Médoc";"2016-09-08 09:30:00";200;200;;0;;;0;;;0;;;;;;;;""
2016;12656;"30";"30169";"Milhaud";"2016-09-08 11:45:00";1335;;;;;;;;;;;"1";"Malveillance";;;;;""
2016;12657;"30";"30169";"Milhaud";"2016-09-08 11:46:00";85420;;;;;;;;;;;"1";"Malveillance";;;;;""
2016;2003;"33";"33233";"Laruscade";"2016-09-08 12:50:00";10000;10000;;0;;;0;;;0;;;;;;;;""
2016;1705;"47";"47221";"Réaup-Lisse";"2016-09-08 13:02:00";3000;3000;;0;;;0;;;0;;;;;;;;""
2016;11048;"2A";"2A209";"Peri";"2016-09-08 13:39:00";200;;200;;;;;;;;;"1";"Involontaire (particulier)";;;;;""
2016;1396;"72";"72294";"Saint-Léonard-des-Bois";"2016-09-08 13:59:00";2;2;;0;;;0;0;0;0;"Estimées";;;;;;;""
2016;511;"42";"42168";"Pélussin";"2016-09-08 14:00:00";30000;30000;;0;;;0;0;0;0;"Estimées";;;;;;;""
2016;1209;"73";"73298";"Tours-en-Savoie";"2016-09-08 14:43:00";2000;0;;2000;;;2000;0;0;0;"Estimées";;;;;;;""
2016;2001;"33";"33273";"Martignas-sur-Jalle";"2016-09-08 15:17:00";80000;80000;;0;;;0;;;0;;;"Accidentelle";;;;;""
2016;10570;"66";"66063";"Les Cluses";"2016-09-08 17:29:00";1500;;1500;;;;;;;;;"1";"Involontaire (particulier)";;;;;""
2016;1210;"73";"73245";"Saint-Jean-de-Chevelu";"2016-09-08 17:36:00";800;800;;0;;;0;0;0;0;"Estimées";;;;;;;""
2016;1997;"33";"33053";"Birac";"2016-09-08 18:22:00";2800;2800;;0;;;0;;;0;;;;;;;;""
2016;510;"46";"46335";"Villesèque";"2016-09-08 18:34:00";100;0;;100;;;100;0;0;0;"Estimées";;;;;;;""
2016;880;"79";"79014";"Argenton-l'Église";"2016-09-08 18:47:00";10;0;;10;;;10;0;0;0;"Mesurées";;;;;;;""
2016;1144;"69";"69255";"Vaugneray";"2016-09-08 20:10:00";2000;2000;;0;;;0;0;0;0;"Estimées";;;;;;;""
2016;12659;"30";"30132";"La Grand-Combe";"2016-09-08 21:57:00";2000;;;;;;;;;;;"4";"Malveillance";;;;;""
2016;10699;"34";"34302";"Siran";"2016-09-08 23:16:00";200;;200;;;;;;;;;"1";"Malveillance";;;;;""
2016;1996;"33";"33115";"Cazalis";"2016-09-08 23:46:00";10000;10000;;0;;;0;;;0;;;;;;;;""
2016;10432;"11";"11386";"Talairan";"2016-09-09 03:14:00";1450;;;;;;;;;;;;"Malveillance";;;;;""
2016;10548;"48";"48119";"Prévenchères";"2016-09-09 06:35:00";4800;;;;;;;;;;;"4";;;;;;""
2016;11992;"11";"11024";"Bages";"2016-09-09 09:05:00";10;;;;;;;;;;;;"Accidentelle";;;;;""
2016;2543;"40";"40184";"Mimizan";"2016-09-09 09:35:00";500;500;;0;;;0;;;0;;;;;;;;""
2016;10521;"2B";"2B152";"Luri";"2016-09-09 11:48:00";1800;;;;;;;;;;;"1";"Malveillance";;;;;""
2016;872;"15";"15014";"Aurillac";"2016-09-09 13:20:00";3000;0;;3000;;;3000;0;0;0;"Estimées";;;;;;;""
2016;830;"38";"38431";"Saint-Nazaire-les-Eymes";"2016-09-09 13:48:00";100;0;;100;;;100;0;0;0;"Estimées";;;;;;;""
2016;11049;"2A";"2A247";"Porto-Vecchio";"2016-09-09 13:55:00";6400;;6400;;;;;;;;;"1";"Malveillance";;;;;""
2016;1502;"24";"24362";"Sainte-Alvère-Saint-Laurent Les Bâtons";"2016-09-09 14:18:00";4200;4200;;0;;;0;;;0;;;;;;;;""
2016;10571;"66";"66030";"Calce";"2016-09-09 14:36:00";80000;20000;60000;;;;;;;;;"1";"Malveillance";;;;;""
2016;11051;"2A";"2A247";"Porto-Vecchio";"2016-09-09 15:12:00";1400;1400;;;;;;;;;;"4";"Malveillance";;;;;""
2016;12212;"11";"11200";"Lespinassière";"2016-09-09 15:23:00";300;;;;;;;;;;;;"Malveillance";;;;;""
2016;643;"17";"17074";"Bussac-Forêt";"2016-09-09 15:35:00";13000;13000;;0;;;0;0;0;0;"Mesurées";;;;;;;""
2016;10437;"04";"04050";"Châteaufort";"2016-09-09 15:40:00";200;200;;;;;;;;;;"4";"Involontaire (travaux)";;;;;""
2016;1211;"73";"73122";"Gerbaix";"2016-09-09 15:54:00";2000;2000;;0;;;0;0;0;0;"Estimées";;;;;;;""
2016;521;"46";"46237";"Reyrevignes";"2016-09-09 16:14:00";4000;0;;4000;;;4000;0;0;0;"Estimées";;;;;;;""
2016;1191;"15";"15014";"Aurillac";"2016-09-09 16:15:00";20000;0;;20000;;;20000;0;0;0;"Estimées";;;;;;;""
2016;11874;"13";"13056";"Martigues";"2016-09-09 16:48:00";5000;2000;2000;;;;;;;1000;;"4";"Malveillance";;;;;""
2016;949;"31";"31202";"Fronton";"2016-09-09 16:54:00";15000;0;;10000;;;10000;5000;0;5000;"Estimées";;;;;;;""
2016;1993;"33";"33382";"Saint-Christoly-de-Blaye";"2016-09-09 17:10:00";15000;15000;;0;;;0;;;0;;;;;;;;""
2016;522;"46";"46063";"Castelnau-Montratier";"2016-09-09 17:59:00";400;0;;400;;;400;0;0;0;"Estimées";;;;;;;""
2016;1499;"24";"24490";"Saint-Privat-des-Prés";"2016-09-09 18:26:00";50000;50000;;0;;;0;;;0;;;;;;;;""
2016;1991;"33";"33151";"Donnezac";"2016-09-09 19:29:00";2000;2000;;0;;;0;;;0;;;;;;;;""
2016;1990;"33";"33382";"Saint-Christoly-de-Blaye";"2016-09-09 20:46:00";4000;4000;;0;;;0;;;0;;;;;;;;""
2016;10704;"34";"34144";"Lunas";"2016-09-09 22:54:00";9500;;9500;;;;;;;;;"1";"Accidentelle";;;;;""
2016;1192;"15";"15198";"Sainte-Marie";"2016-09-09 23:30:00";250000;0;;250000;;;250000;0;0;0;"Estimées";;;;;;;""
2016;523;"46";"46336";"Vire-sur-Lot";"2016-09-10 00:25:00";500;0;;500;;;500;0;0;0;"Estimées";;;;;;;""
2016;1989;"33";"33474";"Saint-Selve";"2016-09-10 02:58:00";2000;2000;;0;;;0;;;0;;;;;;;;""
2016;584;"12";"12116";"Huparlac";"2016-09-10 04:33:00";10;0;;10;;;10;0;0;0;"Estimées";;;;;;;""
2016;10572;"66";"66046";"Caudiès-de-Fenouillèdes";"2016-09-10 06:06:00";1000;1000;;;;;;;;;;"2";"Malveillance";;;;;""
2016;645;"17";"17033";"La Barde";"2016-09-10 08:38:00";200;200;;0;;;0;0;0;0;"Estimées";;;;;;;""
2016;524;"46";"46058";"Carennac";"2016-09-10 09:44:00";3000;0;;3000;;;3000;0;0;0;"Estimées";;;;;;;""
2016;2541;"40";"40261";"Saint-Geours-de-Maremne";"2016-09-10 10:48:00";20;20;;0;;;0;;;0;;;"Naturelle";;;;;""
2016;1987;"33";"33351";"Reignac";"2016-09-10 12:00:00";100;100;;0;;;0;;;0;;;;;;;;""
2016;4605;"36";"36107";"Lye";"2016-09-10 12:16:00";170;170;;0;;;0;0;0;0;"Estimées";;;;;;;""
2016;2540;"40";"40310";"Soustons";"2016-09-10 13:32:00";4000;4000;;0;;;0;;;0;;;"Naturelle";;;;;""
2016;10506;"07";"07265";"Saint-Marcel-lès-Annonay";"2016-09-10 13:44:00";30000;;;;;;;;;;;;;;;;;""
2016;644;"17";"17430";"Soubran";"2016-09-10 14:10:00";15000;15000;;0;;;0;0;0;0;"Estimées";;;;;;;""
2016;2539;"40";"40168";"Magescq";"2016-09-10 14:12:00";10000;10000;;0;;;0;;;0;;;"Naturelle";;;;;""
2016;11634;"48";"48135";"Saint-André-Capcèze";"2016-09-10 14:18:00";100;;100;;;;;;;;;"1";"Accidentelle";;;;;""
2016;11052;"2A";"2A288";"Sotta";"2016-09-10 14:19:00";15;;15;;;;;;;;;"1";"Accidentelle";;;;;""
2016;10583;"05";"05129";"Saint-André-de-Rosans";"2016-09-10 16:38:00";2100;;;;;;;;;;;;"Naturelle";;;;;""
2016;1344;"74";"74167";"Val de Chaise";"2016-09-10 16:41:00";4000;0;;4000;;;4000;0;0;0;"Estimées";;;;;;;""
2016;1983;"33";"33100";"Cars";"2016-09-10 17:40:00";10;10;;0;;;0;;;0;;;;;;;;""
2016;10460;"04";"04140";"Les Omergues";"2016-09-10 19:17:00";3;3;;;;;;;;;;"4";"Naturelle";;;;;""
2016;670;"17";"17470";"Villars-les-Bois";"2016-09-10 21:03:00";5000;5000;;0;;;0;0;0;0;"Estimées";;;;;;;""
2016;1978;"33";"33393";"Saint-Denis-de-Pile";"2016-09-10 21:46:00";1500;1500;;0;;;0;;;0;;;;;;;;""
2016;1257;"01";"01209";"Léaz";"2016-09-10 22:04:00";20000;20000;;0;;;0;0;0;0;"Estimées";;"Involontaire (particulier)";;;;;""
2016;10705;"34";"34291";"Saint-Vincent-d'Olargues";"2016-09-11 01:32:00";230800;10800;220000;;;;;;;;;"1";"Malveillance";;;;;""
2016;10706;"34";"34202";"Pignan";"2016-09-11 11:13:00";2700;;2700;;;;;;;;;"1";"Involontaire (particulier)";;;;;""
2016;10573;"66";"66148";"Port-Vendres";"2016-09-11 11:48:00";100;;100;;;;;;;;;"1";"Involontaire (particulier)";;;;;""
2016;11053;"2A";"2A323";"Tavaco";"2016-09-11 12:56:00";1;;1;;;;;;;;;"1";;;;;;""
2016;10527;"2B";"2B275";"Sermano";"2016-09-11 13:20:00";10000;;;;;;;;;;;"1";;;;;;""
2016;10528;"2B";"2B275";"Sermano";"2016-09-11 13:20:00";6000;;;;;;;;;;;"1";;;;;;""
2016;1975;"33";"33272";"Marsas";"2016-09-11 14:35:00";600;600;;0;;;0;;;0;;;;;;;;""
2016;11057;"2A";"2A038";"Bilia";"2016-09-11 14:42:00";1000;;1000;;;;;;;;;"1";;;;;;""
2016;2537;"40";"40037";"Benquet";"2016-09-11 14:56:00";27000;27000;;0;;;0;;;0;;;;;;;;""
2016;11060;"2A";"2A200";"Palneca";"2016-09-11 15:31:00";50;;50;;;;;;;;;;;;;;;""
2016;11875;"13";"13001";"Aix-en-Provence";"2016-09-11 15:35:00";2500;1000;1000;;;;;;;500;;"4";"Involontaire (particulier)";;;;;""
2016;585;"12";"12215";"Saint-Christophe-Vallon";"2016-09-11 15:36:00";200;0;;200;;;200;0;0;0;"Estimées";;;;;;;""
2016;2536;"40";"40184";"Mimizan";"2016-09-11 15:46:00";7000;7000;;0;;;0;;;0;;;;;;;;""
2016;553;"63";"63009";"Ardes";"2016-09-11 17:15:00";237;237;;0;;;0;0;0;0;"Mesurées";;;;;;;""
2016;560;"43";"43224";"Sainte-Sigolène";"2016-09-11 17:26:00";20000;20000;;0;;;0;0;0;0;"Estimées";;;;;;;""
2016;1491;"24";"24486";"Saint-Pierre-de-Frugie";"2016-09-11 18:17:00";100;100;;0;;;0;;;0;;;;;;;;""
2016;1696;"47";"47284";"Salles";"2016-09-11 19:29:00";500;500;;0;;;0;;;0;;;;;;;;""
2016;11132;"07";"07243";"Saint-Jacques-d'Atticieux";"2016-09-11 20:12:00";10000;10000;;;;;;;;;;"5";;;;;;""
2016;534;"46";"46175";"Lissac-et-Mouret";"2016-09-12 10:55:00";300;0;;300;;;300;0;0;0;"Estimées";;;;;;;""
2016;11136;"11";"11148";"Fontcouverte";"2016-09-12 11:25:00";9780;;;;;;;;;;;;"Accidentelle";;;;;""
2016;1137;"86";"86274";"Les Trois-Moutiers";"2016-09-12 11:49:00";100;100;;0;;;0;0;0;0;"Estimées";;;;;;;""
2016;1971;"33";"33498";"Salles";"2016-09-12 13:44:00";570200;570200;;0;;;0;;;0;;;;;;;;""
2016;535;"46";"46083";"Cressensac";"2016-09-12 14:02:00";35000;0;;35000;;;35000;0;0;0;"Estimées";;;;;;;""
2016;1969;"33";"33230";"Lapouyade";"2016-09-12 14:03:00";5000;5000;;0;;;0;;;0;;;;;;;;""
2016;562;"19";"19240";"Saint-Salvadour";"2016-09-12 14:25:00";10000;0;;10000;;;10000;0;0;0;"Estimées";;;;;;;""
2016;1967;"33";"33233";"Laruscade";"2016-09-12 14:30:00";460000;460000;;0;;;0;;;0;;;;;;;;""
2016;1694;"47";"47016";"Aubiac";"2016-09-12 14:56:00";30000;30000;;0;;;0;;;0;;;;;;;;""
2016;1695;"47";"47046";"Calonges";"2016-09-12 15:02:00";30000;10000;;0;;;0;;;20000;;;"Involontaire (travaux)";;;;;""
2016;646;"17";"17074";"Bussac-Forêt";"2016-09-12 15:31:00";52600;52600;;0;;;0;0;0;0;"Estimées";;"Malveillance";;;;;""
2016;597;"23";"23144";"La Nouaille";"2016-09-12 15:53:00";10000;10000;;0;;;0;0;0;0;"Estimées";;;;;;;""
2016;1484;"24";"24053";"Boulazac Isle Manoire";"2016-09-12 16:04:00";25000;25000;;0;;;0;;;0;;;;;;;;""
2016;647;"17";"17110";"Clérac";"2016-09-12 16:14:00";220000;220000;;0;;;0;0;0;0;"Estimées";;"Malveillance";;;;;""
2016;1483;"24";"24557";"Trélissac";"2016-09-12 16:19:00";70000;70000;;0;;;0;;;0;;;;;;;;""
2016;12150;"34";"34162";"Montagnac";"2016-09-12 16:44:00";800;;800;;;;;;;;;"4";"Accidentelle";;;;;""
2016;1481;"24";"24254";"Marnac";"2016-09-12 16:55:00";200;200;;0;;;0;;;0;;;;;;;;""
2016;11140;"11";"11266";"Port-la-Nouvelle";"2016-09-12 17:19:00";4000;;;;;;;;;;;;"Accidentelle";;;;;""
2016;11138;"11";"11266";"Port-la-Nouvelle";"2016-09-12 17:19:00";1000;;;;;;;;;;;;"Accidentelle";;;;;""
2016;11137;"11";"11266";"Port-la-Nouvelle";"2016-09-12 17:19:00";1000;;;;;;;;;;;;"Accidentelle";;;;;""
2016;665;"17";"17077";"Cercoux";"2016-09-12 17:24:00";11000;11000;;0;;;0;0;0;0;"Mesurées";;"Malveillance";;;;;""
2016;11141;"11";"11069";"Carcassonne";"2016-09-12 17:47:00";863;;;;;;;;;;;;"Accidentelle";;;;;""
2016;536;"46";"46100";"Faycelles";"2016-09-12 17:55:00";30000;0;;30000;;;30000;0;0;0;"Estimées";;;;;;;""
2016;1146;"69";"69283";"Mions";"2016-09-12 18:09:00";6000;0;;6000;;;6000;0;0;0;"Estimées";;;;;;;""
2016;10519;"04";"04224";"Ubraye";"2016-09-12 18:19:00";10;;;;;;;;;;;;"Naturelle";;;;;""
2016;544;"19";"19087";"Gourdon-Murat";"2016-09-12 19:04:00";20000;20000;;0;;;0;0;0;0;"Estimées";;;;;;;""
2016;10524;"04";"04079";"L'Escale";"2016-09-12 20:21:00";20;;;;;;;;;;;;"Naturelle";;;;;""
2016;1958;"33";"33261";"Lussac";"2016-09-12 20:52:00";650;650;;0;;;0;;;0;;;;;;;;""
2016;1956;"33";"33385";"Saint-Christophe-de-Double";"2016-09-12 21:55:00";50000;15000;;0;;;0;;;35000;;;;;;;;""
2016;11142;"11";"11069";"Carcassonne";"2016-09-12 22:34:00";17176;;;;;;;;;;;;"Accidentelle";;;;;""
2016;11876;"13";"13056";"Martigues";"2016-09-13 00:00:00";500;250;250;;;;;;;;;"4";"Malveillance";;;;;""
2016;1954;"33";"33122";"Cestas";"2016-09-13 00:13:00";2000;2000;;0;;;0;;;0;;;;;;;;""
2016;2533;"40";"40310";"Soustons";"2016-09-13 00:26:00";11100;11100;;0;;;0;;;0;;;;;;;;""
2016;2534;"40";"40310";"Soustons";"2016-09-13 00:26:00";1000;1000;;0;;;0;;;0;;;;;;;;""
2016;2532;"40";"40310";"Soustons";"2016-09-13 00:26:00";100;100;;0;;;0;;;0;;;;;;;;""
2016;11143;"11";"11081";"Caunes-Minervois";"2016-09-13 00:37:00";24680;;;;;;;;;;;;"Accidentelle";;;;;""
2016;11144;"11";"11396";"Trausse";"2016-09-13 02:25:00";14055;;;;;;;;;;;;"Malveillance";;;;;""
2016;1950;"33";"33478";"Saint-Seurin-sur-l'Isle";"2016-09-13 10:02:00";100;50;;0;;;0;;;50;;;;;;;;""
2016;557;"46";"46187";"Mauroux";"2016-09-13 10:07:00";15000;0;;15000;;;15000;0;0;0;"Estimées";;;;;;;""
2016;1949;"33";"33547";"Villandraut";"2016-09-13 11:23:00";300;300;;0;;;0;;;0;;;;;;;;""
2016;10584;"2B";"2B152";"Luri";"2016-09-13 11:30:00";30;;;;;;;;;;;"1";"Malveillance";;;;;""
2016;836;"38";"38373";"Saint-Cassien";"2016-09-13 11:44:00";600;0;;600;;;600;0;0;0;"Estimées";;;;;;;""
2016;1948;"33";"33547";"Villandraut";"2016-09-13 11:49:00";900;900;;0;;;0;;;0;;;;;;;;""
2016;1302;"69";"69035";"Cenves";"2016-09-13 11:56:00";7500;7500;;0;;;0;0;0;0;"Estimées";;;;;;;""
2016;666;"17";"17279";"Plassac";"2016-09-13 11:57:00";5000;5000;;0;;;0;0;0;0;"Estimées";;;;;;;""
2016;1947;"33";"33452";"Saint-Michel-de-Rieufret";"2016-09-13 12:12:00";300;300;;0;;;0;;;0;;;"Naturelle";;;;;""
2016;1475;"24";"24490";"Saint-Privat-des-Prés";"2016-09-13 12:14:00";5000;5000;;0;;;0;;;0;;;;;;;;""
2016;11994;"11";"11144";"Fitou";"2016-09-13 12:48:00";150;;;;;;;;;;;;;;;;;""
2016;11087;"66";"66190";"Salses-le-Château";"2016-09-13 13:05:00";114600;;114600;;;;;;;;;"1";;;;;;""
2016;594;"58";"58106";"Dun-les-Places";"2016-09-13 13:47:00";10000;10000;;0;;;0;0;0;0;"Estimées";;"Malveillance";;;;;""
2016;11133;"07";"07304";"Salavas";"2016-09-13 13:52:00";2000;2000;;;;;;;;;;"1";;;;;;""
2016;12660;"30";"30263";"Saint-Hippolyte-du-Fort";"2016-09-13 14:16:00";12226;;;;;;;;;;;"1";"Malveillance";;;;;""
2016;2530;"40";"40217";"Parentis-en-Born";"2016-09-13 14:39:00";5;5;;0;;;0;;;0;;;"Naturelle";;;;;""
2016;12151;"34";"34302";"Siran";"2016-09-13 15:03:00";3000;1000;1000;;;;;;;1000;;"1";"Malveillance";;;;;""
2016;11066;"2A";"2A085";"Cauro";"2016-09-13 15:04:00";2000;;2000;;;;;;;;;;;;;;;""
2016;1184;"45";"45346";"Vitry-aux-Loges";"2016-09-13 15:24:00";10000;0;;10000;;;10000;0;0;0;"Estimées";;;;;;;""
2016;873;"15";"15202";"Saint-Martin-Valmeroux";"2016-09-13 16:00:00";50000;0;;50000;;;50000;0;0;0;"Estimées";;;;;;;""
2016;11145;"11";"11091";"Chalabre";"2016-09-13 16:03:00";8152;;;;;;;;;;;;"Accidentelle";;;;;""
2016;558;"46";"46159";"Latouille-Lentillac";"2016-09-13 16:26:00";100000;100000;;0;;;0;0;0;0;"Estimées";;;;;;;""
2016;596;"23";"23167";"Sannat";"2016-09-13 16:34:00";70000;70000;;0;;;0;0;0;0;"Estimées";;;;;;;""
2016;586;"12";"12171";"Nauviale";"2016-09-13 16:58:00";10000;0;;10000;;;10000;0;0;0;"Estimées";;"Involontaire (particulier)";;;;;""
2016;12152;"34";"34178";"Murviel-lès-Béziers";"2016-09-13 17:00:00";2300;;2300;;;;;;;;;"1";"Malveillance";;;;;""
2016;10712;"34";"34120";"Jacou";"2016-09-13 17:04:00";150;150;;;;;;;;;;"4";"Involontaire (particulier)";;;;;""
2016;10586;"2B";"2B049";"Calenzana";"2016-09-13 17:15:00";200;;;;;;;;;;;"1";"Malveillance";;;;;""
2016;10587;"2B";"2B049";"Calenzana";"2016-09-13 17:15:00";5;;;;;;;;;;;"1";"Malveillance";;;;;""
2016;587;"12";"12049";"Campuac";"2016-09-13 17:15:00";500;0;;500;;;500;0;0;0;"Estimées";;"Involontaire (travaux)";;;;;""
2016;1940;"33";"33237";"Léogeats";"2016-09-13 17:20:00";500;500;;0;;;0;;;0;;;"Naturelle";;;;;""
2016;11134;"07";"07018";"Astet";"2016-09-13 17:24:00";10000;;10000;;;;;;;;;"1";"Accidentelle";;;;;""
2016;11146;"11";"11131";"Fa";"2016-09-13 17:49:00";2722;;;;;;;;;;;;;;;;;""
2016;552;"19";"19081";"Eyrein";"2016-09-13 18:25:00";50000;0;;50000;;;50000;0;0;0;"Estimées";;;;;;;""
2016;11147;"11";"11239";"Montauriol";"2016-09-13 18:26:00";42897;;;;;;;;;;;;"Accidentelle";;;;;""
2016;1689;"47";"47007";"Allons";"2016-09-13 18:46:00";30000;30000;;0;;;0;;;0;;;"Accidentelle";;;;;""
2016;1937;"33";"33237";"Léogeats";"2016-09-13 18:49:00";10;10;;0;;;0;;;0;;;"Naturelle";;;;;""
2016;559;"46";"46102";"Figeac";"2016-09-13 18:53:00";800;0;;800;;;800;0;0;0;"Estimées";;;;;;;""
2016;1687;"47";"47302";"Sos";"2016-09-13 19:04:00";5000;2000;;0;;;0;;;3000;;;"Accidentelle";;;;;""
2016;1686;"47";"47058";"Caubeyres";"2016-09-13 19:14:00";5000;5000;;0;;;0;;;0;;;"Accidentelle";;;;;""
2016;1683;"47";"47318";"Vianne";"2016-09-13 19:27:00";500;500;;0;;;0;;;0;;;"Accidentelle";;;;;""
2016;1936;"33";"33124";"Chamadelle";"2016-09-13 19:36:00";150;150;;0;;;0;;;0;;;"Naturelle";;;;;""
2016;1682;"47";"47234";"Saint-Caprais-de-Lerm";"2016-09-13 19:42:00";50050;50;;0;;;0;;;50000;;;"Involontaire (travaux)";;;;;""
2016;838;"38";"38388";"Saint-Georges-de-Commiers";"2016-09-13 19:57:00";2000;0;;2000;;;2000;0;0;0;"Estimées";;;;;;;""
2016;1470;"24";"24228";"Lanquais";"2016-09-13 20:01:00";800;800;;0;;;0;;;0;;;"Accidentelle";;;;;""
2016;10655;"13";"13055";"Marseille";"2016-09-13 20:02:00";1000;;1000;;;;;;;;;"1";"Malveillance";;;;;""
2016;1678;"47";"47123";"Lacapelle-Biron";"2016-09-13 20:25:00";100;100;;0;;;0;;;0;;;;;;;;""
2016;1464;"24";"24099";"Champeaux-et-la-Chapelle-Pommier";"2016-09-13 21:38:00";30000;30000;;0;;;0;;;0;;;"Accidentelle";;;;;""
2016;11148;"11";"11330";"Rustiques";"2016-09-13 23:51:00";2276;;;;;;;;;;;;"Malveillance";;;;;""
2016;607;"18";"18037";"Brinon-sur-Sauldre";"2016-09-14 11:56:00";10000;10000;;0;;;0;0;0;0;"Estimées";;;;;;;""
2016;700;"77";"77529";"Voulangis";"2016-09-14 12:00:00";600;0;;600;;;600;0;0;0;"Estimées";;;;;;;""
2016;10809;"2B";"2B110";"Favalello";"2016-09-14 14:54:00";15000;10000;5000;;;;;;;;;"2";"Malveillance";;;;;""
2016;1933;"33";"33051";"Biganos";"2016-09-14 15:49:00";20;20;;0;;;0;;;0;;;"Naturelle";;;;;""
2016;10810;"2B";"2B275";"Sermano";"2016-09-14 17:37:00";30;;;;;;;;;;;"1";;;;;;""
2016;10650;"06";"06019";"Blausasc";"2016-09-14 18:23:00";1994;1994;;;;;;;;;;"4";"Accidentelle";;;;;""
2016;588;"12";"12272";"Sonnac";"2016-09-14 20:43:00";30000;0;;30000;;;30000;0;0;0;"Estimées";;;;;;;""
2016;2528;"40";"40287";"Sanguinet";"2016-09-15 08:48:00";5;5;;0;;;0;;;0;;;"Naturelle";;;;;""
2016;2527;"40";"40046";"Biscarrosse";"2016-09-15 14:13:00";53;3;;0;;;0;;;50;;;"Naturelle";;;;;""
2016;599;"12";"12177";"Palmas d'Aveyron";"2016-09-16 14:15:00";150;0;;150;;;150;0;0;0;"Estimées";;"Involontaire (travaux)";;;;;""
2016;10814;"34";"34075";"Cesseras";"2016-09-17 06:25:00";3700;700;3000;;;;;;;;;"1";"Malveillance";;;;;""
2016;11069;"2A";"2A041";"Bonifacio";"2016-09-17 07:55:00";1000;;1000;;;;;;;;;"1";;;;;;""
2016;11995;"11";"11285";"Peyriac-de-Mer";"2016-09-17 13:48:00";5;;;;;;;;;;;;"Accidentelle";;;;;""
2016;11070;"2A";"2A288";"Sotta";"2016-09-17 14:19:00";50;;50;;;;;;;;;"1";"Accidentelle";;;;;""
2016;1460;"24";"24264";"Ménesplet";"2016-09-17 14:48:00";400;400;;0;;;0;;;0;;;"Malveillance";;;;;""
2016;11877;"13";"13056";"Martigues";"2016-09-17 17:18:00";100;100;;;;;;;;;;"4";"Malveillance";;;;;""
2016;11073;"2A";"2A300";"San-Gavino-di-Carbini";"2016-09-17 17:53:00";2547;;2547;;;;;;;;;"1";"Involontaire (particulier)";;;;;""
2016;11101;"66";"66043";"Casteil";"2016-09-18 09:55:00";10;;10;;;;;;;;;"1";"Naturelle";;;;;""
2016;11092;"66";"66217";"Trouillas";"2016-09-18 19:15:00";2000;;2000;;;;;;;;;"2";;;;;;""
2016;11096;"66";"66190";"Salses-le-Château";"2016-09-19 08:54:00";100;100;;;;;;;;;;"4";;;;;;""
2016;600;"12";"12076";"Conques-en-Rouergue";"2016-09-19 16:00:00";5000;0;;5000;;;5000;0;0;0;"Estimées";;;;;;;""
2016;598;"46";"46055";"Capdenac";"2016-09-19 16:09:00";1500;1500;;0;;;0;0;0;0;"Estimées";;;;;;;""
2016;11107;"66";"66096";"Latour-de-France";"2016-09-19 23:50:00";2000;;2000;;;;;;;;;"1";"Malveillance";;;;;""
2016;11108;"66";"66043";"Casteil";"2016-09-20 12:26:00";2;;2;;;;;;;;;"1";"Malveillance";;;;;""
2016;10938;"2B";"2B287";"Sorio";"2016-09-20 12:29:00";3000;;;;;;;;;;;"1";;;;;;""
2016;11152;"11";"11081";"Caunes-Minervois";"2016-09-20 15:35:00";500;;;;;;;;;;;;"Involontaire (travaux)";;;;;""
2016;874;"15";"15175";"Saint-Cernin";"2016-09-20 15:53:00";1000;0;;1000;;;1000;0;0;0;"Estimées";;;;;;;""
2016;11031;"07";"07155";"Mercuer";"2016-09-20 18:02:00";300;300;;;;;;;;;;"4";"Malveillance";;;;;""
2016;1925;"33";"33341";"Pugnac";"2016-09-20 20:03:00";800;800;;0;;;0;;;0;;;"Accidentelle";;;;;""
2016;11996;"11";"11145";"Fleury";"2016-09-21 07:49:00";4;;;;;;;;;;;;;;;;;""
2016;11074;"2A";"2A247";"Porto-Vecchio";"2016-09-21 14:22:00";50;;50;;;;;;;;;;;;;;;""
2016;954;"31";"31211";"Gargas";"2016-09-21 18:07:00";10000;0;;8000;;;8000;0;2000;2000;"Estimées";;;;;;;""
2016;1673;"47";"47010";"Antagnac";"2016-09-21 18:32:00";1500;1500;;0;;;0;;;0;;;"Naturelle";;;;;""
2016;11997;"11";"11203";"Lézignan-Corbières";"2016-09-21 20:17:00";200;;;;;;;;;;;;"Accidentelle";;;;;""
2016;11109;"66";"66096";"Latour-de-France";"2016-09-21 20:59:00";500;500;;;;;;;;;;"2";"Malveillance";;;;;""
2016;2526;"40";"40182";"Mézos";"2016-09-22 11:08:00";1500;1500;;0;;;0;;;0;;;;;;;;""
2016;11998;"11";"11168";"Granès";"2016-09-22 11:39:00";1000;;;;;;;;;;;;"Involontaire (particulier)";;;;;""
2016;745;"12";"12118";"Lacroix-Barrez";"2016-09-22 12:20:00";3000;0;;3000;;;3000;0;0;0;"Estimées";;;;;;;""
2016;11999;"11";"11132";"Fabrezan";"2016-09-22 12:30:00";500;;;;;;;;;;;;"Malveillance";;;;;""
2016;610;"46";"46082";"Cremps";"2016-09-22 13:46:00";7000;0;;7000;;;7000;0;0;0;"Estimées";;;;;;;""
2016;11153;"11";"11203";"Lézignan-Corbières";"2016-09-22 14:27:00";500;;;;;;;;;;;;"Involontaire (particulier)";;;;;""
2016;1457;"24";"24035";"Pays de Belvès";"2016-09-22 14:58:00";500;500;;0;;;0;;;0;;;"Involontaire (particulier)";;;;;""
2016;608;"46";"46072";"Concorès";"2016-09-22 14:59:00";30000;0;;30000;;;30000;0;0;0;"Estimées";;;;;;;""
2016;609;"46";"46067";"Cazillac";"2016-09-22 15:02:00";2000;0;;2000;;;2000;0;0;0;"Estimées";;;;;;;""
2016;1920;"33";"33527";"Le Teich";"2016-09-22 15:08:00";5000;5000;;0;;;0;;;0;;;;;;;;""
2016;2524;"40";"40164";"Retjons";"2016-09-22 15:24:00";77000;77000;;0;;;0;;;0;;;;;;;;""
2016;2525;"40";"40164";"Retjons";"2016-09-22 15:24:00";140000;140000;;0;;;0;;;0;;;;;;;;""
2016;11077;"34";"34178";"Murviel-lès-Béziers";"2016-09-22 15:52:00";1000;0;1000;;;;;;;;;"1";"Malveillance";;;;;""
2016;11076;"2A";"2A017";"Appietto";"2016-09-22 16:58:00";8100;;8100;;;;;;;;;"1";"Malveillance";;;;;""
2016;611;"46";"46274";"Saint-Laurent-Lolmie";"2016-09-22 17:24:00";300;0;;300;;;300;0;0;0;"Estimées";;;;;;;""
2016;11079;"34";"34055";"Castanet-le-Haut";"2016-09-23 10:59:00";100000;0;100000;;;;;;;;;"1";"Involontaire (travaux)";;;;;""
2016;667;"17";"17113";"La Clotte";"2016-09-23 13:38:00";5000;5000;;0;;;0;0;0;0;"Estimées";;;;;;;""
2016;11154;"11";"11329";"Rouvenac";"2016-09-23 13:47:00";15000;;;;;;;;;;;;"Involontaire (particulier)";;;;;""
2016;616;"46";"46086";"Cuzance";"2016-09-23 15:13:00";6000;0;;6000;;;6000;0;0;0;"Estimées";;;;;;;""
2016;1917;"33";"33473";"Saint-Savin";"2016-09-23 16:53:00";50000;10000;;0;;;0;;;40000;;;;;;;;""
2016;1669;"47";"47164";"Mazières-Naresse";"2016-09-23 18:29:00";10000;10000;;0;;;0;;;0;;;"Involontaire (travaux)";;;;;""
2016;668;"17";"17243";"Montlieu-la-Garde";"2016-09-23 22:04:00";200;200;;0;;;0;0;0;0;"Estimées";;;;;;;""
2016;12000;"11";"11132";"Fabrezan";"2016-09-24 01:32:00";400;;;;;;;;;;;;"Involontaire (travaux)";;;;;""
2016;11081;"34";"34055";"Castanet-le-Haut";"2016-09-24 08:39:00";55000;;55000;;;;;;;;;"1";"Involontaire (travaux)";;;;;""
2016;669;"17";"17033";"La Barde";"2016-09-24 08:47:00";12200;12200;;0;;;0;0;0;0;"Mesurées";;;;;;;""
2016;617;"46";"46227";"Promilhanes";"2016-09-24 11:52:00";20000;20000;;0;;;0;0;0;0;"Estimées";;;;;;;""
2016;11110;"66";"66016";"Banyuls-sur-Mer";"2016-09-24 15:57:00";77000;10000;67000;;;;;;;;;"2";"Involontaire (particulier)";;;;;""
2016;11086;"34";"34069";"Cazouls-lès-Béziers";"2016-09-24 17:47:00";6000;6000;;;;;;;;;;"3";"Involontaire (particulier)";;;;;""
2016;11135;"07";"07018";"Astet";"2016-09-24 22:57:00";240000;;240000;;;;;;;;;"1";"Malveillance";;;;;""
2016;11025;"2B";"2B140";"Lento";"2016-09-25 11:25:00";20000;;;;;;;;;;;"1";"Malveillance";;;;;""
2016;11111;"66";"66217";"Trouillas";"2016-09-25 14:19:00";10000;;10000;;;;;;;;;"2";"Involontaire (particulier)";;;;;""
2016;11879;"13";"13019";"Cabriès";"2016-09-25 19:05:00";3000;2000;1000;;;;;;;;;"4";"Malveillance";;;;;""
2016;618;"46";"46148";"Lalbenque";"2016-09-25 21:45:00";100;0;;100;;;100;0;0;0;"Estimées";;;;;;;""
2016;11034;"2B";"2B049";"Calenzana";"2016-09-26 12:38:00";10;;;;;;;;;;;"1";"Naturelle";;;;;""
2016;1909;"33";"33307";"Noaillan";"2016-09-26 14:28:00";10000;10000;;0;;;0;;;0;;;;;;;;""
2016;621;"46";"46264";"Saint-Denis-Catus";"2016-09-26 16:44:00";300;0;;300;;;300;0;0;0;"Estimées";;;;;;;""
2016;1448;"24";"24042";"Biras";"2016-09-26 16:48:00";1500;1500;;0;;;0;;;0;;;;;;;;""
2016;1906;"33";"33502";"Saugon";"2016-09-26 17:28:00";2000;2000;;0;;;0;;;0;;;;;;;;""
2016;1905;"33";"33473";"Saint-Savin";"2016-09-26 17:41:00";3000;3000;;0;;;0;;;0;;;;;;;;""
2016;622;"46";"46133";"Issepts";"2016-09-26 23:34:00";100;0;;100;;;100;0;0;0;"Estimées";;;;;;;""
2016;1397;"72";"72299";"Saint-Mars-d'Outillé";"2016-09-27 13:25:00";2000;2000;;0;;;0;0;0;0;"Estimées";;;;;;;""
2016;875;"15";"15152";"Pierrefort";"2016-09-27 15:25:00";6000;0;;6000;;;6000;0;0;0;"Estimées";;;;;;;""
2016;1666;"47";"47028";"Birac-sur-Trec";"2016-09-27 16:04:00";2500;500;;0;;;0;;;2000;;;;;;;;""
2016;2522;"40";"40262";"Saint-Gor";"2016-09-27 17:24:00";1500;1500;;0;;;0;;;0;;;"Involontaire (travaux)";;;;;""
2016;11479;"30";"30105";"Dourbies";"2016-09-27 17:41:00";502;;;;;;;;;;;"2";"Malveillance";;;;;""
2016;1901;"33";"33293";"Montussan";"2016-09-27 17:55:00";10;10;;0;;;0;;;0;;;"Accidentelle";;;;;""
2016;623;"46";"46201";"Montcuq-en-Quercy-Blanc";"2016-09-27 20:36:00";600;0;;600;;;600;0;0;0;"Estimées";;;;;;;""
2016;11322;"66";"66107";"Maury";"2016-09-28 04:12:00";25000;10000;15000;;;;;;;;;"2";"Accidentelle";;;;;""
2016;1899;"33";"33076";"Budos";"2016-09-28 04:32:00";200;200;;0;;;0;;;0;;;"Accidentelle";;;;;""
2016;681;"23";"23029";"Le Bourg-d'Hem";"2016-09-28 11:33:00";30000;0;;30000;;;30000;0;0;0;"Estimées";;"Involontaire (travaux)";;;;;""
2016;11642;"2A";"2A362";"Zonza";"2016-09-28 12:17:00";5600;1000;4600;;;;;;;;;"1";;;;;;""
2016;11119;"2B";"2B140";"Lento";"2016-09-28 12:18:00";98500;;98500;;;;;;;;;"1";"Malveillance";;;;;""
2016;11323;"66";"66162";"Rigarda";"2016-09-28 13:23:00";10000;10000;;;;;;;;;;"3";;;;;;""
2016;11324;"66";"66192";"Sauto";"2016-09-28 14:57:00";80000;20000;60000;;;;;;;;;"1";"Involontaire (particulier)";;;;;""
2016;11643;"2A";"2A209";"Peri";"2016-09-28 16:06:00";5000;;5000;;;;;;;;;"1";;;;;;""
2016;1896;"33";"33357";"Roaillan";"2016-09-28 16:14:00";1000;1000;;0;;;0;;;0;;;;;;;;""
2016;876;"15";"15206";"Saint-Pierre";"2016-09-28 16:15:00";30000;0;;30000;;;30000;0;0;0;"Estimées";;;;;;;""
2016;626;"46";"46329";"Vaylats";"2016-09-28 16:31:00";30000;30000;;0;;;0;0;0;0;"Estimées";;;;;;;""
2016;877;"15";"15187";"Saint-Flour";"2016-09-28 17:00:00";30000;0;;30000;;;30000;0;0;0;"Estimées";;;;;;;""
2016;1895;"33";"33262";"Macau";"2016-09-28 17:10:00";600;600;;0;;;0;;;0;;;;;;;;""
2016;627;"46";"46317";"Thégra";"2016-09-28 17:12:00";500;0;;500;;;500;0;0;0;"Estimées";;;;;;;""
2016;628;"46";"46042";"Cahors";"2016-09-28 17:22:00";1500;0;;1500;;;1500;0;0;0;"Estimées";;;;;;;""
2016;12001;"11";"11203";"Lézignan-Corbières";"2016-09-28 17:40:00";350;;;;;;;;;;;;"Malveillance";;;;;""
2016;1186;"45";"45226";"Neuvy-en-Sullias";"2016-09-28 17:47:00";15000;0;;15000;;;15000;0;0;0;"Estimées";;;;;;;""
2016;12163;"11";"11069";"Carcassonne";"2016-09-28 18:14:00";6000;;;;;;;;;;;;"Malveillance";;;;;""
2016;12162;"11";"11069";"Carcassonne";"2016-09-28 18:14:00";5000;;;;;;;;;;;;"Malveillance";;;;;""
2016;629;"46";"46210";"Nadillac";"2016-09-28 20:24:00";2500;2500;;0;;;0;0;0;0;"Estimées";;;;;;;""
2016;12164;"11";"11069";"Carcassonne";"2016-09-28 23:51:00";500;;;;;;;;;;;;"Malveillance";;;;;""
2016;12165;"11";"11037";"Berriac";"2016-09-29 01:28:00";100;;;;;;;;;;;;"Malveillance";;;;;""
2016;1892;"33";"33073";"Braud-et-Saint-Louis";"2016-09-29 13:34:00";14000;14000;;0;;;0;;;0;;;;;;;;""
2016;1891;"33";"33199";"Gujan-Mestras";"2016-09-29 13:40:00";2;2;;0;;;0;;;0;;;;;;;;""
2016;748;"12";"12251";"Saint-Victor-et-Melvieu";"2016-09-29 14:12:00";50;0;;50;;;50;0;0;0;"Estimées";;;;;;;""
2016;630;"46";"46173";"Limogne-en-Quercy";"2016-09-29 15:32:00";7000;7000;;0;;;0;0;0;0;"Estimées";;;;;;;""
2016;11496;"30";"30093";"Conqueyrac";"2016-09-29 16:01:00";500;;;;;;;;;;;"1";;;;;;""
2016;1888;"33";"33417";"Sainte-Hélène";"2016-09-29 16:04:00";250;250;;0;;;0;;;0;;;"Accidentelle";;;;;""
2016;12166;"11";"11069";"Carcassonne";"2016-09-29 17:28:00";8200;;;;;;;;;;;;"Malveillance";;;;;""
2016;4606;"36";"36006";"Argenton-sur-Creuse";"2016-09-29 17:59:00";700;700;;0;;;0;0;0;0;"Estimées";;;;;;;""
2016;878;"15";"15104";"Leynhac";"2016-09-29 18:30:00";10000;0;;10000;;;10000;0;0;0;"Estimées";;;;;;;""
2016;1885;"33";"33184";"Générac";"2016-09-29 18:49:00";500;500;;0;;;0;;;0;;;;;;;;""
2016;11120;"2B";"2B320";"Tallone";"2016-09-29 19:53:00";5000;;;;;;;;;;;"1";;;;;;""
2016;11320;"66";"66069";"Espira-de-l'Agly";"2016-09-30 08:44:00";200;200;;;;;;;;;;"4";;;;;;""
2016;11553;"34";"34069";"Cazouls-lès-Béziers";"2016-09-30 08:50:00";1300;1300;;;;;;;;;;"3";"Malveillance";;;;;""
2016;11321;"66";"66096";"Latour-de-France";"2016-09-30 11:18:00";3000;;3000;;;;;;;;;"1";;;;;;""
2016;12167;"11";"11069";"Carcassonne";"2016-09-30 14:16:00";150;;;;;;;;;;;;"Involontaire (travaux)";;;;;""
2016;957;"31";"31584";"Villemur-sur-Tarn";"2016-09-30 15:13:00";10000;10000;;0;;;0;0;0;0;"Estimées";;;;;;;""
2016;843;"38";"38087";"Chasse-sur-Rhône";"2016-09-30 15:44:00";5000;0;;5000;;;5000;0;0;0;"Estimées";;;;;;;""
2016;635;"46";"46131";"Grèzes";"2016-09-30 16:06:00";150;0;;150;;;150;0;0;0;"Estimées";;;;;;;""
2016;11645;"2A";"2A359";"Zicavo";"2016-09-30 19:18:00";18000;;18000;;;;;;;;;"1";"Malveillance";;;;;""
2016;12168;"11";"11037";"Berriac";"2016-09-30 22:24:00";200;;;;;;;;;;;;"Malveillance";;;;;""
2016;1881;"33";"33450";"Saint-Michel-de-Castelnau";"2016-09-30 23:27:00";10000;10000;;0;;;0;;;0;;;;;;;;""
2016;12169;"11";"11069";"Carcassonne";"2016-10-01 02:11:00";600;;;;;;;;;;;;"Involontaire (travaux)";;;;;""
2016;11162;"2B";"2B238";"Poggio-di-Venaco";"2016-10-01 13:48:00";15000;;;;;;;;;;;"1";;;;;;""
2016;11646;"2A";"2A048";"Calcatoggio";"2016-10-01 14:21:00";100;;;;;;;;;;;;;;;;;""
2016;12170;"11";"11069";"Carcassonne";"2016-10-02 15:29:00";10;;;;;;;;;;;;"Accidentelle";;;;;""
2016;1243;"31";"31445";"Quint-Fonsegrives";"2016-10-02 17:41:00";15000;0;;10000;;;10000;5000;0;5000;"Estimées";;;;;;;""
2016;11202;"06";"06126";"Saint-Martin-du-Var";"2016-10-02 17:50:00";660;660;;;;;;;;;;"5";"Involontaire (particulier)";;;;;""
2016;1878;"33";"33450";"Saint-Michel-de-Castelnau";"2016-10-02 18:28:00";400;400;;0;;;0;;;0;;;;;;;;""
2016;11165;"2B";"2B355";"Volpajola";"2016-10-03 10:42:00";20000;;;;;;;;;;;"1";;;;;;""
2016;11647;"2A";"2A247";"Porto-Vecchio";"2016-10-03 12:53:00";50;;50;;;;;;;;;"1";;;;;;""
2016;11558;"34";"34326";"Vélieux";"2016-10-03 13:06:00";1600;1600;;;;;;;;;;"2";"Malveillance";;;;;""
2016;11648;"2A";"2A035";"Belvédère-Campomoro";"2016-10-03 14:23:00";50;;50;;;;;;;;;;;;;;;""
2016;11319;"66";"66174";"Saint-Féliu-d'Avall";"2016-10-03 14:31:00";10000;5000;5000;;;;;;;;;"3";"Involontaire (particulier)";;;;;""
2016;1877;"33";"33214";"Lacanau";"2016-10-03 14:56:00";7000;7000;;0;;;0;;;0;;;;;;;;""
2016;11167;"2B";"2B079";"Castello-di-Rostino";"2016-10-03 16:25:00";5000;;;;;;;;;;;"1";;;;;;""
2016;11203;"06";"06057";"L'Escarène";"2016-10-03 16:42:00";5770;5770;;;;;;;;;;"4";"Involontaire (particulier)";;;;;""
2016;11171;"2B";"2B332";"Urtaca";"2016-10-04 13:49:00";500;;;;;;;;;;;"1";;;;;;""
2016;2685;"46";"46137";"Labastide-Marnhac";"2016-10-04 15:11:00";3000;3000;;0;;;0;0;0;0;"Estimées";;;;;;;""
2016;11169;"83";"83050";"Draguignan";"2016-10-04 15:57:00";2000;2000;;;;;;;;;;"5";"Involontaire (particulier)";;;;;""
2016;11571;"34";"34308";"Taussac-la-Billière";"2016-10-04 16:35:00";20;20;;;;;;;;;;"3";"Involontaire (particulier)";;;;;""
2016;2686;"46";"46046";"Calamane";"2016-10-04 17:46:00";2000;2000;;0;;;0;0;0;0;"Estimées";;;;;;;""
2016;11174;"2B";"2B002";"Aghione";"2016-10-04 19:08:00";400;;;;;;;;;;;"1";;;;;;""
2016;1874;"33";"33422";"Saint-Jean-d'Illac";"2016-10-04 23:43:00";1000;1000;;0;;;0;;;0;;;"Accidentelle";;;;;""
2016;1398;"72";"72008";"Arnage";"2016-10-05 15:28:00";4000;4000;;0;;;0;0;0;0;"Estimées";;;;;;;""
2016;11651;"2A";"2A114";"Figari";"2016-10-05 16:00:00";1500;;1500;;;;;;;;;"1";;;;;;""
2016;11652;"2A";"2A085";"Cauro";"2016-10-05 18:01:00";10;;10;;;;;;;;;;;;;;;""
2016;11206;"2B";"2B242";"Poggio-Mezzana";"2016-10-05 19:00:00";10000;;10000;;;;;;;;;"1";"Malveillance";;;;;""
2016;11208;"2B";"2B242";"Poggio-Mezzana";"2016-10-06 10:59:00";10000;;10000;;;;;;;;;"1";;;;;;""
2016;12213;"11";"11248";"Montirat";"2016-10-06 14:05:00";10;;;;;;;;;;;;"Naturelle";;;;;""
2016;1187;"45";"45049";"Bouzy-la-Forêt";"2016-10-06 15:37:00";75000;75000;;0;;;0;0;0;0;"Estimées";;;;;;;""
2016;701;"46";"46148";"Lalbenque";"2016-10-07 18:47:00";10000;10000;;0;;;0;0;0;0;"Estimées";;;;;;;""
2016;12207;"06";"06114";"Saint-André-de-la-Roche";"2016-10-08 14:37:00";4004;;;;;;;;;;;"1";"Involontaire (particulier)";;;;;""
2016;11390;"66";"66037";"Canet-en-Roussillon";"2016-10-08 16:18:00";7000;;7000;;;;;;;;;"1";"Involontaire (travaux)";;;;;""
2016;1870;"33";"33051";"Biganos";"2016-10-08 20:56:00";5000;5000;;0;;;0;;;0;;;;;;;;""
2016;1245;"31";"31265";"Lagraulet-Saint-Nicolas";"2016-10-09 13:00:00";20000;0;;15000;;;15000;5000;0;5000;"Estimées";;;;;;;""
2016;11274;"2B";"2B123";"Ghisonaccia";"2016-10-09 13:35:00";15000;;15000;;;;;;;;;"1";;;;;;""
2016;11396;"66";"66140";"Pézilla-la-Rivière";"2016-10-09 13:53:00";2000;;2000;;;;;;;;;"1";;;;;;""
2016;11277;"2B";"2B124";"Ghisoni";"2016-10-09 14:40:00";200;;;;;;;;;;;"1";;;;;;""
2016;1868;"33";"33199";"Gujan-Mestras";"2016-10-09 15:37:00";300;300;;0;;;0;;;0;;;;;;;;""
2016;11290;"83";"83048";"La Croix-Valmer";"2016-10-09 15:56:00";3000;3000;;;;;;;;;;"5";"Involontaire (particulier)";;;;;""
2016;1246;"31";"31182";"Fenouillet";"2016-10-09 16:02:00";8000;0;;4000;;;4000;0;4000;4000;"Estimées";;;;;;;""
2016;702;"46";"46227";"Promilhanes";"2016-10-09 16:20:00";500;0;;500;;;500;0;0;0;"Estimées";;;;;;;""
2016;11653;"2A";"2A259";"Rezza";"2016-10-09 16:44:00";1000;;;;;;;;;;;;;;;;;""
2016;1867;"33";"33397";"Sainte-Eulalie";"2016-10-09 16:45:00";1;1;;0;;;0;;;0;;;;;;;;""
2016;11279;"2B";"2B320";"Tallone";"2016-10-09 16:56:00";3000;;3000;;;;;;;;;"1";;;;;;""
2016;11878;"13";"13106";"Septèmes-les-Vallons";"2016-10-09 18:16:00";2500;2500;;;;;;;;;;"4";"Involontaire (particulier)";;;;;""
2016;11654;"2A";"2A089";"Ciamannacce";"2016-10-10 11:57:00";500;;500;;;;;;;;;"1";;;;;;""
2016;703;"46";"46063";"Castelnau-Montratier";"2016-10-10 13:24:00";200;0;;200;;;200;0;0;0;"Estimées";;;;;;;""
2016;11593;"34";"34235";"Rosis";"2016-10-10 13:55:00";396200;6200;390000;;;;;;;;;"1";"Malveillance";;;;;""
2016;671;"17";"17021";"Arvert";"2016-10-10 14:48:00";5000;5000;;0;;;0;0;0;0;"Estimées";;;;;;;""
2016;704;"46";"46038";"Bretenoux";"2016-10-10 15:41:00";5000;0;;5000;;;5000;0;0;0;"Estimées";;;;;;;""
2016;848;"38";"38524";"Varces-Allières-et-Risset";"2016-10-10 16:43:00";1000;0;;1000;;;1000;0;0;0;"Estimées";;;;;;;""
2016;1862;"33";"33527";"Le Teich";"2016-10-11 07:43:00";2000;2000;;0;;;0;;;0;;;;;;;;""
2016;11402;"66";"66069";"Espira-de-l'Agly";"2016-10-11 11:10:00";10000;2000;8000;;;;;;;;;"1";"Malveillance";;;;;""
2016;12322;"66";"66069";"Espira-de-l'Agly";"2016-10-11 11:10:00";10000;5000;5000;;;;;;;;;"4";"Malveillance";;;;;""
2016;12321;"66";"66190";"Salses-le-Château";"2016-10-11 11:44:00";535000;;535000;;;;;;;;;"1";"Involontaire (travaux)";;;;;""
2016;11337;"83";"83033";"Carnoules";"2016-10-11 12:32:00";1000;1000;;;;;;;;;;"5";"Involontaire (particulier)";;;;;""
2016;11335;"84";"84077";"Modène";"2016-10-11 13:51:00";10000;;;;;;;;;;;;;;;;;""
2016;1860;"33";"33527";"Le Teich";"2016-10-11 14:11:00";5000;5000;;0;;;0;;;0;;;;;;;;""
2016;1188;"45";"45122";"Dampierre-en-Burly";"2016-10-11 14:41:00";30000;30000;;0;;;0;0;0;0;"Estimées";;;;;;;""
2016;11425;"05";"05081";"Montclus";"2016-10-11 15:44:00";26800;;;;;;;;;;;;"Involontaire (particulier)";;;;;""
2016;705;"46";"46307";"Soturac";"2016-10-11 16:13:00";200;0;;200;;;200;0;0;0;"Estimées";;;;;;;""
2016;706;"46";"46045";"Cajarc";"2016-10-11 17:48:00";3000;0;;3000;;;3000;0;0;0;"Estimées";;;;;;;""
2016;12323;"66";"66108";"Millas";"2016-10-11 18:08:00";500;500;;;;;;;;;;"3";"Malveillance";;;;;""
2016;1858;"33";"33262";"Macau";"2016-10-11 19:30:00";500;500;;0;;;0;;;0;;;"Malveillance";;;;;""
2016;747;"12";"12172";"Le Nayrac";"2016-10-12 10:50:00";4000;0;;4000;;;4000;0;0;0;"Estimées";;"Accidentelle";;;;;""
2016;11604;"34";"34178";"Murviel-lès-Béziers";"2016-10-12 11:10:00";40300;10000;10000;;;;;;;20300;;"1";"Malveillance";;;;;""
2016;11342;"2B";"2B123";"Ghisonaccia";"2016-10-12 13:50:00";500;;300;;;;;;;200;;"1";"Malveillance";;;;;""
2016;11655;"2A";"2A348";"Vico";"2016-10-12 15:05:00";100;;100;;;;;;;;;;;;;;;""
2016;1247;"31";"31182";"Fenouillet";"2016-10-12 16:02:00";60000;0;;40000;;;40000;10000;10000;20000;"Estimées";;;;;;;""
2016;1856;"33";"33009";"Arcachon";"2016-10-12 16:03:00";30;30;;0;;;0;;;0;;;;;;;;""
2016;11613;"34";"34184";"Nizas";"2016-10-12 18:03:00";500;500;;;;;;;;;;"3";"Involontaire (travaux)";;;;;""
2016;11656;"2A";"2A348";"Vico";"2016-10-12 19:04:00";10;;10;;;;;;;;;;;;;;;""
2016;1855;"33";"33496";"Sallebuf";"2016-10-12 19:45:00";15;15;;0;;;0;;;0;;;;;;;;""
2016;707;"46";"46158";"Lascabanes";"2016-10-13 09:48:00";150;0;;150;;;150;0;0;0;"Estimées";;;;;;;""
2016;12324;"66";"66190";"Salses-le-Château";"2016-10-13 10:37:00";200;200;;;;;;;;;;"4";"Involontaire (travaux)";;;;;""
2016;11658;"2A";"2A041";"Bonifacio";"2016-10-15 16:22:00";50;;50;;;;;;;;;;;;;;;""
2016;708;"46";"46193";"Miers";"2016-10-15 23:35:00";300;0;;300;;;300;0;0;0;"Estimées";;;;;;;""
2016;1248;"31";"31480";"Sainte-Foy-d'Aigrefeuille";"2016-10-16 17:42:00";30000;0;;20000;;;20000;10000;0;10000;"Estimées";;;;;;;""
2016;11659;"2A";"2A203";"Partinello";"2016-10-17 13:57:00";50;;;;;;;;;;;;;;;;;""
2016;11660;"2A";"2A268";"Sampolo";"2016-10-17 18:38:00";50;;50;;;;;;;;;"1";;;;;;""
2016;1851;"33";"33007";"Arbanats";"2016-10-18 10:39:00";20;20;;0;;;0;;;0;;;;;;;;""
2016;12002;"11";"11318";"Roquecourbe-Minervois";"2016-10-18 15:48:00";37013;;;;;;;;;;;;"Involontaire (travaux)";;;;;""
2016;1850;"33";"33262";"Macau";"2016-10-18 19:19:00";10;10;;0;;;0;;;0;;;;;;;;""
2016;11662;"2A";"2A041";"Bonifacio";"2016-10-19 14:36:00";100;;;;;;;;;;;;;;;;;""
2016;1848;"33";"33003";"Ambarès-et-Lagrave";"2016-10-19 14:43:00";5;5;;0;;;0;;;0;;;"Malveillance";;;;;""
2016;11640;"04";"04112";"Manosque";"2016-10-19 18:14:00";460;;460;;;;;;;;;"1";"Involontaire (travaux)";;;;;""
2016;856;"46";"46063";"Castelnau-Montratier";"2016-10-20 14:51:00";500;0;;500;;;500;0;0;0;"Estimées";;;;;;;""
2016;1846;"33";"33473";"Saint-Savin";"2016-10-20 15:42:00";100;100;;0;;;0;;;0;;;;;;;;""
2016;12325;"66";"66069";"Espira-de-l'Agly";"2016-10-20 17:11:00";500;500;;;;;;;;;;"4";;;;;;""
2016;11663;"2A";"2A204";"Pastricciola";"2016-10-22 13:30:00";100;;100;;;;;;;;;"2";;;;;;""
2016;961;"12";"12305";"Viviez";"2016-10-22 15:31:00";800;0;;800;;;800;0;0;0;"Estimées";;;;;;;""
2016;11621;"06";"06088";"Nice";"2016-10-22 15:48:00";2640;2640;;;;;;;;;;"5";"Involontaire (particulier)";;;;;""
2016;12003;"11";"11311";"Ribaute";"2016-10-22 18:40:00";5;;;;;;;;;;;;"Involontaire (particulier)";;;;;""
2016;2518;"40";"40281";"Saint-Pierre-du-Mont";"2016-10-23 17:57:00";500;500;;0;;;0;;;0;;;"Accidentelle";;;;;""
2016;12327;"66";"66030";"Calce";"2016-10-23 18:57:00";500;;500;;;;;;;;;"1";"Malveillance";;;;;""
2016;11622;"2B";"2B314";"Santo-Pietro-di-Tenda";"2016-10-24 16:00:00";20000;;20000;;;;;;;;;"1";"Involontaire (travaux)";;;;;""
2016;12328;"66";"66175";"Saint-Génis-des-Fontaines";"2016-10-24 23:41:00";200;200;;;;;;;;;;"6";"Accidentelle";;;;;""
2016;12130;"2A";"2A357";"Zérubia";"2016-10-25 15:54:00";9;;9;;;;;;;;;;;;;;;""
2016;12329;"66";"66217";"Trouillas";"2016-10-26 18:15:00";150;150;;;;;;;;;;"6";"Involontaire (travaux)";;;;;""
2016;12330;"66";"66217";"Trouillas";"2016-10-27 14:57:00";2000;500;1500;;;;;;;;;"6";"Involontaire (travaux)";;;;;""
2016;12131;"2A";"2A139";"Lecci";"2016-10-28 05:40:00";2500;;2500;;;;;;;;;;;;;;;""
2016;12132;"2A";"2A247";"Porto-Vecchio";"2016-10-28 11:18:00";50;;50;;;;;;;;;;;;;;;""
2016;11740;"06";"06163";"Tende";"2016-10-28 14:37:00";19900;19000;900;;;;;;;;;"4";;;;;;""
2016;12133;"2A";"2A186";"Olivese";"2016-10-28 14:50:00";200;;;;;;;;;;;;;;;;;""
2016;959;"17";"17079";"Chaillevette";"2016-10-28 15:53:00";100;100;;0;;;0;0;0;0;"Estimées";;;;;;;""
2016;11665;"2B";"2B039";"Bisinchi";"2016-10-29 12:32:00";1000;;;;;;;;;;;"1";;;;;;""
2016;11666;"2B";"2B050";"Calvi";"2016-10-29 12:54:00";10;;;;;;;;;;;"1";;;;;;""
2016;11667;"2B";"2B039";"Bisinchi";"2016-10-29 13:08:00";40000;;;;;;;;;;;"1";;;;;;""
2016;12134;"2A";"2A004";"Ajaccio";"2016-10-29 20:19:00";300;;300;;;;;;;;;;;;;;;""
2016;12135;"2A";"2A200";"Palneca";"2016-10-30 07:09:00";600;;;;;;;;;;;;;;;;;""
2016;884;"15";"15038";"Champs-sur-Tarentaine-Marchal";"2016-10-30 12:40:00";1500;0;;1500;;;1500;0;0;0;"Estimées";;;;;;;""
2016;11668;"2B";"2B292";"Sant'Andréa-di-Bozio";"2016-10-30 13:36:00";25000;;;;;;;;;;;"1";;;;;;""
2016;960;"15";"15231";"Talizat";"2016-10-30 16:07:00";10000;0;;10000;;;10000;0;0;0;"Estimées";;;;;;;""
2016;2515;"40";"40217";"Parentis-en-Born";"2016-10-30 16:09:00";3;3;;0;;;0;;;0;;;"Involontaire (particulier)";;;;;""
2016;11741;"2B";"2B059";"Canavaggia";"2016-10-31 14:55:00";1000;;;;;;;;;;;"1";;;;;;""
2016;2220;"33";"33203";"Hourtin";"2016-10-31 15:10:00";1000;1000;;0;;;0;;;0;;;"Involontaire (particulier)";;;;;""
2016;1341;"32";"32118";"Durban";"2016-10-31 15:52:00";15000;15000;;0;;;0;0;0;0;"Estimées";;"Malveillance";;;;;""
2016;11742;"2B";"2B292";"Sant'Andréa-di-Bozio";"2016-10-31 15:57:00";1;;;;;;;;;;;"3";;;;;;""
2016;11743;"2B";"2B079";"Castello-di-Rostino";"2016-10-31 22:16:00";25000;;25000;;;;;;;;;"1";;;;;;""
2016;12214;"11";"11024";"Bages";"2016-11-01 10:53:00";4200;;;;;;;;;;;;"Involontaire (travaux)";;;;;""
2016;12331;"66";"66082";"Formiguères";"2016-11-01 12:21:00";250;250;;;;;;;;;;"4";"Involontaire (particulier)";;;;;""
2016;1217;"12";"12286";"Vabres-l'Abbaye";"2016-11-01 17:07:00";80;0;;80;;;80;0;0;0;"Estimées";;;;;;;""
2016;11840;"2B";"2B121";"Galéria";"2016-11-01 18:00:00";20000;20000;;;;;;;;;;"2";"Malveillance";;;;;""
2016;932;"46";"46109";"Fontanes";"2016-11-01 18:02:00";300;0;;300;;;300;0;0;0;"Estimées";;;;;;;""
2016;11841;"2B";"2B049";"Calenzana";"2016-11-02 17:21:00";60;;60;;;;;;;;;"1";;;;;;""
2016;1250;"31";"31133";"Cazeaux-de-Larboust";"2016-11-02 19:00:00";100000;0;;100000;;;100000;0;0;0;"Estimées";;;;;;;""
2016;12216;"11";"11386";"Talairan";"2016-11-03 11:07:00";10;;;;;;;;;;;;;;;;;""
2016;11842;"2B";"2B337";"Valle-di-Rostino";"2016-11-03 13:07:00";2000;;;;;;;;;;;"1";;;;;;""
2016;2216;"33";"33056";"Blanquefort";"2016-11-03 14:01:00";500;500;;0;;;0;;;0;;;"Accidentelle";;;;;""
2016;12529;"26";"26103";"Condorcet";"2016-11-03 14:18:00";30000;30000;;;;;;;;;;;;;;;;""
2016;12217;"11";"11315";"Rieux-Minervois";"2016-11-03 16:15:00";12962;;;;;;;;;;;;"Accidentelle";;;;;""
2016;930;"43";"43091";"Les Estables";"2016-11-03 17:39:00";10000;0;;2000;;;2000;8000;0;8000;"Estimées";;"Involontaire (particulier)";;;;;""
2016;934;"46";"46201";"Montcuq-en-Quercy-Blanc";"2016-11-03 19:12:00";200;0;;200;;;200;0;0;0;"Estimées";;;;;;;""
2016;12218;"11";"11170";"Gruissan";"2016-11-05 12:05:00";1;;;;;;;;;;;;;;;;;""
2016;12611;"2A";"2A362";"Zonza";"2016-11-05 17:46:00";40;;;;;;;;;40;;;;;;;;""
2016;2215;"33";"33104";"Castelnau-de-Médoc";"2016-11-07 08:40:00";50;50;;0;;;0;;;0;;;"Malveillance";;;;;""
2016;12012;"2B";"2B016";"Antisanti";"2016-11-10 17:28:00";2;;;;;;;;;;;"1";;;;;;""
2016;12320;"66";"66069";"Espira-de-l'Agly";"2016-11-11 06:13:00";10000;5000;5000;;;;;;;;;"4";;;;;;""
2016;12053;"83";"83043";"Collobrières";"2016-11-11 13:16:00";30;30;;;;;;;;;;"3";"Involontaire (travaux)";;;;;""
2016;12058;"2B";"2B350";"Vignale";"2016-11-12 06:45:00";500;;;;;;;;;;;"1";;;;;;""
2016;12059;"2B";"2B201";"Pancheraccia";"2016-11-12 15:06:00";300;;;;;;;;;;;"1";;;;;;""
2016;12180;"04";"04088";"Forcalquier";"2016-11-12 15:47:00";120;120;;;;;;;;;;"4";"Involontaire (particulier)";;;;;""
2016;12061;"2B";"2B152";"Luri";"2016-11-12 18:27:00";350;;;;;;;;;;;"1";;;;;;""
2016;12219;"11";"11386";"Talairan";"2016-11-19 19:22:00";300;;;;;;;;;;;;"Involontaire (travaux)";;;;;""
2016;12317;"66";"66164";"Rivesaltes";"2016-11-21 16:36:00";20000;;20000;;;;;;;;;"1";"Involontaire (travaux)";;;;;""
2016;2213;"33";"33459";"Saint-Pey-d'Armens";"2016-11-23 23:04:00";15;15;;0;;;0;;;0;;;"Accidentelle";;;;;""
2016;12220;"11";"11240";"Montazels";"2016-11-27 15:10:00";80;;;;;;;;;;;;"Involontaire (particulier)";;;;;""
2016;12175;"05";"05164";"Savines-le-Lac";"2016-12-01 11:58:00";60000;;;;;;;;;;;;"Involontaire (particulier)";;;;;""
2016;12199;"06";"06074";"Lantosque";"2016-12-01 15:43:00";3170;3170;;;;;;;;;;"4";;;;;;""
2016;1251;"31";"31337";"Melles";"2016-12-01 16:00:00";200000;0;;200000;;;200000;0;0;0;"Estimées";;;;;;;""
2016;1238;"15";"15236";"Thiézac";"2016-12-02 17:32:00";2000;0;;2000;;;2000;0;0;0;"Estimées";;;;;;;""
2016;12612;"2A";"2A119";"Frasseto";"2016-12-04 12:58:00";15000;;15000;;;;;;;;;;;;;;;""
2016;12191;"2B";"2B352";"Ville-di-Paraso";"2016-12-05 14:24:00";2500;;;;;;;;;;;"1";;;;;;""
2016;12613;"2A";"2A141";"Letia";"2016-12-05 16:35:00";3500;;3500;;;;;;;0;;"1";"Malveillance";;;;;""
2016;1219;"12";"12251";"Saint-Victor-et-Melvieu";"2016-12-05 16:40:00";50;0;;50;;;50;0;0;0;"Estimées";;;;;;;""
2016;12615;"2A";"2A312";"Santa-Maria-Siché";"2016-12-06 07:45:00";10000;;10000;;;;;;;;;"1";"Malveillance";;;;;""
2016;1215;"73";"73024";"Les Avanchers-Valmorel";"2016-12-06 13:22:00";20000;0;;20000;;;20000;0;0;0;"Estimées";;;;;;;""
2016;12221;"11";"11310";"Rennes-les-Bains";"2016-12-06 16:19:00";300;;;;;;;;;;;;;;;;;""
2016;12616;"2A";"2A131";"Guagno";"2016-12-07 15:26:00";3000;;3000;;;;;;;;;"5";;;;;;""
2016;1194;"68";"68249";"Orbey";"2016-12-07 15:36:00";30000;10000;;20000;;;20000;0;0;0;"Estimées";;"Involontaire (travaux)";;;;;""
2016;1290;"12";"12272";"Sonnac";"2016-12-07 18:22:00";4000;0;;4000;;;4000;0;0;0;"Estimées";;;;;;;""
2016;1218;"12";"12272";"Sonnac";"2016-12-07 18:29:00";4000;0;;4000;;;4000;0;0;0;"Estimées";;;;;;;""
2016;1291;"12";"12270";"Sévérac d'Aveyron";"2016-12-08 14:16:00";10000;0;;10000;;;10000;0;0;0;"Estimées";;;;;;;""
2016;2211;"33";"33529";"La Teste-de-Buch";"2016-12-08 15:08:00";30;30;;0;;;0;;;0;;;"Accidentelle";;;;;""
2016;12200;"06";"06074";"Lantosque";"2016-12-08 16:16:00";11920;11920;;;;;;;;;;"4";"Malveillance";;;;;""
2016;1292;"12";"12251";"Saint-Victor-et-Melvieu";"2016-12-08 16:33:00";50;0;;50;;;50;0;0;0;"Estimées";;;;;;;""
2016;1239;"15";"15069";"Ferrières-Saint-Mary";"2016-12-10 11:45:00";5000;0;;5000;;;5000;0;0;0;"Estimées";;;;;;;""
2016;1240;"15";"15102";"Lavigerie";"2016-12-10 12:47:00";6000;0;;6000;;;6000;0;0;0;"Estimées";;;;;;;""
2016;1352;"09";"09040";"La Bastide-de-Lordat";"2016-12-10 17:17:00";50000;0;;50000;;;50000;0;0;0;"Estimées";;;;;;;""
2016;1354;"09";"09214";"Moulis";"2016-12-11 07:39:00";250000;0;;250000;;;250000;0;0;0;"Estimées";;;;;;;""
2016;12197;"04";"04023";"Bayons";"2016-12-11 11:18:00";1358000;415000;123300;;;;;;;819700;;"1";"Involontaire (travaux)";;;;;""
2016;12210;"48";"48155";"Saint-Germain-de-Calberte";"2016-12-12 10:27:00";500;;500;;;;;;;;;"1";"Involontaire (particulier)";;;;;""
2016;12672;"48";"48004";"Altier";"2016-12-12 12:21:00";50000;;50000;;;;;;;;;;;;;;;""
2016;12201;"06";"06077";"Lucéram";"2016-12-12 19:54:00";320;320;;;;;;;;;;"4";;;;;;""
2016;1356;"09";"09092";"Cazenave-Serres-et-Allens";"2016-12-13 06:17:00";400000;0;;400000;;;400000;0;0;0;"Estimées";;;;;;;""
2016;12208;"06";"06151";"Utelle";"2016-12-13 14:22:00";1000;;;;;;;;;;;;;;;;;""
2016;1252;"31";"31017";"Arlos";"2016-12-13 15:26:00";30000;0;;20000;;;20000;10000;0;10000;"Estimées";;;;;;;""
2016;1241;"15";"15113";"Mandailles-Saint-Julien";"2016-12-13 15:50:00";3000;0;;3000;;;3000;0;0;0;"Estimées";;;;;;;""
2016;1358;"09";"09088";"Caychax";"2016-12-13 16:43:00";20000;0;;20000;;;20000;0;0;0;"Estimées";;;;;;;""
2016;12209;"06";"06074";"Lantosque";"2016-12-13 17:32:00";143700;137700;6000;;;;;;;;;"4";;;;;;""
2016;12222;"11";"11303";"Puivert";"2016-12-14 12:40:00";1000;;;;;;;;;;;;"Involontaire (particulier)";;;;;""
2016;1254;"31";"31064";"Benque-Dessous-et-Dessus";"2016-12-14 14:34:00";1100000;0;;100000;;;100000;1000000;0;1000000;"Estimées";;"Involontaire (travaux)";;;;;""
2016;1227;"46";"46191";"Mercuès";"2016-12-15 17:39:00";500;0;;500;;;500;0;0;0;"Estimées";;;;;;;""
2016;1263;"38";"38521";"La Valette";"2016-12-16 16:34:00";1000;0;;1000;;;1000;0;0;0;"Estimées";;;;;;;""
2016;12203;"2B";"2B049";"Calenzana";"2016-12-18 11:59:00";1000;;;;;;;;;;;"1";;;;;;""
2016;12205;"2B";"2B320";"Tallone";"2016-12-18 11:59:00";50;;;;;;;;;;;"1";;;;;;""
2016;12552;"04";"04046";"Le Chaffaut-Saint-Jurson";"2016-12-19 17:38:00";10;;;;;;;;;;;;"Involontaire (particulier)";;;;;""
2016;12588;"11";"11257";"Monze";"2016-12-25 07:43:00";250;;;;;;;;;;;;"Accidentelle";;;;;""
2016;1266;"63";"63077";"Chambon-sur-Lac";"2016-12-25 12:00:00";498000;0;;25000;;;25000;473000;0;473000;"Estimées";;;;;;;"Données partielles ou non valides"
2016;12682;"48";"48135";"Saint-André-Capcèze";"2016-12-26 14:36:00";2500;;;;;;;;;;;"3";"Involontaire (particulier)";;;;;""
2016;12678;"48";"48155";"Saint-Germain-de-Calberte";"2016-12-27 11:58:00";3000;;;;;;;;;;;"1";"Involontaire (particulier)";;;;;""
2016;12553;"04";"04193";"Saint-Paul-sur-Ubaye";"2016-12-27 13:23:00";81000;;12700;;;;;;;68300;;"1";"Involontaire (particulier)";;;;;""
2016;12557;"2B";"2B161";"Moïta";"2016-12-28 12:39:00";20000;;;;;;;;;;;"1";;;;;;""
2016;12661;"30";"30154";"Mandagout";"2016-12-28 13:37:00";15000;;;;;;;;;;;"4";"Involontaire (travaux)";;;;;""
2016;12558;"2B";"2B246";"La Porta";"2016-12-28 15:02:00";300;;;;;;;;;;;"1";;;;;;""
2016;1253;"31";"31222";"Gouaux-de-Luchon";"2016-12-29 11:15:00";150000;0;;150000;;;150000;0;0;0;"Estimées";;;;;;;""
2016;12597;"11";"11075";"Castans";"2016-12-29 11:58:00";31770;;;;;;;;;;;;"Involontaire (particulier)";;;;;""
2016;12679;"48";"48171";"Saint-Martin-de-Lansuscle";"2016-12-29 13:16:00";2000;;;;;;;;;;;"3";"Involontaire (particulier)";;;;;""
2016;12550;"06";"06103";"Roquebillière";"2016-12-29 13:58:00";323050;33050;290000;;;;;;;;;"1";"Malveillance";;;;;""
2016;12666;"48";"48182";"Saint-Sauveur-de-Ginestoux";"2016-12-29 15:14:00";8000;;;;;;;;;;;"1";"Involontaire (travaux)";;;;;""
2016;12662;"30";"30154";"Mandagout";"2016-12-29 15:29:00";15000;;;;;;;;;;;"4";"Involontaire (travaux)";;;;;""
2016;12667;"48";"48028";"Les Bondons";"2016-12-29 18:38:00";7000;;;;;;;;;;;"4";;;;;;""
2016;1364;"09";"09192";"Miglos";"2016-12-30 13:44:00";60000;0;;60000;;;60000;0;0;0;"Estimées";;;;;;;""
2016;1365;"09";"09107";"Dun";"2016-12-30 14:17:00";120000;120000;;0;;;0;0;0;0;"Estimées";;;;;;;""
2016;1242;"31";"31434";"Poubeau";"2016-12-30 14:30:00";1800000;0;;100000;;;100000;1700000;0;1700000;"Estimées";;"Accidentelle";;;;;""
2016;12600;"11";"11127";"Escouloubre";"2016-12-30 16:31:00";20000;;;;;;;;;;;;"Involontaire (travaux)";;;;;""
2016;12601;"11";"11028";"Belcaire";"2016-12-30 17:37:00";19197;;;;;;;;;;;;"Involontaire (travaux)";;;;;""
2016;12564;"2B";"2B190";"Olmi-Cappella";"2016-12-31 19:58:00";300;;;;;;;;;;;"1";;;;;;""
2017;5382;"05";"05181";"Villar-d'Arêne";"2017-01-01 00:14:00";2700;;;;;;;;;;;;"Involontaire (particulier)";;;;;""
2017;6938;"11";"11259";"Moussoulens";"2017-01-01 19:42:00";5;;;;;;;;;;;;;;;;;""
2017;14064;"2A";"2A041";"Bonifacio";"2017-01-02 13:50:00";50;;50;;;;;;;;;;;;;;;""
2017;10579;"2B";"2B343";"Venzolasca";"2017-01-02 15:17:00";30000;30000;;;;;;;;;;"2";;;;;;""
2017;6712;"06";"06104";"Roquebrune-Cap-Martin";"2017-01-03 13:05:00";4500;4500;;;;;;;;;;"5";"Involontaire (particulier)";;;;;""
2017;8710;"04";"04057";"Clamensane";"2017-01-03 14:59:00";5000;5000;;;;;;;;;;"4";"Involontaire (particulier)";;;;;""
2017;13891;"66";"66046";"Caudiès-de-Fenouillèdes";"2017-01-03 18:08:00";100;;100;;;;;;;;;"1";"Malveillance";;;;;""
2017;7922;"34";"34168";"Montesquieu";"2017-01-03 19:07:00";4613;;4613;;;;;;;;;"1";"Malveillance";;;;;""
2017;14001;"66";"66048";"Cerbère";"2017-01-03 23:09:00";100;50;50;;;;;;;;;"4";"Involontaire (travaux)";;;;;""
2017;6939;"11";"11115";"Cuxac-Cabardès";"2017-01-04 12:16:00";30;;;;;;;;;;;;;;;;;""
2017;6823;"06";"06050";"Coursegoules";"2017-01-04 13:32:00";14200;14200;;;;;;;;;;"3";"Malveillance";;;;;""
2017;14108;"66";"66147";"Porté-Puymorens";"2017-01-04 13:40:00";350;200;150;;;;;;;;;"3";;;;;;""
2017;6932;"06";"06091";"Peille";"2017-01-04 13:56:00";16500;16500;;;;;;;;;;"3";"Involontaire (particulier)";;;;;""
2017;7153;"06";"06049";"Courmes";"2017-01-04 15:56:00";3140;;3140;;;;;;;;;"1";"Malveillance";;;;;""
2017;7043;"06";"06049";"Courmes";"2017-01-04 16:16:00";9410;;9410;;;;;;;;;"1";"Malveillance";;;;;""
2017;8002;"34";"34200";"Pézènes-les-Mines";"2017-01-04 17:29:00";26600;;26600;;;;;;;;;"1";"Malveillance";;;;;""
2017;731;"15";"15205";"Saint-Paul-de-Salers";"2017-01-04 18:19:00";1000;0;;1000;;;1000;0;0;0;"Estimées";;;;;;;""
2017;9925;"05";"05101";"Pelvoux";"2017-01-05 13:40:00";100300;100300;;;;;;;;;;;"Involontaire (particulier)";;;;;""
2017;8357;"2A";"2A247";"Porto-Vecchio";"2017-01-05 17:05:00";1000;;;;;;;;;;;"3";;;;;;""
2017;11966;"04";"04063";"Corbières";"2017-01-05 17:29:00";1400;1400;;;;;;;;;;"2";"Involontaire (particulier)";;;;;""
2017;8079;"34";"34178";"Murviel-lès-Béziers";"2017-01-05 18:22:00";15227;;15227;;;;;;;;;"1";"Malveillance";;;;;""
2017;170;"09";"09231";"Le Port";"2017-01-06 08:50:00";700000;200000;;0;;;0;500000;0;500000;"Estimées";;;;;;;""
2017;7256;"06";"06077";"Lucéram";"2017-01-06 11:13:00";79300;70000;9300;;;;;;;;;"4";"Involontaire (travaux)";;;;;""
2017;14749;"66";"66005";"Angoustrine-Villeneuve-des-Escaldes";"2017-01-06 14:19:00";1000;200;800;;;;;;;;;"1";;;;;;""
2017;14860;"66";"66134";"Passa";"2017-01-06 14:56:00";100;100;;;;;;;;;;"3";;;;;;""
2017;8448;"34";"34040";"Brenas";"2017-01-06 19:39:00";17600;;;;;;;;;;;;"Involontaire (particulier)";;;;;""
2017;6940;"11";"11056";"Cabrespine";"2017-01-06 20:50:00";1500;;;;;;;;;;;;;;;;;""
2017;172;"09";"09302";"Suc-et-Sentenac";"2017-01-07 09:25:00";5000000;1000000;;0;;;0;4000000;0;4000000;"Estimées";;;;;;;""
2017;6598;"13";"13038";"Fontvieille";"2017-01-07 11:17:00";10000;10000;;;;;;;;;;"1";;;;;;""
2017;11118;"2B";"2B238";"Poggio-di-Venaco";"2017-01-07 11:34:00";20000;;20000;;;;;;;;;"1";;;;;;""
2017;6557;"2A";"2A041";"Bonifacio";"2017-01-07 12:12:00";30;;;;;;;;;;;;;;;;;""
2017;5;"12";"12187";"Prades-d'Aubrac";"2017-01-07 12:20:00";10000;0;;10000;;;10000;0;0;0;"Estimées";;;;;;;""
2017;11666;"48";"48003";"Allenc";"2017-01-07 12:24:00";500;;;;;;;;;;;"1";"Involontaire (travaux)";;;;;""
2017;15625;"66";"66018";"La Bastide";"2017-01-07 12:56:00";3000;3000;;;;;;;;;;"3";"Accidentelle";;;;;""
2017;9363;"13";"13051";"Lançon-Provence";"2017-01-07 13:20:00";15000;10000;5000;;;;;;;;;;"Accidentelle";;;;;""
2017;941;"31";"31085";"Boutx";"2017-01-07 13:58:00";60000;0;;40000;;;40000;20000;0;20000;"Estimées";;"Involontaire (travaux)";;;;;""
2017;12949;"07";"07147";"Malarce-sur-la-Thines";"2017-01-07 14:55:00";30000;;30000;;;;;;;;;"1";"Involontaire (particulier)";;;;;""
2017;12840;"07";"07251";"Saint-Joseph-des-Bancs";"2017-01-07 15:17:00";96000;;96000;;;;;;;;;"1";"Malveillance";;;;;""
2017;11255;"48";"48100";"Montbel";"2017-01-07 15:19:00";50000;;;;;;;;;;;"1";"Involontaire (travaux)";;;;;""
2017;14075;"2A";"2A272";"Sartène";"2017-01-07 15:30:00";1000;;1000;;;;;;;;;"1";"Involontaire (travaux)";;;;;""
2017;11266;"48";"48040";"Chasseradès";"2017-01-07 15:31:00";350000;;350000;;;;;;;;;"1";;;;;;""
2017;6941;"11";"11367";"Saissac";"2017-01-07 16:11:00";21848;;;;;;;;;;;;;;;;;""
2017;10160;"48";"48171";"Saint-Martin-de-Lansuscle";"2017-01-07 16:14:00";700;600;100;;;;;;;;;"2";"Involontaire (particulier)";;;;;""
2017;6;"12";"12298";"Villecomtal";"2017-01-07 17:01:00";8000;0;;8000;;;8000;0;0;0;"Estimées";;"Involontaire (particulier)";;;;;""
2017;7;"12";"12277";"Taussac";"2017-01-07 17:05:00";10000;0;;10000;;;10000;0;0;0;"Estimées";;"Involontaire (particulier)";;;;;""
2017;8;"12";"12214";"Saint-Chély-d'Aubrac";"2017-01-07 17:38:00";20000;0;;20000;;;20000;0;0;0;"Estimées";;;;;;;""
2017;879;"15";"15116";"Marchastel";"2017-01-07 17:50:00";1000;1000;;0;;;0;0;0;0;"Estimées";;;;;;;""
2017;9;"12";"12119";"Laguiole";"2017-01-07 18:02:00";600000;0;;600000;;;600000;0;0;0;"Estimées";;;;;;;""
2017;732;"15";"15096";"Lascelle";"2017-01-07 18:28:00";15000;0;;15000;;;15000;0;0;0;"Estimées";;"Involontaire (particulier)";;;;;""
2017;15284;"48";"48117";"Pourcharesses";"2017-01-07 18:41:00";4000;;;;;;;;;;;"3";"Involontaire (particulier)";;;;;""
2017;10;"12";"12262";"Sauveterre-de-Rouergue";"2017-01-07 19:44:00";400;0;;400;;;400;0;0;0;"Estimées";;;;;;;""
2017;11277;"48";"48100";"Montbel";"2017-01-07 20:09:00";1000;;;;;;;;;;;"1";"Involontaire (particulier)";;;;;""
2017;11;"12";"12088";"Curières";"2017-01-07 20:17:00";20000;0;;20000;;;20000;0;0;0;"Estimées";;;;;;;""
2017;12;"12";"12224";"Saint Geniez d'Olt et d'Aubrac";"2017-01-08 08:14:00";800;0;;800;;;800;0;0;0;"Estimées";;;;;;;""
2017;15736;"66";"66046";"Caudiès-de-Fenouillèdes";"2017-01-08 11:56:00";10000;2000;8000;;;;;;;;;"1";;;;;;""
2017;8211;"34";"34260";"Saint-Gervais-sur-Mare";"2017-01-08 16:09:00";1600;1600;;;;;;;;;;"1";"Involontaire (particulier)";;;;;""
2017;8244;"34";"34097";"Félines-Minervois";"2017-01-08 18:47:00";2570;;2570;;;;;;;;;"1";"Involontaire (particulier)";;;;;""
2017;16171;"66";"66022";"Boule-d'Amont";"2017-01-08 20:28:00";20;20;;;;;;;;;;"2";"Accidentelle";;;;;""
2017;733;"15";"15162";"Riom-ès-Montagnes";"2017-01-08 20:46:00";6000;0;;6000;;;6000;0;0;0;"Estimées";;;;;;;""
2017;12294;"2B";"2B007";"Albertacce";"2017-01-09 16:13:00";2;;;;;;;;;2;;"3";;;;;;""
2017;16282;"66";"66069";"Espira-de-l'Agly";"2017-01-09 17:50:00";3000;2000;1000;;;;;;;;;"4";"Involontaire (travaux)";;;;;""
2017;13172;"34";"34268";"Saint-Jean-de-la-Blaquière";"2017-01-10 14:33:00";34000;;34000;;;;;;;;;"1";"Malveillance";;;;;""
2017;8646;"66";"66041";"Cases-de-Pène";"2017-01-12 00:52:00";100;100;;;;;;;;;;"4";"Malveillance";;;;;""
2017;8657;"66";"66134";"Passa";"2017-01-12 15:08:00";15000;10000;5000;;;;;;;;;"2";"Involontaire (travaux)";;;;;""
2017;6942;"11";"11266";"Port-la-Nouvelle";"2017-01-13 05:50:00";700;;;;;;;;;;;;;;;;;""
2017;7367;"06";"06103";"Roquebillière";"2017-01-13 13:58:00";200;200;;;;;;;;;;"4";"Malveillance";;;;;""
2017;9221;"06";"06074";"Lantosque";"2017-01-13 17:48:00";233030;233030;;;;;;;;;;"4";"Malveillance";;;;;""
2017;8322;"48";"48170";"Saint-Martin-de-Boubaux";"2017-01-14 01:08:00";3100;;;;;;;;;;;"1";;;;;;""
2017;13307;"34";"34268";"Saint-Jean-de-la-Blaquière";"2017-01-14 11:25:00";950;;;;;;;;;;;;;;;;;""
2017;6269;"2B";"2B140";"Lento";"2017-01-14 12:53:00";200;;200;;;;;;;;;"1";;;;;;""
2017;6380;"2B";"2B143";"Linguizzetta";"2017-01-14 13:25:00";500;;;;;;;;;;;"1";;;;;;""
2017;6943;"11";"11255";"Montredon-des-Corbières";"2017-01-14 15:34:00";1;;;;;;;;;;;;;;;;;""
2017;7478;"06";"06041";"Cipières";"2017-01-16 16:23:00";37260;;37260;;;;;;;;;"1";"Malveillance";;;;;""
2017;8536;"04";"04039";"Castellane";"2017-01-16 16:39:00";7900;4000;;;;;;;;3900;;"4";"Involontaire (particulier)";;;;;""
2017;7590;"06";"06066";"Gilette";"2017-01-17 14:36:00";905;905;;;;;;;;;;"5";"Involontaire (particulier)";;;;;""
2017;8844;"66";"66014";"Baixas";"2017-01-17 17:53:00";5000;;5000;;;;;;;;;"1";;;;;;""
2017;8855;"66";"66164";"Rivesaltes";"2017-01-18 16:06:00";500;500;;;;;;;;;;"6";;;;;;""
2017;13438;"34";"34225";"Puisserguier";"2017-01-18 16:34:00";177;;177;;;;;;;;;"1";"Accidentelle";;;;;""
2017;17423;"33";"33015";"Arveyres";"2017-01-18 17:37:00";20;20;;0;;;0;0;0;0;"Estimées";;"Accidentelle";"Non";;;;""
2017;6336;"2A";"2A345";"Vero";"2017-01-18 17:47:00";7200;;7200;;;;;;;;;"1";;;;;;""
2017;8866;"66";"66099";"Llauro";"2017-01-18 18:00:00";200;200;;;;;;;;;;"3";"Involontaire (travaux)";;;;;""
2017;9232;"06";"06070";"Gréolières";"2017-01-19 11:55:00";32270;32270;;;;;;;;;;"3";"Malveillance";;;;;""
2017;8289;"83";"83003";"Ampus";"2017-01-19 12:40:00";3500;3500;;;;;;;;;;"3";"Involontaire (particulier)";;;;;""
2017;9243;"06";"06041";"Cipières";"2017-01-19 16:27:00";15000;;;;;;;;;;;"1";"Malveillance";;;;;""
2017;6945;"11";"11113";"Cucugnan";"2017-01-19 19:03:00";200;;;;;;;;;;;;;;;;;""
2017;6347;"2A";"2A065";"Cargèse";"2017-01-20 20:59:00";200;;;;;;;;;;;;;;;;;""
2017;9254;"06";"06050";"Coursegoules";"2017-01-20 21:47:00";600;600;;;;;;;;;;"3";"Malveillance";;;;;""
2017;3035;"40";"40229";"Pontenx-les-Forges";"2017-01-21 14:48:00";80000;80000;;0;;;0;;;0;;;;;;;;""
2017;15648;"34";"34007";"Aigues-Vives";"2017-01-21 15:33:00";393;;393;;;;;;;;;"1";"Involontaire (travaux)";;;;;""
2017;13;"12";"12272";"Sonnac";"2017-01-21 15:39:00";5000;0;;5000;;;5000;0;0;0;"Estimées";;;;;;;""
2017;9266;"06";"06049";"Courmes";"2017-01-21 17:03:00";31870;;31870;;;;;;;;;"1";"Malveillance";;;;;""
2017;14;"46";"46152";"Lamothe-Fénelon";"2017-01-21 17:27:00";10000;0;;10000;;;10000;0;0;0;"Estimées";;;;;;;""
2017;6546;"2A";"2A189";"Olmeto";"2017-01-21 17:50:00";20;;;;;;;;;;;;;;;;;""
2017;6292;"2A";"2A262";"Rosazia";"2017-01-21 17:59:00";15000;;15000;;;;;;;;;"1";;;;;;""
2017;13500;"34";"34341";"Villeveyrac";"2017-01-21 23:50:00";52321;;52321;;;;;;;;;"1";"Involontaire (travaux)";;;;;""
2017;8514;"83";"83081";"Montauroux";"2017-01-22 08:49:00";400;400;;;;;;;;;;"3";"Involontaire (travaux)";;;;;""
2017;9353;"05";"05011";"Avançon";"2017-01-22 11:31:00";1500;;;;;;;;;;;;"Involontaire (particulier)";;;;;""
2017;8624;"04";"04121";"Mézel";"2017-01-22 16:55:00";140;;140;;;;;;;;;"1";"Involontaire (particulier)";;;;;""
2017;379;"16";"16380";"Le Tâtre";"2017-01-23 12:44:00";30000;30000;;0;;;0;0;0;0;"Estimées";;;;;;;""
2017;8955;"05";"05164";"Savines-le-Lac";"2017-01-23 15:48:00";8300;;;;;;;;;;;;"Involontaire (particulier)";;;;;""
2017;9066;"04";"04182";"Saint-Julien-d'Asse";"2017-01-23 15:49:00";18800;18800;;;;;;;;;;"2";;;;;;""
2017;9077;"04";"04097";"La Javie";"2017-01-23 18:00:00";480;480;;;;;;;;;;"2";"Involontaire (particulier)";;;;;""
2017;9088;"04";"04123";"Mison";"2017-01-23 18:10:00";43700;43700;;;;;;;;;;"2";"Involontaire (particulier)";;;;;""
2017;10756;"84";"84123";"Sault";"2017-01-24 11:59:00";36000;36000;;;;;;;;;;"2";"Involontaire (travaux)";;;;;""
2017;10171;"48";"48096";"Meyrueis";"2017-01-24 15:16:00";3900;;3900;;;;;;;;;"1";"Accidentelle";;;;;""
2017;9288;"06";"06157";"Vence";"2017-01-25 14:14:00";61220;;61220;;;;;;;;;"1";"Involontaire (travaux)";;;;;""
2017;9277;"06";"06074";"Lantosque";"2017-01-25 17:11:00";960;;960;;;;;;;;;"1";"Malveillance";;;;;""
2017;9299;"06";"06017";"Bézaudun-les-Alpes";"2017-01-25 17:50:00";5190;;3000;;;;;;;2190;;"1";;;;;;""
2017;8944;"83";"83033";"Carnoules";"2017-01-26 00:40:00";30;30;;;;;;;;;;"4";"Involontaire (travaux)";;;;;""
2017;23;"46";"46028";"Bétaille";"2017-01-27 12:34:00";600;0;;600;;;600;0;0;0;"Estimées";;;;;;;""
2017;24;"46";"46059";"Carlucet";"2017-01-27 13:33:00";100;0;;100;;;100;0;0;0;"Estimées";;;;;;;""
2017;9342;"2B";"2B121";"Galéria";"2017-01-27 18:31:00";100;;;;;;;;;;;"1";;;;;;""
2017;9155;"05";"05128";"Saint-André-d'Embrun";"2017-01-28 14:58:00";15000;;;;;;;;;;;;;;;;;""
2017;1304;"87";"87187";"Saint-Yrieix-la-Perche";"2017-01-28 17:06:00";2000;2000;;0;;;0;0;0;0;"Estimées";;;;;;;""
2017;6303;"2A";"2A203";"Partinello";"2017-01-28 22:51:00";100;;;;;;;;;;;;;;;;;""
2017;27;"32";"32301";"Ordan-Larroque";"2017-02-01 13:35:00";10000;0;;10000;;;10000;0;0;0;"Estimées";;;;;;;""
2017;9460;"06";"06074";"Lantosque";"2017-02-01 18:56:00";13260;260;13000;;;;;;;;;"1";;;;;;""
2017;297;"38";"38339";"Roche";"2017-02-02 16:34:00";100;0;;100;;;100;0;0;0;"Estimées";;"Involontaire (particulier)";;;;;""
2017;9691;"66";"66207";"Terrats";"2017-02-07 16:27:00";3000;;3000;;;;;;;;;"2";"Malveillance";;;;;""
2017;9714;"66";"66103";"Marquixanes";"2017-02-07 19:31:00";100;100;;;;;;;;;;"3";"Involontaire (particulier)";;;;;""
2017;9725;"66";"66108";"Millas";"2017-02-09 12:18:00";8000;;8000;;;;;;;;;"1";;;;;;""
2017;6946;"11";"11312";"Ribouisse";"2017-02-12 11:42:00";13462;;;;;;;;;;;;;;;;;""
2017;3033;"40";"40161";"Lubbon";"2017-02-13 06:04:00";10600;10600;;0;;;0;;;0;;;"Accidentelle";;;;;""
2017;28;"46";"46325";"Vaillac";"2017-02-13 07:06:00";500;0;;500;;;500;0;0;0;"Estimées";;;;;;;""
2017;29;"46";"46134";"Les Junies";"2017-02-13 11:29:00";5000;0;;5000;;;5000;0;0;0;"Estimées";;;;;;;""
2017;30;"46";"46222";"Pomarède";"2017-02-13 12:20:00";6000;0;;6000;;;6000;0;0;0;"Estimées";;;;;;;""
2017;98;"17";"17113";"La Clotte";"2017-02-13 12:42:00";11000;1000;;0;;;0;10000;0;10000;"Mesurées";;"Naturelle";;;;;""
2017;31;"46";"46195";"Molières";"2017-02-13 13:35:00";5000;0;;5000;;;5000;0;0;0;"Estimées";;;;;;;""
2017;32;"46";"46062";"Castelfranc";"2017-02-13 15:07:00";3000;0;;3000;;;3000;0;0;0;"Estimées";;;;;;;""
2017;11287;"06";"06050";"Coursegoules";"2017-02-13 17:15:00";14230;1230;13000;;;;;;;;;"1";;;;;;""
2017;36;"73";"73211";"Queige";"2017-02-14 17:24:00";500;0;;500;;;500;0;0;0;"Estimées";;;;;;;""
2017;37;"73";"73135";"Hermillon";"2017-02-14 17:59:00";200;200;;0;;;0;0;0;0;"Estimées";;;;;;;""
2017;299;"38";"38075";"Chapareillan";"2017-02-14 18:24:00";400;0;;400;;;400;0;0;0;"Estimées";;;;;;;""
2017;300;"38";"38268";"Le Moutaret";"2017-02-15 13:02:00";1500;0;;1500;;;1500;0;0;0;"Estimées";;;;;;;""
2017;301;"38";"38463";"Saint-Vérand";"2017-02-15 14:05:00";3000;0;;3000;;;3000;0;0;0;"Estimées";;;;;;;""
2017;880;"15";"15187";"Saint-Flour";"2017-02-15 16:34:00";1000;0;;1000;;;1000;0;0;0;"Estimées";;"Involontaire (particulier)";;;;;""
2017;881;"15";"15262";"Villedieu";"2017-02-15 18:59:00";5000;0;;5000;;;5000;0;0;0;"Estimées";;;;;;;""
2017;9847;"04";"04039";"Castellane";"2017-02-16 10:41:00";8500;;;;;;;;;;;"1";"Involontaire (particulier)";;;;;""
2017;9869;"04";"04020";"Barles";"2017-02-16 11:49:00";57500;;57500;;;;;;;;;"1";"Involontaire (particulier)";;;;;""
2017;12065;"66";"66130";"Osséja";"2017-02-16 16:37:00";50000;;50000;;;;;;;;;"1";"Involontaire (travaux)";;;;;""
2017;12089;"66";"66036";"Canaveilles";"2017-02-17 13:42:00";3000;2000;1000;;;;;;;;;"2";;;;;;""
2017;304;"38";"38334";"Revel";"2017-02-17 14:17:00";250;0;;250;;;250;0;0;0;"Estimées";;"Naturelle";;;;;""
2017;882;"15";"15052";"Collandres";"2017-02-17 18:51:00";7500;0;;7500;;;7500;0;0;0;"Estimées";;;;;;;""
2017;883;"15";"15187";"Saint-Flour";"2017-02-18 12:38:00";1000;0;;1000;;;1000;0;0;0;"Estimées";;"Involontaire (particulier)";;;;;""
2017;3032;"40";"40217";"Parentis-en-Born";"2017-02-18 12:42:00";6500;6500;;0;;;0;;;0;;;;;;;;""
2017;11298;"06";"06080";"Marie";"2017-02-18 14:37:00";6240;6240;;;;;;;;;;"4";;;;;;""
2017;306;"38";"38075";"Chapareillan";"2017-02-18 15:00:00";15000;0;;15000;;;15000;0;0;0;"Estimées";;"Malveillance";;;;;""
2017;884;"15";"15187";"Saint-Flour";"2017-02-18 15:24:00";20000;0;;20000;;;20000;0;0;0;"Estimées";;"Involontaire (particulier)";;;;;""
2017;11309;"06";"06103";"Roquebillière";"2017-02-19 13:11:00";14680;14680;;;;;;;;;;"5";;;;;;""
2017;11222;"05";"05129";"Saint-André-de-Rosans";"2017-02-19 13:58:00";20000;;;;;;;;;;;;;;;;;""
2017;885;"15";"15162";"Riom-ès-Montagnes";"2017-02-19 14:33:00";2500;0;;2500;;;2500;0;0;0;"Estimées";;;;;;;""
2017;307;"38";"38084";"Charnècles";"2017-02-19 14:36:00";100;0;;100;;;100;0;0;0;"Estimées";;;;;;;""
2017;40;"43";"43073";"Cistrières";"2017-02-19 15:13:00";5500;0;;5500;;;5500;0;0;0;"Mesurées";;"Involontaire (particulier)";;;;;""
2017;41;"43";"43115";"Laussonne";"2017-02-19 15:43:00";400;0;;400;;;400;0;0;0;"Estimées";;"Involontaire (travaux)";;;;;""
2017;308;"38";"38212";"Livet-et-Gavet";"2017-02-19 16:43:00";2500;0;;2500;;;2500;0;0;0;"Estimées";;;;;;;""
2017;42;"43";"43115";"Laussonne";"2017-02-19 16:50:00";2500;0;;2500;;;2500;0;0;0;"Estimées";;"Involontaire (travaux)";;;;;""
2017;17435;"33";"33019";"Audenge";"2017-02-20 05:23:00";5000;5000;;0;;;0;0;0;0;"Estimées";;"Malveillance";"Non";;;;""
2017;14561;"30";"30340";"Valliguières";"2017-02-20 11:17:00";2834;;;;;;;;;;;;;;;;;""
2017;8667;"48";"48170";"Saint-Martin-de-Boubaux";"2017-02-20 11:37:00";2800;2800;;;;;;;;;;"4";;;;;;""
2017;310;"38";"38081";"Charantonnay";"2017-02-20 13:50:00";200;0;;200;;;200;0;0;0;"Estimées";;;;;;;""
2017;43;"43";"43162";"Retournac";"2017-02-20 14:25:00";1000;0;;1000;;;1000;0;0;0;"Estimées";;"Involontaire (particulier)";;;;;""
2017;886;"15";"15187";"Saint-Flour";"2017-02-20 14:49:00";3000;0;;3000;;;3000;0;0;0;"Estimées";;"Involontaire (particulier)";;;;;""
2017;6947;"11";"11119";"La Digne-d'Amont";"2017-02-20 14:53:00";5000;;;;;;;;;;;;;;;;;""
2017;311;"38";"38065";"Châbons";"2017-02-20 14:57:00";500;0;;500;;;500;0;0;0;"Estimées";;;;;;;""
2017;312;"38";"38207";"Lavaldens";"2017-02-20 15:14:00";1000;0;;1000;;;1000;0;0;0;"Estimées";;"Malveillance";;;;;""
2017;11171;"13";"13047";"Istres";"2017-02-20 15:17:00";1000;500;500;;;;;;;;;"1";"Malveillance";;;;;""
2017;11210;"13";"13115";"Vernègues";"2017-02-20 16:00:00";100;100;;;;;;;;;;"1";;;;;;""
2017;380;"16";"16227";"Montignac-le-Coq";"2017-02-20 17:04:00";10000;10000;;0;;;0;0;0;0;"Estimées";;;;;;;""
2017;316;"38";"38075";"Chapareillan";"2017-02-20 17:49:00";500;0;;500;;;500;0;0;0;"Estimées";;"Malveillance";;;;;""
2017;8450;"34";"34316";"Usclas-du-Bosc";"2017-02-20 18:05:00";2400;;;;;;;;;;;;"Involontaire (particulier)";;;;;""
2017;44;"43";"43192";"Saint-Haon";"2017-02-20 18:27:00";15000;0;;15000;;;15000;0;0;0;"Estimées";;;;;;;""
2017;887;"15";"15142";"Neuvéglise";"2017-02-21 13:13:00";15000;0;;15000;;;15000;0;0;0;"Estimées";;"Involontaire (particulier)";;;;;""
2017;45;"43";"43152";"Polignac";"2017-02-21 13:16:00";5000;0;;5000;;;5000;0;0;0;"Estimées";;;;;;;""
2017;2971;"40";"40167";"Luxey";"2017-02-21 14:18:00";60000;60000;;0;;;0;;;0;;;"Involontaire (particulier)";;;;;""
2017;11320;"06";"06050";"Coursegoules";"2017-02-21 14:50:00";80370;;80370;;;;;;;;;"1";"Malveillance";;;;;""
2017;317;"38";"38529";"Vaulnaveys-le-Haut";"2017-02-21 15:04:00";5000;0;;2500;;;2500;2500;0;2500;"Estimées";;;;;;;""
2017;10436;"04";"04039";"Castellane";"2017-02-21 16:20:00";40600;3000;37600;;;;;;;;;"1";"Involontaire (particulier)";;;;;""
2017;76;"12";"12118";"Lacroix-Barrez";"2017-02-21 16:27:00";100;0;;100;;;100;0;0;0;"Estimées";;;;;;;""
2017;10226;"05";"05080";"Montbrand";"2017-02-21 16:27:00";12100;;;;;;;;;;;;"Involontaire (particulier)";;;;;""
2017;12122;"66";"66190";"Salses-le-Château";"2017-02-21 22:26:00";15000;10000;5000;;;;;;;;;"2";"Malveillance";;;;;""
2017;11332;"06";"06050";"Coursegoules";"2017-02-22 13:32:00";5170;;5170;;;;;;;;;"1";"Malveillance";;;;;""
2017;318;"38";"38094";"Châtonnay";"2017-02-22 13:50:00";400;0;;400;;;400;0;0;0;"Estimées";;"Involontaire (particulier)";;;;;""
2017;12155;"66";"66003";"Amélie-les-Bains-Palalda";"2017-02-22 14:18:00";50000;40000;10000;;;;;;;;;"5";"Malveillance";;;;;""
2017;10458;"04";"04227";"Vachères";"2017-02-22 14:31:00";360;360;;;;;;;;;;"2";"Involontaire (particulier)";;;;;""
2017;10470;"04";"04148";"Peyroules";"2017-02-22 14:38:00";47000;22500;;;;;;;;24500;;"4";"Involontaire (particulier)";;;;;""
2017;943;"31";"31521";"Saleich";"2017-02-22 15:00:00";60000;0;;20000;;;20000;40000;0;40000;"Estimées";;;;;;;""
2017;319;"38";"38030";"Beaucroissant";"2017-02-22 15:17:00";1200;0;;1200;;;1200;0;0;0;"Estimées";;"Malveillance";;;;;""
2017;13089;"04";"04024";"Beaujeu";"2017-02-22 15:52:00";216100;187600;14300;;;;;;;14200;;"4";"Involontaire (travaux)";;;;;""
2017;46;"81";"81191";"Mouzieys-Panens";"2017-02-22 16:07:00";20000;0;;20000;;;20000;0;0;0;"Estimées";;;;;;;""
2017;11199;"13";"13016";"La Bouilladisse";"2017-02-22 16:54:00";120;120;;;;;;;;;;"1";;;;;;""
2017;52;"43";"43167";"Saint-Arcons-d'Allier";"2017-02-22 17:36:00";10000;0;;10000;;;10000;0;0;0;"Estimées";;;;;;;""
2017;10481;"04";"04070";"Digne-les-Bains";"2017-02-23 11:01:00";13600;;13600;;;;;;;;;"1";"Involontaire (particulier)";;;;;""
2017;8368;"48";"48108";"La Panouse";"2017-02-23 13:07:00";10000;;;;;;;;;;;;;;;;;""
2017;8367;"48";"48029";"Le Born";"2017-02-23 13:20:00";79300;;73000;;;;;;;6300;;"1";;;;;;""
2017;11343;"06";"06103";"Roquebillière";"2017-02-23 14:14:00";27000;27000;;;;;;;;;;"3";;;;;;""
2017;320;"38";"38423";"Saint-Martin-le-Vinoux";"2017-02-23 14:31:00";10000;0;;10000;;;10000;0;0;0;"Estimées";;"Malveillance";;;;;""
2017;10547;"05";"05108";"Puy-Saint-Eusèbe";"2017-02-23 15:16:00";144800;144800;;;;;;;;;;;"Involontaire (particulier)";;;;;""
2017;321;"38";"38314";"Pontcharra";"2017-02-23 15:25:00";200;0;;200;;;200;0;0;0;"Estimées";;;;;;;""
2017;47;"43";"43171";"Saint-Bérain";"2017-02-23 15:35:00";100000;0;;100000;;;100000;0;0;0;"Estimées";;"Involontaire (particulier)";;;;;""
2017;48;"43";"43001";"Agnat";"2017-02-23 15:50:00";15000;0;;15000;;;15000;0;0;0;"Mesurées";;"Involontaire (particulier)";;;;;""
2017;90;"73";"73235";"Saint-François-Longchamp";"2017-02-23 16:15:00";74700;74700;;0;;;0;0;0;0;"Mesurées";;"Involontaire (particulier)";;;;;"Données partielles ou non valides"
2017;10514;"04";"04134";"La Motte-du-Caire";"2017-02-23 16:37:00";4300;4300;;;;;;;;;;"5";"Involontaire (travaux)";;;;;""
2017;77;"12";"12189";"Pradinas";"2017-02-23 16:45:00";100;0;;100;;;100;0;0;0;"Estimées";;;;;;;""
2017;50;"43";"43195";"Saint-Ilpize";"2017-02-23 17:09:00";10000;0;;10000;;;10000;0;0;0;"Estimées";;"Involontaire (particulier)";;;;;""
2017;49;"43";"43156";"Présailles";"2017-02-23 17:30:00";1000;0;;1000;;;1000;0;0;0;"Estimées";;"Involontaire (travaux)";;;;;""
2017;8340;"48";"48178";"Saint-Privat-de-Vallongue";"2017-02-24 13:37:00";12500;12300;200;;;;;;;;;"2";"Involontaire (particulier)";;;;;""
2017;7989;"26";"26220";"Nyons";"2017-02-24 14:52:00";1200;500;700;;;;;;;;;"4";"Involontaire (particulier)";;;;;""
2017;3031;"40";"40184";"Mimizan";"2017-02-24 15:18:00";40;40;;0;;;0;;;0;;;"Involontaire (particulier)";;;;;""
2017;14572;"30";"30260";"Saint-Hilaire-d'Ozilhan";"2017-02-24 18:07:00";10000;;;;;;;;;;;;;;;;;""
2017;8369;"48";"48075";"Ispagnac";"2017-02-24 20:47:00";30000;;;;;;;;;;;;;;;;;""
2017;11191;"13";"13016";"La Bouilladisse";"2017-02-25 11:54:00";5000;5000;;;;;;;;;;"1";"Involontaire (travaux)";;;;;""
2017;11527;"04";"04020";"Barles";"2017-02-25 13:20:00";577600;;524000;;;;;;;53600;;"1";"Involontaire (particulier)";;;;;""
2017;15791;"34";"34070";"Cébazan";"2017-02-25 13:26:00";7660;;7660;;;;;;;;;"1";"Involontaire (travaux)";;;;;""
2017;8449;"34";"34286";"Saint-Privat";"2017-02-25 14:35:00";11200;;;;;;;;;;;;"Involontaire (particulier)";;;;;""
2017;11539;"04";"04148";"Peyroules";"2017-02-25 14:37:00";6100;6100;;;;;;;;;;"4";"Involontaire (particulier)";;;;;""
2017;59;"43";"43102";"Grazac";"2017-02-25 15:07:00";200;200;;0;;;0;0;0;0;"Estimées";;;;;;;""
2017;80;"12";"12153";"Montjaux";"2017-02-25 15:33:00";10000;0;;10000;;;10000;0;0;0;"Mesurées";;;;;;;""
2017;65;"43";"43234";"Saugues";"2017-02-25 15:47:00";60000;20000;;40000;;;40000;0;0;0;"Mesurées";;;;;;;""
2017;11560;"04";"04218";"Thorame-Basse";"2017-02-25 16:06:00";84100;30600;53500;;;;;;;;;"1";"Involontaire (travaux)";;;;;""
2017;12228;"66";"66058";"Corneilla-la-Rivière";"2017-02-25 16:12:00";7500;7000;500;;;;;;;;;"2";"Malveillance";;;;;""
2017;11354;"06";"06074";"Lantosque";"2017-02-25 16:42:00";110;110;;;;;;;;;;"1";"Involontaire (travaux)";;;;;""
2017;11582;"04";"04057";"Clamensane";"2017-02-25 19:49:00";1000;;1000;;;;;;;;;"1";"Involontaire (travaux)";;;;;""
2017;6948;"11";"11262";"Narbonne";"2017-02-25 21:50:00";1;;;;;;;;;;;;;;;;;""
2017;11375;"06";"06156";"Venanson";"2017-02-26 10:46:00";99010;99010;;;;;;;;;;"4";"Involontaire (particulier)";;;;;""
2017;11085;"2B";"2B049";"Calenzana";"2017-02-26 10:54:00";500;;;;;;;;;;;"1";"Malveillance";;;;;""
2017;8375;"48";"48111";"Pelouse";"2017-02-26 11:01:00";300;;;;;;;;;;;;;;;;;""
2017;11386;"48";"48126";"Ribennes";"2017-02-26 11:55:00";400;;;;;;;;;;;"1";"Involontaire (travaux)";;;;;""
2017;8376;"48";"48166";"Cans et Cévennes";"2017-02-26 13:00:00";27400;19100;8300;;;;;;;;;"3";;;;;;""
2017;888;"15";"15045";"Chaudes-Aigues";"2017-02-26 13:17:00";150000;0;;150000;;;150000;0;0;0;"Estimées";;;;;;;""
2017;14242;"07";"07209";"Saint-Andéol-de-Fourchades";"2017-02-26 13:44:00";30000;30000;;;;;;;;;;"4";;;;;;""
2017;10657;"05";"05046";"Embrun";"2017-02-26 14:07:00";400;;;;;;;;;;;;"Involontaire (particulier)";;;;;""
2017;6949;"11";"11386";"Talairan";"2017-02-26 14:20:00";50;;;;;;;;;;;;;;;;;""
2017;8377;"48";"48165";"Saint-Laurent-de-Muret";"2017-02-26 14:29:00";60400;;60400;;;;;;;;;"1";"Involontaire (travaux)";;;;;""
2017;6950;"11";"11064";"Camplong-d'Aude";"2017-02-26 15:02:00";3000;;;;;;;;;;;;;;;;;""
2017;8379;"48";"48020";"Bassurels";"2017-02-26 15:38:00";199000;;199000;;;;;;;;;"1";"Involontaire (travaux)";;;;;""
2017;83;"12";"12208";"Saint-Affrique";"2017-02-26 16:10:00";130;0;;130;;;130;0;0;0;"Estimées";;;;;;;""
2017;892;"15";"15149";"Paulhenc";"2017-02-26 16:11:00";30000;0;;30000;;;30000;0;0;0;"Estimées";;"Involontaire (particulier)";;;;;""
2017;11614;"04";"04217";"Thoard";"2017-02-26 16:15:00";5200;5200;;;;;;;;;;"2";"Involontaire (particulier)";;;;;""
2017;328;"38";"38483";"Sermérieu";"2017-02-26 16:28:00";400;0;;400;;;400;0;0;0;"Estimées";;;;;;;""
2017;64;"43";"43198";"Saint-Jean-Lachalm";"2017-02-26 17:32:00";70000;0;;70000;;;70000;0;0;0;"Estimées";;;;;;;""
2017;8672;"48";"48155";"Saint-Germain-de-Calberte";"2017-02-26 17:54:00";3900;;3900;;;;;;;;;"1";"Involontaire (particulier)";;;;;""
2017;329;"38";"38229";"Meylan";"2017-02-26 18:49:00";100;0;;100;;;100;0;0;0;"Estimées";;;;;;;""
2017;66;"43";"43096";"Fontannes";"2017-02-27 12:08:00";500;0;;500;;;500;0;0;0;"Estimées";;;;;;;""
2017;14150;"2A";"2A062";"Carbuccia";"2017-02-27 12:32:00";6000;;6000;;;;;;;;;;;;;;;""
2017;331;"38";"38022";"Les Avenières Veyrins-Thuellin";"2017-02-27 14:21:00";200;0;;200;;;200;0;0;0;"Estimées";;;;;;;""
2017;6951;"11";"11185";"Lagrasse";"2017-02-27 14:35:00";200;;;;;;;;;;;;;;;;;""
2017;67;"43";"43134";"Mézères";"2017-02-27 14:44:00";2000;0;;2000;;;2000;0;0;0;"Estimées";;;;;;;""
2017;68;"43";"43206";"Saint-Just-près-Brioude";"2017-02-27 15:00:00";20000;0;;20000;;;20000;0;0;0;"Estimées";;;;;;;""
2017;365;"39";"39495";"Saint-Thiébaud";"2017-02-27 15:07:00";15000;15000;;0;;;0;0;0;0;"Estimées";;;;;;;""
2017;11655;"04";"04001";"Aiglun";"2017-02-27 15:55:00";1100;1100;;;;;;;;;;"2";"Involontaire (particulier)";;;;;""
2017;333;"38";"38320";"Porcieu-Amblagnieu";"2017-02-27 16:14:00";20000;0;;20000;;;20000;0;0;0;"Estimées";;"Malveillance";;;;;""
2017;366;"39";"39385";"Neublans-Abergement";"2017-02-27 18:28:00";1000;1000;;0;;;0;0;0;0;"Estimées";;;;;;;""
2017;17445;"33";"33302";"Néac";"2017-02-27 19:35:00";300;150;;0;;;0;;;150;"Estimées";;"Naturelle";"Non";;;;"Données partielles ou non valides"
2017;69;"43";"43174";"Saint-Christophe-sur-Dolaison";"2017-02-27 21:30:00";1000;0;;1000;;;1000;0;0;0;"Estimées";;;;;;;""
2017;11447;"2B";"2B034";"Belgodère";"2017-02-28 18:41:00";2000;;;;;;;;;;;"1";"Involontaire (travaux)";;;;;""
2017;11458;"2B";"2B110";"Favalello";"2017-03-01 09:50:00";400;;;;;;;;;;;"1";;;;;;""
2017;11468;"2B";"2B110";"Favalello";"2017-03-01 10:09:00";405;;;;;;;;;;;"1";;;;;;""
2017;11478;"2B";"2B280";"Silvareccio";"2017-03-01 11:33:00";18000;;;;;;;;;;;"1";;;;;;""
2017;6314;"2A";"2A048";"Calcatoggio";"2017-03-01 17:20:00";50;;;;;;;;;;;;;;;;;""
2017;11516;"2B";"2B314";"Santo-Pietro-di-Tenda";"2017-03-01 17:32:00";140;;;;;;;;;;;"1";"Malveillance";;;;;""
2017;12317;"06";"06017";"Bézaudun-les-Alpes";"2017-03-01 19:37:00";42170;;42170;;;;;;;;;"1";"Involontaire (particulier)";;;;;""
2017;11885;"2B";"2B231";"Pigna";"2017-03-02 11:17:00";1500;;;;;;;;;;;"1";;;;;;""
2017;11896;"2B";"2B185";"Oletta";"2017-03-02 11:27:00";1000;;;;;;;;;;;"1";"Involontaire (travaux)";;;;;""
2017;6952;"11";"11338";"Saint-Couat-du-Razès";"2017-03-02 15:54:00";63295;;;;;;;;;;;;;;;;;""
2017;11937;"2B";"2B049";"Calenzana";"2017-03-02 19:05:00";1000;;;;;;;;;;;"1";"Malveillance";;;;;""
2017;6953;"11";"11187";"Lanet";"2017-03-03 13:13:00";500;;;;;;;;;;;;;;;;;""
2017;6954;"11";"11130";"Espezel";"2017-03-03 13:47:00";2000;;;;;;;;;;;;;;;;;""
2017;16845;"66";"66148";"Port-Vendres";"2017-03-03 14:33:00";500;;500;;;;;;;;;"2";"Involontaire (travaux)";;;;;""
2017;6956;"11";"11265";"Niort-de-Sault";"2017-03-03 15:48:00";27738;;;;;;;;;;;;;;;;;""
2017;12807;"84";"84042";"Cucuron";"2017-03-03 16:19:00";800;;;;;;;;;;;;;;;;;""
2017;6957;"11";"11028";"Belcaire";"2017-03-03 16:44:00";200;;;;;;;;;;;;;;;;;""
2017;15844;"13";"13024";"Charleval";"2017-03-06 00:05:00";20;20;;;;;;;;;;"1";"Accidentelle";;;;;""
2017;99;"17";"17099";"Chepniers";"2017-03-06 16:48:00";1000;1000;;0;;;0;0;0;0;"Estimées";;"Naturelle";;;;;""
2017;12415;"2B";"2B123";"Ghisonaccia";"2017-03-07 12:09:00";150000;10000;;;;;;;;140000;;"1";"Malveillance";;;;;""
2017;6599;"13";"13047";"Istres";"2017-03-07 15:07:00";12000;10000;2000;;;;;;;;;"1";"Malveillance";;;;;""
2017;12459;"2B";"2B287";"Sorio";"2017-03-07 15:56:00";1000;;;;;;;;;;;"1";;;;;;""
2017;12328;"06";"06074";"Lantosque";"2017-03-07 18:59:00";50;;50;;;;;;;;;"1";;;;;;""
2017;12841;"2B";"2B265";"Rutali";"2017-03-07 19:04:00";15000;;;;;;;;;;;"1";"Involontaire (travaux)";;;;;""
2017;12852;"2B";"2B286";"Sorbo-Ocagnano";"2017-03-08 08:32:00";30000;;;;;;;;;;;"2";;;;;;""
2017;14097;"2A";"2A276";"Serra-di-Ferro";"2017-03-08 10:18:00";100;;100;;;;;;;;;"1";"Involontaire (particulier)";;;;;""
2017;13914;"06";"06022";"Bouyon";"2017-03-08 11:52:00";310480;50000;260480;;;;;;;;;"1";;;;;;""
2017;13903;"06";"06050";"Coursegoules";"2017-03-08 14:26:00";9230;9230;;;;;;;;;;"3";"Malveillance";;;;;""
2017;13016;"06";"06070";"Gréolières";"2017-03-08 14:26:00";13710;13710;;;;;;;;;;"3";"Malveillance";;;;;""
2017;12896;"2B";"2B356";"Zalana";"2017-03-08 17:44:00";30000;;;;;;;;;;;"1";;;;;;""
2017;12907;"2B";"2B166";"Monte";"2017-03-08 18:23:00";30000;;;;;;;;;;;"1";;;;;;""
2017;13027;"06";"06077";"Lucéram";"2017-03-08 22:47:00";18630;18630;;;;;;;;;;"3";"Malveillance";;;;;""
2017;13925;"06";"06077";"Lucéram";"2017-03-08 22:47:00";240;240;;;;;;;;;;"4";"Malveillance";;;;;""
2017;13936;"06";"06043";"Coaraze";"2017-03-08 23:26:00";440;440;;;;;;;;;;"4";;;;;;""
2017;13947;"06";"06043";"Coaraze";"2017-03-08 23:26:00";110;110;;;;;;;;;;"4";;;;;;""
2017;13528;"2B";"2B265";"Rutali";"2017-03-09 10:59:00";5000;;;;;;;;;;;"1";;;;;;""
2017;6568;"2A";"2A142";"Levie";"2017-03-09 11:50:00";50;;50;;;;;;;;;"1";"Involontaire (travaux)";;;;;""
2017;6325;"2A";"2A345";"Vero";"2017-03-09 12:56:00";50;;;;;;;;;;;;;;;;;""
2017;6958;"11";"11209";"Luc-sur-Aude";"2017-03-09 15:11:00";10414;;;;;;;;;;;;;;;;;""
2017;13550;"2B";"2B364";"Zuani";"2017-03-09 15:45:00";30000;;;;;;;;;;;"1";;;;;;""
2017;16963;"66";"66068";"Escaro";"2017-03-09 21:39:00";10000;10000;;;;;;;;;;"4";"Malveillance";;;;;""
2017;13958;"06";"06069";"Grasse";"2017-03-10 12:58:00";3310;3310;;;;;;;;;;"5";;;;;;""
2017;13595;"2B";"2B280";"Silvareccio";"2017-03-10 13:20:00";30000;;;;;;;;;;;"1";;;;;;""
2017;8383;"48";"48155";"Saint-Germain-de-Calberte";"2017-03-10 14:32:00";4900;;4900;;;;;;;;;"1";;;;;;""
2017;6959;"11";"11304";"Quillan";"2017-03-10 15:21:00";100;;;;;;;;;;;;;;;;;""
2017;893;"15";"15205";"Saint-Paul-de-Salers";"2017-03-10 15:53:00";2000;0;;2000;;;2000;0;0;0;"Estimées";;;;;;;""
2017;14109;"2A";"2A362";"Zonza";"2017-03-10 16:59:00";900;;;;;;;;;;;;;;;;;""
2017;6960;"11";"11256";"Montséret";"2017-03-10 17:01:00";10570;;;;;;;;;;;;;;;;;""
2017;16974;"66";"66124";"Font-Romeu-Odeillo-Via";"2017-03-10 17:07:00";10000;5000;5000;;;;;;;;;"5";;;;;;""
2017;6961;"11";"11320";"Roquefeuil";"2017-03-10 17:15:00";8600;;;;;;;;;;;;;;;;;""
2017;16979;"66";"66187";"Saint-Paul-de-Fenouillet";"2017-03-10 17:55:00";100;;100;;;;;;;;;"2";"Malveillance";;;;;""
2017;13606;"2B";"2B341";"Venaco";"2017-03-10 18:34:00";3000;;;;;;;;;;;"1";"Involontaire (travaux)";;;;;""
2017;6962;"11";"11391";"La Tourette-Cabardès";"2017-03-11 12:33:00";2750;;;;;;;;;;;;;;;;;""
2017;6963;"11";"11370";"Salles-d'Aude";"2017-03-11 13:13:00";50;;;;;;;;;;;;;;;;;""
2017;14120;"2A";"2A032";"Bastelicaccia";"2017-03-11 13:13:00";1000;;1000;;;;;;;;;;;;;;;""
2017;13110;"04";"04070";"Digne-les-Bains";"2017-03-11 13:18:00";2600;600;;;;;;;;2000;;"2";"Involontaire (travaux)";;;;;""
2017;894;"15";"15170";"Saint-Amandin";"2017-03-11 13:30:00";80000;0;;80000;;;80000;0;0;0;"Estimées";;;;;;;""
2017;8378;"48";"48092";"Marvejols";"2017-03-11 14:14:00";12300;800;11500;;;;;;;;;"1";;;;;;""
2017;8372;"48";"48173";"Saint-Michel-de-Dèze";"2017-03-11 14:36:00";24300;24300;;;;;;;;;;"3";;;;;;""
2017;94;"46";"46201";"Montcuq-en-Quercy-Blanc";"2017-03-11 14:40:00";5000;0;;5000;;;5000;0;0;0;"Estimées";;;;;;;""
2017;335;"38";"38017";"Assieu";"2017-03-11 14:53:00";100;0;;100;;;100;0;0;0;"Estimées";;;;;;;""
2017;16105;"07";"07262";"Saint-Laurent-les-Bains";"2017-03-11 15:28:00";10000;;10000;;;;;;;;;"1";"Involontaire (travaux)";;;;;""
2017;6964;"11";"11043";"Bouilhonnac";"2017-03-11 15:51:00";500;;;;;;;;;;;;;;;;;""
2017;93;"46";"46128";"Gramat";"2017-03-11 17:16:00";70000;0;;70000;;;70000;0;0;0;"Estimées";;;;;;;""
2017;8339;"48";"48189";"Servières";"2017-03-11 18:17:00";100;;;;;;;;;;;;;;;;;""
2017;13678;"2B";"2B343";"Venzolasca";"2017-03-11 18:44:00";60000;40000;20000;;;;;;;;;"2";;;;;;""
2017;6965;"11";"11170";"Gruissan";"2017-03-12 10:13:00";10;;;;;;;;;;;;;;;;;""
2017;14627;"05";"05009";"Aspres-lès-Corps";"2017-03-12 12:52:00";22300;;;;;;;;;;;;;;;;;""
2017;14131;"2A";"2A204";"Pastricciola";"2017-03-12 13:13:00";100;;;;;;;;;;;;;;;;;""
2017;5639;"26";"26297";"Saint-Bonnet-de-Valclérieux";"2017-03-12 17:07:00";34000;34000;;;;;;;;;;"3";"Involontaire (particulier)";;;;;""
2017;17029;"66";"66227";"Villeneuve-de-la-Raho";"2017-03-12 17:08:00";400;400;;;;;;;;;;"4";;;;;;""
2017;6967;"11";"11040";"Bizanet";"2017-03-12 20:31:00";100;;;;;;;;;;;;;;;;;""
2017;895;"15";"15187";"Saint-Flour";"2017-03-13 09:00:00";1200;0;;1200;;;1200;0;0;0;"Estimées";;"Involontaire (particulier)";;;;;""
2017;1178;"72";"72181";"Le Mans";"2017-03-13 12:19:00";10;10;;0;;;0;0;0;0;"Estimées";;;;;;;""
2017;5650;"26";"26002";"Albon";"2017-03-13 15:04:00";3100;;3100;;;;;;;;;"1";"Malveillance";;;;;""
2017;13892;"2B";"2B096";"Corte";"2017-03-13 15:04:00";200;;;;;;;;;;;"1";;;;;;""
2017;5661;"26";"26013";"Arpavon";"2017-03-13 15:26:00";4200;2500;1700;;;;;;;;;"5";"Involontaire (travaux)";;;;;""
2017;337;"38";"38189";"Heyrieux";"2017-03-13 16:01:00";20000;0;;20000;;;20000;0;0;0;"Estimées";;;;;;;""
2017;15394;"04";"04209";"Sisteron";"2017-03-13 17:20:00";18400;;18400;;;;;;;;;"1";"Involontaire (travaux)";;;;;""
2017;16138;"07";"07092";"Freyssenet";"2017-03-13 18:02:00";60000;;60000;;;;;;;;;"1";;;;;;""
2017;105;"12";"12017";"Ayssènes";"2017-03-14 13:34:00";300;0;;300;;;300;0;0;0;"Estimées";;"Accidentelle";;;;;""
2017;1117;"68";"68334";"Thann";"2017-03-14 13:48:00";3000;3000;;0;;;0;0;0;0;"Estimées";;;;;;;""
2017;16205;"05";"05016";"La Bâtie-Montsaléon";"2017-03-14 15:27:00";28800;;;;;;;;;;;;"Involontaire (travaux)";;;;;""
2017;14171;"2B";"2B166";"Monte";"2017-03-14 15:45:00";10000;;;;;;;;;;;"5";;;;;;""
2017;14042;"2B";"2B123";"Ghisonaccia";"2017-03-14 16:05:00";20000;20000;;;;;;;;;;"3";"Malveillance";;;;;""
2017;14139;"2A";"2A071";"Casalabriva";"2017-03-14 16:08:00";50;;;;;;;;;;;;;;;;;""
2017;16482;"34";"34049";"Camplong";"2017-03-14 16:44:00";18303;18303;;;;;;;;;;"2";"Involontaire (particulier)";;;;;""
2017;339;"38";"38027";"Barraux";"2017-03-14 18:36:00";1500;0;;1500;;;1500;0;0;0;"Estimées";;;;;;;""
2017;14181;"2B";"2B350";"Vignale";"2017-03-15 09:58:00";15000;;;;;;;;;;;"5";;;;;;""
2017;16216;"05";"05036";"Châteauroux-les-Alpes";"2017-03-15 11:36:00";30800;;;;;;;;;;;;;;;;;""
2017;14476;"06";"06151";"Utelle";"2017-03-15 11:52:00";3920;3920;;;;;;;;;;"4";;;;;;""
2017;97;"19";"19087";"Gourdon-Murat";"2017-03-15 12:51:00";30000;30000;;0;;;0;0;0;0;"Estimées";;;;;;;""
2017;14485;"06";"06092";"Peillon";"2017-03-15 14:50:00";290;290;;;;;;;;;;"4";"Involontaire (particulier)";;;;;""
2017;6968;"11";"11038";"Bessède-de-Sault";"2017-03-15 16:14:00";16799;;;;;;;;;;;;;;;;;""
2017;14506;"06";"06049";"Courmes";"2017-03-15 16:16:00";47220;20220;27000;;;;;;;;;"1";"Malveillance";;;;;""
2017;14496;"06";"06049";"Courmes";"2017-03-15 16:16:00";49170;;49170;;;;;;;;;"1";"Malveillance";;;;;""
2017;6579;"2A";"2A040";"Bocognano";"2017-03-15 16:45:00";1000;;;;;;;;;;;;;;;;;""
2017;17453;"33";"33051";"Biganos";"2017-03-15 16:53:00";3000;3000;;0;;;0;0;0;0;"Estimées";;;"Non";;;;""
2017;17126;"66";"66012";"Baho";"2017-03-15 17:17:00";200;200;;;;;;;;;;"4";"Malveillance";;;;;""
2017;17137;"66";"66095";"Latour-de-Carol";"2017-03-15 17:35:00";900;900;;;;;;;;;;"5";"Malveillance";;;;;""
2017;16183;"07";"07018";"Astet";"2017-03-15 17:36:00";15000;;15000;;;;;;;;;"1";"Malveillance";;;;;""
2017;17148;"66";"66066";"Enveitg";"2017-03-15 17:41:00";60000;40000;20000;;;;;;;;;"5";"Involontaire (travaux)";;;;;""
2017;14517;"06";"06103";"Roquebillière";"2017-03-15 17:48:00";49000;49000;;;;;;;;;;"4";"Malveillance";;;;;""
2017;1275;"87";"87014";"Bessines-sur-Gartempe";"2017-03-15 18:00:00";20000;20000;;0;;;0;0;0;0;"Estimées";;;;;;;""
2017;342;"38";"38075";"Chapareillan";"2017-03-15 18:57:00";1000;0;;1000;;;1000;0;0;0;"Estimées";;;;;;;""
2017;14529;"06";"06103";"Roquebillière";"2017-03-15 20:15:00";38440;38440;;;;;;;;;;"4";"Malveillance";;;;;""
2017;15245;"48";"48008";"Arzenc-de-Randon";"2017-03-16 11:38:00";135000;1000;134000;;;;;;;;;"1";"Involontaire (travaux)";;;;;""
2017;8006;"07";"07098";"Gourdon";"2017-03-16 11:38:00";10200;;10200;;;;;;;;;"1";"Involontaire (travaux)";;;;;""
2017;15460;"04";"04174";"Saint-Benoît";"2017-03-16 12:45:00";44600;44600;;;;;;;;;;"2";"Involontaire (particulier)";;;;;""
2017;15515;"04";"04102";"Le Lauzet-Ubaye";"2017-03-16 13:27:00";400;;400;;;;;;;;;"1";;;;;;""
2017;8388;"48";"48088";"La Malène";"2017-03-16 13:46:00";80000;;;;;;;;;;;;;;;;;""
2017;343;"38";"38299";"Pellafol";"2017-03-16 13:51:00";1400;0;;1400;;;1400;0;0;0;"Estimées";;;;;;;""
2017;107;"12";"12168";"Nant";"2017-03-16 13:53:00";100000;0;;100000;;;100000;0;0;0;"Estimées";;"Accidentelle";;;;;""
2017;106;"12";"12254";"Salles-la-Source";"2017-03-16 14:44:00";300;0;;300;;;300;0;0;0;"Estimées";;"Accidentelle";;;;;""
2017;14650;"83";"83032";"Carcès";"2017-03-16 14:55:00";4000;4000;;;;;;;;;;"5";"Involontaire (particulier)";;;;;""
2017;6969;"11";"11024";"Bages";"2017-03-16 15:13:00";50;;;;;;;;;;;;;;;;;""
2017;8389;"48";"48084";"Laval-Atger";"2017-03-16 15:20:00";3900;;3900;;;;;;;;;"1";;;;;;""
2017;16194;"07";"07121";"Lachapelle-Graillouse";"2017-03-16 15:35:00";10000;;10000;;;;;;;;;"1";"Involontaire (travaux)";;;;;""
2017;15526;"04";"04152";"Pierrevert";"2017-03-16 16:47:00";600;340;;;;;;;;260;;"2";"Involontaire (particulier)";;;;;""
2017;1277;"87";"87031";"Le Chalard";"2017-03-16 16:50:00";10000;10000;;0;;;0;0;0;0;"Estimées";;;;;;;""
2017;8391;"48";"48065";"Fraissinet-de-Fourques";"2017-03-16 17:03:00";10000;;;;;;;;;;;;"Involontaire (travaux)";;;;;""
2017;14716;"2B";"2B280";"Silvareccio";"2017-03-16 17:32:00";50000;;;;;;;;;;;"5";;;;;;""
2017;8380;"48";"48020";"Bassurels";"2017-03-16 18:30:00";10000;;;;;;;;;;;;"Involontaire (travaux)";;;;;""
2017;1306;"87";"87199";"Vayres";"2017-03-16 19:14:00";5000;5000;;0;;;0;0;0;0;"Estimées";;;;;;;""
2017;14750;"2B";"2B123";"Ghisonaccia";"2017-03-16 20:01:00";50;;;;;;;;;;;"1";"Malveillance";;;;;""
2017;6358;"2A";"2A103";"Cuttoli-Corticchiato";"2017-03-16 21:05:00";2000;;;;;;;;;;;;;;;;;""
2017;14540;"06";"06055";"Duranus";"2017-03-17 00:53:00";6690;6690;;;;;;;;;;"3";;;;;;""
2017;6369;"2A";"2A200";"Palneca";"2017-03-17 10:34:00";3000;;3000;;;;;;;;;"1";"Involontaire (travaux)";;;;;""
2017;14550;"06";"06136";"Sospel";"2017-03-17 11:27:00";330;330;;;;;;;;;;"3";"Involontaire (particulier)";;;;;""
2017;6381;"2A";"2A200";"Palneca";"2017-03-17 11:31:00";4000;;4000;;;;;;;;;"1";"Malveillance";;;;;""
2017;15537;"04";"04023";"Bayons";"2017-03-17 11:59:00";398600;348900;33800;;;;;;;15900;;"2";"Involontaire (particulier)";;;;;""
2017;345;"38";"38561";"Viriville";"2017-03-17 12:02:00";3000;0;;3000;;;3000;0;0;0;"Estimées";;;;;;;""
2017;1134;"74";"74067";"Chavanod";"2017-03-17 12:25:00";1000;0;;1000;;;1000;0;0;0;"Estimées";;;;;;;""
2017;346;"38";"38362";"Saint-Aupre";"2017-03-17 13:32:00";60000;0;;60000;;;60000;0;0;0;"Estimées";;;;;;;""
2017;14805;"2B";"2B214";"Piano";"2017-03-17 13:36:00";130000;130000;;;;;;;;;;"2";;;;;;""
2017;15559;"04";"04070";"Digne-les-Bains";"2017-03-17 13:41:00";31800;;31800;;;;;;;;;"1";"Involontaire (particulier)";;;;;""
2017;108;"12";"12214";"Saint-Chély-d'Aubrac";"2017-03-17 13:51:00";200;0;;200;;;200;0;0;0;"Estimées";;;;;;;""
2017;5377;"65";"65045";"Aucun";"2017-03-17 13:54:00";300000;0;;300000;;;300000;0;0;0;"Estimées";;"Involontaire (travaux)";;;;;""
2017;8386;"48";"48099";"Bourgs sur Colagne";"2017-03-17 14:24:00";9500;;9500;;;;;;;;;"1";;;;;;""
2017;6392;"2A";"2A139";"Lecci";"2017-03-17 14:40:00";50;;;;;;;;;;;;;;;;;""
2017;8387;"48";"48022";"Bédouès";"2017-03-17 14:42:00";10000;;;;;;;;;;;;;;;;;""
2017;8382;"48";"48155";"Saint-Germain-de-Calberte";"2017-03-17 14:52:00";17400;17400;;;;;;;;;;"4";;;;;;""
2017;15297;"2B";"2B352";"Ville-di-Paraso";"2017-03-17 14:59:00";3000;;;;;;;;;;;"1";"Involontaire (travaux)";;;;;""
2017;347;"38";"38083";"Charette";"2017-03-17 16:03:00";500;0;;500;;;500;0;0;0;"Estimées";;"Malveillance";;;;;""
2017;134;"63";"63250";"Neschers";"2017-03-17 16:31:00";6184;0;;850;;;850;0;5334;5334;"Mesurées";;"Accidentelle";;;;;""
2017;6403;"2A";"2A247";"Porto-Vecchio";"2017-03-17 16:50:00";50;;;;;;;;;;;;;;;;;""
2017;6970;"11";"11303";"Puivert";"2017-03-17 17:34:00";500;;;;;;;;;;;;;;;;;""
2017;14583;"30";"30077";"Cendras";"2017-03-17 18:10:00";20000;;;;;;;;;;;;;;;;;""
2017;14838;"2B";"2B280";"Silvareccio";"2017-03-17 18:20:00";2000;;2000;;;;;;;;;"1";;;;;;""
2017;135;"63";"63420";"Seychalles";"2017-03-17 18:59:00";816;0;;816;;;816;0;0;0;"Mesurées";;;;;;;""
2017;15581;"04";"04139";"Noyers-sur-Jabron";"2017-03-17 19:57:00";152300;75500;76800;;;;;;;;;"1";"Involontaire (travaux)";;;;;""
2017;6590;"2A";"2A154";"Marignana";"2017-03-17 21:10:00";100;;;;;;;;;;;;;;;;;""
2017;6635;"06";"06042";"Clans";"2017-03-18 11:17:00";88370;88370;;;;;;;;;;"5";;;;;;""
2017;349;"38";"38563";"Voiron";"2017-03-18 11:26:00";2000;0;;2000;;;2000;0;0;0;"Estimées";;"Malveillance";;;;;""
2017;15320;"07";"07139";"Laviolle";"2017-03-18 14:18:00";133000;;133000;;;;;;;;;"1";"Involontaire (travaux)";;;;;""
2017;14894;"2B";"2B190";"Olmi-Cappella";"2017-03-18 14:28:00";6000;;;;;;;;;;;"1";;;;;;""
2017;14905;"2B";"2B246";"La Porta";"2017-03-18 14:30:00";5000;;;;;;;;;;;"1";;;;;;""
2017;14916;"2B";"2B275";"Sermano";"2017-03-18 15:09:00";3000;;;;;;;;;;;"1";;;;;;""
2017;15267;"13";"13001";"Aix-en-Provence";"2017-03-18 15:35:00";5000;5000;;;;;;;;;;"1";"Involontaire (travaux)";;;;;""
2017;14971;"2B";"2B167";"Montegrosso";"2017-03-18 15:53:00";10000;;10000;;;;;;;;;"1";"Malveillance";;;;;""
2017;6971;"11";"11115";"Cuxac-Cabardès";"2017-03-18 15:57:00";1000;;;;;;;;;;;;;;;;;""
2017;350;"38";"38475";"Satolas-et-Bonce";"2017-03-18 16:11:00";3000;0;;3000;;;3000;0;0;0;"Estimées";;;;;;;""
2017;5672;"26";"26153";"Laborel";"2017-03-18 16:21:00";5200;4400;;;;;;;;800;;"4";"Involontaire (travaux)";;;;;""
2017;17290;"66";"66096";"Latour-de-France";"2017-03-18 16:30:00";2000;1000;1000;;;;;;;;;"2";"Involontaire (travaux)";;;;;""
2017;6972;"11";"11075";"Castans";"2017-03-18 16:33:00";10200;;;;;;;;;;;;;;;;;""
2017;6414;"2A";"2A330";"Ucciani";"2017-03-18 17:51:00";3000;;;;;;;;;;;;;;;;;""
2017;14992;"2B";"2B281";"Sisco";"2017-03-18 18:07:00";2000;;;;;;;;;;;"1";;;;;;""
2017;15003;"2B";"2B343";"Venzolasca";"2017-03-18 19:52:00";4000;;;;;;;;;;;"1";;;;;;""
2017;17459;"33";"33449";"Saint-Médard-en-Jalles";"2017-03-19 04:46:00";3000;3000;;0;;;0;0;0;0;"Estimées";;;"Non";;;;""
2017;15012;"2B";"2B286";"Sorbo-Ocagnano";"2017-03-19 08:01:00";10000;;10000;;;;;;;;;"1";;;;;;""
2017;15614;"04";"04136";"La Mure-Argens";"2017-03-19 13:06:00";2000;1300;700;;;;;;;;;"4";"Involontaire (particulier)";;;;;""
2017;17460;"33";"33233";"Laruscade";"2017-03-19 14:15:00";1500;1500;;0;;;0;0;0;0;"Estimées";;;"Non";;;;""
2017;6973;"11";"11194";"Lastours";"2017-03-19 16:49:00";5;;;;;;;;;;;;;;;;;""
2017;103;"46";"46223";"Pontcirq";"2017-03-19 17:32:00";1500;0;;1500;;;1500;0;0;0;"Estimées";;;;;;;""
2017;17335;"66";"66140";"Pézilla-la-Rivière";"2017-03-19 18:14:00";1000;1000;;;;;;;;;;"2";"Accidentelle";;;;;""
2017;8692;"48";"48152";"Ventalon en Cévennes";"2017-03-20 10:27:00";480;480;;;;;;;;;;"2";;;;;;""
2017;6974;"11";"11056";"Cabrespine";"2017-03-20 13:07:00";200;;;;;;;;;;;;;;;;;""
2017;6646;"06";"06098";"Puget-Rostang";"2017-03-20 13:30:00";2360;2360;;;;;;;;;;"3";;;;;;""
2017;8015;"07";"07161";"Montpezat-sous-Bauzon";"2017-03-20 16:15:00";156000;;156000;;;;;;;;;"1";;;;;;""
2017;351;"38";"38163";"La Ferrière";"2017-03-20 16:35:00";500;0;;500;;;500;0;0;0;"Estimées";;"Malveillance";;;;;""
2017;16637;"34";"34200";"Pézènes-les-Mines";"2017-03-21 10:47:00";3000;;3000;;;;;;;;;"1";"Malveillance";;;;;""
2017;8018;"07";"07153";"Mayres";"2017-03-21 17:34:00";213000;;213000;;;;;;;;;"1";"Malveillance";;;;;""
2017;6425;"2A";"2A189";"Olmeto";"2017-03-21 18:32:00";20;;;;;;;;;;;;;;;;;""
2017;6524;"2A";"2A212";"Piana";"2017-03-21 18:42:00";150;;;;;;;;;;;;;;;;;""
2017;6436;"2A";"2A114";"Figari";"2017-03-22 09:45:00";50;;50;;;;;;;;;"1";"Involontaire (particulier)";;;;;""
2017;16670;"34";"34144";"Lunas";"2017-03-22 10:41:00";12856;;;;;;;;;;;"1";"Malveillance";;;;;""
2017;15877;"2B";"2B049";"Calenzana";"2017-03-22 11:03:00";1000;;1000;;;;;;;;;"1";"Malveillance";;;;;""
2017;15888;"2B";"2B355";"Volpajola";"2017-03-22 11:28:00";600;;;;;;;;;;;"1";;;;;;""
2017;5418;"66";"66107";"Maury";"2017-03-22 16:05:00";500;500;;;;;;;;;;"2";;;;;;""
2017;8393;"48";"48156";"Saint-Germain-du-Teil";"2017-03-22 16:34:00";5000;;;;;;;;;;;;;;;;;""
2017;5428;"66";"66136";"Perpignan";"2017-03-22 19:01:00";200;;200;;;;;;;;;"1";"Malveillance";;;;;""
2017;5982;"2B";"2B346";"Vescovato";"2017-03-22 21:34:00";1000;1000;;;;;;;;;;"2";;;;;;""
2017;6975;"11";"11069";"Carcassonne";"2017-03-22 22:42:00";100;;;;;;;;;;;;;;;;;""
2017;8697;"48";"48097";"Moissac-Vallée-Française";"2017-03-23 15:55:00";7;7;;;;;;;;;;"5";"Naturelle";;;;;""
2017;5993;"2B";"2B145";"Loreto-di-Casinca";"2017-03-23 18:05:00";10000;;;;;;;;;;;"2";;;;;;""
2017;352;"38";"38517";"Tullins";"2017-03-23 18:49:00";600;0;;600;;;600;0;0;0;"Estimées";;"Malveillance";;;;;""
2017;6015;"2B";"2B182";"Occhiatana";"2017-03-24 11:51:00";1000;1000;;;;;;;;;;"2";"Involontaire (travaux)";;;;;""
2017;6026;"2B";"2B235";"Pioggiola";"2017-03-24 14:39:00";1150;;;;;;;;;;;"1";;;;;;""
2017;6037;"2B";"2B182";"Occhiatana";"2017-03-24 18:14:00";300;;;;;;;;;;;"1";"Involontaire (travaux)";;;;;""
2017;6602;"2A";"2A349";"Viggianello";"2017-03-24 18:33:00";50;;50;;;;;;;;;"1";"Involontaire (travaux)";;;;;""
2017;7341;"2A";"2A031";"Bastelica";"2017-03-24 18:47:00";2256000;256000;2000000;;;;;;;;;"4";"Malveillance";;;;;""
2017;6447;"2A";"2A249";"Propriano";"2017-03-25 03:47:00";100;;;;;;;;;;;;;;;;;""
2017;6060;"2B";"2B002";"Aghione";"2017-03-25 09:55:00";3000;;3000;;;;;;;;;"1";;;;;;""
2017;6458;"2A";"2A038";"Bilia";"2017-03-25 10:58:00";50;;50;;;;;;;;;;"Involontaire (particulier)";;;;;""
2017;17461;"33";"33237";"Léogeats";"2017-03-25 14:58:00";50;50;;0;;;0;0;0;0;"Estimées";;;"Non";;;;""
2017;6093;"2B";"2B280";"Silvareccio";"2017-03-25 15:09:00";10000;10000;;;;;;;;;;"3";;;;;;""
2017;17462;"33";"33318";"Pessac";"2017-03-26 13:58:00";20;20;;0;;;0;0;0;0;"Estimées";;;"Non";;;;""
2017;6104;"2B";"2B281";"Sisco";"2017-03-26 15:08:00";10000;10000;;;;;;;;;;"2";;;;;;""
2017;896;"15";"15236";"Thiézac";"2017-03-27 14:40:00";30000;0;;30000;;;30000;0;0;0;"Estimées";;"Involontaire (particulier)";;;;;""
2017;120;"46";"46120";"Gindou";"2017-03-27 16:09:00";10000;0;;10000;;;10000;0;0;0;"Estimées";;;;;;;""
2017;17463;"33";"33012";"Arsac";"2017-03-27 16:21:00";40000;40000;;0;;;0;0;0;0;"Estimées";;"Involontaire (travaux)";"Non";;;;""
2017;1272;"68";"68046";"Bourbach-le-Haut";"2017-03-27 16:26:00";50000;50000;;0;;;0;0;0;0;"Estimées";;;;;;;""
2017;897;"15";"15162";"Riom-ès-Montagnes";"2017-03-27 20:30:00";30000;0;;30000;;;30000;0;0;0;"Estimées";;;;;;;""
2017;1118;"68";"68269";"Ribeauvillé";"2017-03-28 11:57:00";100;0;;100;;;100;0;0;0;"Estimées";;;;;;;""
2017;902;"15";"15147";"Parlan";"2017-03-28 14:54:00";30000;0;;30000;;;30000;0;0;0;"Estimées";;;;;;;""
2017;7010;"34";"34268";"Saint-Jean-de-la-Blaquière";"2017-03-28 16:03:00";18500;;18500;;;;;;;;;"1";"Involontaire (travaux)";;;;;""
2017;354;"38";"38026";"La Balme-les-Grottes";"2017-03-28 16:54:00";5000;2500;;2500;;;2500;0;0;0;"Estimées";;;;;;;""
2017;8978;"66";"66025";"Bourg-Madame";"2017-03-28 17:22:00";500;500;;;;;;;;;;"4";"Involontaire (travaux)";;;;;""
2017;6976;"11";"11221";"Les Martys";"2017-03-28 17:59:00";2000;;;;;;;;;;;;;;;;;""
2017;17464;"33";"33454";"Saint-Morillon";"2017-03-28 23:41:00";1500;1500;;0;;;0;0;0;0;"Estimées";;"Involontaire (travaux)";"Non";;;;""
2017;5617;"83";"83028";"Callas";"2017-03-29 12:41:00";3000;3000;;;;;;;;;;"4";"Involontaire (travaux)";;;;;""
2017;121;"46";"46128";"Gramat";"2017-03-29 13:42:00";2000;0;;2000;;;2000;0;0;0;"Estimées";;;;;;;""
2017;8708;"48";"48155";"Saint-Germain-de-Calberte";"2017-03-29 14:45:00";190;190;;;;;;;;;;"2";"Involontaire (particulier)";;;;;""
2017;1119;"68";"68275";"Rimbach-près-Masevaux";"2017-03-29 14:55:00";500;500;;0;;;0;0;0;0;"Estimées";;;;;;;""
2017;1120;"68";"68255";"Pfaffenheim";"2017-03-29 15:01:00";500;0;;500;;;500;0;0;0;"Estimées";;;;;;;""
2017;7044;"34";"34103";"Fontès";"2017-03-29 15:40:00";556;556;;;;;;;;;;"1";"Involontaire (travaux)";;;;;""
2017;113;"12";"12270";"Sévérac d'Aveyron";"2017-03-29 15:55:00";10000;0;;10000;;;10000;0;0;0;"Estimées";;"Accidentelle";;;;;""
2017;114;"12";"12066";"Clairvaux-d'Aveyron";"2017-03-29 15:58:00";10000;0;;10000;;;10000;0;0;0;"Estimées";;;;;;;""
2017;8981;"66";"66084";"Fourques";"2017-03-29 16:33:00";600;;600;;;;;;;;;"1";"Involontaire (travaux)";;;;;""
2017;6469;"2A";"2A008";"Albitreccia";"2017-03-29 16:47:00";50;;50;;;;;;;;;;"Involontaire (particulier)";;;;;""
2017;381;"16";"16212";"Massignac";"2017-03-29 16:52:00";20000;20000;;0;;;0;0;0;0;"Estimées";;;;;;;""
2017;355;"38";"38075";"Chapareillan";"2017-03-29 17:17:00";2000;0;;2000;;;2000;0;0;0;"Estimées";;"Malveillance";;;;;""
2017;1283;"87";"87065";"Feytiat";"2017-03-29 18:55:00";5000;5000;;0;;;0;0;0;0;"Estimées";;;;;;;""
2017;128;"17";"17074";"Bussac-Forêt";"2017-03-30 08:00:00";15000;15000;;0;;;0;0;0;0;"Mesurées";;"Accidentelle";;;;;""
2017;3026;"40";"40242";"Rimbez-et-Baudiets";"2017-03-30 12:11:00";300;300;;0;;;0;;;0;;;;;;;;""
2017;6137;"2B";"2B246";"La Porta";"2017-03-30 12:41:00";5000;5000;;;;;;;;;;"2";;;;;;""
2017;497;"50";"50282";"Le Luot";"2017-03-30 13:37:00";1200;0;;1200;;;1200;0;0;0;"Estimées";;"Involontaire (particulier)";;;;;""
2017;125;"12";"12080";"Coupiac";"2017-03-30 14:00:00";30000;0;;30000;;;30000;0;0;0;"Estimées";;;;;;;""
2017;367;"39";"39346";"Montagna-le-Reconduit";"2017-03-30 14:33:00";250;250;;0;;;0;0;0;0;"Estimées";;;;;;;""
2017;6978;"11";"11038";"Bessède-de-Sault";"2017-03-30 14:55:00";8000;;;;;;;;;;;;;;;;;""
2017;17465;"33";"33122";"Cestas";"2017-03-30 15:19:00";500;500;;0;;;0;0;0;0;"Estimées";;"Involontaire (particulier)";"Non";;;;""
2017;116;"19";"19023";"Beynat";"2017-03-30 15:37:00";20000;20000;;0;;;0;0;0;0;"Estimées";;;;;;;""
2017;1001;"15";"15242";"Le Trioulou";"2017-03-30 16:05:00";35000;0;;35000;;;35000;0;0;0;"Estimées";;"Involontaire (travaux)";;;;;""
2017;1002;"15";"15176";"Saint-Chamant";"2017-03-30 16:30:00";30000;0;;30000;;;30000;0;0;0;"Estimées";;;;;;;""
2017;1003;"15";"15186";"Sainte-Eulalie";"2017-03-30 16:31:00";10000;0;;10000;;;10000;0;0;0;"Estimées";;;;;;;""
2017;122;"46";"46108";"Fons";"2017-03-30 16:37:00";1000;0;;1000;;;1000;0;0;0;"Estimées";;;;;;;""
2017;6160;"2B";"2B337";"Valle-di-Rostino";"2017-03-30 16:38:00";50000;50000;;;;;;;;;;"2";;;;;;""
2017;7356;"26";"26127";"Eygaliers";"2017-03-30 16:40:00";4500;;4500;;;;;;;;;"1";"Involontaire (particulier)";;;;;""
2017;6657;"06";"06163";"Tende";"2017-03-30 16:49:00";4680;4680;;;;;;;;;;"3";"Involontaire (particulier)";;;;;""
2017;129;"17";"17410";"Saint-Thomas-de-Conac";"2017-03-30 17:28:00";5000;5000;;0;;;0;0;0;0;"Estimées";;;;;;;""
2017;6979;"11";"11307";"Raissac-d'Aude";"2017-03-30 17:29:00";5000;;;;;;;;;;;;;;;;;""
2017;123;"46";"46042";"Cahors";"2017-03-30 17:55:00";100;0;;100;;;100;0;0;0;"Estimées";;;;;;;""
2017;357;"38";"38533";"Venon";"2017-03-30 18:03:00";10000;5000;;5000;;;5000;0;0;0;"Estimées";;;;;;;""
2017;117;"19";"19088";"Grandsaigne";"2017-03-30 18:32:00";10000;10000;;0;;;0;0;0;0;"Estimées";;;;;;;""
2017;903;"15";"15099";"Lavastrie";"2017-03-30 18:35:00";30000;0;;30000;;;30000;0;0;0;"Estimées";;;;;;;""
2017;137;"63";"63293";"Le Quartier";"2017-03-30 18:41:00";5433;0;;583;;;583;4850;0;4850;"Mesurées";;;;;;;""
2017;358;"38";"38376";"Saint-Christophe-sur-Guiers";"2017-03-30 18:44:00";400;0;;400;;;400;0;0;0;"Estimées";;;;;;;""
2017;6980;"11";"11127";"Escouloubre";"2017-03-30 18:51:00";21331;;;;;;;;;;;;;;;;;""
2017;1278;"87";"87035";"Champnétery";"2017-03-30 19:12:00";100000;100000;;0;;;0;0;0;0;"Estimées";;;;;;;""
2017;1268;"88";"88461";"Suriauville";"2017-03-30 20:03:00";10000;10000;;0;;;0;0;0;0;"Estimées";;;;;;;""
2017;368;"39";"39047";"Bellefontaine";"2017-03-30 20:47:00";30;30;;0;;;0;0;0;0;"Estimées";;;;;;;""
2017;138;"63";"63006";"Anzat-le-Luguet";"2017-03-30 21:21:00";2808;2808;;0;;;0;0;0;0;"Mesurées";;;;;;;""
2017;124;"46";"46292";"Saint-Simon";"2017-03-31 12:43:00";15000;0;;15000;;;15000;0;0;0;"Estimées";;;;;;;""
2017;6668;"06";"06009";"Bairols";"2017-03-31 13:47:00";10270;10270;;;;;;;;;;"5";;;;;;""
2017;5683;"26";"26231";"Peyrins";"2017-03-31 14:08:00";5700;;;;;;;;;;;"3";;;;;;""
2017;1121;"68";"68274";"Rimbach-près-Guebwiller";"2017-03-31 14:52:00";20000;20000;;0;;;0;0;0;0;"Estimées";;;;;;;""
2017;127;"12";"12118";"Lacroix-Barrez";"2017-03-31 15:44:00";10000;0;;10000;;;10000;0;0;0;"Estimées";;;;;;;""
2017;359;"38";"38062";"La Buissière";"2017-03-31 16:41:00";500;0;;500;;;500;0;0;0;"Estimées";;"Malveillance";;;;;""
2017;17467;"33";"33056";"Blanquefort";"2017-03-31 17:17:00";15000;15000;;0;;;0;0;0;0;"Estimées";;;"Non";;;;""
2017;360;"38";"38022";"Les Avenières Veyrins-Thuellin";"2017-03-31 17:22:00";250;0;;250;;;250;0;0;0;"Estimées";;"Malveillance";;;;;""
2017;1270;"88";"88413";"Saint-Dié-des-Vosges";"2017-03-31 17:23:00";140;0;;140;;;140;0;0;0;"Estimées";;;;;;;""
2017;8987;"66";"66148";"Port-Vendres";"2017-03-31 21:41:00";24500;;24500;;;;;;;;;"1";"Involontaire (travaux)";;;;;""
2017;6480;"2A";"2A330";"Ucciani";"2017-04-01 11:22:00";500;;;;;;;;;;;;;;;;;""
2017;11379;"2A";"2A271";"Sarrola-Carcopino";"2017-04-01 13:17:00";300;;;;;;;;;;;;;;;;;""
2017;6492;"2A";"2A019";"Arbori";"2017-04-01 13:18:00";720;;720;;;;;;;;;"1";"Malveillance";;;;;""
2017;6204;"2B";"2B074";"Casanova";"2017-04-01 17:17:00";1000;;;;;;;;;;;"1";;;;;;""
2017;6503;"2A";"2A118";"Fozzano";"2017-04-01 18:12:00";50;;;;;;;;;;;;;;;;;""
2017;6514;"2A";"2A019";"Arbori";"2017-04-01 19:22:00";53000;;53000;;;;;;;;;"1";"Malveillance";;;;;""
2017;8989;"66";"66020";"Bolquère";"2017-04-02 15:46:00";150;150;;;;;;;;;;"4";"Involontaire (travaux)";;;;;""
2017;130;"17";"17021";"Arvert";"2017-04-02 21:43:00";200;200;;0;;;0;0;0;0;"Estimées";;"Accidentelle";;;;;""
2017;1271;"88";"88498";"Vecoux";"2017-04-03 11:07:00";100;0;;100;;;100;0;0;0;"Estimées";;;;;;;""
2017;1115;"74";"74279";"Thollon-les-Mémises";"2017-04-03 11:57:00";400;400;;0;;;0;0;0;0;"Estimées";;;;;;;""
2017;1137;"72";"72181";"Le Mans";"2017-04-03 15:13:00";20;20;;0;;;0;0;0;0;"Estimées";;;;;;;""
2017;1004;"15";"15099";"Lavastrie";"2017-04-03 19:47:00";20000;0;;20000;;;20000;0;0;0;"Estimées";;;;;;;""
2017;1138;"72";"72058";"Changé";"2017-04-03 20:14:00";50;50;;0;;;0;0;0;0;"Estimées";;;;;;;""
2017;6981;"11";"11203";"Lézignan-Corbières";"2017-04-04 05:36:00";2;;;;;;;;;;;;;;;;;""
2017;6982;"11";"11322";"Roquefort-des-Corbières";"2017-04-04 16:05:00";300;;;;;;;;;;;;;;;;;""
2017;369;"39";"39179";"Crenans";"2017-04-04 16:51:00";86000;86000;;0;;;0;0;0;0;"Estimées";;;;;;;""
2017;2355;"24";"24319";"Paussac-et-Saint-Vivien";"2017-04-04 19:10:00";10000;10000;;0;;;0;;;0;;;"Involontaire (travaux)";;;;;""
2017;9783;"34";"34316";"Usclas-du-Bosc";"2017-04-05 14:14:00";113;113;;;;;;;;;;"3";;;;;;""
2017;1139;"72";"72300";"Saint-Mars-la-Brière";"2017-04-05 16:03:00";120000;120000;;0;;;0;0;0;0;"Estimées";;;;;;;""
2017;361;"38";"38507";"Tignieu-Jameyzieu";"2017-04-05 17:05:00";200;0;;200;;;200;0;0;0;"Estimées";;;;;;;""
2017;7652;"2A";"2A139";"Lecci";"2017-04-05 18:10:00";50;;50;;;;;;;;;"1";"Involontaire (particulier)";;;;;""
2017;132;"21";"21590";"Savigny-lès-Beaune";"2017-04-05 19:14:00";3777;3777;;0;;;0;0;0;0;"Mesurées";;;;;;;""
2017;131;"17";"17357";"Saint-Maigrin";"2017-04-05 19:24:00";150;150;;0;;;0;0;0;0;"Estimées";;"Involontaire (travaux)";;;;;""
2017;362;"38";"38271";"Murianette";"2017-04-05 20:53:00";1400;0;;1400;;;1400;0;0;0;"Estimées";;;;;;;""
2017;9360;"66";"66136";"Perpignan";"2017-04-06 13:28:00";10000;10000;;;;;;;;;;"4";"Involontaire (travaux)";;;;;""
2017;363;"38";"38075";"Chapareillan";"2017-04-06 15:03:00";20000;0;;20000;;;20000;0;0;0;"Estimées";;"Malveillance";;;;;""
2017;370;"39";"39234";"Foulenay";"2017-04-06 15:34:00";100;100;;0;;;0;0;0;0;"Estimées";;;;;;;""
2017;7653;"2A";"2A271";"Sarrola-Carcopino";"2017-04-06 15:53:00";1;;1;;;;;;;;;;;;;;;""
2017;17474;"33";"33009";"Arcachon";"2017-04-06 16:17:00";200;200;;0;;;0;0;0;0;"Estimées";;;"Non";;;;""
2017;17475;"33";"33177";"Gaillan-en-Médoc";"2017-04-06 17:34:00";70;70;;0;;;0;0;0;0;"Estimées";;;"Non";;;;""
2017;17477;"33";"33449";"Saint-Médard-en-Jalles";"2017-04-06 19:30:00";10000;10000;;0;;;0;0;0;0;"Estimées";;"Accidentelle";"Non";;;;""
2017;9365;"66";"66174";"Saint-Féliu-d'Avall";"2017-04-07 11:16:00";1500;;1500;;;;;;;;;"1";"Involontaire (travaux)";;;;;""
2017;7142;"06";"06146";"Tournefort";"2017-04-07 13:38:00";151250;81250;70000;;;;;;;;;"4";"Malveillance";;;;;""
2017;8023;"07";"07209";"Saint-Andéol-de-Fourchades";"2017-04-07 14:00:00";15000;2000;13000;;;;;;;;;"1";"Involontaire (travaux)";;;;;""
2017;1005;"15";"15007";"Anterrieux";"2017-04-07 14:35:00";30000;0;;30000;;;30000;0;0;0;"Estimées";;"Involontaire (travaux)";;;;;""
2017;2038;"47";"47320";"Villefranche-du-Queyran";"2017-04-07 14:53:00";200;200;;0;;;0;;;0;;;"Involontaire (travaux)";;;;;""
2017;8712;"48";"48127";"Rieutort-de-Randon";"2017-04-07 15:08:00";1000;;1000;;;;;;;;;"1";"Involontaire (travaux)";;;;;""
2017;144;"12";"12220";"Sainte-Eulalie-de-Cernon";"2017-04-07 15:29:00";10000;0;;10000;;;10000;0;0;0;"Estimées";;;;;;;""
2017;751;"38";"38383";"Saint-Étienne-de-Crossey";"2017-04-07 15:42:00";500;0;;500;;;500;0;0;0;"Estimées";;"Involontaire (particulier)";;;;;""
2017;8117;"05";"05044";"Crévoux";"2017-04-07 16:14:00";14400;;;;;;;;;;;;"Involontaire (travaux)";;;;;""
2017;139;"63";"63080";"Champeix";"2017-04-07 16:18:00";588;0;;358;;;358;0;230;230;"Mesurées";;;;;;;""
2017;153;"46";"46043";"Cahus";"2017-04-07 17:02:00";900;0;;900;;;900;0;0;0;"Estimées";;;;;;;""
2017;752;"38";"38019";"Auberives-sur-Varèze";"2017-04-07 17:04:00";1500;0;;1500;;;1500;0;0;0;"Estimées";;;;;;;""
2017;154;"46";"46335";"Villesèque";"2017-04-07 17:18:00";8000;0;;8000;;;8000;0;0;0;"Estimées";;;;;;;""
2017;371;"39";"39186";"Cuttura";"2017-04-07 17:57:00";800;800;;0;;;0;0;0;0;"Estimées";;;;;;;""
2017;155;"46";"46105";"Flaujac-Poujols";"2017-04-07 18:26:00";200;0;;200;;;200;0;0;0;"Estimées";;;;;;;""
2017;372;"39";"39235";"Fraisans";"2017-04-07 18:27:00";20000;20000;;0;;;0;0;0;0;"Estimées";;;;;;;""
2017;1135;"74";"74262";"Scientrier";"2017-04-07 18:32:00";20000;20000;;0;;;0;0;0;0;"Estimées";;;;;;;""
2017;8025;"07";"07024";"Banne";"2017-04-07 20:04:00";3000;;;;;;;;;;;"1";"Involontaire (travaux)";;;;;""
2017;6983;"11";"11266";"Port-la-Nouvelle";"2017-04-08 07:43:00";150;;;;;;;;;;;;;;;;;""
2017;6984;"11";"11266";"Port-la-Nouvelle";"2017-04-08 07:43:00";100;;;;;;;;;;;;;;;;;""
2017;6944;"2B";"2B317";"Santa-Reparata-di-Moriani";"2017-04-08 11:48:00";10000;;10000;;;;;;;;;"1";;;;;;""
2017;265;"17";"17167";"Le Fouilloux";"2017-04-08 12:25:00";1500;1500;;0;;;0;0;0;0;"Estimées";;;;;;;""
2017;2354;"24";"24562";"Vallereuil";"2017-04-08 14:01:00";20000;20000;;0;;;0;;;0;;;;;;;;""
2017;1302;"87";"87182";"Saint-Sulpice-les-Feuilles";"2017-04-08 15:06:00";10000;10000;;0;;;0;0;0;0;"Estimées";;;;;;;""
2017;145;"12";"12301";"Villeneuve";"2017-04-08 15:37:00";1000;0;;1000;;;1000;0;0;0;"Estimées";;;;;;;""
2017;1006;"15";"15264";"Vitrac";"2017-04-08 15:39:00";20000;0;;20000;;;20000;0;0;0;"Estimées";;;;;;;""
2017;8028;"07";"07014";"Arlebosc";"2017-04-08 16:18:00";15000;;15000;;;;;;;;;;;;;;;""
2017;1007;"15";"15156";"Prunet";"2017-04-08 16:47:00";60000;0;;60000;;;60000;0;0;0;"Estimées";;"Involontaire (travaux)";;;;;""
2017;7889;"04";"04149";"Peyruis";"2017-04-08 16:49:00";10;10;;;;;;;;;;"2";"Involontaire (particulier)";;;;;""
2017;140;"63";"63004";"Les Ancizes-Comps";"2017-04-08 17:01:00";7072;3104;;0;;;0;0;3968;3968;"Mesurées";;;;;;;""
2017;156;"46";"46010";"Aujols";"2017-04-08 17:15:00";700;0;;700;;;700;0;0;0;"Estimées";;;;;;;""
2017;1279;"87";"87050";"Couzeix";"2017-04-08 17:24:00";10000;10000;;0;;;0;0;0;0;"Estimées";;;;;;;""
2017;2353;"24";"24239";"Ligueux";"2017-04-08 17:28:00";2500;2500;;0;;;0;;;0;;;;;;;;""
2017;146;"12";"12251";"Saint-Victor-et-Melvieu";"2017-04-08 17:43:00";10000;0;;10000;;;10000;0;0;0;"Estimées";;"Accidentelle";;;;;""
2017;2352;"24";"24356";"Rouffignac-Saint-Cernin-de-Reilhac";"2017-04-08 18:08:00";3000;3000;;0;;;0;;;0;;;;;;;;""
2017;147;"12";"12062";"Castelnau-Pégayrols";"2017-04-08 20:36:00";70000;0;;70000;;;70000;0;0;0;"Estimées";;;;;;;""
2017;7345;"26";"26291";"Saint-Andéol";"2017-04-09 07:53:00";7500;7500;;;;;;;;;;"3";"Involontaire (particulier)";;;;;""
2017;8381;"48";"48130";"Rousses";"2017-04-09 10:57:00";1100;660;440;;;;;;;;;"4";"Involontaire (travaux)";;;;;""
2017;753;"38";"38372";"Saint-Bueil";"2017-04-09 11:43:00";2000;0;;2000;;;2000;0;0;0;"Estimées";;;;;;;""
2017;8451;"34";"34069";"Cazouls-lès-Béziers";"2017-04-09 13:28:00";8570;;8570;;;;;;;;;"1";"Accidentelle";;;;;""
2017;2351;"24";"24016";"Augignac";"2017-04-09 14:23:00";15000;15000;;0;;;0;;;0;;;"Accidentelle";;;;;""
2017;1289;"87";"87125";"Rilhac-Rancon";"2017-04-09 14:32:00";3000;3000;;0;;;0;0;0;0;"Estimées";;;;;;;""
2017;1288;"87";"87122";"Razès";"2017-04-09 14:47:00";10000;10000;;0;;;0;0;0;0;"Estimées";;;;;;;""
2017;7279;"2B";"2B039";"Bisinchi";"2017-04-09 14:50:00";2000;;2000;;;;;;;;;"1";;;;;;""
2017;157;"46";"46188";"Maxou";"2017-04-09 15:31:00";400;0;;400;;;400;0;0;0;"Estimées";;;;;;;""
2017;690;"45";"45331";"Vannes-sur-Cosson";"2017-04-09 15:41:00";2000;2000;;0;;;0;0;0;0;"Estimées";;;;;;;""
2017;373;"39";"39027";"Augisey";"2017-04-09 17:01:00";20000;20000;;0;;;0;0;0;0;"Estimées";;;;;;;""
2017;1303;"87";"87187";"Saint-Yrieix-la-Perche";"2017-04-09 17:09:00";30000;30000;;0;;;0;0;0;0;"Estimées";;;;;;;""
2017;501;"50";"50403";"Pirou";"2017-04-09 17:18:00";6800;6800;;0;;;0;0;0;0;"Estimées";;;;;;;""
2017;8344;"2A";"2A323";"Tavaco";"2017-04-09 17:19:00";20;;20;;;;;;;;;;;;;;;""
2017;1008;"15";"15106";"Lieutadès";"2017-04-09 17:25:00";100000;0;;100000;;;100000;0;0;0;"Estimées";;;;;;;""
2017;8345;"2A";"2A024";"Aullène";"2017-04-09 17:30:00";20000;;20000;;;;;;;;;;;;;;;""
2017;162;"63";"63017";"Augnat";"2017-04-10 10:05:00";5544;5544;;0;;;0;0;0;0;"Mesurées";;"Involontaire (travaux)";;;;;""
2017;8346;"2A";"2A362";"Zonza";"2017-04-10 12:52:00";200;;200;;;;;;;;;"1";"Involontaire (particulier)";;;;;""
2017;141;"43";"43082";"Cronce";"2017-04-10 13:17:00";90000;26000;;64000;;;64000;0;0;0;"Mesurées";;;;;;;""
2017;5378;"01";"01286";"Parves et Nattages";"2017-04-10 13:19:00";150000;70000;;80000;;;80000;0;0;0;"Estimées";;;;;;;""
2017;664;"01";"01286";"Parves et Nattages";"2017-04-10 13:22:00";80000;80000;;0;;;0;0;0;0;"Estimées";;;;;;;""
2017;1122;"68";"68040";"Bitschwiller-lès-Thann";"2017-04-10 13:42:00";4000;4000;;0;;;0;0;0;0;"Estimées";;;;;;;""
2017;142;"19";"19231";"Saint-Pardoux-la-Croisille";"2017-04-10 14:50:00";10000;10000;;0;;;0;0;0;0;"Estimées";;;;;;;""
2017;149;"12";"12093";"Le Fel";"2017-04-10 14:51:00";5000;0;;5000;;;5000;0;0;0;"Estimées";;"Accidentelle";;;;;""
2017;1009;"15";"15029";"Cassaniouze";"2017-04-10 14:56:00";20000;0;;20000;;;20000;0;0;0;"Estimées";;;;;;;""
2017;17489;"33";"33485";"Sainte-Terre";"2017-04-10 15:10:00";50;50;;0;;;0;0;0;0;"Estimées";;;"Non";;;;""
2017;143;"19";"19039";"Champagnac-la-Noaille";"2017-04-10 15:14:00";30000;30000;;0;;;0;0;0;0;"Estimées";;;;;;;""
2017;7154;"06";"06144";"La Tour";"2017-04-10 15:48:00";2170;2170;;;;;;;;;;"3";;;;;;""
2017;17490;"33";"33284";"Mios";"2017-04-10 16:02:00";15000;15000;;0;;;0;0;0;0;"Estimées";;;"Non";;;;""
2017;17491;"33";"33094";"Caplong";"2017-04-10 16:08:00";5000;5000;;0;;;0;0;0;0;"Estimées";;;"Non";;;;""
2017;266;"17";"17140";"Dolus-d'Oléron";"2017-04-10 16:35:00";1000;1000;;0;;;0;0;0;0;"Estimées";;;;;;;""
2017;148;"12";"12088";"Curières";"2017-04-10 17:54:00";100;0;;100;;;100;0;0;0;"Estimées";;;;;;;""
2017;150;"12";"12268";"Sénergues";"2017-04-10 18:05:00";10000;0;;10000;;;10000;0;0;0;"Estimées";;;;;;;""
2017;7290;"2B";"2B113";"Ficaja";"2017-04-10 20:34:00";1000;1000;;;;;;;;;;"2";;;;;;""
2017;17492;"33";"33056";"Blanquefort";"2017-04-11 08:44:00";500;500;;0;;;0;0;0;0;"Estimées";;"Involontaire (particulier)";"Non";;;;""
2017;1140;"72";"72213";"Mulsanne";"2017-04-11 11:19:00";500;500;;0;;;0;0;0;0;"Estimées";;;;;;;""
2017;7301;"2B";"2B172";"Murato";"2017-04-11 12:38:00";1000;;;;;;;;;;;"1";"Involontaire (travaux)";;;;;""
2017;1309;"71";"71109";"Chassey-le-Camp";"2017-04-11 14:30:00";20000;0;;20000;;;20000;0;0;0;"Estimées";;;;;;;""
2017;8356;"2A";"2A200";"Palneca";"2017-04-11 15:14:00";1000;;;;;;;;;;;;;;;;;""
2017;267;"17";"17424";"Semoussac";"2017-04-11 15:31:00";1600;1600;;0;;;0;0;0;0;"Estimées";;"Involontaire (particulier)";;;;;""
2017;8830;"2A";"2A357";"Zérubia";"2017-04-11 16:08:00";500;;500;;;;;;;;;;;;;;;""
2017;17496;"33";"33214";"Lacanau";"2017-04-11 19:13:00";2500;2500;;0;;;0;0;0;0;"Estimées";;;"Non";;;;""
2017;9442;"34";"34105";"Fouzilhon";"2017-04-11 23:19:00";20320;;20320;;;;;;;;;"1";"Malveillance";;;;;""
2017;17497;"33";"33443";"Saint-Martin-de-Lerm";"2017-04-12 00:13:00";2000;2000;;0;;;0;0;0;0;"Estimées";;;"Non";;;;""
2017;2034;"47";"47205";"Pindères";"2017-04-12 01:20:00";5000;5000;;0;;;0;;;0;;;;;;;;""
2017;8358;"2A";"2A200";"Palneca";"2017-04-12 06:43:00";100;;100;;;;;;;;;"1";"Involontaire (travaux)";;;;;""
2017;17498;"33";"33320";"Petit-Palais-et-Cornemps";"2017-04-12 10:41:00";12000;12000;;0;;;0;0;0;0;"Estimées";;"Accidentelle";"Non";;;;""
2017;151;"19";"19062";"Corrèze";"2017-04-12 11:44:00";2500;2500;;0;;;0;0;0;0;"Estimées";;"Accidentelle";;;;;""
2017;1269;"88";"88068";"La Bourgonce";"2017-04-12 12:27:00";2000;2000;;0;;;0;0;0;0;"Estimées";;;;;;;""
2017;1116;"74";"74127";"Féternes";"2017-04-12 12:58:00";10000;10000;;0;;;0;0;0;0;"Estimées";;;;;;;""
2017;268;"17";"17038";"Bedenac";"2017-04-12 13:17:00";27500;27500;;0;;;0;0;0;0;"Mesurées";;"Involontaire (travaux)";;;;;""
2017;164;"63";"63192";"La Tour-d'Auvergne";"2017-04-12 15:08:00";3264;3264;;0;;;0;0;0;0;"Mesurées";;;;;;;""
2017;8187;"07";"07142";"Lespéron";"2017-04-12 15:21:00";16000;16000;;;;;;;;;;"4";"Accidentelle";;;;;""
2017;195;"12";"12036";"Brommat";"2017-04-12 15:38:00";100000;0;;100000;;;100000;0;0;0;"Estimées";;;;;;;""
2017;196;"12";"12108";"Galgan";"2017-04-12 15:39:00";100;0;;100;;;100;0;0;0;"Estimées";;;;;;;""
2017;8029;"07";"07203";"Sagnes-et-Goudoulet";"2017-04-12 15:48:00";26000;;26000;;;;;;;;;"1";"Involontaire (travaux)";;;;;""
2017;8411;"34";"34107";"Fraisse-sur-Agout";"2017-04-12 16:35:00";40129;40129;;;;;;;;;;"3";"Involontaire (travaux)";;;;;""
2017;1010;"15";"15159";"Raulhac";"2017-04-12 16:38:00";70000;0;;70000;;;70000;0;0;0;"Estimées";;;;;;;""
2017;165;"63";"63271";"Paslières";"2017-04-12 17:22:00";681;681;;0;;;0;0;0;0;"Mesurées";;;;;;;""
2017;158;"46";"46302";"Sénaillac-Latronquière";"2017-04-12 18:07:00";4000;0;;4000;;;4000;0;0;0;"Estimées";;;;;;;""
2017;374;"39";"39368";"Hauts de Bienne";"2017-04-12 18:11:00";500;500;;0;;;0;0;0;0;"Estimées";;;;;;;""
2017;7334;"2B";"2B167";"Montegrosso";"2017-04-12 18:12:00";100;;;;;;;;;;;"1";"Malveillance";;;;;""
2017;3025;"40";"40217";"Parentis-en-Born";"2017-04-12 19:13:00";3000;3000;;0;;;0;;;0;;;;;;;;""
2017;160;"46";"46183";"Marcilhac-sur-Célé";"2017-04-12 19:19:00";90000;0;;90000;;;90000;0;0;0;"Estimées";;;;;;;""
2017;8714;"48";"48046";"Chaulhac";"2017-04-12 20:30:00";2900;2600;300;;;;;;;;;"3";;;;;;""
2017;17505;"33";"33192";"Gradignan";"2017-04-13 13:44:00";5000;5000;;0;;;0;0;0;0;"Estimées";;;"Non";;;;""
2017;375;"39";"39366";"Mont-sur-Monnet";"2017-04-13 14:51:00";2000;2000;;0;;;0;0;0;0;"Estimées";;;;;;;""
2017;7368;"26";"26084";"Châteauneuf-sur-Isère";"2017-04-13 14:56:00";1500;1425;75;;;;;;;;;"3";;;;;;""
2017;2348;"24";"24356";"Rouffignac-Saint-Cernin-de-Reilhac";"2017-04-13 15:01:00";4000;4000;;0;;;0;;;0;;;"Involontaire (travaux)";;;;;""
2017;9378;"66";"66190";"Salses-le-Château";"2017-04-13 15:32:00";10000;;10000;;;;;;;;;"1";;;;;;""
2017;269;"17";"17199";"Jussas";"2017-04-13 15:39:00";17000;17000;;0;;;0;0;0;0;"Mesurées";;;;;;;""
2017;939;"31";"31361";"Montaut";"2017-04-13 16:24:00";20000;0;;10000;;;10000;10000;0;10000;"Estimées";;;;;;;""
2017;7746;"83";"83092";"Pignans";"2017-04-13 16:29:00";4;4;;;;;;;;;;"3";"Involontaire (particulier)";;;;;""
2017;2347;"24";"24167";"Eymet";"2017-04-13 17:09:00";6000;6000;;0;;;0;;;0;;;"Accidentelle";;;;;""
2017;5357;"77";"77186";"Fontainebleau";"2017-04-13 17:20:00";40;40;;0;;;0;0;0;0;"Estimées";;"Involontaire (particulier)";;;;;""
2017;714;"32";"32089";"Castillon-Massas";"2017-04-13 17:24:00";10000;10000;;0;;;0;0;0;0;"Estimées";;;;;;;""
2017;1011;"15";"15173";"Saint-Bonnet-de-Condat";"2017-04-13 17:43:00";9000;0;;9000;;;9000;0;0;0;"Estimées";;"Involontaire (travaux)";;;;;""
2017;1276;"87";"87027";"Bussière-Galant";"2017-04-13 17:59:00";150000;150000;;0;;;0;0;0;0;"Estimées";;;;;;;""
2017;7923;"83";"83066";"Ginasservis";"2017-04-13 18:40:00";700;700;;;;;;;;;;"2";"Involontaire (travaux)";;;;;""
2017;761;"38";"38346";"Royas";"2017-04-13 19:14:00";20000;0;;10000;;;10000;0;10000;10000;"Estimées";;;;;;;""
2017;1012;"15";"15029";"Cassaniouze";"2017-04-13 19:32:00";5000;0;;5000;;;5000;0;0;0;"Estimées";;;;;;;""
2017;9382;"66";"66148";"Port-Vendres";"2017-04-14 12:31:00";4500;1000;3500;;;;;;;;;"1";"Involontaire (travaux)";;;;;""
2017;376;"16";"16374";"Soyaux";"2017-04-14 13:11:00";5000;5000;;0;;;0;0;0;0;"Estimées";;;;;;;""
2017;1295;"87";"87141";"Saint-Cyr";"2017-04-14 14:09:00";25000;25000;;0;;;0;0;0;0;"Mesurées";;;;;;;""
2017;1296;"87";"87141";"Saint-Cyr";"2017-04-14 14:10:00";5000;5000;;0;;;0;0;0;0;"Estimées";;;;;;;""
2017;1287;"87";"87103";"Nantiat";"2017-04-14 14:14:00";20000;20000;;0;;;0;0;0;0;"Estimées";;;;;;;""
2017;1290;"87";"87129";"Royères";"2017-04-14 15:28:00";10000;10000;;0;;;0;0;0;0;"Estimées";;;;;;;""
2017;1282;"87";"87064";"Eymoutiers";"2017-04-14 15:37:00";5000;5000;;0;;;0;0;0;0;"Estimées";;;;;;;""
2017;762;"38";"38504";"Theys";"2017-04-14 16:00:00";200;0;;200;;;200;0;0;0;"Estimées";;"Involontaire (particulier)";;;;;""
2017;1141;"72";"72358";"Thorigné-sur-Dué";"2017-04-14 16:20:00";50;50;;0;;;0;0;0;0;"Estimées";;;;;;;""
2017;763;"38";"38207";"Lavaldens";"2017-04-14 18:11:00";200;0;;200;;;200;0;0;0;"Estimées";;;;;;;""
2017;8191;"07";"07135";"Laval-d'Aurelle";"2017-04-14 19:17:00";300000;;300000;;;;;;;;;"1";;;;;;""
2017;197;"12";"12301";"Villeneuve";"2017-04-14 19:38:00";600;0;;600;;;600;0;0;0;"Estimées";;;;;;;""
2017;1013;"15";"15188";"Saint-Georges";"2017-04-14 20:38:00";50000;0;;50000;;;50000;0;0;0;"Estimées";;;;;;;""
2017;764;"38";"38431";"Saint-Nazaire-les-Eymes";"2017-04-14 21:18:00";200;0;;200;;;200;0;0;0;"Estimées";;;;;;;""
2017;1014;"15";"15149";"Paulhenc";"2017-04-14 21:36:00";1200;0;;1200;;;1200;0;0;0;"Estimées";;"Involontaire (travaux)";;;;;""
2017;288;"49";"49157";"Le Guédeniau";"2017-04-15 08:00:00";30000;30000;;0;;;0;0;0;0;"Estimées";;"Naturelle";;;;;""
2017;8414;"34";"34051";"Canet";"2017-04-15 13:53:00";5292;5292;;;;;;;;;;"2";;;;;;""
2017;1129;"74";"74225";"Rumilly";"2017-04-15 15:48:00";3000;3000;;0;;;0;0;0;0;"Estimées";;;;;;;""
2017;3024;"40";"40056";"Brocas";"2017-04-15 15:51:00";600;600;;0;;;0;;;0;;;"Accidentelle";;;;;""
2017;8454;"05";"05061";"Gap";"2017-04-15 16:51:00";3400;;;;;;;;;;;;"Involontaire (particulier)";;;;;""
2017;8192;"07";"07141";"Lentillères";"2017-04-15 20:01:00";124800;124800;;;;;;;;;;"4";"Malveillance";;;;;""
2017;7900;"04";"04197";"Sainte-Tulle";"2017-04-16 02:01:00";1000;1000;;;;;;;;;;"2";"Involontaire (particulier)";;;;;""
2017;2032;"47";"47221";"Réaup-Lisse";"2017-04-16 02:25:00";20;20;;0;;;0;;;0;;;;;;;;""
2017;7702;"2B";"2B354";"Vivario";"2017-04-16 12:01:00";1000;;1000;;;;;;;;;"1";"Involontaire (particulier)";;;;;""
2017;9757;"66";"66190";"Salses-le-Château";"2017-04-16 12:19:00";20000;;20000;;;;;;;;;"1";;;;;;""
2017;1015;"15";"15149";"Paulhenc";"2017-04-16 12:38:00";60000;0;;60000;;;60000;0;0;0;"Estimées";;"Involontaire (travaux)";;;;;""
2017;17509;"33";"33333";"Le Porge";"2017-04-16 14:46:00";3000;3000;;0;;;0;0;0;0;"Estimées";;;"Non";;;;""
2017;8080;"13";"13042";"Gémenos";"2017-04-16 20:26:00";200;100;100;;;;;;;;;"1";;;;;;""
2017;8348;"2A";"2A139";"Lecci";"2017-04-16 23:17:00";500;;500;;;;;;;;;"1";"Involontaire (particulier)";;;;;""
2017;8063;"84";"84044";"Entrechaux";"2017-04-17 06:02:00";2000;;;;;;;;;;;;;;;;;""
2017;498;"50";"50403";"Pirou";"2017-04-17 07:01:00";2000;0;;2000;;;2000;0;0;0;"Estimées";;"Involontaire (particulier)";;;;;""
2017;765;"38";"38176";"Frontonas";"2017-04-17 09:53:00";200;0;;200;;;200;0;0;0;"Estimées";;;;;;;""
2017;161;"46";"46094";"Espédaillac";"2017-04-17 12:37:00";200;0;;200;;;200;0;0;0;"Estimées";;;;;;;""
2017;767;"38";"38002";"Les Adrets";"2017-04-17 15:13:00";200;0;;200;;;200;0;0;0;"Estimées";;;;;;;""
2017;246;"12";"12216";"Saint-Côme-d'Olt";"2017-04-17 15:25:00";400;0;;400;;;400;0;0;0;"Estimées";;"Accidentelle";;;;;""
2017;766;"38";"38337";"Rives";"2017-04-17 15:46:00";100;0;;100;;;100;0;0;0;"Estimées";;;;;;;""
2017;166;"63";"63454";"Vertolaye";"2017-04-17 15:52:00";10256;0;;8000;;;8000;2256;0;2256;"Mesurées";;;;;;;""
2017;3023;"40";"40234";"Pouydesseaux";"2017-04-17 17:43:00";1000;1000;;0;;;0;;;0;;;;;;;;""
2017;768;"38";"38557";"Villette-d'Anthon";"2017-04-17 17:53:00";100;0;;100;;;100;0;0;0;"Estimées";;;;;;;""
2017;715;"32";"32416";"Sarrant";"2017-04-17 18:43:00";10000;10000;;0;;;0;0;0;0;"Estimées";;;;;;;""
2017;7724;"2B";"2B007";"Albertacce";"2017-04-17 19:08:00";2;;;;;;;;;;;"1";;;;;;""
2017;6985;"11";"11262";"Narbonne";"2017-04-18 05:32:00";300;;;;;;;;;;;;;;;;;""
2017;17513;"33";"33273";"Martignas-sur-Jalle";"2017-04-18 11:49:00";50000;50000;;0;;;0;0;0;0;"Estimées";;;"Non";;;;""
2017;8119;"13";"13063";"Miramas";"2017-04-18 12:09:00";300;;300;;;;;;;;;"1";"Accidentelle";;;;;""
2017;9777;"66";"66196";"Sorède";"2017-04-18 12:10:00";100;100;;;;;;;;;;"2";"Involontaire (travaux)";;;;;""
2017;6986;"11";"11221";"Les Martys";"2017-04-18 13:42:00";1000;;;;;;;;;;;;;;;;;""
2017;8196;"07";"07214";"Saint-Apollinaire-de-Rias";"2017-04-18 13:48:00";10000;;10000;;;;;;;;;"1";;;;;;""
2017;2346;"24";"24205";"Grignols";"2017-04-18 14:07:00";1500;1500;;0;;;0;;;0;;;;;;;;""
2017;17515;"33";"33077";"Cabanac-et-Villagrains";"2017-04-18 14:25:00";500;500;;0;;;0;0;0;0;"Estimées";;;"Non";;;;""
2017;7990;"26";"26168";"Lus-la-Croix-Haute";"2017-04-18 14:28:00";19000;6500;12500;;;;;;;;;"4";"Accidentelle";;;;;""
2017;231;"81";"81180";"Montirat";"2017-04-18 14:49:00";8000;0;;8000;;;8000;0;0;0;"Estimées";;"Involontaire (particulier)";;;;;""
2017;17516;"33";"33017";"Aubiac";"2017-04-18 14:52:00";100;100;;0;;;0;0;0;0;"Estimées";;"Accidentelle";"Non";;;;""
2017;17517;"33";"33198";"Guîtres";"2017-04-18 15:33:00";1000;1000;;0;;;0;0;0;0;"Estimées";;"Accidentelle";"Non";;;;""
2017;295;"38";"38517";"Tullins";"2017-04-18 15:40:00";700;0;;700;;;700;0;0;0;"Estimées";;;;;;;""
2017;17518;"33";"33236";"Lège-Cap-Ferret";"2017-04-18 16:00:00";5000;5000;;0;;;0;0;0;0;"Estimées";;"Involontaire (particulier)";"Non";;;;""
2017;232;"19";"19131";"Meilhards";"2017-04-18 16:15:00";100000;100000;;0;;;0;0;0;0;"Estimées";;;;;;;""
2017;7992;"26";"26088";"Chatuzange-le-Goubet";"2017-04-18 16:44:00";1000;1000;;;;;;;;;;"3";"Accidentelle";;;;;""
2017;8420;"34";"34079";"Clermont-l'Hérault";"2017-04-18 16:47:00";10000;;;;;;;;;;;;;;;;;""
2017;282;"35";"35247";"Roz-sur-Couesnon";"2017-04-18 16:51:00";20000;0;;20000;;;20000;0;0;0;"Estimées";;;;;;;""
2017;233;"46";"46211";"Nuzéjouls";"2017-04-18 16:59:00";150;0;;150;;;150;0;0;0;"Estimées";;;;;;;""
2017;1128;"74";"74004";"Allèves";"2017-04-18 17:07:00";20000;20000;;0;;;0;0;0;0;"Estimées";;;;;;;""
2017;17521;"33";"33376";"Saint-Aubin-de-Médoc";"2017-04-18 17:20:00";600;600;;0;;;0;0;0;0;"Estimées";;;"Non";;;;""
2017;8396;"48";"48194";"Vialas";"2017-04-18 17:33:00";43300;;43300;;;;;;;;;"1";;;;;;""
2017;1252;"86";"86207";"La Roche-Posay";"2017-04-18 18:04:00";20000;20000;;0;;;0;0;0;0;"Estimées";;"Malveillance";;;;;""
2017;9795;"66";"66136";"Perpignan";"2017-04-18 18:12:00";800;800;;;;;;;;;;"4";;;;;;""
2017;234;"19";"19023";"Beynat";"2017-04-18 18:18:00";15000;15000;;0;;;0;0;0;0;"Estimées";;;;;;;""
2017;769;"38";"38507";"Tignieu-Jameyzieu";"2017-04-18 18:39:00";100;0;;100;;;100;0;0;0;"Estimées";;;;;;;""
2017;7993;"26";"26074";"La Chapelle-en-Vercors";"2017-04-18 18:40:00";7300;7300;;;;;;;;;;"4";"Involontaire (travaux)";;;;;""
2017;8078;"13";"13056";"Martigues";"2017-04-18 19:00:00";1000;500;500;;;;;;;;;"1";"Malveillance";;;;;""
2017;8089;"06";"06050";"Coursegoules";"2017-04-18 19:24:00";500;;500;;;;;;;;;"1";;;;;;""
2017;8122;"13";"13100";"Saint-Rémy-de-Provence";"2017-04-18 20:33:00";45;;45;;;;;;;;;"1";"Accidentelle";;;;;""
2017;1280;"87";"87051";"La Croisille-sur-Briance";"2017-04-19 10:58:00";5000;5000;;0;;;0;0;0;0;"Estimées";;;;;;;""
2017;8705;"48";"48194";"Vialas";"2017-04-19 11:13:00";6;6;;;;;;;;;;"2";;;;;;""
2017;17524;"33";"33197";"Guillos";"2017-04-19 12:01:00";3000;3000;;0;;;0;0;0;0;"Estimées";;;"Non";;;;""
2017;8408;"30";"30190";"Notre-Dame-de-la-Rouvière";"2017-04-19 12:20:00";239135;;;;;;;;;;;"2";"Involontaire (travaux)";;;;;""
2017;6987;"11";"11397";"Trèbes";"2017-04-19 13:04:00";4000;;;;;;;;;;;;;;;;;""
2017;17525;"33";"33268";"Margaux";"2017-04-19 13:47:00";200;200;;0;;;0;;;0;"Estimées";;;"Non";;;;"Données partielles ou non valides"
2017;1298;"87";"87150";"Saint-Hilaire-les-Places";"2017-04-19 14:04:00";30000;30000;;0;;;0;0;0;0;"Estimées";;;;;;;""
2017;9798;"66";"66207";"Terrats";"2017-04-19 14:13:00";2000;1000;1000;;;;;;;;;"2";;;;;;""
2017;1281;"87";"87057";"Dompierre-les-Églises";"2017-04-19 14:22:00";60000;60000;;0;;;0;0;0;0;"Estimées";;;;;;;""
2017;17526;"33";"33025";"Baigneaux";"2017-04-19 14:37:00";6000;6000;;0;;;0;0;0;0;"Estimées";;"Involontaire (particulier)";"Non";;;;""
2017;17527;"33";"33095";"Captieux";"2017-04-19 14:56:00";15000;15000;;0;;;0;0;0;0;"Estimées";;;"Non";;;;""
2017;239;"63";"63113";"Clermont-Ferrand";"2017-04-19 15:15:00";30586;3804;;1578;;;1578;25204;0;25204;"Mesurées";;;;;;;""
2017;8349;"2A";"2A017";"Appietto";"2017-04-19 15:22:00";1500;;1500;;;;;;;;;"1";"Malveillance";;;;;""
2017;17528;"33";"33412";"Saint-Germain-d'Esteuil";"2017-04-19 15:47:00";300;300;;0;;;0;0;0;0;"Estimées";;"Involontaire (particulier)";"Non";;;;""
2017;236;"19";"19261";"Sornac";"2017-04-19 15:55:00";80000;80000;;0;;;0;0;0;0;"Estimées";;;;;;;""
2017;8359;"2A";"2A004";"Ajaccio";"2017-04-19 16:26:00";500;;500;;;;;;;;;;;;;;;""
2017;237;"19";"19274";"Ussac";"2017-04-19 16:30:00";10000;10000;;0;;;0;0;0;0;"Estimées";;;;;;;""
2017;9441;"34";"34316";"Usclas-du-Bosc";"2017-04-19 17:22:00";2476;;2476;;;;;;;;;"1";"Involontaire (particulier)";;;;;""
2017;238;"19";"19208";"Saint-Hilaire-Foissac";"2017-04-19 17:34:00";20000;20000;;0;;;0;0;0;0;"Estimées";;;;;;;""
2017;3022;"40";"40181";"Messanges";"2017-04-19 18:00:00";800;800;;0;;;0;;;0;;;;;;;;""
2017;1254;"36";"36107";"Lye";"2017-04-19 18:30:00";100;0;;100;;;100;0;0;0;"Estimées";;;;;;;""
2017;8197;"07";"07304";"Salavas";"2017-04-19 18:49:00";800;800;;;;;;;;;;"4";"Involontaire (particulier)";;;;;""
2017;270;"17";"17243";"Montlieu-la-Garde";"2017-04-19 19:28:00";200;200;;0;;;0;0;0;0;"Estimées";;;;;;;""
2017;9788;"34";"34281";"Saint-Pargoire";"2017-04-19 20:50:00";7098;6098;;;;;;;;1000;;"1";"Involontaire (travaux)";;;;;""
2017;235;"81";"81163";"Mazamet";"2017-04-19 21:13:00";5000;5000;;0;;;0;0;0;0;"Estimées";;;;;;;""
2017;2345;"24";"24494";"Saint-Rémy";"2017-04-19 22:38:00";7000;7000;;0;;;0;;;0;;;;;;;;""
2017;8409;"30";"30189";"Nîmes";"2017-04-19 22:56:00";5000;;;;;;;;;;;;;;;;;""
2017;1142;"72";"72176";"Le Lude";"2017-04-20 01:57:00";20000;20000;;0;;;0;0;0;0;"Estimées";;;;;;;""
2017;17532;"33";"33100";"Cars";"2017-04-20 03:09:00";50;20;;0;;;0;;;30;"Estimées";;"Involontaire (travaux)";"Non";;;;"Données partielles ou non valides"
2017;17533;"33";"33498";"Salles";"2017-04-20 07:21:00";5000;5000;;0;;;0;0;0;0;"Estimées";;"Accidentelle";"Non";;;;""
2017;2026;"47";"47242";"Saint-Front-sur-Lémance";"2017-04-20 12:06:00";10000;10000;;0;;;0;;;0;;;"Involontaire (travaux)";;;;;""
2017;979;"09";"09182";"Massat";"2017-04-20 12:30:00";10000;0;;10000;;;10000;0;0;0;"Estimées";;;;;;;""
2017;243;"46";"46120";"Gindou";"2017-04-20 12:32:00";200;0;;200;;;200;0;0;0;"Estimées";;"Accidentelle";;;;;""
2017;271;"17";"17078";"Chadenac";"2017-04-20 12:36:00";2000;2000;;0;;;0;0;0;0;"Estimées";;;;;;;""
2017;17535;"33";"33047";"Berson";"2017-04-20 12:41:00";100;100;;0;;;0;0;0;0;"Estimées";;;"Non";;;;""
2017;244;"46";"46143";"Lacapelle-Marival";"2017-04-20 13:07:00";15000;15000;;0;;;0;0;0;0;"Estimées";;;;;;;""
2017;770;"38";"38495";"La Sône";"2017-04-20 13:54:00";150;0;;150;;;150;0;0;0;"Estimées";;;;;;;""
2017;17931;"33";"33125";"Cissac-Médoc";"2017-04-20 14:05:00";10755000;10755000;;0;;;0;0;0;0;"Estimées";;;;;;;""
2017;771;"38";"38561";"Viriville";"2017-04-20 14:17:00";2500;0;;2500;;;2500;0;0;0;"Estimées";;;;;;;""
2017;1143;"72";"72241";"Montfort-le-Gesnois";"2017-04-20 14:19:00";3000;3000;;0;;;0;0;0;0;"Estimées";;;;;;;""
2017;3021;"40";"40152";"Lesperon";"2017-04-20 14:20:00";20000;20000;;0;;;0;;;0;;;"Involontaire (travaux)";;;;;""
2017;8126;"13";"13087";"Rousset";"2017-04-20 14:24:00";300;150;150;;;;;;;;;"1";;;;;;""
2017;772;"38";"38247";"Montalieu-Vercieu";"2017-04-20 15:16:00";300;0;;300;;;300;0;0;0;"Estimées";;;;;;;""
2017;1136;"74";"74123";"Faverges-Seythenex";"2017-04-20 15:18:00";10000;0;;10000;;;10000;0;0;0;"Estimées";;;;;;;""
2017;8424;"34";"34178";"Murviel-lès-Béziers";"2017-04-20 15:31:00";13328;;13328;;;;;;;;;"1";"Malveillance";;;;;""
2017;17539;"33";"33529";"La Teste-de-Buch";"2017-04-20 16:10:00";50;50;;0;;;0;0;0;0;"Estimées";;"Accidentelle";"Non";;;;""
2017;8250;"83";"83072";"Lorgues";"2017-04-20 16:31:00";1450;1450;;;;;;;;;;"5";"Involontaire (particulier)";;;;;""
2017;8350;"2A";"2A008";"Albitreccia";"2017-04-20 16:33:00";300;;300;;;;;;;;;;;;;;;""
2017;242;"63";"63448";"Vernet-la-Varenne";"2017-04-20 16:45:00";2689;2689;;0;;;0;0;0;0;"Mesurées";;"Involontaire (travaux)";;;;;""
2017;3020;"40";"40230";"Pontonx-sur-l'Adour";"2017-04-20 17:23:00";6000;6000;;0;;;0;;;0;;;;;;;;""
2017;691;"45";"45082";"Châteauneuf-sur-Loire";"2017-04-20 17:56:00";3000;0;;3000;;;3000;0;0;0;"Estimées";;;;;;;""
2017;1144;"72";"72008";"Arnage";"2017-04-20 18:04:00";400;400;;0;;;0;0;0;0;"Estimées";;;;;;;""
2017;2024;"47";"47310";"Tonneins";"2017-04-20 18:10:00";150;150;;0;;;0;;;0;;;"Accidentelle";;;;;""
2017;17932;"33";"33056";"Blanquefort";"2017-04-20 18:15:00";121000;121000;;0;;;0;0;0;0;"Estimées";;;;;;;""
2017;17544;"33";"33240";"Lesparre-Médoc";"2017-04-20 19:02:00";30000;30000;;0;;;0;0;0;0;"Estimées";;;"Non";;;;""
2017;241;"43";"43012";"Aurec-sur-Loire";"2017-04-20 19:04:00";12000;0;;12000;;;12000;0;0;0;"Mesurées";;;;;;;""
2017;1114;"74";"74040";"Bonne";"2017-04-20 19:10:00";3000;3000;;0;;;0;0;0;0;"Estimées";;;;;;;""
2017;8033;"2B";"2B072";"Casalta";"2017-04-20 20:00:00";2000;;;;;;;;;;;"1";;;;;;""
2017;8410;"30";"30105";"Dourbies";"2017-04-20 20:48:00";10000;;;;;;;;;;;;;;;;;""
2017;1305;"87";"87199";"Vayres";"2017-04-20 23:32:00";25000;25000;;0;;;0;0;0;0;"Estimées";;;;;;;""
2017;17545;"33";"33281";"Mérignac";"2017-04-21 00:07:00";10000;10000;;0;;;0;0;0;0;"Estimées";;;"Non";;;;""
2017;2023;"47";"47052";"Casteljaloux";"2017-04-21 06:27:00";200;200;;0;;;0;;;0;;;"Involontaire (travaux)";;;;;""
2017;289;"49";"49333";"Seiches-sur-le-Loir";"2017-04-21 08:00:00";40000;40000;;0;;;0;0;0;0;"Estimées";;"Naturelle";;;;;""
2017;692;"45";"45346";"Vitry-aux-Loges";"2017-04-21 09:05:00";10000;10000;;0;;;0;0;0;0;"Estimées";;"Accidentelle";;;;;""
2017;9811;"66";"66088";"Ille-sur-Têt";"2017-04-21 10:30:00";10000;10000;;;;;;;;;;"2";"Involontaire (particulier)";;;;;""
2017;17547;"33";"33454";"Saint-Morillon";"2017-04-21 10:32:00";30;30;;0;;;0;0;0;0;"Estimées";;;"Non";;;;""
2017;17534;"33";"33056";"Blanquefort";"2017-04-21 10:49:00";10000;10000;;0;;;0;0;0;0;"Estimées";;;"Non";;;;""
2017;8081;"13";"13042";"Gémenos";"2017-04-21 11:18:00";50;50;;;;;;;;;;"1";;;;;;""
2017;8251;"83";"83046";"Cotignac";"2017-04-21 11:29:00";2000;2000;;;;;;;;;;"4";"Involontaire (travaux)";;;;;""
2017;8360;"2A";"2A092";"Conca";"2017-04-21 11:37:00";400;;400;;;;;;;;;;;;;;;""
2017;8392;"48";"48092";"Marvejols";"2017-04-21 12:22:00";150;;;;;;;;;;;;;;;;;""
2017;8092;"06";"06103";"Roquebillière";"2017-04-21 12:26:00";2450;2450;;;;;;;;;;"4";;;;;;""
2017;774;"38";"38485";"Seyssinet-Pariset";"2017-04-21 12:45:00";100;0;;100;;;100;0;0;0;"Estimées";;;;;;;""
2017;693;"45";"45309";"Sennely";"2017-04-21 12:46:00";170000;170000;;0;;;0;0;0;0;"Estimées";;;;;;;""
2017;3019;"40";"40169";"Maillas";"2017-04-21 12:50:00";2000;2000;;0;;;0;;;0;;;;;;;;""
2017;17536;"33";"33051";"Biganos";"2017-04-21 13:16:00";10000;5000;;0;;;0;;;5000;"Estimées";;;"Non";;;;"Données partielles ou non valides"
2017;2344;"24";"24413";"Saint-Georges-Blancaneix";"2017-04-21 14:09:00";60000;60000;;0;;;0;;;0;;;;;;;;""
2017;8098;"13";"13058";"Maussane-les-Alpilles";"2017-04-21 14:43:00";1000;1000;;;;;;;;;;"1";"Involontaire (travaux)";;;;;""
2017;8252;"83";"83037";"La Celle";"2017-04-21 14:43:00";200;200;;;;;;;;;;"4";"Involontaire (travaux)";;;;;""
2017;2343;"24";"24399";"Saint-Étienne-de-Puycorbier";"2017-04-21 14:48:00";30000;30000;;0;;;0;;;0;;;;;;;;""
2017;251;"46";"46070";"Cieurac";"2017-04-21 15:26:00";4000;0;;4000;;;4000;0;0;0;"Estimées";;;;;;;""
2017;8084;"04";"04216";"Thèze";"2017-04-21 15:38:00";49600;47500;2100;;;;;;;;;"2";"Involontaire (travaux)";;;;;""
2017;3018;"40";"40046";"Biscarrosse";"2017-04-21 15:46:00";4000;4000;;0;;;0;;;0;;;;;;;;""
2017;6989;"11";"11036";"Belvis";"2017-04-21 15:57:00";200;;;;;;;;;;;;;;;;;""
2017;5381;"01";"01068";"Cerdon";"2017-04-21 16:11:00";50000;20000;;30000;;;30000;0;0;0;"Estimées";;;;;;;""
2017;6990;"11";"11096";"Comus";"2017-04-21 16:42:00";100;;;;;;;;;;;;;;;;;""
2017;8395;"48";"48158";"Saint-Hilaire-de-Lavit";"2017-04-21 16:55:00";1100;1100;;;;;;;;;;"4";;;;;;""
2017;17540;"33";"33527";"Le Teich";"2017-04-21 17:07:00";1000;1000;;0;;;0;0;0;0;"Estimées";;"Involontaire (particulier)";"Non";;;;""
2017;2342;"24";"24465";"Saint-Michel-de-Double";"2017-04-21 17:15:00";55000;55000;;0;;;0;;;0;;;"Involontaire (travaux)";;;;;""
2017;252;"46";"46307";"Soturac";"2017-04-21 17:15:00";300;0;;300;;;300;0;0;0;"Estimées";;;;;;;""
2017;8075;"2B";"2B057";"Canale-di-Verde";"2017-04-21 17:38:00";2000;;;;;;;;;;;"1";;;;;;""
2017;260;"63";"63410";"Sauvagnat";"2017-04-21 17:45:00";3665;3665;;0;;;0;0;0;0;"Mesurées";;;;;;;""
2017;17554;"33";"33174";"Fronsac";"2017-04-21 17:45:00";100;100;;0;;;0;0;0;0;"Estimées";;"Involontaire (travaux)";"Non";;;;""
2017;3017;"40";"40210";"Onesse-Laharie";"2017-04-21 17:50:00";200;200;;0;;;0;;;0;;;"Involontaire (particulier)";;;;;""
2017;17555;"33";"33243";"Libourne";"2017-04-21 18:42:00";500;200;;0;;;0;;;300;"Estimées";;"Malveillance";"Non";;;;"Données partielles ou non valides"
2017;775;"38";"38334";"Revel";"2017-04-21 18:51:00";30000;0;;30000;;;30000;0;0;0;"Estimées";;;;;;;""
2017;694;"45";"45250";"Pers-en-Gâtinais";"2017-04-21 20:19:00";3000;3000;;0;;;0;0;0;0;"Estimées";;;;;;;""
2017;272;"17";"17411";"Saint-Trojan-les-Bains";"2017-04-21 20:34:00";130;130;;0;;;0;0;0;0;"Mesurées";;;;;;;""
2017;17556;"33";"33537";"Uzeste";"2017-04-21 21:04:00";40;40;;0;;;0;0;0;0;"Estimées";;;"Non";;;;""
2017;17933;"33";"33125";"Cissac-Médoc";"2017-04-21 21:47:00";100;100;;0;;;0;0;0;0;"Estimées";;;;;;;"Données partielles ou non valides"
2017;2340;"24";"24264";"Ménesplet";"2017-04-21 22:13:00";200;200;;0;;;0;;;0;;;;;;;;""
2017;17558;"33";"33167";"Floirac";"2017-04-22 01:06:00";300;300;;0;;;0;0;0;0;"Estimées";;;"Non";;;;""
2017;283;"35";"35217";"Le Pertre";"2017-04-22 02:06:00";200000;120000;;80000;;;80000;0;0;0;"Estimées";;;;;;;""
2017;8361;"2A";"2A247";"Porto-Vecchio";"2017-04-22 02:20:00";30;;30;;;;;;;;;"1";;;;;;""
2017;248;"12";"12214";"Saint-Chély-d'Aubrac";"2017-04-22 07:38:00";40000;0;;40000;;;40000;0;0;0;"Estimées";;"Accidentelle";;;;;""
2017;262;"12";"12214";"Saint-Chély-d'Aubrac";"2017-04-22 07:38:00";40000;0;;40000;;;40000;0;0;0;"Estimées";;"Malveillance";;;;;""
2017;8082;"26";"26162";"Lens-Lestang";"2017-04-22 10:43:00";44000;43950;50;;;;;;;;;"3";"Accidentelle";;;;;""
2017;11246;"07";"07307";"Sanilhac";"2017-04-22 11:04:00";3000;;;;;;;;;;;;;;;;;""
2017;253;"46";"46170";"Leyme";"2017-04-22 11:32:00";400;0;;400;;;400;0;0;0;"Estimées";;;;;;;""
2017;17560;"33";"33233";"Laruscade";"2017-04-22 13:53:00";20000;20000;;0;;;0;0;0;0;"Estimées";;;"Non";;;;""
2017;8091;"06";"06012";"Beausoleil";"2017-04-22 14:07:00";13670;670;13000;;;;;;;;;"1";;;;;;""
2017;2338;"24";"24158";"Dussac";"2017-04-22 14:10:00";5000;5000;;0;;;0;;;0;;;;;;;;""
2017;2021;"47";"47007";"Allons";"2017-04-22 14:20:00";5000;5000;;0;;;0;;;0;;;"Involontaire (travaux)";;;;;""
2017;249;"12";"12300";"Villefranche-de-Rouergue";"2017-04-22 14:34:00";20000;0;;20000;;;20000;0;0;0;"Estimées";;;;;;;""
2017;3015;"40";"40135";"Labrit";"2017-04-22 15:04:00";3000;3000;;0;;;0;;;0;;;;;;;;""
2017;261;"63";"63430";"Thiers";"2017-04-22 15:12:00";72800;45000;;27800;;;27800;0;0;0;"Mesurées";;;;;;;""
2017;377;"16";"16223";"Montbron";"2017-04-22 16:07:00";5000;5000;;0;;;0;0;0;0;"Estimées";;;;;;;""
2017;947;"31";"31222";"Gouaux-de-Luchon";"2017-04-22 16:09:00";120000;0;;80000;;;80000;40000;0;40000;"Estimées";;"Accidentelle";;;;;""
2017;8086;"04";"04124";"Montagnac-Montpezat";"2017-04-22 16:15:00";130;130;;;;;;;;;;"4";"Accidentelle";;;;;""
2017;1292;"87";"87135";"Saint-Auvent";"2017-04-22 16:20:00";10000;10000;;0;;;0;0;0;0;"Estimées";;;;;;;""
2017;17562;"33";"33498";"Salles";"2017-04-22 16:40:00";30000;30000;;0;;;0;0;0;0;"Estimées";;"Accidentelle";"Non";;;;""
2017;245;"43";"43190";"Saint-Germain-Laprade";"2017-04-22 16:42:00";2500;2500;;0;;;0;0;0;0;"Estimées";;;;;;;""
2017;8256;"83";"83029";"Callian";"2017-04-22 17:08:00";2000;2000;;;;;;;;;;"5";"Involontaire (particulier)";;;;;""
2017;6991;"11";"11132";"Fabrezan";"2017-04-22 17:49:00";1000;;;;;;;;;;;;;;;;;""
2017;254;"46";"46177";"Loubressac";"2017-04-22 17:51:00";150;0;;150;;;150;0;0;0;"Estimées";;;;;;;""
2017;17565;"33";"33351";"Reignac";"2017-04-22 18:53:00";20000;20000;;0;;;0;0;0;0;"Estimées";;;"Non";;;;""
2017;776;"38";"38104";"Chimilin";"2017-04-22 21:26:00";20000;0;;20000;;;20000;0;0;0;"Estimées";;;;;;;""
2017;273;"17";"17110";"Clérac";"2017-04-22 21:39:00";4000;4000;;0;;;0;0;0;0;"Estimées";;;;;;;""
2017;1149;"72";"72047";"Brette-les-Pins";"2017-04-23 06:08:00";200000;200000;;0;;;0;0;0;0;"Estimées";;;;;;;""
2017;8362;"2A";"2A330";"Ucciani";"2017-04-23 11:47:00";100;;100;;;;;;;;;;;;;;;""
2017;1300;"87";"87161";"Saint-Léonard-de-Noblat";"2017-04-23 12:18:00";3000;3000;;0;;;0;0;0;0;"Estimées";;;;;;;""
2017;2020;"47";"47007";"Allons";"2017-04-23 12:48:00";2000;2000;;0;;;0;;;0;;;"Involontaire (travaux)";;;;;""
2017;1016;"15";"15191";"Saint-Illide";"2017-04-23 14:01:00";5000;0;;5000;;;5000;0;0;0;"Estimées";;;;;;;""
2017;274;"17";"17312";"Saint-Bonnet-sur-Gironde";"2017-04-23 14:36:00";1500;1500;;0;;;0;0;0;0;"Estimées";;;;;;;""
2017;1273;"87";"87009";"Beaumont-du-Lac";"2017-04-23 14:43:00";10000;10000;;0;;;0;0;0;0;"Estimées";;;;;;;""
2017;8351;"2A";"2A362";"Zonza";"2017-04-23 14:47:00";1000;;1000;;;;;;;;;;;;;;;""
2017;2337;"24";"24380";"Saint-Barthélemy-de-Bellegarde";"2017-04-23 15:06:00";5000;5000;;0;;;0;;;0;;;;;;;;""
2017;778;"38";"38312";"Pommiers-la-Placette";"2017-04-23 15:11:00";10000;0;;10000;;;10000;0;0;0;"Estimées";;;;;;;""
2017;8706;"48";"48178";"Saint-Privat-de-Vallongue";"2017-04-23 15:33:00";1200;1200;;;;;;;;;;"2";;;;;;""
2017;9824;"66";"66030";"Calce";"2017-04-23 15:41:00";900;;900;;;;;;;;;"1";"Involontaire (travaux)";;;;;""
2017;1130;"74";"74180";"Messery";"2017-04-23 15:42:00";4000;4000;;0;;;0;0;0;0;"Estimées";;;;;;;""
2017;6992;"11";"11376";"La Serpent";"2017-04-23 15:54:00";200;;;;;;;;;;;;;;;;;""
2017;264;"12";"12223";"Argences en Aubrac";"2017-04-23 16:01:00";10000;0;;10000;;;10000;0;0;0;"Estimées";;;;;;;""
2017;1145;"72";"72381";"Voivres-lès-le-Mans";"2017-04-23 16:17:00";50000;50000;;0;;;0;0;0;0;"Estimées";;;;;;;""
2017;1293;"87";"87137";"Saint-Bazile";"2017-04-23 16:20:00";10000;10000;;0;;;0;0;0;0;"Estimées";;;;;;;""
2017;275;"17";"17078";"Chadenac";"2017-04-23 16:34:00";7500;7500;;0;;;0;0;0;0;"Estimées";;;;;;;""
2017;8258;"83";"83104";"Rians";"2017-04-23 16:50:00";1200;1200;;;;;;;;;;"2";"Involontaire (particulier)";;;;;""
2017;2336;"24";"24055";"Bourdeilles";"2017-04-23 16:52:00";5000;5000;;0;;;0;;;0;;;;;;;;""
2017;779;"38";"38075";"Chapareillan";"2017-04-23 17:06:00";1000;0;;1000;;;1000;0;0;0;"Estimées";;;;;;;""
2017;6993;"11";"11145";"Fleury";"2017-04-23 17:18:00";24540;;;;;;;;;;;;;;;;;""
2017;780;"38";"38431";"Saint-Nazaire-les-Eymes";"2017-04-23 17:31:00";500;0;;500;;;500;0;0;0;"Estimées";;;;;;;""
2017;8371;"48";"48017";"Banassac-Canilhac";"2017-04-23 18:16:00";300;;;;;;;;;;;;"Involontaire (travaux)";;;;;""
2017;17569;"33";"33063";"Bordeaux";"2017-04-23 20:42:00";500;500;;0;;;0;0;0;0;"Estimées";;"Malveillance";"Non";;;;""
2017;1299;"87";"87153";"Saint-Julien-le-Petit";"2017-04-23 21:28:00";10000;10000;;0;;;0;0;0;0;"Estimées";;;;;;;""
2017;378;"16";"16260";"Pillac";"2017-04-24 01:57:00";50000;50000;;0;;;0;0;0;0;"Estimées";;;;;;;""
2017;17570;"33";"33498";"Salles";"2017-04-24 02:12:00";300;300;;0;;;0;0;0;0;"Estimées";;;"Non";;;;""
2017;17571;"33";"33237";"Léogeats";"2017-04-24 04:21:00";10200;10200;;0;;;0;0;0;0;"Estimées";;;"Non";;;;""
2017;256;"43";"43012";"Aurec-sur-Loire";"2017-04-24 11:51:00";600;0;;600;;;600;0;0;0;"Estimées";;"Involontaire (travaux)";;;;;""
2017;8100;"26";"26354";"Treschenu-Creyers";"2017-04-24 12:13:00";55000;44000;11000;;;;;;;;;"5";"Involontaire (particulier)";;;;;""
2017;8719;"48";"48112";"Pierrefiche";"2017-04-24 13:14:00";14400;6200;8200;;;;;;;;;"1";;;;;;""
2017;258;"43";"43181";"Saint-Étienne-Lardeyrol";"2017-04-24 15:00:00";9000;4000;;5000;;;5000;0;0;0;"Mesurées";;;;;;;""
2017;781;"38";"38140";"Crolles";"2017-04-24 15:17:00";700;0;;700;;;700;0;0;0;"Estimées";;"Involontaire (particulier)";;;;;""
2017;6994;"11";"11094";"Clermont-sur-Lauquet";"2017-04-24 15:28:00";1927;;;;;;;;;;;;;;;;;""
2017;280;"19";"19228";"Saint-Pantaléon-de-Lapleau";"2017-04-24 15:43:00";40000;40000;;0;;;0;0;0;0;"Estimées";;;;;;;""
2017;782;"38";"38470";"La Salle-en-Beaumont";"2017-04-24 15:44:00";200;0;;200;;;200;0;0;0;"Estimées";;"Malveillance";;;;;""
2017;17572;"33";"33473";"Saint-Savin";"2017-04-24 15:54:00";150;150;;0;;;0;;;0;"Estimées";;"Accidentelle";"Non";;;;"Données partielles ou non valides"
2017;1017;"15";"15113";"Mandailles-Saint-Julien";"2017-04-24 16:05:00";100000;0;;100000;;;100000;0;0;0;"Estimées";;"Involontaire (travaux)";;;;;""
2017;279;"19";"19092";"Le Jardin";"2017-04-24 16:17:00";80000;80000;;0;;;0;0;0;0;"Estimées";;;;;;;""
2017;11242;"07";"07176";"Planzolles";"2017-04-24 17:01:00";2000;;;;;;;;;;;;;;;;;""
2017;8102;"2B";"2B354";"Vivario";"2017-04-24 17:01:00";120000;;120000;;;;;;;;;"1";;;;;;""
2017;1297;"87";"87149";"Saint-Hilaire-la-Treille";"2017-04-24 17:16:00";40000;40000;;0;;;0;0;0;0;"Estimées";;;;;;;""
2017;11243;"07";"07001";"Accons";"2017-04-24 17:50:00";5000;;;;;;;;;;;;;;;;;""
2017;1131;"74";"74229";"Saint-Cergues";"2017-04-24 17:55:00";1000;0;;1000;;;1000;0;0;0;"Estimées";;;;;;;""
2017;259;"46";"46232";"Les Quatre-Routes-du-Lot";"2017-04-24 17:59:00";500;0;;500;;;500;0;0;0;"Estimées";;;;;;;""
2017;276;"17";"17337";"Saint-Georges-d'Oléron";"2017-04-24 23:13:00";200;200;;0;;;0;0;0;0;"Mesurées";;;;;;;""
2017;1285;"87";"87090";"Mailhac-sur-Benaize";"2017-04-24 23:17:00";30000;30000;;0;;;0;0;0;0;"Estimées";;;;;;;""
2017;989;"09";"09008";"Alos";"2017-04-25 11:40:00";300000;0;;50000;;;50000;250000;0;250000;"Estimées";;;;;;;""
2017;8099;"05";"05038";"Château-Ville-Vieille";"2017-04-25 13:23:00";233900;233900;;;;;;;;;;;"Malveillance";;;;;""
2017;8265;"83";"83012";"Barjols";"2017-04-25 13:37:00";3000;3000;;;;;;;;;;"5";"Involontaire (travaux)";;;;;""
2017;8094;"2B";"2B280";"Silvareccio";"2017-04-25 14:12:00";5000;;5000;;;;;;;;;"1";;;;;;""
2017;783;"38";"38052";"Le Bourg-d'Oisans";"2017-04-25 16:06:00";100;0;;100;;;100;0;0;0;"Estimées";;;;;;;""
2017;3012;"40";"40169";"Maillas";"2017-04-25 16:07:00";30000;5000;;0;;;0;;;25000;;;"Involontaire (travaux)";;;;;""
2017;8104;"2B";"2B054";"Campile";"2017-04-26 11:34:00";50000;;50000;;;;;;;;;"1";;;;;;""
2017;277;"17";"17240";"Montendre";"2017-04-26 11:49:00";500;500;;0;;;0;0;0;0;"Mesurées";;;;;;;""
2017;8352;"2A";"2A004";"Ajaccio";"2017-04-26 15:24:00";1000;;1000;;;;;;;;;;;;;;;""
2017;17578;"33";"33056";"Blanquefort";"2017-04-26 17:36:00";1000;500;;0;;;0;;;500;"Estimées";;;"Non";;;;"Données partielles ou non valides"
2017;8105;"2B";"2B260";"Riventosa";"2017-04-27 04:27:00";5;;5;;;;;;;;;"1";;;;;;""
2017;695;"45";"45334";"Vieilles-Maisons-sur-Joudry";"2017-04-28 10:32:00";60000;60000;;0;;;0;0;0;0;"Estimées";;;;;;;""
2017;1146;"72";"72115";"Dissay-sous-Courcillon";"2017-04-28 14:24:00";3000;3000;;0;;;0;0;0;0;"Estimées";;;;;;;""
2017;1147;"72";"72160";"Lavernat";"2017-04-28 16:57:00";300;300;;0;;;0;0;0;0;"Estimées";;;;;;;""
2017;8434;"34";"34010";"Aniane";"2017-04-28 19:10:00";3703;3703;;;;;;;;;;"2";;;;;;""
2017;17586;"33";"33322";"Le Pian-Médoc";"2017-04-29 04:38:00";2000;2000;;0;;;0;0;0;0;"Estimées";;;"Non";;;;""
2017;2334;"24";"24465";"Saint-Michel-de-Double";"2017-04-29 06:42:00";10000;10000;;0;;;0;;;0;;;;;;;;""
2017;9839;"66";"66187";"Saint-Paul-de-Fenouillet";"2017-04-29 13:05:00";5000;5000;;;;;;;;;;"2";;;;;;""
2017;1284;"87";"87086";"Linards";"2017-04-29 13:25:00";10000;10000;;0;;;0;0;0;0;"Estimées";;;;;;;""
2017;8246;"2B";"2B043";"Brando";"2017-04-29 14:42:00";100;;1;;;;;;;99;;"1";;;;;;""
2017;8437;"34";"34046";"Cambon-et-Salvergues";"2017-04-29 15:00:00";270;270;;;;;;;;;;"4";"Involontaire (particulier)";;;;;""
2017;1123;"68";"68188";"Linthal";"2017-04-29 16:12:00";40000;0;;40000;;;40000;0;0;0;"Estimées";;"Involontaire (particulier)";;;;;""
2017;2333;"24";"24216";"La Jemaye";"2017-04-29 17:30:00";10000;10000;;0;;;0;;;0;;;;;;;;""
2017;2332;"24";"24035";"Pays de Belvès";"2017-04-29 18:17:00";5000;5000;;0;;;0;;;0;;;;;;;;""
2017;2331;"24";"24058";"Bourg-du-Bost";"2017-04-29 19:22:00";5000;5000;;0;;;0;;;0;;;;;;;;""
2017;2330;"24";"24290";"Montferrand-du-Périgord";"2017-04-29 19:31:00";250;250;;0;;;0;;;0;;;"Accidentelle";;;;;""
2017;278;"17";"17074";"Bussac-Forêt";"2017-04-29 21:21:00";9750;9750;;0;;;0;0;0;0;"Mesurées";;"Accidentelle";;;;;""
2017;6995;"11";"11188";"La Palme";"2017-04-29 23:14:00";50;;;;;;;;;;;;;;;;;""
2017;17597;"33";"33019";"Audenge";"2017-04-30 09:08:00";10;10;;0;;;0;0;0;0;"Estimées";;;"Non";;;;""
2017;8353;"2A";"2A362";"Zonza";"2017-04-30 13:37:00";3630;;3630;;;;;;;;;"1";;;;;;""
2017;8334;"83";"83063";"La Garde-Freinet";"2017-04-30 16:31:00";50;50;;;;;;;;;;"5";"Involontaire (travaux)";;;;;""
2017;1310;"71";"71073";"Chagny";"2017-04-30 16:35:00";20000;0;;20000;;;20000;0;0;0;"Estimées";;;;;;;""
2017;17598;"33";"33529";"La Teste-de-Buch";"2017-04-30 20:14:00";10;10;;0;;;0;0;0;0;"Estimées";;"Involontaire (particulier)";"Non";;;;""
2017;8363;"2A";"2A032";"Bastelicaccia";"2017-05-02 15:00:00";10;;10;;;;;;;;;;;;;;;""
2017;8840;"2A";"2A062";"Carbuccia";"2017-05-02 20:25:00";100;;100;;;;;;;;;;;;;;;""
2017;8330;"2B";"2B034";"Belgodère";"2017-05-03 13:35:00";150;;150;;;;;;;;;"1";;;;;;""
2017;17600;"33";"33501";"Saucats";"2017-05-03 14:24:00";1500;1500;;0;;;0;0;0;0;"Estimées";;"Accidentelle";"Non";;;;""
2017;8341;"2B";"2B057";"Canale-di-Verde";"2017-05-04 14:58:00";50;;50;;;;;;;;;"1";;;;;;""
2017;8818;"2A";"2A130";"Grosseto-Prugna";"2017-05-04 15:51:00";100;;100;;;;;;;;;"1";;;;;;""
2017;281;"46";"46248";"Sainte-Alauzie";"2017-05-05 14:57:00";5000;0;;5000;;;5000;0;0;0;"Estimées";;;;;;;""
2017;1301;"87";"87167";"Saint-Martin-Terressus";"2017-05-05 15:12:00";2000;2000;;0;;;0;0;0;0;"Estimées";;;;;;;""
2017;8600;"2A";"2A018";"Arbellara";"2017-05-06 07:10:00";1000;;;;;;;;;;;"1";;;;;;""
2017;8601;"2A";"2A130";"Grosseto-Prugna";"2017-05-06 14:02:00";500;;;;;;;;;;;"1";;;;;;""
2017;8399;"2B";"2B049";"Calenzana";"2017-05-07 11:08:00";3000;;3000;;;;;;;;;"1";;;;;;""
2017;8841;"2A";"2A098";"Coti-Chiavari";"2017-05-07 11:28:00";10;;10;;;;;;;;;;;;;;;""
2017;8604;"2A";"2A139";"Lecci";"2017-05-07 12:41:00";200;;200;;;;;;;;;;;;;;;""
2017;9874;"66";"66210";"Thuir";"2017-05-07 14:59:00";5000;;5000;;;;;;;;;"1";;;;;;""
2017;8400;"2B";"2B009";"Aléria";"2017-05-07 15:09:00";70000;70000;;;;;;;;;;"3";;;;;;""
2017;8443;"34";"34226";"Quarante";"2017-05-08 15:40:00";1291;1291;;;;;;;;;;"1";"Involontaire (particulier)";;;;;""
2017;3010;"40";"40267";"Saint-Justin";"2017-05-09 16:05:00";1500;1500;;0;;;0;;;0;;;;;;;;""
2017;8606;"2A";"2A272";"Sartène";"2017-05-10 09:51:00";30;;30;;;;;;;;;;"Involontaire (travaux)";;;;;""
2017;5356;"77";"77006";"Arbonne-la-Forêt";"2017-05-10 15:00:00";5800;5800;;0;;;0;0;0;0;"Estimées";;"Malveillance";;;;;""
2017;3009;"40";"40287";"Sanguinet";"2017-05-10 16:17:00";200;200;;0;;;0;;;0;;;"Naturelle";;;;;""
2017;286;"17";"17269";"Orignolles";"2017-05-12 13:36:00";58200;58200;;0;;;0;0;0;0;"Mesurées";;;;;;;""
2017;287;"17";"17243";"Montlieu-la-Garde";"2017-05-12 14:49:00";21000;21000;;0;;;0;0;0;0;"Mesurées";;;;;;;""
2017;8456;"83";"83051";"Entrecasteaux";"2017-05-13 13:37:00";800;800;;;;;;;;;;"4";"Involontaire (particulier)";;;;;""
2017;9884;"66";"66141";"Pia";"2017-05-13 19:03:00";8000;2000;6000;;;;;;;;;"1";;;;;;""
2017;8842;"2A";"2A362";"Zonza";"2017-05-14 16:22:00";200;;200;;;;;;;;;;;;;;;""
2017;8463;"13";"13063";"Miramas";"2017-05-15 16:00:00";17000;10000;7000;;;;;;;;;"1";"Accidentelle";;;;;""
2017;284;"46";"46320";"Tour-de-Faure";"2017-05-15 16:11:00";300;0;;300;;;300;0;0;0;"Estimées";;;;;;;""
2017;8608;"2A";"2A041";"Bonifacio";"2017-05-16 13:40:00";300;;300;;;;;;;;;;;;;;;""
2017;10334;"66";"66190";"Salses-le-Château";"2017-05-16 14:23:00";6000;1000;5000;;;;;;;;;"1";;;;;;""
2017;1204;"86";"86093";"Dercé";"2017-05-16 15:17:00";3000;0;;3000;;;3000;0;0;0;"Estimées";;;;;;;""
2017;1311;"71";"71519";"Serrigny-en-Bresse";"2017-05-16 15:55:00";10000;0;;10000;;;10000;0;0;0;"Estimées";;;;;;;""
2017;8477;"2B";"2B320";"Tallone";"2017-05-16 16:49:00";15000;;15000;;;;;;;;;"1";;;;;;""
2017;8471;"04";"04209";"Sisteron";"2017-05-16 20:06:00";10;10;;;;;;;;;;"4";"Malveillance";;;;;""
2017;8843;"2A";"2A004";"Ajaccio";"2017-05-17 11:40:00";200;;200;;;;;;;;;;;;;;;""
2017;5362;"77";"77339";"Noisy-sur-École";"2017-05-17 12:30:00";150;150;;0;;;0;0;0;0;"Estimées";;;;;;;""
2017;11253;"07";"07184";"Pranles";"2017-05-17 15:54:00";400;200;200;;;;;;;;;;"Involontaire (particulier)";;;;;""
2017;8488;"13";"13047";"Istres";"2017-05-17 16:48:00";1500;1000;500;;;;;;;;;"1";"Malveillance";;;;;""
2017;8489;"13";"13047";"Istres";"2017-05-17 16:55:00";30;20;10;;;;;;;;;;"Malveillance";;;;;""
2017;8487;"13";"13063";"Miramas";"2017-05-17 17:43:00";1000;800;200;;;;;;;;;"1";"Malveillance";;;;;""
2017;6996;"11";"11386";"Talairan";"2017-05-17 18:00:00";50;;;;;;;;;;;;;;;;;""
2017;11252;"07";"07301";"Saint-Victor";"2017-05-17 18:15:00";3000;;;;;;;;;;;;;;;;;""
2017;285;"46";"46068";"Cénevières";"2017-05-17 20:06:00";100;0;;100;;;100;0;0;0;"Estimées";;;;;;;""
2017;8845;"2A";"2A139";"Lecci";"2017-05-18 12:50:00";500;;500;;;;;;;;;;;;;;;""
2017;784;"38";"38520";"Valencogne";"2017-05-18 19:40:00";150;0;;150;;;150;0;0;0;"Estimées";;;;;;;""
2017;8610;"2A";"2A209";"Peri";"2017-05-18 20:27:00";200;;200;;;;;;;;;;;;;;;""
2017;8847;"2A";"2A103";"Cuttoli-Corticchiato";"2017-05-19 15:50:00";500;;500;;;;;;;;;;;;;;;""
2017;8507;"2B";"2B314";"Santo-Pietro-di-Tenda";"2017-05-20 12:12:00";100;;;;;;;;;;;"1";;;;;;""
2017;8611;"2A";"2A001";"Afa";"2017-05-20 14:16:00";400;;400;;;;;;;;;;;;;;;""
2017;8848;"2A";"2A271";"Sarrola-Carcopino";"2017-05-20 16:27:00";200;;200;;;;;;;;;;;;;;;""
2017;8566;"2B";"2B002";"Aghione";"2017-05-20 16:28:00";14000;;;;;;;;;;;"1";;;;;;""
2017;8555;"34";"34113";"Gigean";"2017-05-20 17:07:00";147;147;;;;;;;;;;"1";"Involontaire (particulier)";;;;;""
2017;8513;"2B";"2B055";"Campitello";"2017-05-20 17:27:00";5000;5000;;;;;;;;;;"2";;;;;;""
2017;9443;"34";"34031";"Bessan";"2017-05-20 18:28:00";399;399;;;;;;;;;;"2";"Involontaire (particulier)";;;;;""
2017;8849;"2A";"2A004";"Ajaccio";"2017-05-20 18:34:00";500;;500;;;;;;;;;;;;;;;""
2017;8518;"2B";"2B123";"Ghisonaccia";"2017-05-21 10:57:00";6000;;;;;;;;;;;"1";;;;;;""
2017;8571;"13";"13047";"Istres";"2017-05-21 14:00:00";1000;1000;0;;;;;;;;;"1";"Involontaire (travaux)";;;;;""
2017;8520;"2B";"2B229";"Pietroso";"2017-05-21 14:00:00";500;500;;;;;;;;;;"2";;;;;;""
2017;8819;"2A";"2A330";"Ucciani";"2017-05-21 14:56:00";800;;800;;;;;;;;;;;;;;;""
2017;8521;"2B";"2B353";"Ville-di-Pietrabugno";"2017-05-21 15:32:00";600;600;;;;;;;;;;"2";;;;;;""
2017;8685;"34";"34123";"Juvignac";"2017-05-21 15:59:00";2924;;2924;;;;;;;;;"1";"Involontaire (particulier)";;;;;""
2017;8850;"2A";"2A271";"Sarrola-Carcopino";"2017-05-21 16:21:00";50;;50;;;;;;;;;;;;;;;""
2017;8523;"2B";"2B341";"Venaco";"2017-05-21 16:25:00";10;;;;;;;;;;;"1";;;;;;""
2017;10354;"66";"66136";"Perpignan";"2017-05-21 16:45:00";20000;;20000;;;;;;;;;"1";;;;;;""
2017;8686;"34";"34219";"Prémian";"2017-05-21 17:11:00";702;702;;;;;;;;;;"2";"Involontaire (particulier)";;;;;""
2017;8567;"2B";"2B033";"Bastia";"2017-05-21 17:14:00";200;;;;;;;;;;;"1";;;;;;""
2017;9035;"06";"06109";"La Roquette-sur-Var";"2017-05-21 19:24:00";2270;2270;;;;;;;;;;"3";"Involontaire (particulier)";;;;;""
2017;6997;"11";"11069";"Carcassonne";"2017-05-21 20:58:00";50;;;;;;;;;;;;;;;;;""
2017;8851;"2A";"2A041";"Bonifacio";"2017-05-22 12:17:00";20;;20;;;;;;;;;;;;;;;""
2017;8572;"13";"13087";"Rousset";"2017-05-22 14:08:00";2400;2400;0;;;;;;;;;"1";"Involontaire (travaux)";;;;;""
2017;6998;"11";"11043";"Bouilhonnac";"2017-05-22 16:00:00";7200;;;;;;;;;;;;;;;;;""
2017;8613;"2A";"2A249";"Propriano";"2017-05-22 16:08:00";1500;;1500;;;;;;;;;"1";"Involontaire (particulier)";;;;;""
2017;8693;"34";"34123";"Juvignac";"2017-05-22 17:04:00";4544;;4544;;;;;;;;;"1";"Involontaire (particulier)";;;;;""
2017;8615;"2A";"2A163";"Monacia-d'Aullène";"2017-05-22 17:26:00";300;;300;;;;;;;;;"1";"Involontaire (particulier)";;;;;""
2017;7000;"11";"11145";"Fleury";"2017-05-22 23:39:00";150;;;;;;;;;;;;;;;;;""
2017;292;"63";"63037";"Bertignat";"2017-05-23 08:00:00";1900;100;;0;;;0;1800;0;1800;"Mesurées";;;;;;;"Données partielles ou non valides"
2017;8582;"04";"04049";"Château-Arnoux-Saint-Auban";"2017-05-23 18:26:00";10;10;;;;;;;;;;"2";"Involontaire (particulier)";;;;;""
2017;8853;"2A";"2A008";"Albitreccia";"2017-05-24 10:01:00";300;;300;;;;;;;;;"1";"Involontaire (particulier)";;;;;""
2017;293;"17";"17038";"Bedenac";"2017-05-24 11:53:00";135000;135000;;0;;;0;0;0;0;"Mesurées";;;;;;;""
2017;11421;"34";"34242";"Saint-Bauzille-de-Montmel";"2017-05-24 13:00:00";1296;;1296;;;;;;;;;"1";;;;;;""
2017;8617;"2A";"2A189";"Olmeto";"2017-05-24 15:52:00";200;;200;;;;;;;;;;"Involontaire (travaux)";;;;;""
2017;8587;"2B";"2B173";"Muro";"2017-05-24 19:11:00";200;;;;;;;;;;;"1";"Accidentelle";;;;;""
2017;3006;"40";"40297";"Le Sen";"2017-05-24 21:35:00";3000;3000;;0;;;0;;;0;;;"Involontaire (particulier)";;;;;""
2017;386;"12";"12023";"La Bastide-Solages";"2017-05-25 11:43:00";1000;0;;1000;;;1000;0;0;0;"Estimées";;"Accidentelle";;;;;""
2017;8707;"34";"34144";"Lunas";"2017-05-25 14:00:00";4048;;4048;;;;;;;;;"1";"Accidentelle";;;;;""
2017;8666;"13";"13047";"Istres";"2017-05-25 14:42:00";10;10;0;;;;;;;;;"1";"Malveillance";;;;;""
2017;8662;"13";"13047";"Istres";"2017-05-25 14:42:00";2300;2300;0;;;;;;;;;"1";"Malveillance";;;;;""
2017;8664;"13";"13047";"Istres";"2017-05-25 14:42:00";790;790;0;;;;;;;;;"1";"Malveillance";;;;;""
2017;8665;"13";"13047";"Istres";"2017-05-25 14:42:00";1000;1000;0;;;;;;;;;"1";"Malveillance";;;;;""
2017;7001;"11";"11144";"Fitou";"2017-05-25 14:58:00";5852;;;;;;;;;;;;;;;;;""
2017;786;"38";"38091";"Châteauvilain";"2017-05-25 15:46:00";10000;0;;10000;;;10000;0;0;0;"Estimées";;"Involontaire (particulier)";;;;;""
2017;16579;"48";"48122";"Quézac";"2017-05-25 16:06:00";4500;4100;400;;;;;;;;;"2";"Involontaire (particulier)";;;;;""
2017;696;"45";"45197";"Marigny-les-Usages";"2017-05-25 16:11:00";30000;30000;;0;;;0;0;0;0;"Estimées";;;;;;;""
2017;7002;"11";"11067";"Canet";"2017-05-25 17:53:00";6000;;;;;;;;;;;;;;;;;""
2017;8618;"2A";"2A108";"Évisa";"2017-05-25 21:12:00";50;;50;;;;;;;;;;;;;;;""
2017;1124;"68";"68104";"Geiswasser";"2017-05-25 21:16:00";50;50;;0;;;0;0;0;0;"Estimées";;;;;;;""
2017;8656;"13";"13063";"Miramas";"2017-05-25 21:31:00";90;60;30;;;;;;;;;"1";;;;;;""
2017;8588;"2B";"2B281";"Sisco";"2017-05-25 23:25:00";40;;40;;;;;;;;;"1";;;;;;""
2017;8619;"2A";"2A278";"Serra-di-Scopamène";"2017-05-26 11:02:00";200;;200;;;;;;;;;;;;;;;""
2017;8857;"2A";"2A247";"Porto-Vecchio";"2017-05-26 13:48:00";1000;;1000;;;;;;;;;"1";"Involontaire (particulier)";;;;;""
2017;8593;"2B";"2B039";"Bisinchi";"2017-05-26 14:25:00";5000;;;;;;;;;;;"1";;;;;;""
2017;290;"46";"46201";"Montcuq-en-Quercy-Blanc";"2017-05-26 16:08:00";5000;0;;5000;;;5000;0;0;0;"Estimées";;;;;;;""
2017;8621;"2A";"2A322";"Tasso";"2017-05-26 17:57:00";1000;;1000;;;;;;;;;"1";"Involontaire (particulier)";;;;;""
2017;8858;"2A";"2A139";"Lecci";"2017-05-26 18:22:00";50;;50;;;;;;;;;"1";;;;;;""
2017;17632;"33";"33255";"Lucmau";"2017-05-26 19:19:00";300;300;;0;;;0;0;0;0;"Estimées";;;"Non";;;;""
2017;3005;"40";"40060";"Callen";"2017-05-27 08:45:00";200;200;;0;;;0;;;0;;;"Naturelle";;;;;""
2017;8622;"2A";"2A323";"Tavaco";"2017-05-27 09:54:00";500;;500;;;;;;;;;"1";;;;;;""
2017;8859;"2A";"2A348";"Vico";"2017-05-27 12:19:00";200;;200;;;;;;;;;"1";"Involontaire (particulier)";;;;;""
2017;787;"38";"38002";"Les Adrets";"2017-05-27 13:47:00";1000;0;;1000;;;1000;0;0;0;"Estimées";;"Malveillance";;;;;""
2017;1148;"72";"72346";"La Suze-sur-Sarthe";"2017-05-27 13:55:00";10000;10000;;0;;;0;0;0;0;"Estimées";;;;;;;""
2017;7342;"2A";"2A271";"Sarrola-Carcopino";"2017-05-27 14:54:00";351300;;351300;;;;;;;;;;;;;;;""
2017;8595;"2B";"2B143";"Linguizzetta";"2017-05-27 15:34:00";40000;;40000;;;;;;;;;"1";;;;;;""
2017;1150;"72";"72187";"Marigné-Laillé";"2017-05-27 16:19:00";300;300;;0;;;0;0;0;0;"Estimées";;;;;;;""
2017;788;"38";"38343";"Romagnieu";"2017-05-27 17:27:00";100;0;;100;;;100;0;0;0;"Estimées";;;;;;;""
2017;17635;"33";"33262";"Macau";"2017-05-27 18:32:00";100;100;;0;;;0;0;0;0;"Estimées";;;"Non";;;;""
2017;17634;"33";"33336";"Préchac";"2017-05-27 19:06:00";6000;6000;;0;;;0;0;0;0;"Estimées";;"Naturelle";"Non";;;;""
2017;11241;"07";"07148";"Malbosc";"2017-05-27 19:58:00";500;;;;;;;;;;;;"Accidentelle";;;;;""
2017;8860;"2A";"2A032";"Bastelicaccia";"2017-05-28 03:57:00";2500;;500;;;;;;;2000;;"1";;;;;;""
2017;3004;"40";"40326";"Vielle-Saint-Girons";"2017-05-28 05:38:00";500;500;;0;;;0;;;0;;;;;;;;""
2017;8626;"2A";"2A232";"Pila-Canale";"2017-05-28 10:34:00";200;;200;;;;;;;;;"1";"Involontaire (particulier)";;;;;""
2017;291;"46";"46243";"Rueyres";"2017-05-28 11:55:00";150;0;;150;;;150;0;0;0;"Estimées";;;;;;;""
2017;8862;"2A";"2A004";"Ajaccio";"2017-05-28 12:33:00";600;;600;;;;;;;;;;;;;;;""
2017;10375;"66";"66108";"Millas";"2017-05-28 13:14:00";30000;10000;20000;;;;;;;;;"2";"Malveillance";;;;;""
2017;17637;"33";"33552";"Virelade";"2017-05-28 13:39:00";8800;8800;;0;;;0;0;0;0;"Estimées";;;"Non";;;;""
2017;8649;"04";"04113";"Marcoux";"2017-05-28 13:53:00";800;;800;;;;;;;;;"1";;;;;;""
2017;8717;"34";"34284";"Saint-Pons-de-Thomières";"2017-05-28 14:09:00";31560;31560;;;;;;;;;;"2";"Accidentelle";;;;;""
2017;17636;"33";"33240";"Lesparre-Médoc";"2017-05-28 16:08:00";10000;10000;;0;;;0;0;0;0;"Estimées";;;"Non";;;;""
2017;11239;"07";"07199";"Rosières";"2017-05-28 17:17:00";200;;200;;;;;;;;;"1";;;;;;""
2017;8642;"83";"83044";"Comps-sur-Artuby";"2017-05-28 17:33:00";300;300;;;;;;;;;;"5";"Accidentelle";;;;;""
2017;1151;"72";"72051";"Cérans-Foulletourte";"2017-05-28 17:46:00";1200;1200;;0;;;0;0;0;0;"Estimées";;;;;;;""
2017;2014;"47";"47221";"Réaup-Lisse";"2017-05-29 02:36:00";100000;100000;;0;;;0;;;0;;;;;;;;""
2017;1152;"72";"72191";"Mayet";"2017-05-29 03:45:00";10000;10000;;0;;;0;0;0;0;"Estimées";;;;;;;""
2017;8659;"13";"13056";"Martigues";"2017-05-29 11:40:00";2000;1500;500;;;;;;;;;"1";"Accidentelle";;;;;""
2017;10383;"66";"66173";"Saint-Féliu-d'Amont";"2017-05-29 11:41:00";30000;;30000;;;;;;;;;"1";"Involontaire (travaux)";;;;;""
2017;8670;"83";"83154";"Saint-Antonin-du-Var";"2017-05-29 13:30:00";4500;4500;;;;;;;;;;"4";"Involontaire (particulier)";;;;;""
2017;10385;"66";"66164";"Rivesaltes";"2017-05-29 13:44:00";500;500;;;;;;;;;;"6";;;;;;""
2017;3003;"40";"40167";"Luxey";"2017-05-29 18:07:00";610;610;;0;;;0;;;0;;;"Naturelle";;;;;""
2017;7003;"11";"11115";"Cuxac-Cabardès";"2017-05-29 19:01:00";2000;;;;;;;;;;;;;;;;;""
2017;8653;"04";"04209";"Sisteron";"2017-05-30 02:03:00";500;500;;;;;;;;;;"4";"Malveillance";;;;;""
2017;8760;"2B";"2B265";"Rutali";"2017-05-30 13:03:00";10000;;10000;;;;;;;;;"1";;;;;;""
2017;789;"38";"38176";"Frontonas";"2017-05-30 13:27:00";650;0;;650;;;650;0;0;0;"Mesurées";;"Involontaire (travaux)";;;;;""
2017;1312;"71";"71551";"Uchon";"2017-05-30 13:30:00";20000;0;;20000;;;20000;0;0;0;"Estimées";;;;;;;""
2017;7343;"2A";"2A041";"Bonifacio";"2017-05-30 13:43:00";3800000;;3800000;;;;;;;;;"1";"Involontaire (travaux)";;;;;""
2017;8727;"30";"30133";"Le Grau-du-Roi";"2017-05-30 14:18:00";5000;;;;;;;;;;;;;;;;;""
2017;294;"43";"43218";"Saint-Pierre-Eynac";"2017-05-30 17:19:00";2400;2400;;0;;;0;0;0;0;"Mesurées";;;;;;;""
2017;8728;"30";"30032";"Beaucaire";"2017-05-30 17:25:00";1000;;;;;;;;;;;;;;;;;""
2017;6915;"48";"48172";"Saint-Maurice-de-Ventalon";"2017-05-31 04:45:00";100000;;;;;;;;;;;;;;;;;""
2017;8761;"2B";"2B346";"Vescovato";"2017-05-31 10:08:00";25000;50;;;;;;;;24950;;"1";;;;;;""
2017;8762;"2B";"2B049";"Calenzana";"2017-05-31 12:51:00";5000;;5000;;;;;;;;;"1";;;;;;""
2017;8763;"2B";"2B042";"Borgo";"2017-05-31 15:56:00";400;;400;;;;;;;;;"1";;;;;;""
2017;697;"45";"45153";"Germigny-des-Prés";"2017-05-31 16:40:00";5000;0;;5000;;;5000;0;0;0;"Estimées";;;;;;;""
2017;8746;"84";"84079";"Monieux";"2017-05-31 17:28:00";100;;;;;;;;;;;;;;;;;""
2017;7004;"11";"11368";"Sallèles-Cabardès";"2017-05-31 17:44:00";3300;;;;;;;;;;;;;;;;;""
2017;11382;"2A";"2A017";"Appietto";"2017-05-31 18:05:00";1200;;1200;;;;;;;;;"1";;;;;;""
2017;11234;"07";"07161";"Montpezat-sous-Bauzon";"2017-06-01 14:09:00";4500;;4500;;;;;;;;;"1";"Involontaire (travaux)";;;;;""
2017;8764;"2B";"2B049";"Calenzana";"2017-06-01 14:46:00";350;;350;;;;;;;;;"1";;;;;;""
2017;6914;"48";"48034";"La Canourgue";"2017-06-01 15:07:00";15000;;15000;;;;;;;;;;"Naturelle";;;;;""
2017;425;"21";"21416";"Mirebeau-sur-Bèze";"2017-06-01 15:12:00";5000;5000;;0;;;0;0;0;0;"Mesurées";;;;;;;""
2017;7654;"2A";"2A362";"Zonza";"2017-06-01 15:43:00";50;;50;;;;;;;;;"1";"Accidentelle";;;;;""
2017;17640;"33";"33237";"Léogeats";"2017-06-02 00:19:00";20000;20000;;0;;;0;0;0;0;"Estimées";;;"Non";;;;""
2017;8825;"2A";"2A008";"Albitreccia";"2017-06-02 12:32:00";20;;20;;;;;;;;;;;;;;;""
2017;8767;"2B";"2B235";"Pioggiola";"2017-06-02 14:47:00";100;100;;;;;;;;;;"4";"Naturelle";;;;;""
2017;8826;"2A";"2A004";"Ajaccio";"2017-06-02 15:14:00";300;;300;;;;;;;;;;;;;;;""
2017;9119;"2A";"2A108";"Évisa";"2017-06-02 15:14:00";2100;;2100;;;;;;;;;;"Naturelle";;;;;""
2017;1153;"72";"72293";"Saint-Jean-du-Bois";"2017-06-02 15:16:00";50000;50000;;0;;;0;0;0;0;"Estimées";;;;;;;""
2017;8749;"13";"13022";"Cassis";"2017-06-02 15:57:00";2000;2000;;;;;;;;;;"1";"Involontaire (particulier)";;;;;""
2017;8750;"13";"13059";"Meyrargues";"2017-06-02 16:58:00";8000;;;;;;;;;;;"1";"Naturelle";;;;;""
2017;8769;"2B";"2B267";"Saliceto";"2017-06-03 08:03:00";10;;;;;;;;;;;"4";"Naturelle";;;;;""
2017;8747;"84";"84101";"La Roque-sur-Pernes";"2017-06-03 11:53:00";100;;;;;;;;;;;;;;;;;""
2017;8827;"2A";"2A362";"Zonza";"2017-06-03 12:44:00";20;;20;;;;;;;;;"1";"Naturelle";;;;;""
2017;7005;"11";"11203";"Lézignan-Corbières";"2017-06-03 14:35:00";25;;;;;;;;;;;;;;;;;""
2017;8770;"2B";"2B002";"Aghione";"2017-06-03 16:08:00";80000;;80000;;;;;;;;;"1";;;;;;""
2017;8772;"2B";"2B185";"Oletta";"2017-06-03 20:30:00";3000;;3000;;;;;;;;;"1";"Involontaire (particulier)";;;;;""
2017;7006;"11";"11071";"Cascastel-des-Corbières";"2017-06-04 11:36:00";5000;;;;;;;;;;;;;;;;;""
2017;7007;"11";"11379";"Sigean";"2017-06-04 13:17:00";120;;;;;;;;;;;;;;;;;""
2017;11232;"07";"07122";"Lachapelle-sous-Aubenas";"2017-06-04 22:02:00";300;300;;;;;;;;;;"4";;;;;;""
2017;7655;"2A";"2A284";"Sollacaro";"2017-06-05 10:55:00";50;;50;;;;;;;;;;;;;;;""
2017;8759;"83";"83108";"La Roquebrussanne";"2017-06-05 13:33:00";5;5;;;;;;;;;;"2";"Malveillance";;;;;""
2017;9004;"30";"30298";"Saint-Sébastien-d'Aigrefeuille";"2017-06-06 15:30:00";500;;;;;;;;;;;;;;;;;""
2017;8928;"34";"34166";"Montblanc";"2017-06-06 18:22:00";2500;;;;;;;;;;;;"Naturelle";;;;;""
2017;8880;"13";"13039";"Fos-sur-Mer";"2017-06-06 19:32:00";53000;2400;50600;;;;;;;0;;"1";"Malveillance";;;;;""
2017;8881;"13";"13039";"Fos-sur-Mer";"2017-06-06 19:32:00";5000;3000;2000;;;;;;;;;"1";"Malveillance";;;;;""
2017;8836;"04";"04171";"Rougon";"2017-06-07 00:42:00";50;;;;;;;;;;;;;;;;;""
2017;9585;"83";"83101";"Ramatuelle";"2017-06-07 13:28:00";156400;156400;;;;;;;;;;"4";"Involontaire (travaux)";;;;;""
2017;11383;"2A";"2A247";"Porto-Vecchio";"2017-06-07 13:32:00";200;;200;;;;;;;;;;;;;;;""
2017;7344;"2A";"2A032";"Bastelicaccia";"2017-06-07 13:41:00";50000;;50000;;;;;;;;;"1";;;;;;""
2017;8875;"84";"84073";"Ménerbes";"2017-06-07 15:07:00";3830;3830;;;;;;;;;;"4";"Involontaire (particulier)";;;;;""
2017;7008;"11";"11144";"Fitou";"2017-06-07 16:35:00";2071;;;;;;;;;;;;;;;;;""
2017;9036;"06";"06027";"Cagnes-sur-Mer";"2017-06-08 11:22:00";500;;500;;;;;;;;;"1";;;;;;""
2017;426;"17";"17269";"Orignolles";"2017-06-08 14:18:00";11100;11100;;0;;;0;0;0;0;"Mesurées";;;;;;;""
2017;10521;"66";"66190";"Salses-le-Château";"2017-06-08 16:15:00";400;400;;;;;;;;;;"4";"Malveillance";;;;;""
2017;8916;"83";"83086";"Le Muy";"2017-06-09 01:37:00";530;530;;;;;;;;;;"4";"Involontaire (particulier)";;;;;""
2017;8957;"2A";"2A065";"Cargèse";"2017-06-09 09:37:00";3500;;3500;;;;;;;;;"1";;;;;;""
2017;17650;"33";"33333";"Le Porge";"2017-06-09 09:41:00";100;100;;0;;;0;0;0;0;"Estimées";;"Naturelle";"Non";;;;""
2017;17653;"33";"33159";"Étauliers";"2017-06-09 12:41:00";1;1;;0;;;0;0;0;0;"Estimées";;"Naturelle";"Non";;;;""
2017;8938;"34";"34319";"Vailhan";"2017-06-09 12:55:00";34;34;;;;;;;;;;"1";"Involontaire (travaux)";;;;;""
2017;9005;"30";"30133";"Le Grau-du-Roi";"2017-06-09 14:37:00";800;;;;;;;;;;;;;;;;;""
2017;364;"43";"43262";"Vieille-Brioude";"2017-06-09 16:12:00";10500;0;;10500;;;10500;0;0;0;"Estimées";;;;;;;""
2017;9444;"34";"34226";"Quarante";"2017-06-09 17:00:00";800;;;;;;;;;;;;"Involontaire (travaux)";;;;;""
2017;8958;"2A";"2A247";"Porto-Vecchio";"2017-06-10 11:17:00";500;;500;;;;;;;;;"1";;;;;;""
2017;7656;"2A";"2A032";"Bastelicaccia";"2017-06-10 12:24:00";1;;1;;;;;;;;;"1";"Involontaire (travaux)";;;;;""
2017;9006;"30";"30028";"Bagnols-sur-Cèze";"2017-06-10 13:53:00";300;;;;;;;;;;;;;;;;;""
2017;10530;"66";"66136";"Perpignan";"2017-06-10 14:43:00";10000;5000;5000;;;;;;;;;"4";;;;;;""
2017;8943;"34";"34323";"Valmascle";"2017-06-10 14:49:00";3892;3892;;;;;;;;;;"2";"Malveillance";;;;;""
2017;8959;"2A";"2A130";"Grosseto-Prugna";"2017-06-10 15:04:00";1500;;1500;;;;;;;;;"1";;;;;;""
2017;9157;"2A";"2A247";"Porto-Vecchio";"2017-06-10 17:38:00";100;;100;;;;;;;;;;;;;;;""
2017;8960;"2A";"2A017";"Appietto";"2017-06-10 19:25:00";800;;800;;;;;;;;;;;;;;;""
2017;17656;"33";"33123";"Cézac";"2017-06-10 19:26:00";400;400;;0;;;0;0;0;0;"Estimées";;;"Non";;;;""
2017;7009;"11";"11355";"Saint-Martin-de-Villereglan";"2017-06-10 21:13:00";500;;;;;;;;;;;;;;;;;""
2017;8947;"34";"34237";"Roujan";"2017-06-11 10:52:00";185147;90000;95147;;;;;;;;;"1";"Involontaire (particulier)";;;;;""
2017;791;"38";"38259";"Montseveroux";"2017-06-11 11:42:00";500;0;;500;;;500;0;0;0;"Estimées";;;;;;;""
2017;792;"38";"38563";"Voiron";"2017-06-11 11:45:00";160;0;;160;;;160;0;0;0;"Estimées";;"Malveillance";;;;;""
2017;9037;"06";"06136";"Sospel";"2017-06-11 12:12:00";3320;2500;;;;;;;;820;;"3";"Involontaire (particulier)";;;;;""
2017;8972;"04";"04158";"Quinson";"2017-06-11 13:10:00";6000;1000;;;;;;;;5000;;"2";"Involontaire (travaux)";;;;;""
2017;10535;"66";"66028";"Cabestany";"2017-06-11 13:32:00";1000;1000;;;;;;;;;;"4";;;;;;""
2017;8962;"2A";"2A326";"Tolla";"2017-06-11 17:11:00";50;;50;;;;;;;;;;;;;;;""
2017;3002;"40";"40065";"Capbreton";"2017-06-11 17:20:00";1000;0;;1000;;;1000;;;0;;;;;;;;""
2017;8963;"2A";"2A104";"Eccica-Suarella";"2017-06-11 17:35:00";400;;400;;;;;;;;;;;;;;;""
2017;10538;"66";"66140";"Pézilla-la-Rivière";"2017-06-11 18:32:00";2000;;2000;;;;;;;;;"2";;;;;;""
2017;11387;"2A";"2A041";"Bonifacio";"2017-06-11 18:44:00";100;;;;;;;;;;;;;;;;;""
2017;8964;"2A";"2A271";"Sarrola-Carcopino";"2017-06-11 21:25:00";200;;200;;;;;;;;;;;;;;;""
2017;8965;"2A";"2A351";"Villanova";"2017-06-11 23:13:00";200;;200;;;;;;;;;;;;;;;""
2017;9120;"2A";"2A006";"Alata";"2017-06-12 08:31:00";150000;;150000;;;;;;;;;;;;;;;""
2017;8967;"2A";"2A092";"Conca";"2017-06-12 12:35:00";3000;;3000;;;;;;;;;"1";"Involontaire (particulier)";;;;;""
2017;2325;"24";"24356";"Rouffignac-Saint-Cernin-de-Reilhac";"2017-06-12 13:46:00";200;200;;0;;;0;;;0;;;;;;;;""
2017;9144;"2A";"2A103";"Cuttoli-Corticchiato";"2017-06-12 16:19:00";1000;;1000;;;;;;;;;;;;;;;""
2017;9038;"06";"06130";"Saint-Vallier-de-Thiey";"2017-06-12 16:35:00";3430;3430;;;;;;;;;;"3";"Malveillance";;;;;""
2017;1132;"74";"74011";"Annecy-le-Vieux";"2017-06-12 17:10:00";3200;0;;3200;;;3200;0;0;0;"Estimées";;;;;;;""
2017;1154;"72";"72061";"La Chapelle-d'Aligné";"2017-06-12 17:36:00";2500;2500;;0;;;0;0;0;0;"Estimées";;;;;;;""
2017;1155;"72";"72016";"Auvers-le-Hamon";"2017-06-12 17:52:00";30;30;;0;;;0;0;0;0;"Estimées";;;;;;;""
2017;11384;"2A";"2A085";"Cauro";"2017-06-12 23:27:00";100;;;;;;;;;;;;;;;;;""
2017;17660;"33";"33272";"Marsas";"2017-06-13 03:39:00";3000;3000;;0;;;0;0;0;0;"Estimées";;;"Non";;;;""
2017;7011;"11";"11037";"Berriac";"2017-06-13 05:12:00";10;;;;;;;;;;;;;;;;;""
2017;9039;"06";"06104";"Roquebrune-Cap-Martin";"2017-06-13 13:38:00";1580;1580;;;;;;;;;;"4";;;;;;""
2017;427;"17";"17269";"Orignolles";"2017-06-13 14:23:00";1500;1500;;0;;;0;0;0;0;"Estimées";;"Involontaire (travaux)";;;;;""
2017;6603;"13";"13047";"Istres";"2017-06-13 15:14:00";10;0;;;;;;;;;;"1";"Malveillance";;;;;""
2017;6604;"13";"13047";"Istres";"2017-06-13 15:14:00";10;;;;;;;;;;;"1";"Malveillance";;;;;""
2017;6600;"13";"13047";"Istres";"2017-06-13 15:14:00";1640;1640;;;;;;;;;;"1";"Malveillance";;;;;""
2017;6605;"13";"13047";"Istres";"2017-06-13 15:14:00";15650;10000;5650;;;;;;;;;"1";"Malveillance";;;;;""
2017;9933;"13";"13055";"Marseille";"2017-06-13 16:26:00";2500;;2500;;;;;;;;;"1";"Malveillance";;;;;""
2017;9040;"06";"06130";"Saint-Vallier-de-Thiey";"2017-06-13 16:35:00";4010;4010;;;;;;;;;;"3";"Malveillance";;;;;""
2017;6606;"13";"13047";"Istres";"2017-06-13 17:30:00";900;;;;;;;;;;;"1";"Malveillance";;;;;""
2017;11385;"2A";"2A006";"Alata";"2017-06-13 18:35:00";10;;10;;;;;;;;;"1";"Malveillance";;;;;""
2017;13916;"2B";"2B183";"Ogliastro";"2017-06-13 21:00:00";300;;;;;;;;;;;;;;;;;""
2017;9158;"2A";"2A006";"Alata";"2017-06-14 12:16:00";50;;50;;;;;;;;;;;;;;;""
2017;9074;"13";"13042";"Gémenos";"2017-06-14 13:00:00";20;20;;;;;;;;;;"1";;;;;;""
2017;9148;"2A";"2A019";"Arbori";"2017-06-14 15:07:00";26000;;26000;;;;;;;;;"1";"Malveillance";;;;;""
2017;7012;"11";"11211";"Magrie";"2017-06-14 15:15:00";2000;;;;;;;;;;;;;;;;;""
2017;7013;"11";"11115";"Cuxac-Cabardès";"2017-06-14 16:15:00";50;;;;;;;;;;;;;;;;;""
2017;17662;"33";"33214";"Lacanau";"2017-06-14 17:14:00";100;100;;0;;;0;0;0;0;"Estimées";;;"Non";;;;""
2017;5360;"77";"77186";"Fontainebleau";"2017-06-14 17:25:00";30;30;;0;;;0;0;0;0;"Estimées";;"Involontaire (particulier)";;;;;""
2017;6607;"13";"13033";"Ensuès-la-Redonne";"2017-06-14 17:30:00";50;;;;;;;;;;;"1";"Malveillance";;;;;""
2017;6610;"13";"13113";"Venelles";"2017-06-14 17:45:00";900;900;;;;;;;;;;"1";"Accidentelle";;;;;""
2017;9127;"34";"34056";"Castelnau-de-Guers";"2017-06-14 18:00:00";567;;567;;;;;;;;;"1";"Involontaire (travaux)";;;;;""
2017;7014;"11";"11397";"Trèbes";"2017-06-14 21:39:00";20;;;;;;;;;;;;;;;;;""
2017;6608;"13";"13040";"Fuveau";"2017-06-14 21:57:00";2000;2000;;;;;;;;;;"1";"Malveillance";;;;;""
2017;6609;"13";"13040";"Fuveau";"2017-06-14 23:11:00";60;60;;;;;;;;;;"1";"Malveillance";;;;;""
2017;404;"73";"73119";"Freney";"2017-06-15 08:05:00";10500;10500;;0;;;0;0;0;0;"Estimées";;"Naturelle";;;;;"Données partielles ou non valides"
2017;1156;"72";"72054";"Champagné";"2017-06-15 09:27:00";10000;10000;;0;;;0;0;0;0;"Estimées";;;;;;;""
2017;9149;"2A";"2A006";"Alata";"2017-06-15 09:43:00";100000;;100000;;;;;;;;;;;;;;;""
2017;2011;"47";"47109";"Gavaudun";"2017-06-15 17:35:00";150;50;;0;;;0;;;100;;;;;;;;""
2017;7015;"11";"11203";"Lézignan-Corbières";"2017-06-15 17:56:00";29618;;;;;;;;;;;;;;;;;""
2017;17663;"33";"33012";"Arsac";"2017-06-15 19:15:00";1000;1000;;0;;;0;0;0;0;"Estimées";;;"Non";;;;""
2017;9150;"2A";"2A330";"Ucciani";"2017-06-15 20:29:00";1000;;1000;;;;;;;;;"1";;;;;;""
2017;10549;"66";"66012";"Baho";"2017-06-16 11:09:00";20000;15000;5000;;;;;;;;;"4";;;;;;""
2017;9064;"13";"13106";"Septèmes-les-Vallons";"2017-06-16 11:13:00";4000;2000;2000;;;;;;;;;"1";;;;;;""
2017;9070;"2B";"2B167";"Montegrosso";"2017-06-16 12:04:00";20000;;15000;;;;;;;5000;;"1";"Accidentelle";;;;;""
2017;10550;"66";"66024";"Le Boulou";"2017-06-16 12:26:00";5000;;5000;;;;;;;;;"1";"Malveillance";;;;;""
2017;9060;"13";"13033";"Ensuès-la-Redonne";"2017-06-16 14:47:00";300;150;150;;;;;;;;;"1";;;;;;""
2017;7016;"11";"11341";"Saint-Ferriol";"2017-06-16 14:47:00";10;;;;;;;;;;;;;;;;;""
2017;6611;"13";"13051";"Lançon-Provence";"2017-06-16 15:00:00";4700;4700;;;;;;;;;;"1";"Involontaire (particulier)";;;;;""
2017;9065;"13";"13092";"Saint-Chamas";"2017-06-16 15:55:00";16400;10000;6400;;;;;;;;;"1";"Accidentelle";;;;;""
2017;9063;"13";"13051";"Lançon-Provence";"2017-06-16 17:23:00";27200;20000;7200;;;;;;;;;"1";"Involontaire (particulier)";;;;;""
2017;9058;"83";"83072";"Lorgues";"2017-06-16 17:50:00";100;100;;;;;;;;;;"2";"Involontaire (particulier)";;;;;""
2017;795;"38";"38087";"Chasse-sur-Rhône";"2017-06-16 19:33:00";100;0;;100;;;100;0;0;0;"Estimées";;"Involontaire (particulier)";;;;;""
2017;9152;"2A";"2A351";"Villanova";"2017-06-16 19:44:00";400;;400;;;;;;;;;;;;;;;""
2017;17666;"33";"33199";"Gujan-Mestras";"2017-06-16 20:02:00";700;700;;0;;;0;0;0;0;"Estimées";;;"Non";;;;""
2017;9069;"13";"13056";"Martigues";"2017-06-16 20:28:00";41400;41400;0;;;;;;;;;"1";"Malveillance";;;;;""
2017;6612;"13";"13056";"Martigues";"2017-06-16 23:58:00";100;100;;;;;;;;;;"1";"Malveillance";;;;;""
2017;9073;"13";"13056";"Martigues";"2017-06-16 23:58:00";20;20;0;;;;;;;;;"1";"Malveillance";;;;;""
2017;9153;"2A";"2A247";"Porto-Vecchio";"2017-06-17 08:49:00";1000;;1000;;;;;;;;;;;;;;;""
2017;2008;"47";"47043";"Buzet-sur-Baïse";"2017-06-17 10:08:00";500;500;;0;;;0;;;0;;;;;;;;""
2017;1307;"87";"87204";"Videix";"2017-06-17 14:38:00";2500;2500;;0;;;0;0;0;0;"Estimées";;;;;;;""
2017;10555;"66";"66037";"Canet-en-Roussillon";"2017-06-17 14:53:00";2000;2000;;;;;;;;;;"4";;;;;;""
2017;3000;"40";"40114";"Gourbera";"2017-06-17 15:17:00";7300;500;;0;;;0;;;6800;;;"Involontaire (travaux)";;;;;""
2017;17669;"33";"33529";"La Teste-de-Buch";"2017-06-17 15:44:00";400;400;;0;;;0;0;0;0;"Estimées";;;"Non";;;;""
2017;9335;"05";"05183";"Villar-Saint-Pancrace";"2017-06-17 16:33:00";10000;;;;;;;;;;;;;;;;;""
2017;428;"17";"17333";"Saint-Georges-de-Didonne";"2017-06-17 16:55:00";5000;5000;;0;;;0;0;0;0;"Estimées";;;;;;;""
2017;794;"38";"38431";"Saint-Nazaire-les-Eymes";"2017-06-17 17:41:00";100;0;;100;;;100;0;0;0;"Estimées";;;;;;;""
2017;2998;"40";"40037";"Benquet";"2017-06-17 17:44:00";2500;2500;;0;;;0;;;0;;;;;;;;""
2017;7017;"11";"11285";"Peyriac-de-Mer";"2017-06-17 19:22:00";4204;;;;;;;;;;;;;;;;;""
2017;793;"38";"38401";"Saint-Jean-de-Soudain";"2017-06-17 22:17:00";10000;0;;10000;;;10000;0;0;0;"Estimées";;;;;;;""
2017;1157;"72";"72061";"La Chapelle-d'Aligné";"2017-06-17 22:42:00";1000;1000;;0;;;0;0;0;0;"Estimées";;;;;;;""
2017;394;"46";"46010";"Aujols";"2017-06-18 12:15:00";400;0;;400;;;400;0;0;0;"Estimées";;;;;;;""
2017;7018;"11";"11025";"Bagnoles";"2017-06-18 12:39:00";7841;;;;;;;;;;;;;;;;;""
2017;662;"16";"16255";"Parzac";"2017-06-18 12:57:00";70500;500;;0;;;0;0;70000;70000;"Estimées";;"Involontaire (travaux)";;;;;""
2017;9316;"34";"34250";"Saint-Étienne-d'Albagnan";"2017-06-18 13:07:00";26200;;;;;;;;;;;;"Involontaire (travaux)";;;;;""
2017;395;"46";"46170";"Leyme";"2017-06-18 13:37:00";100;0;;100;;;100;0;0;0;"Estimées";;;;;;;""
2017;2997;"40";"40200";"Moustey";"2017-06-18 14:11:00";79400;79400;;0;;;0;;;0;;;;;;;;""
2017;1158;"72";"72051";"Cérans-Foulletourte";"2017-06-18 14:38:00";10000;10000;;0;;;0;0;0;0;"Estimées";;;;;;;""
2017;531;"35";"35098";"La Dominelais";"2017-06-18 15:03:00";20000;0;;20000;;;20000;0;0;0;"Estimées";;;;;;;""
2017;2006;"47";"47314";"Trémons";"2017-06-18 15:07:00";100;100;;0;;;0;;;0;;;;;;;;""
2017;396;"46";"46045";"Cajarc";"2017-06-18 15:52:00";100;0;;100;;;100;0;0;0;"Estimées";;;;;;;""
2017;10559;"66";"66106";"Maureillas-las-Illas";"2017-06-18 16:45:00";1500;1500;;;;;;;;;;"3";"Malveillance";;;;;""
2017;17671;"33";"33527";"Le Teich";"2017-06-18 17:20:00";3000;3000;;0;;;0;0;0;0;"Estimées";;;"Non";;;;""
2017;7019;"11";"11099";"Conques-sur-Orbiel";"2017-06-18 18:56:00";1132;;;;;;;;;;;;;;;;;""
2017;11226;"07";"07155";"Mercuer";"2017-06-18 20:29:00";1000;;;;;;;;;;;;"Accidentelle";;;;;""
2017;532;"35";"35217";"Le Pertre";"2017-06-19 08:29:00";30000;0;;30000;;;30000;0;0;0;"Estimées";;;;;;;""
2017;797;"38";"38360";"Saint-Appolinard";"2017-06-19 09:16:00";200;0;;200;;;200;0;0;0;"Estimées";;"Accidentelle";;;;;""
2017;10851;"30";"30176";"Montdardier";"2017-06-19 10:10:00";1049;;;;;;;;;;;"1";"Malveillance";;;;;""
2017;2996;"40";"40297";"Le Sen";"2017-06-19 10:30:00";100;100;;0;;;0;;;0;;;"Involontaire (travaux)";;;;;""
2017;10104;"06";"06095";"Peymeinade";"2017-06-19 11:48:00";10820;10820;;;;;;;;;;"3";;;;;;""
2017;16749;"48";"48173";"Saint-Michel-de-Dèze";"2017-06-19 12:50:00";500;500;;;;;;;;;;"3";;;;;;""
2017;5361;"77";"77186";"Fontainebleau";"2017-06-19 14:30:00";7100;7100;;0;;;0;0;0;0;"Estimées";;;;;;;""
2017;403;"46";"46204";"Montfaucon";"2017-06-19 14:39:00";10000;0;;10000;;;10000;0;0;0;"Estimées";;"Involontaire (travaux)";;;;;""
2017;9934;"13";"13055";"Marseille";"2017-06-19 14:55:00";5000;;5000;;;;;;;;;"1";"Malveillance";;;;;""
2017;11225;"07";"07227";"Saint-Cyr";"2017-06-19 15:56:00";5000;;;;;;;;;;;;;;;;;""
2017;9140;"13";"13047";"Istres";"2017-06-19 16:20:00";26200;20000;6200;;;;;;;;;"1";"Malveillance";;;;;""
2017;17675;"33";"33095";"Captieux";"2017-06-19 16:31:00";1000;1000;;0;;;0;0;0;0;"Estimées";;;"Non";;;;""
2017;2995;"40";"40243";"Rion-des-Landes";"2017-06-19 17:29:00";2500;2500;;0;;;0;;;0;;;"Accidentelle";;;;;""
2017;10565;"66";"66053";"Collioure";"2017-06-19 18:02:00";50000;10000;40000;;;;;;;;;"1";"Involontaire (particulier)";;;;;""
2017;10566;"66";"66225";"Villelongue-dels-Monts";"2017-06-19 20:39:00";200;;200;;;;;;;;;"2";"Malveillance";;;;;""
2017;2994;"40";"40319";"Trensacq";"2017-06-19 23:12:00";520;520;;0;;;0;;;0;;;;;;;;""
2017;17679;"33";"33255";"Lucmau";"2017-06-20 15:30:00";5000;5000;;0;;;0;0;0;0;"Estimées";;;"Non";;;;""
2017;9531;"05";"05128";"Saint-André-d'Embrun";"2017-06-20 15:46:00";500;;;;;;;;;;;;;;;;;""
2017;9142;"13";"13068";"Paradou";"2017-06-20 15:53:00";5800;5000;800;;;;;;;;;"1";;;;;;""
2017;9156;"2A";"2A247";"Porto-Vecchio";"2017-06-20 16:05:00";2000;;2000;;;;;;;;;"1";"Involontaire (travaux)";;;;;""
2017;1159;"72";"72236";"Pincé";"2017-06-20 16:40:00";1000;1000;;0;;;0;0;0;0;"Estimées";;;;;;;""
2017;1018;"15";"15059";"Cussac";"2017-06-20 18:23:00";2000;0;;2000;;;2000;0;0;0;"Estimées";;;;;;;""
2017;661;"16";"16106";"Confolens";"2017-06-20 18:36:00";50000;50000;;0;;;0;0;0;0;"Estimées";;;;;;;""
2017;7020;"11";"11040";"Bizanet";"2017-06-20 18:54:00";1000;;;;;;;;;;;;;;;;;""
2017;1255;"36";"36069";"Écueillé";"2017-06-20 19:34:00";150;0;;150;;;150;0;0;0;"Estimées";;;;;;;""
2017;17682;"33";"33357";"Roaillan";"2017-06-20 22:12:00";20000;20000;;0;;;0;0;0;0;"Estimées";;;"Non";;;;""
2017;2004;"47";"47221";"Réaup-Lisse";"2017-06-20 22:22:00";200;200;;0;;;0;;;0;;;;;;;;""
2017;2322;"24";"24080";"Capdrot";"2017-06-20 23:25:00";20000;20000;;0;;;0;;;0;;;;;;;;""
2017;17683;"33";"33336";"Préchac";"2017-06-21 06:40:00";50;50;;0;;;0;0;0;0;"Estimées";;;"Non";;;;""
2017;10570;"66";"66111";"Montalba-le-Château";"2017-06-21 11:56:00";25000;10000;15000;;;;;;;;;"2";"Malveillance";;;;;""
2017;9445;"34";"34163";"Montarnaud";"2017-06-21 12:50:00";1200;;;;;;;;;;;;"Malveillance";;;;;""
2017;1160;"72";"72231";"Parigné-l'Évêque";"2017-06-21 12:51:00";50;50;;0;;;0;0;0;0;"Estimées";;;;;;;""
2017;10571;"66";"66219";"Urbanya";"2017-06-21 13:16:00";35000;5000;30000;;;;;;;;;"2";"Naturelle";;;;;""
2017;9485;"83";"83019";"Bormes-les-Mimosas";"2017-06-21 13:26:00";31700;31700;;;;;;;;;;"4";"Involontaire (travaux)";;;;;""
2017;9446;"34";"34172";"Montpellier";"2017-06-21 13:48:00";1500;;;;;;;;;;;;"Involontaire (particulier)";;;;;""
2017;17685;"33";"33022";"Avensan";"2017-06-21 14:25:00";500;500;;0;;;0;0;0;0;"Estimées";;;"Non";;;;""
2017;17938;"33";"33022";"Avensan";"2017-06-21 14:40:00";20;20;;0;;;0;0;0;0;"Estimées";;;;;;;""
2017;2321;"24";"24198";"La Gonterie-Boulouneix";"2017-06-21 14:48:00";5000;5000;;0;;;0;;;0;;;;;;;;""
2017;11223;"07";"07197";"Roiffieux";"2017-06-21 15:32:00";500;;;;;;;;;;;;;;;;;""
2017;17689;"33";"33233";"Laruscade";"2017-06-21 16:09:00";30000;30000;;0;;;0;0;0;0;"Estimées";;;"Non";;;;""
2017;10869;"30";"30040";"Blandas";"2017-06-21 16:52:00";10;;;;;;;;;;;"5";"Naturelle";;;;;""
2017;9141;"13";"13056";"Martigues";"2017-06-21 17:51:00";1500;1500;0;;;;;;;;;"1";;;;;;""
2017;2003;"47";"47181";"Montagnac-sur-Lède";"2017-06-21 18:08:00";1000;1000;;0;;;0;;;0;;;"Accidentelle";;;;;""
2017;929;"31";"31206";"Gaillac-Toulza";"2017-06-21 19:45:00";100000;0;;10000;;;10000;0;90000;90000;"Estimées";;;;;;;""
2017;7022;"11";"11303";"Puivert";"2017-06-21 23:10:00";50;;;;;;;;;;;;;;;;;""
2017;11350;"2A";"2A004";"Ajaccio";"2017-06-21 23:24:00";5;;5;;;;;;;;;;;;;;;""
2017;11351;"2A";"2A048";"Calcatoggio";"2017-06-22 00:06:00";1000;;1000;;;;;;;;;;;;;;;""
2017;10872;"30";"30015";"Arphy";"2017-06-22 02:49:00";1779;;;;;;;;;;;"2";"Malveillance";;;;;""
2017;14439;"30";"30015";"Arphy";"2017-06-22 03:50:00";428;;;;;;;;;;;"2";"Malveillance";;;;;""
2017;9510;"13";"13056";"Martigues";"2017-06-22 04:34:00";10;10;;;;;;;;;;"1";;;;;;""
2017;17691;"33";"33233";"Laruscade";"2017-06-22 05:26:00";500;500;;0;;;0;0;0;0;"Estimées";;;"Non";;;;""
2017;9448;"34";"34028";"Bédarieux";"2017-06-22 06:25:00";30;;;;;;;;;;;;"Malveillance";;;;;""
2017;17692;"33";"33382";"Saint-Christoly-de-Blaye";"2017-06-22 09:07:00";1500;1500;;0;;;0;0;0;0;"Estimées";;;"Non";;;;""
2017;11215;"07";"07114";"Labatie-d'Andaure";"2017-06-22 11:18:00";200;;;;;;;;;;;;;;;;;""
2017;11352;"2A";"2A085";"Cauro";"2017-06-22 11:29:00";1500;;;;;;;;;;;;;;;;;""
2017;411;"46";"46176";"Livernon";"2017-06-22 11:56:00";2000;0;;2000;;;2000;0;0;0;"Estimées";;;;;;;""
2017;5365;"77";"77186";"Fontainebleau";"2017-06-22 12:00:00";35000;35000;;0;;;0;0;0;0;"Estimées";;"Involontaire (particulier)";;;;;""
2017;11353;"2A";"2A103";"Cuttoli-Corticchiato";"2017-06-22 14:39:00";130000;;130000;;;;;;;;;"1";"Involontaire (particulier)";;;;;""
2017;10628;"66";"66063";"Les Cluses";"2017-06-22 15:02:00";200;100;100;;;;;;;;;"2";"Accidentelle";;;;;""
2017;11355;"2A";"2A006";"Alata";"2017-06-22 15:08:00";3000;;3000;;;;;;;;;"1";"Malveillance";;;;;""
2017;412;"46";"46182";"Luzech";"2017-06-22 15:26:00";200;0;;200;;;200;0;0;0;"Estimées";;;;;;;""
2017;17695;"33";"33022";"Avensan";"2017-06-22 15:29:00";5000;5000;;0;;;0;0;0;0;"Estimées";;;"Non";;;;""
2017;1161;"72";"72293";"Saint-Jean-du-Bois";"2017-06-22 15:37:00";20;20;;0;;;0;0;0;0;"Estimées";;;;;;;""
2017;9159;"04";"04159";"Redortiers";"2017-06-22 15:57:00";5900;1900;;;;;;;;4000;;"2";"Naturelle";;;;;""
2017;17696;"33";"33376";"Saint-Aubin-de-Médoc";"2017-06-22 16:01:00";500;500;;0;;;0;0;0;0;"Estimées";;;"Non";;;;""
2017;11356;"2A";"2A006";"Alata";"2017-06-22 16:09:00";50;;50;;;;;;;;;;;;;;;""
2017;1019;"15";"15188";"Saint-Georges";"2017-06-22 16:09:00";8000;0;;8000;;;8000;0;0;0;"Estimées";;"Involontaire (particulier)";;;;;""
2017;9344;"05";"05091";"Moydans";"2017-06-22 16:31:00";5100;;;;;;;;;;;;;;;;;""
2017;9524;"34";"34092";"Cruzy";"2017-06-22 18:40:00";100;;;;;;;;;;;;;;;;;""
2017;1256;"36";"36171";"Reuilly";"2017-06-22 20:09:00";50;0;;50;;;50;0;0;0;"Estimées";;;;;;;""
2017;7023;"11";"11058";"Cailhau";"2017-06-22 21:21:00";500;;;;;;;;;;;;;;;;;""
2017;9247;"83";"83126";"La Seyne-sur-Mer";"2017-06-22 22:23:00";300;300;;;;;;;;;;"4";"Malveillance";;;;;""
2017;2001;"47";"47211";"Poudenas";"2017-06-22 23:33:00";10000;10000;;0;;;0;;;0;;;;;;;;""
2017;11357;"2A";"2A006";"Alata";"2017-06-23 04:29:00";200;;200;;;;;;;;;"1";"Malveillance";;;;;""
2017;9478;"2B";"2B207";"Penta-di-Casinca";"2017-06-23 11:43:00";1500;1500;;;;;;;;;;"3";;;;;;""
2017;9479;"2B";"2B355";"Volpajola";"2017-06-23 11:44:00";2000;;2000;;;;;;;;;"1";;;;;;""
2017;9453;"34";"34258";"Saint-Geniès-de-Fontedit";"2017-06-23 12:12:00";10000;;;;;;;;;;;;"Involontaire (particulier)";;;;;""
2017;698;"45";"45302";"Saran";"2017-06-23 16:13:00";3000;0;;3000;;;3000;0;0;0;"Estimées";;;;;;;""
2017;15275;"30";"30085";"Collias";"2017-06-23 16:14:00";110000;;;;;;;;;;;;"Accidentelle";;;;;""
2017;9508;"13";"13056";"Martigues";"2017-06-23 18:10:00";200;100;100;;;;;;;;;"1";;;;;;""
2017;9293;"84";"84003";"Apt";"2017-06-23 18:12:00";500;;;;;;;;;;;;;;;;;""
2017;1133;"74";"74005";"Allinges";"2017-06-23 21:02:00";8000;0;;8000;;;8000;0;0;0;"Estimées";;;;;;;""
2017;9456;"34";"34165";"Montbazin";"2017-06-23 23:33:00";1000;;;;;;;;;;;;"Malveillance";;;;;""
2017;7024;"11";"11202";"Leucate";"2017-06-24 00:55:00";50;;;;;;;;;;;;;;;;;""
2017;7658;"2A";"2A345";"Vero";"2017-06-24 01:21:00";100;;100;;;;;;;;;"1";"Malveillance";;;;;""
2017;9623;"2A";"2A209";"Peri";"2017-06-24 01:49:00";500;;500;;;;;;;;;"1";"Malveillance";;;;;""
2017;17700;"33";"33151";"Donnezac";"2017-06-24 06:36:00";2500;2500;;0;;;0;0;0;0;"Estimées";;;"Non";;;;""
2017;5363;"77";"77244";"Larchant";"2017-06-24 09:00:00";8;8;;0;;;0;0;0;0;"Mesurées";;"Accidentelle";;;;;""
2017;17701;"33";"33022";"Avensan";"2017-06-24 10:54:00";10;10;;0;;;0;0;0;0;"Estimées";;;"Non";;;;""
2017;9489;"2B";"2B188";"Olmeta-di-Tuda";"2017-06-24 11:55:00";25000;;20000;;;;;;;5000;;"1";"Malveillance";;;;;""
2017;9488;"2B";"2B185";"Oletta";"2017-06-24 11:55:00";75000;;75000;;;;;;;;;"1";"Malveillance";;;;;""
2017;659;"16";"16061";"Brie";"2017-06-24 13:34:00";150000;10000;;0;;;0;0;140000;140000;"Estimées";;"Involontaire (travaux)";;;;;""
2017;1308;"71";"71046";"La Boulaye";"2017-06-24 15:30:00";15000;0;;15000;;;15000;0;0;0;"Estimées";;;;;;;""
2017;9492;"2B";"2B201";"Pancheraccia";"2017-06-24 15:51:00";15000;;15000;;;;;;;;;"1";;;;;;""
2017;6616;"13";"13039";"Fos-sur-Mer";"2017-06-24 15:53:00";10;;;;;;;;;;;"1";"Malveillance";;;;;""
2017;6615;"13";"13039";"Fos-sur-Mer";"2017-06-24 15:53:00";10;;;;;;;;;;;"1";"Malveillance";;;;;""
2017;6614;"13";"13039";"Fos-sur-Mer";"2017-06-24 15:53:00";10;10;;;;;;;;;;"1";"Malveillance";;;;;""
2017;9507;"13";"13039";"Fos-sur-Mer";"2017-06-24 15:53:00";184270;49270;104900;;;;;;;30100;;"1";"Malveillance";;;;;""
2017;699;"45";"45227";"Nevoy";"2017-06-24 16:05:00";20000;0;;20000;;;20000;0;0;0;"Estimées";;"Involontaire (particulier)";;;;;""
2017;9467;"34";"34140";"Lignan-sur-Orb";"2017-06-24 16:24:00";11000;;;;;;;;;;;;"Involontaire (particulier)";;;;;""
2017;9495;"2B";"2B221";"Piedipartino";"2017-06-24 18:14:00";20;;20;;;;;;;;;"1";;;;;;""
2017;658;"16";"16396";"Ventouse";"2017-06-24 18:59:00";22000;20000;;0;;;0;0;2000;2000;"Estimées";;"Involontaire (travaux)";;;;;""
2017;17704;"33";"33441";"Saint-Martin-Lacaussade";"2017-06-24 22:06:00";20;20;;0;;;0;0;0;0;"Estimées";;"Accidentelle";"Non";;;;""
2017;9468;"34";"34103";"Fontès";"2017-06-24 22:48:00";67435;30000;37435;;;;;;;;;"1";"Malveillance";;;;;""
2017;9496;"2B";"2B185";"Oletta";"2017-06-25 00:32:00";15;;;;;;;;;;;"1";"Malveillance";;;;;""
2017;16000;"30";"30085";"Collias";"2017-06-25 09:47:00";1;;;;;;;;;;;;;;;;;""
2017;9473;"34";"34183";"Nissan-lez-Enserune";"2017-06-25 12:54:00";80000;;;;;;;;;;;;"Involontaire (particulier)";;;;;""
2017;9301;"83";"83071";"La Londe-les-Maures";"2017-06-25 13:04:00";300;300;;;;;;;;;;"2";"Involontaire (particulier)";;;;;""
2017;9509;"34";"34042";"Brissac";"2017-06-25 13:21:00";500;;;;;;;;;;;;"Involontaire (particulier)";;;;;""
2017;451;"12";"12083";"Cransac";"2017-06-25 15:51:00";200;200;;0;;;0;0;0;0;"Estimées";;"Involontaire (particulier)";;;;;""
2017;9514;"34";"34258";"Saint-Geniès-de-Fontedit";"2017-06-25 16:22:00";2000;;;;;;;;;;;;"Involontaire (travaux)";;;;;""
2017;420;"73";"73015";"Les Allues";"2017-06-25 17:06:00";100;100;;0;;;0;0;0;0;"Estimées";;"Naturelle";;;;;"Données partielles ou non valides"
2017;1286;"87";"87091";"Maisonnais-sur-Tardoire";"2017-06-25 17:28:00";15000;15000;;0;;;0;0;0;0;"Estimées";;;;;;;""
2017;9522;"34";"34097";"Félines-Minervois";"2017-06-25 18:00:00";262;262;;;;;;;;;;"1";"Malveillance";;;;;""
2017;9350;"84";"84111";"Saint-Marcellin-lès-Vaison";"2017-06-25 18:09:00";1000;;;;;;;;;;;;;;;;;""
2017;9515;"34";"34135";"Lespignan";"2017-06-25 18:57:00";80000;;;;;;;;;;;;"Accidentelle";;;;;""
2017;1020;"15";"15014";"Aurillac";"2017-06-25 20:37:00";5000;0;;5000;;;5000;0;0;0;"Estimées";;;;;;;""
2017;9624;"2A";"2A362";"Zonza";"2017-06-25 23:48:00";1;;1;;;;;;;;;"1";"Malveillance";;;;;""
2017;1162;"72";"72230";"Parigné-le-Pôlin";"2017-06-26 04:51:00";200;200;;0;;;0;0;0;0;"Estimées";;;;;;;""
2017;17709;"33";"33527";"Le Teich";"2017-06-26 07:11:00";5000;5000;;0;;;0;0;0;0;"Estimées";;;"Non";;;;""
2017;11207;"07";"07002";"Ailhon";"2017-06-26 11:34:00";2000;2000;;;;;;;;;;"4";;;;;;""
2017;1125;"68";"68195";"Lutterbach";"2017-06-26 11:50:00";1300;0;;1300;;;1300;0;0;0;"Estimées";;;;;;;""
2017;10605;"66";"66048";"Cerbère";"2017-06-26 15:04:00";600;;600;;;;;;;;;"2";"Accidentelle";;;;;""
2017;17710;"33";"33115";"Cazalis";"2017-06-26 15:42:00";20;20;;0;;;0;0;0;0;"Estimées";;"Naturelle";"Non";;;;""
2017;9501;"2B";"2B314";"Santo-Pietro-di-Tenda";"2017-06-26 19:41:00";50;;;;;;;;;;;"1";"Malveillance";;;;;""
2017;9502;"2B";"2B037";"Biguglia";"2017-06-27 09:30:00";500;;500;;;;;;;;;"1";;;;;;""
2017;9520;"34";"34097";"Félines-Minervois";"2017-06-27 10:52:00";150;150;;;;;;;;;;"4";"Malveillance";;;;;""
2017;9521;"34";"34097";"Félines-Minervois";"2017-06-27 11:20:00";44;44;;;;;;;;;;"4";"Malveillance";;;;;""
2017;9523;"34";"34141";"La Livinière";"2017-06-27 11:45:00";25;25;;;;;;;;;;"4";"Malveillance";;;;;""
2017;9503;"2B";"2B123";"Ghisonaccia";"2017-06-27 13:16:00";250;;;;;;;;;;;"1";"Involontaire (travaux)";;;;;""
2017;9986;"84";"84003";"Apt";"2017-06-27 14:15:00";4000;4000;;;;;;;;;;"4";;;;;;""
2017;9526;"04";"04230";"Valensole";"2017-06-27 16:05:00";50;;;;;;;;;;;;"Naturelle";;;;;""
2017;9626;"2A";"2A209";"Peri";"2017-06-27 16:14:00";50;;50;;;;;;;;;"1";"Malveillance";;;;;""
2017;9504;"2B";"2B037";"Biguglia";"2017-06-27 16:31:00";5000;;5000;;;;;;;;;"1";;;;;;""
2017;9627;"2A";"2A209";"Peri";"2017-06-27 17:02:00";5;;5;;;;;;;;;;;;;;;""
2017;9512;"13";"13047";"Istres";"2017-06-27 18:23:00";10;10;;;;;;;;;;"1";"Malveillance";;;;;""
2017;10612;"66";"66198";"Sournia";"2017-06-27 20:48:00";2000;2000;;;;;;;;;;"3";"Naturelle";;;;;""
2017;9628;"2A";"2A362";"Zonza";"2017-06-27 20:57:00";20;;20;;;;;;;;;;;;;;;""
2017;9511;"13";"13007";"Auriol";"2017-06-28 00:07:00";300;150;150;;;;;;;;;"1";"Malveillance";;;;;""
2017;9539;"2B";"2B123";"Ghisonaccia";"2017-06-28 14:32:00";700;;700;;;;;;;;;"1";"Malveillance";;;;;""
2017;10112;"06";"06149";"La Trinité";"2017-06-28 15:43:00";22200;;22200;;;;;;;;;"1";"Naturelle";;;;;""
2017;9593;"83";"83143";"Le Val";"2017-06-28 16:12:00";600;600;;;;;;;;;;"4";"Naturelle";;;;;""
2017;9541;"2B";"2B123";"Ghisonaccia";"2017-06-28 16:35:00";280000;;280000;;;;;;;;;"1";"Malveillance";;;;;""
2017;11358;"2A";"2A004";"Ajaccio";"2017-06-28 21:41:00";20;;;;;;;;;;;;;;;;;""
2017;9543;"2B";"2B037";"Biguglia";"2017-06-28 21:46:00";2000;;2000;;;;;;;;;"1";;;;;;""
2017;9529;"04";"04031";"Bras-d'Asse";"2017-06-28 22:23:00";49;49;;;;;;;;;;"2";"Naturelle";;;;;""
2017;9544;"2B";"2B057";"Canale-di-Verde";"2017-06-29 01:53:00";10000;;10000;;;;;;;;;"1";;;;;;""
2017;9545;"2B";"2B148";"Lucciana";"2017-06-29 05:17:00";800;800;;;;;;;;;;"2";;;;;;""
2017;9530;"04";"04173";"Saint-André-les-Alpes";"2017-06-29 08:33:00";10;10;;;;;;;;;;"4";"Naturelle";;;;;""
2017;9594;"83";"83031";"Le Cannet-des-Maures";"2017-06-29 11:07:00";70;70;;;;;;;;;;"1";"Malveillance";;;;;""
2017;9595;"83";"83031";"Le Cannet-des-Maures";"2017-06-29 11:17:00";20;20;;;;;;;;;;"1";"Malveillance";;;;;""
2017;9546;"2B";"2B341";"Venaco";"2017-06-29 11:36:00";50;50;;;;;;;;;;"4";"Naturelle";;;;;""
2017;9629;"2A";"2A117";"Forciolo";"2017-06-29 15:45:00";5;;5;;;;;;;;;"2";"Naturelle";;;;;""
2017;9579;"13";"13005";"Aubagne";"2017-06-29 16:04:00";5000;2500;2500;;;;;;;;;"1";"Malveillance";;;;;""
2017;9577;"04";"04190";"Saint-Martin-les-Eaux";"2017-06-30 09:35:00";400;;;;;;;;;;;;;;;;;""
2017;9583;"13";"13056";"Martigues";"2017-06-30 11:03:00";47500;32300;15200;;;;;;;;;"1";;;;;;""
2017;9552;"2B";"2B037";"Biguglia";"2017-06-30 13:25:00";10;;10;;;;;;;;;"1";;;;;;""
2017;10061;"13";"13086";"Roquevaire";"2017-06-30 13:45:00";2000;;1000;;;;;;;1000;;"1";"Involontaire (particulier)";;;;;""
2017;9582;"13";"13098";"Saint-Mitre-les-Remparts";"2017-06-30 16:13:00";143400;142500;0;;;;;;;900;;"1";"Malveillance";;;;;""
2017;11503;"66";"66016";"Banyuls-sur-Mer";"2017-07-01 00:40:00";30000;;30000;;;;;;;;;"1";"Accidentelle";;;;;""
2017;11502;"66";"66014";"Baixas";"2017-07-01 07:11:00";1000;500;500;;;;;;;;;"4";"Malveillance";;;;;""
2017;7174;"2A";"2A247";"Porto-Vecchio";"2017-07-01 13:24:00";20;;20;;;;;;;;;;;;;;;""
2017;9619;"30";"30051";"Branoux-les-Taillades";"2017-07-01 14:18:00";1100;;;;;;;;;;;"2";"Malveillance";;;;;""
2017;7179;"2A";"2A362";"Zonza";"2017-07-01 14:48:00";20;;20;;;;;;;;;"1";"Malveillance";;;;;""
2017;13908;"83";"83044";"Comps-sur-Artuby";"2017-07-01 15:46:00";20000;20000;;;;;;;;;;"2";"Naturelle";;;;;""
2017;11505;"66";"66228";"Villeneuve-la-Rivière";"2017-07-01 16:18:00";15000;10000;5000;;;;;;;;;"4";;;;;;""
2017;11507;"66";"66089";"Joch";"2017-07-01 16:42:00";2000;2000;;;;;;;;;;"6";;;;;;""
2017;7025;"11";"11202";"Leucate";"2017-07-02 02:10:00";32723;;;;;;;;;;;;;;;;;""
2017;11509;"66";"66228";"Villeneuve-la-Rivière";"2017-07-02 08:38:00";2000;;2000;;;;;;;;;"1";;;;;;""
2017;9630;"2A";"2A014";"Ambiegna";"2017-07-02 10:56:00";3000;;3000;;;;;;;;;"1";"Involontaire (particulier)";;;;;""
2017;11511;"66";"66065";"Elne";"2017-07-02 12:01:00";150000;60000;80000;;;;;;;10000;;"2";;;;;;""
2017;11513;"66";"66217";"Trouillas";"2017-07-02 15:03:00";1000;1000;;;;;;;;;;"2";"Involontaire (particulier)";;;;;""
2017;17715;"33";"33205";"Illats";"2017-07-02 16:36:00";800;800;;0;;;0;0;0;0;"Estimées";;"Accidentelle";"Non";;;;""
2017;9581;"13";"13085";"Roquefort-la-Bédoule";"2017-07-02 17:03:00";600;300;300;;;;;;;;;"1";"Involontaire (particulier)";;;;;""
2017;11514;"66";"66096";"Latour-de-France";"2017-07-02 17:54:00";2000;2000;;;;;;;;;;"2";"Accidentelle";;;;;""
2017;9631;"26";"26189";"Montauban-sur-l'Ouvèze";"2017-07-02 19:18:00";2400;2400;;;;;;;;;;"4";;;;;;""
2017;11847;"83";"83143";"Le Val";"2017-07-02 21:36:00";1000;1000;;;;;;;;;;"4";"Malveillance";;;;;""
2017;9611;"83";"83143";"Le Val";"2017-07-02 21:36:00";1000;1000;;;;;;;;;;"2";"Malveillance";;;;;""
2017;9818;"34";"34213";"Poussan";"2017-07-03 09:29:00";20000;;;;;;;;;;;;"Malveillance";;;;;""
2017;10113;"06";"06046";"Colomars";"2017-07-03 13:34:00";7860;7860;;;;;;;;;;"3";;;;;;""
2017;11518;"66";"66106";"Maureillas-las-Illas";"2017-07-03 14:03:00";400;400;;;;;;;;;;"3";"Malveillance";;;;;""
2017;9887;"04";"04018";"Banon";"2017-07-03 14:57:00";600;10;;;;;;;;590;;"2";"Involontaire (travaux)";;;;;""
2017;11519;"66";"66205";"Tautavel";"2017-07-03 16:14:00";20000;15000;5000;;;;;;;;;"5";"Malveillance";;;;;""
2017;7175;"2A";"2A209";"Peri";"2017-07-03 17:13:00";50;;50;;;;;;;;;"1";"Malveillance";;;;;""
2017;10114;"06";"06157";"Vence";"2017-07-03 17:32:00";342850;;342850;;;;;;;;;"1";"Accidentelle";;;;;""
2017;10116;"06";"06118";"Saint-Cézaire-sur-Siagne";"2017-07-04 07:08:00";790;790;;;;;;;;;;"3";"Accidentelle";;;;;""
2017;9842;"34";"34014";"Assas";"2017-07-04 09:14:00";50;;;;;;;;;;;;"Accidentelle";;;;;""
2017;10091;"2B";"2B124";"Ghisoni";"2017-07-04 09:16:00";130;;;;;;;;;;;"3";"Involontaire (travaux)";;;;;""
2017;10093;"2B";"2B145";"Loreto-di-Casinca";"2017-07-04 11:05:00";1;;;;;;;;;;;"1";;;;;;""
2017;7026;"11";"11202";"Leucate";"2017-07-04 14:19:00";700;;;;;;;;;;;;;;;;;""
2017;10058;"83";"83005";"Artignosc-sur-Verdon";"2017-07-04 14:24:00";20;20;;;;;;;;;;"3";"Involontaire (particulier)";;;;;""
2017;11359;"2A";"2A027";"Azzana";"2017-07-04 15:14:00";300;;300;;;;;;;;;"1";;;;;;""
2017;10039;"26";"26189";"Montauban-sur-l'Ouvèze";"2017-07-04 15:59:00";3900;3900;;;;;;;;;;"4";"Involontaire (travaux)";;;;;""
2017;11528;"66";"66231";"Vingrau";"2017-07-04 16:07:00";500;500;;;;;;;;;;"2";"Malveillance";;;;;""
2017;7027;"11";"11407";"Verdun-en-Lauragais";"2017-07-04 16:20:00";13111;;;;;;;;;;;;;;;;;""
2017;1163;"72";"72293";"Saint-Jean-du-Bois";"2017-07-04 16:48:00";5000;5000;;0;;;0;0;0;0;"Estimées";;;;;;;""
2017;10064;"13";"13047";"Istres";"2017-07-04 16:52:00";400;300;100;;;;;;;;;"1";"Malveillance";;;;;""
2017;10063;"13";"13047";"Istres";"2017-07-04 16:52:00";3000;3000;0;;;;;;;;;"1";"Malveillance";;;;;""
2017;10066;"83";"83106";"Rocbaron";"2017-07-04 17:09:00";2500;2500;;;;;;;;;;"3";"Involontaire (particulier)";;;;;""
2017;10117;"06";"06155";"Vallauris";"2017-07-04 17:11:00";400;;;;;;;;;;;"4";;;;;;""
2017;10103;"30";"30229";"Saint-André-de-Majencoules";"2017-07-04 17:19:00";405;;;;;;;;;;;"2";"Involontaire (particulier)";;;;;""
2017;6625;"13";"13051";"Lançon-Provence";"2017-07-04 18:43:00";7900;7000;900;;;;;;;;;"1";"Involontaire (particulier)";;;;;""
2017;7028;"11";"11326";"Rouffiac-des-Corbières";"2017-07-04 20:09:00";500;;;;;;;;;;;;;;;;;""
2017;10100;"2B";"2B185";"Oletta";"2017-07-05 13:17:00";150;;150;;;;;;;;;"1";"Involontaire (particulier)";;;;;""
2017;805;"38";"38553";"Villefontaine";"2017-07-05 13:53:00";3000;0;;3000;;;3000;0;0;0;"Estimées";;"Involontaire (particulier)";;;;;""
2017;11360;"2A";"2A323";"Tavaco";"2017-07-05 14:40:00";2000;;2000;;;;;;;;;"1";"Malveillance";;;;;""
2017;2970;"40";"40060";"Callen";"2017-07-05 15:34:00";4916000;0;;4916000;;;4916000;;;0;;;"Involontaire (particulier)";;;;;""
2017;17720;"33";"33022";"Avensan";"2017-07-05 15:39:00";1500;1500;;0;;;0;0;0;0;"Estimées";;;"Non";;;;""
2017;17721;"33";"33498";"Salles";"2017-07-05 15:59:00";3500;2500;;0;;;0;;;1000;"Estimées";;"Accidentelle";"Non";;;;"Données partielles ou non valides"
2017;809;"38";"38449";"Saint-Quentin-Fallavier";"2017-07-05 17:44:00";500;0;;500;;;500;0;0;0;"Estimées";;;;;;;""
2017;807;"38";"38434";"Saint-Ondras";"2017-07-05 18:08:00";300;0;;300;;;300;0;0;0;"Estimées";;;;;;;""
2017;10068;"83";"83100";"Puget-Ville";"2017-07-05 18:26:00";40;40;;;;;;;;;;"3";"Malveillance";;;;;""
2017;1126;"68";"68334";"Thann";"2017-07-05 18:59:00";400;400;;0;;;0;0;0;0;"Estimées";;;;;;;""
2017;10062;"13";"13099";"Saint-Paul-lès-Durance";"2017-07-05 19:11:00";30000;;20000;;;;;;;10000;;"1";"Involontaire (travaux)";;;;;""
2017;10055;"04";"04217";"Thoard";"2017-07-05 22:09:00";3000;;;;;;;;;;;;"Involontaire (particulier)";;;;;""
2017;12204;"83";"83080";"Mons";"2017-07-05 23:35:00";10000;10000;;;;;;;;;;"5";"Malveillance";;;;;""
2017;16188;"30";"30221";"Roquemaure";"2017-07-06 02:00:00";15000;;;;;;;;;;;;"Accidentelle";;;;;""
2017;1176;"72";"72131";"Fercé-sur-Sarthe";"2017-07-06 06:53:00";1500;1500;;0;;;0;0;0;0;"Estimées";;;;;;;""
2017;10637;"2B";"2B002";"Aghione";"2017-07-06 11:15:00";15;;15;;;;;;;;;"1";"Involontaire (travaux)";;;;;""
2017;10144;"34";"34214";"Pouzolles";"2017-07-06 12:09:00";93500;;93500;;;;;;;;;"1";"Malveillance";;;;;""
2017;811;"38";"38158";"Eybens";"2017-07-06 12:49:00";100;0;;100;;;100;0;0;0;"Estimées";;;;;;;""
2017;11361;"2A";"2A209";"Peri";"2017-07-06 13:34:00";16400;;16400;;;;;;;;;"1";"Malveillance";;;;;""
2017;1234;"86";"86070";"Chauvigny";"2017-07-06 14:56:00";60000;0;;10000;;;10000;0;50000;50000;"Estimées";;;;;;;""
2017;10640;"2B";"2B314";"Santo-Pietro-di-Tenda";"2017-07-06 15:40:00";260000;;260000;;;;;;;;;"1";"Accidentelle";;;;;""
2017;10134;"05";"05033";"Chanousse";"2017-07-06 15:40:00";1300;;;;;;;;;;;;;;;;;""
2017;1164;"72";"72230";"Parigné-le-Pôlin";"2017-07-06 16:08:00";15000;15000;;0;;;0;0;0;0;"Estimées";;;;;;;""
2017;10102;"13";"13088";"Le Rove";"2017-07-06 16:12:00";2000;1000;1000;;;;;;;;;"1";"Accidentelle";;;;;""
2017;1165;"72";"72087";"Conflans-sur-Anille";"2017-07-06 17:24:00";600;600;;0;;;0;0;0;0;"Estimées";;;;;;;""
2017;10118;"06";"06149";"La Trinité";"2017-07-06 17:29:00";66340;66340;;;;;;;;;;"4";;;;;;""
2017;10073;"84";"84065";"Lauris";"2017-07-06 19:18:00";1800;;;;;;;;;1800;;;"Involontaire (particulier)";;;;;""
2017;10101;"13";"13056";"Martigues";"2017-07-06 20:09:00";10;10;;;;;;;;;;"1";;;;;;""
2017;10644;"2B";"2B049";"Calenzana";"2017-07-07 11:27:00";8000;;8000;;;;;;;;;"1";;;;;;""
2017;11542;"66";"66024";"Le Boulou";"2017-07-07 14:13:00";3000;1000;2000;;;;;;;;;"2";"Malveillance";;;;;""
2017;11848;"83";"83019";"Bormes-les-Mimosas";"2017-07-07 14:25:00";44700;44700;;;;;;;;;;"3";"Involontaire (particulier)";;;;;""
2017;7177;"2A";"2A272";"Sartène";"2017-07-07 14:43:00";20;;20;;;;;;;;;;"Involontaire (travaux)";;;;;""
2017;17724;"33";"33248";"Listrac-Médoc";"2017-07-07 15:05:00";3000;3000;;0;;;0;0;0;0;"Estimées";;;"Non";;;;""
2017;1166;"72";"72131";"Fercé-sur-Sarthe";"2017-07-07 15:16:00";30000;30000;;0;;;0;0;0;0;"Estimées";;;;;;;""
2017;11138;"34";"34152";"Mas-de-Londres";"2017-07-07 15:21:00";1504;;;;;;;;;;;;"Involontaire (particulier)";;;;;""
2017;10650;"2B";"2B354";"Vivario";"2017-07-07 15:24:00";10;;;;;;;;;;;"1";"Accidentelle";;;;;""
2017;11545;"66";"66096";"Latour-de-France";"2017-07-07 16:38:00";600;;600;;;;;;;;;"2";"Malveillance";;;;;""
2017;815;"38";"38291";"Pajay";"2017-07-07 16:44:00";20000;0;;20000;;;20000;0;0;0;"Estimées";;;;;;;""
2017;802;"38";"38146";"Dizimieu";"2017-07-07 17:11:00";100;0;;100;;;100;0;0;0;"Estimées";;"Involontaire (particulier)";;;;;""
2017;1251;"86";"86174";"Naintré";"2017-07-07 17:13:00";15000;15000;;0;;;0;0;0;0;"Estimées";;;;;;;""
2017;1336;"79";"79307";"Sauzé-Vaussais";"2017-07-07 18:48:00";800;800;;0;;;0;0;0;0;"Mesurées";;;;;;;""
2017;10200;"13";"13103";"Salon-de-Provence";"2017-07-07 19:02:00";200;200;0;;;;;;;;;"1";"Involontaire (particulier)";;;;;""
2017;7029;"11";"11068";"Capendu";"2017-07-07 19:53:00";80;;;;;;;;;;;;;;;;;""
2017;10901;"04";"04097";"La Javie";"2017-07-08 00:41:00";370;;;;;;;;;;;;"Malveillance";;;;;""
2017;11362;"2A";"2A362";"Zonza";"2017-07-08 00:41:00";20;;20;;;;;;;;;"1";"Malveillance";;;;;""
2017;10962;"34";"34070";"Cébazan";"2017-07-08 01:33:00";200;;;;;;;;;;;;"Malveillance";;;;;""
2017;10902;"04";"04113";"Marcoux";"2017-07-08 01:57:00";10;;;;;;;;;;;;"Malveillance";;;;;""
2017;7178;"2A";"2A133";"Guitera-les-Bains";"2017-07-08 06:13:00";100;;100;;;;;;;;;;;;;;;""
2017;6617;"13";"13062";"Mimet";"2017-07-08 10:35:00";160;;;;;;;;;;;"1";"Accidentelle";;;;;""
2017;11363;"2A";"2A198";"Ota";"2017-07-08 10:36:00";50000;;50000;;;;;;;;;"1";"Malveillance";;;;;""
2017;11364;"2A";"2A323";"Tavaco";"2017-07-08 12:46:00";210000;;210000;;;;;;;;;"1";"Malveillance";;;;;""
2017;6626;"13";"13047";"Istres";"2017-07-08 13:09:00";100;;;;;;;;;;;"1";"Malveillance";;;;;""
2017;7659;"2A";"2A014";"Ambiegna";"2017-07-08 14:44:00";10;;10;;;;;;;;;"1";"Malveillance";;;;;""
2017;473;"17";"17378";"Saint-Palais-de-Négrignac";"2017-07-08 14:54:00";2500;2500;;0;;;0;0;0;0;"Estimées";;;;;;;""
2017;7030;"11";"11370";"Salles-d'Aude";"2017-07-08 15:05:00";500;;;;;;;;;;;;;;;;;""
2017;11455;"06";"06110";"Roubion";"2017-07-08 15:22:00";1300;1300;;;;;;;;;;"4";"Naturelle";;;;;""
2017;818;"38";"38410";"Saint-Lattier";"2017-07-08 15:29:00";3000;0;;3000;;;3000;0;0;0;"Estimées";;;;;;;""
2017;700;"45";"45203";"Meung-sur-Loire";"2017-07-08 15:50:00";3500;0;;3500;;;3500;0;0;0;"Estimées";;;;;;;""
2017;464;"46";"46261";"Sainte-Croix";"2017-07-08 17:04:00";1000;0;;1000;;;1000;0;0;0;"Estimées";;;;;;;""
2017;10905;"04";"04097";"La Javie";"2017-07-09 06:04:00";240;;;;;;;;;;;;"Malveillance";;;;;""
2017;10906;"04";"04097";"La Javie";"2017-07-09 06:21:00";50;;;;;;;;;;;;"Malveillance";;;;;""
2017;10909;"04";"04097";"La Javie";"2017-07-09 06:39:00";1000;;;;;;;;;;;;"Malveillance";;;;;""
2017;10910;"04";"04036";"Le Brusquet";"2017-07-09 07:23:00";130;;;;;;;;;;;;"Malveillance";;;;;""
2017;11139;"34";"34141";"La Livinière";"2017-07-09 13:35:00";137;;;;;;;;;;;"1";"Involontaire (particulier)";;;;;""
2017;7031;"11";"11168";"Granès";"2017-07-09 14:34:00";100;;;;;;;;;;;;;;;;;""
2017;11365;"2A";"2A209";"Peri";"2017-07-09 16:39:00";250;;250;;;;;;;;;"1";"Malveillance";;;;;""
2017;11001;"30";"30334";"Uzès";"2017-07-09 18:36:00";500;;;;;;;;;;;;;;;;;""
2017;7033;"11";"11262";"Narbonne";"2017-07-10 06:58:00";500;;;;;;;;;;;;;;;;;""
2017;10315;"13";"13056";"Martigues";"2017-07-10 13:00:00";2000;1000;1000;;;;;;;;;"1";"Accidentelle";;;;;""
2017;10955;"30";"30168";"Mialet";"2017-07-10 13:02:00";3953;;;;;;;;;;;"1";"Naturelle";;;;;""
2017;10655;"2B";"2B320";"Tallone";"2017-07-10 13:12:00";70;;;;;;;;;;;"1";"Involontaire (particulier)";;;;;""
2017;10658;"2B";"2B320";"Tallone";"2017-07-10 13:12:00";19000;;19000;;;;;;;;;"1";"Involontaire (particulier)";;;;;""
2017;6627;"13";"13104";"Sausset-les-Pins";"2017-07-10 14:25:00";500;500;;;;;;;;;;"1";;;;;;""
2017;10319;"13";"13040";"Fuveau";"2017-07-10 15:02:00";200;100;100;;;;;;;;;"1";;;;;;""
2017;11140;"34";"34184";"Nizas";"2017-07-10 18:15:00";4210;;4210;;;;;;;;;"1";"Involontaire (particulier)";;;;;""
2017;13935;"2A";"2A006";"Alata";"2017-07-10 19:03:00";50;;50;;;;;;;;;"1";"Involontaire (particulier)";;;;;""
2017;10661;"2B";"2B354";"Vivario";"2017-07-11 10:13:00";60;;;;;;;;;;;"1";"Involontaire (travaux)";;;;;""
2017;10660;"2B";"2B354";"Vivario";"2017-07-11 10:13:00";5;;5;;;;;;;;;"1";"Involontaire (particulier)";;;;;""
2017;10501;"13";"13047";"Istres";"2017-07-11 11:00:00";230;230;0;;;;;;;;;"1";"Malveillance";;;;;""
2017;11366;"2A";"2A104";"Eccica-Suarella";"2017-07-11 11:34:00";6000;;;;;;;;;;;;;;;;;""
2017;11381;"13";"13055";"Marseille";"2017-07-11 13:05:00";100;;100;;;;;;;;;"1";;;;;;""
2017;7034;"11";"11099";"Conques-sur-Orbiel";"2017-07-11 13:50:00";1683;;;;;;;;;;;;;;;;;""
2017;10975;"34";"34031";"Bessan";"2017-07-11 16:05:00";62000;;;;;;;;;;;;"Malveillance";;;;;""
2017;10960;"30";"30192";"Orthoux-Sérignac-Quilhan";"2017-07-11 16:23:00";20000;;;;;;;;;;;;"Involontaire (travaux)";;;;;""
2017;11095;"13";"13107";"Simiane-Collongue";"2017-07-11 16:59:00";40;40;;;;;;;;;;"1";"Accidentelle";;;;;""
2017;7035;"11";"11262";"Narbonne";"2017-07-11 17:15:00";6532;;;;;;;;;;;;;;;;;""
2017;10663;"2B";"2B188";"Olmeta-di-Tuda";"2017-07-11 17:24:00";25400;;11000;;;;;;;14400;;"1";"Accidentelle";;;;;""
2017;10976;"34";"34080";"Colombières-sur-Orb";"2017-07-11 19:25:00";50;;;;;;;;;;;;"Accidentelle";;;;;""
2017;10489;"83";"83069";"Hyères";"2017-07-11 20:52:00";30;30;;;;;;;;;;"6";"Malveillance";;;;;""
2017;11649;"83";"83072";"Lorgues";"2017-07-12 11:43:00";1350;1350;;;;;;;;;;"1";"Malveillance";;;;;""
2017;11367;"2A";"2A026";"Azilone-Ampaza";"2017-07-12 11:57:00";1000;;1000;;;;;;;;;"1";"Involontaire (travaux)";;;;;""
2017;10633;"84";"84103";"Rustrel";"2017-07-12 14:37:00";150;;;;;;;;;;;;;;;;;""
2017;467;"81";"81047";"Cadix";"2017-07-12 14:49:00";2000;0;;2000;;;2000;0;0;0;"Estimées";;"Accidentelle";;;;;""
2017;11664;"83";"83065";"Gassin";"2017-07-12 16:43:00";3000;3000;;;;;;;;;;"3";"Involontaire (particulier)";;;;;""
2017;10956;"30";"30344";"Vergèze";"2017-07-12 17:20:00";96465;;;;;;;;;;;"4";;;;;;""
2017;10986;"34";"34089";"Creissan";"2017-07-12 18:05:00";6400;;;;;;;;;;;;"Malveillance";;;;;""
2017;7036;"11";"11262";"Narbonne";"2017-07-12 21:35:00";882;;;;;;;;;;;;;;;;;""
2017;11368;"2A";"2A300";"San-Gavino-di-Carbini";"2017-07-13 00:24:00";50;;50;;;;;;;;;;;;;;;""
2017;13090;"34";"34281";"Saint-Pargoire";"2017-07-13 11:37:00";4264;4264;;;;;;;;;;"1";"Malveillance";;;;;""
2017;11142;"34";"34013";"Aspiran";"2017-07-13 11:52:00";71800;;;;;;;;;;;;"Involontaire (travaux)";;;;;""
2017;10811;"30";"30344";"Vergèze";"2017-07-13 13:10:00";50;;;;;;;;;;;"1";"Involontaire (travaux)";;;;;""
2017;11369;"2A";"2A232";"Pila-Canale";"2017-07-13 14:13:00";5300;;5300;;;;;;;;;"1";"Involontaire (travaux)";;;;;""
2017;11370;"2A";"2A006";"Alata";"2017-07-13 15:47:00";1300;;1300;;;;;;;;;"1";"Malveillance";;;;;""
2017;12628;"07";"07024";"Banne";"2017-07-13 16:26:00";2000;;2000;;;;;;;;;"1";"Involontaire (travaux)";;;;;""
2017;822;"38";"38151";"Échirolles";"2017-07-13 16:31:00";500;0;;500;;;500;0;0;0;"Estimées";;;;;;;""
2017;10999;"34";"34139";"Lieuran-lès-Béziers";"2017-07-13 16:33:00";2000;;;;;;;;;;;;;;;;;""
2017;2989;"40";"40150";"Léon";"2017-07-13 18:15:00";150;150;;0;;;0;;;0;;;;;;;;""
2017;11064;"2B";"2B043";"Brando";"2017-07-13 19:30:00";10;;10;;;;;;;;;"1";"Accidentelle";;;;;""
2017;823;"38";"38507";"Tignieu-Jameyzieu";"2017-07-13 20:42:00";300;0;;300;;;300;0;0;0;"Estimées";;;;;;;""
2017;6628;"13";"13107";"Simiane-Collongue";"2017-07-13 21:47:00";2;;;;;;;;;;;"1";"Involontaire (particulier)";;;;;""
2017;11006;"34";"34014";"Assas";"2017-07-13 23:09:00";280;;280;;;;;;;;;"1";"Involontaire (particulier)";;;;;""
2017;11378;"13";"13055";"Marseille";"2017-07-13 23:30:00";20;;20;;;;;;;;;"1";"Accidentelle";;;;;""
2017;11002;"30";"30225";"Sabran";"2017-07-13 23:54:00";20000;;;;;;;;;;;;;;;;;""
2017;11456;"06";"06007";"Auribeau-sur-Siagne";"2017-07-14 03:21:00";50;50;;;;;;;;;;"3";;;;;;""
2017;11098;"34";"34281";"Saint-Pargoire";"2017-07-14 03:38:00";14590;;14590;;;;;;;;;"1";"Malveillance";;;;;""
2017;7180;"2A";"2A031";"Bastelica";"2017-07-14 11:53:00";10;;10;;;;;;;;;"1";"Malveillance";;;;;""
2017;10957;"30";"30032";"Beaucaire";"2017-07-14 12:48:00";10000;;;;;;;;;;;;;;;;;""
2017;11371;"2A";"2A032";"Bastelicaccia";"2017-07-14 13:33:00";4000;;4000;;;;;;;;;;;;;;;""
2017;11373;"2A";"2A204";"Pastricciola";"2017-07-14 14:37:00";100;;100;;;;;;;;;"1";;;;;;""
2017;11586;"66";"66024";"Le Boulou";"2017-07-14 18:01:00";1620000;1320000;300000;;;;;;;;;"5";"Malveillance";;;;;""
2017;13091;"34";"34029";"Bélarga";"2017-07-14 18:30:00";527;;527;;;;;;;;;"1";"Involontaire (particulier)";;;;;""
2017;11092;"13";"13047";"Istres";"2017-07-14 18:33:00";23000;23000;0;;;;;;;;;"1";"Malveillance";;;;;""
2017;7037;"11";"11262";"Narbonne";"2017-07-14 18:55:00";325400;;;;;;;;;;;;;;;;;""
2017;11094;"13";"13047";"Istres";"2017-07-14 19:00:00";39400;39400;0;;;;;;;;;"1";"Malveillance";;;;;""
2017;11093;"13";"13047";"Istres";"2017-07-14 19:40:00";40;40;0;;;;;;;;;"1";"Malveillance";;;;;""
2017;10958;"30";"30351";"Villeneuve-lès-Avignon";"2017-07-14 19:53:00";25000;;;;;;;;;;;;"Malveillance";;;;;""
2017;11376;"13";"13055";"Marseille";"2017-07-14 22:55:00";6000;;6000;;;;;;;;;"1";"Malveillance";;;;;""
2017;11060;"13";"13040";"Fuveau";"2017-07-14 23:11:00";2000;1000;1000;;;;;;;;;"1";"Accidentelle";;;;;""
2017;11374;"2A";"2A362";"Zonza";"2017-07-14 23:46:00";1800;;1800;;;;;;;;;"4";"Malveillance";;;;;""
2017;11061;"13";"13040";"Fuveau";"2017-07-14 23:53:00";200;200;;;;;;;;;;"1";"Malveillance";;;;;""
2017;11372;"13";"13055";"Marseille";"2017-07-14 23:57:00";20000;10000;10000;;;;;;;;;"1";"Malveillance";;;;;""
2017;11003;"30";"30334";"Uzès";"2017-07-15 01:01:00";15000;;;;;;;;;;;;"Involontaire (particulier)";;;;;""
2017;10949;"04";"04088";"Forcalquier";"2017-07-15 01:37:00";600;;;;;;;;;;;;;;;;;""
2017;6629;"13";"13046";"Gréasque";"2017-07-15 03:42:00";140;;;;;;;;;;;"1";"Malveillance";;;;;""
2017;11388;"13";"13055";"Marseille";"2017-07-15 04:23:00";10000;;10000;;;;;;;;;"1";"Malveillance";;;;;""
2017;10950;"04";"04076";"Entrevaux";"2017-07-15 10:32:00";20000;;;;;;;;;;;;;;;;;""
2017;11112;"34";"34031";"Bessan";"2017-07-15 12:03:00";1025000;;900000;;;;;;;125000;;"1";"Involontaire (travaux)";;;;;""
2017;11590;"66";"66065";"Elne";"2017-07-15 12:15:00";25000;;25000;;;;;;;;;"2";"Malveillance";;;;;""
2017;11073;"13";"13103";"Salon-de-Provence";"2017-07-15 13:02:00";30000;20000;10000;;;;;;;;;"1";;;;;;""
2017;11380;"13";"13055";"Marseille";"2017-07-15 14:32:00";6000;1000;5000;;;;;;;;;"1";"Malveillance";;;;;""
2017;11097;"13";"13091";"Saint-Cannat";"2017-07-15 15:13:00";7955100;6850000;105100;;;;;;;1000000;;"1";"Involontaire (particulier)";;;;;""
2017;1167;"72";"72181";"Le Mans";"2017-07-15 15:43:00";200;200;;0;;;0;0;0;0;"Estimées";;;;;;;""
2017;11672;"83";"83057";"Flassans-sur-Issole";"2017-07-15 16:13:00";200;200;;;;;;;;;;"3";"Involontaire (particulier)";;;;;""
2017;7038;"11";"11266";"Port-la-Nouvelle";"2017-07-15 16:23:00";20262;;;;;;;;;;;;;;;;;""
2017;11069;"2B";"2B277";"Serra-di-Fiumorbo";"2017-07-15 16:42:00";50;;;;;;;;;;;"1";;;;;;""
2017;10959;"30";"30206";"Poulx";"2017-07-15 17:10:00";1700;900;;;;;;;;800;;"4";;;;;;""
2017;12262;"13";"13077";"Port-de-Bouc";"2017-07-15 18:27:00";5000;5000;;;;;;;;;;"1";"Malveillance";;;;;""
2017;7039;"11";"11262";"Narbonne";"2017-07-15 18:59:00";500;;;;;;;;;;;;;;;;;""
2017;11121;"34";"34075";"Cesseras";"2017-07-15 20:07:00";35;;;;;;;;;;;;"Malveillance";;;;;""
2017;11070;"2B";"2B171";"Muracciole";"2017-07-15 20:54:00";100;100;;;;;;;;;;"2";;;;;;""
2017;7040;"11";"11294";"Pomy";"2017-07-16 00:21:00";20;;;;;;;;;;;;;;;;;""
2017;11125;"34";"34213";"Poussan";"2017-07-16 01:13:00";7000;;;;;;;;;;;;"Malveillance";;;;;""
2017;11091;"13";"13016";"La Bouilladisse";"2017-07-16 01:56:00";30;15;15;;;;;;;;;"1";"Malveillance";;;;;""
2017;6692;"13";"13031";"La Destrousse";"2017-07-16 01:57:00";10;10;;;;;;;;;;"1";"Malveillance";;;;;""
2017;11090;"13";"13031";"La Destrousse";"2017-07-16 01:57:00";200;100;100;;;;;;;;;"1";"Malveillance";;;;;""
2017;11128;"34";"34281";"Saint-Pargoire";"2017-07-16 02:11:00";500;;;;;;;;;;;;"Malveillance";;;;;""
2017;10954;"04";"04097";"La Javie";"2017-07-16 02:18:00";500;;;;;;;;;;;;"Malveillance";;;;;""
2017;11079;"13";"13004";"Arles";"2017-07-16 03:03:00";43700;10000;30000;;;;;;;3700;;"1";;;;;;""
2017;11004;"30";"30341";"Vauvert";"2017-07-16 04:27:00";20500;;;;;;;;;;;;"Involontaire (particulier)";;;;;""
2017;2988;"40";"40304";"Soorts-Hossegor";"2017-07-16 08:36:00";20340;20340;;0;;;0;;;0;;;;;;;;""
2017;1990;"47";"47059";"Caubon-Saint-Sauveur";"2017-07-16 11:28:00";200;200;;0;;;0;;;0;;;"Involontaire (travaux)";;;;;""
2017;7041;"11";"11273";"Paraza";"2017-07-16 11:41:00";7400;;;;;;;;;;;;;;;;;""
2017;11062;"13";"13025";"Châteauneuf-le-Rouge";"2017-07-16 12:22:00";50;50;;;;;;;;;;"1";;;;;;""
2017;11377;"2A";"2A215";"Pianottoli-Caldarello";"2017-07-16 13:19:00";51400;;51400;;;;;;;;;"1";"Accidentelle";;;;;""
2017;11927;"2A";"2A345";"Vero";"2017-07-16 13:26:00";2000;;2000;;;;;;;;;"1";"Malveillance";;;;;""
2017;12639;"07";"07041";"Boulieu-lès-Annonay";"2017-07-16 13:28:00";5000;;5000;;;;;;;;;"1";;;;;;""
2017;13093;"34";"34312";"La Tour-sur-Orb";"2017-07-16 14:20:00";363;;363;;;;;;;;;"1";"Accidentelle";;;;;""
2017;13094;"34";"34312";"La Tour-sur-Orb";"2017-07-16 14:20:00";11;;11;;;;;;;;;"1";"Accidentelle";;;;;""
2017;13095;"34";"34312";"La Tour-sur-Orb";"2017-07-16 14:20:00";55;;;;;;;;;;;;"Accidentelle";;;;;""
2017;13092;"34";"34312";"La Tour-sur-Orb";"2017-07-16 14:20:00";146;;146;;;;;;;;;"1";"Accidentelle";;;;;""
2017;12114;"34";"34312";"La Tour-sur-Orb";"2017-07-16 14:20:00";10;;10;;;;;;;;;"1";"Accidentelle";;;;;""
2017;1168;"72";"72244";"Précigné";"2017-07-16 15:07:00";600;600;;0;;;0;0;0;0;"Estimées";;;;;;;""
2017;17731;"33";"33077";"Cabanac-et-Villagrains";"2017-07-16 16:13:00";100;100;;0;;;0;0;0;0;"Estimées";;;"Non";;;;""
2017;830;"38";"38072";"Chanas";"2017-07-16 16:16:00";5000;0;;5000;;;5000;0;0;0;"Estimées";;"Accidentelle";;;;;""
2017;11084;"13";"13067";"Orgon";"2017-07-16 16:49:00";800;500;300;;;;;;;;;"1";"Malveillance";;;;;""
2017;7042;"11";"11370";"Salles-d'Aude";"2017-07-16 17:34:00";100;;;;;;;;;;;;;;;;;""
2017;11137;"34";"34284";"Saint-Pons-de-Thomières";"2017-07-16 18:10:00";5800;5800;;;;;;;;;;"1";"Involontaire (travaux)";;;;;""
2017;7045;"11";"11304";"Quillan";"2017-07-16 18:18:00";21000;;;;;;;;;;;;;;;;;""
2017;543;"35";"35237";"Renac";"2017-07-16 18:30:00";10000;0;;10000;;;10000;0;0;0;"Estimées";;;;;;;""
2017;11088;"13";"13016";"La Bouilladisse";"2017-07-16 19:32:00";60;;60;;;;;;;;;"1";"Malveillance";;;;;""
2017;17732;"33";"33243";"Libourne";"2017-07-16 20:53:00";2;2;;0;;;0;0;0;0;"Estimées";;"Involontaire (particulier)";"Non";;;;""
2017;474;"17";"17099";"Chepniers";"2017-07-16 23:56:00";1258;1258;;0;;;0;0;0;0;"Mesurées";;"Malveillance";;;;;""
2017;7046;"11";"11396";"Trausse";"2017-07-16 23:57:00";600;;;;;;;;;;;;;;;;;""
2017;832;"38";"38077";"La Chapelle-de-Surieu";"2017-07-17 03:10:00";100;0;;100;;;100;0;0;0;"Estimées";;;;;;;""
2017;11928;"2A";"2A345";"Vero";"2017-07-17 03:39:00";100;;100;;;;;;;;;"1";"Malveillance";;;;;""
2017;11929;"2A";"2A345";"Vero";"2017-07-17 05:55:00";5100;;5100;;;;;;;;;"1";;;;;;""
2017;12650;"07";"07289";"Saint-Privat";"2017-07-17 10:24:00";1000;;1000;;;;;;;;;"1";;;;;;""
2017;11676;"83";"83072";"Lorgues";"2017-07-17 10:49:00";100;100;;;;;;;;;;"3";"Malveillance";;;;;""
2017;11082;"2B";"2B079";"Castello-di-Rostino";"2017-07-17 11:51:00";75000;30000;45000;;;;;;;;;"3";"Malveillance";;;;;""
2017;11083;"2B";"2B185";"Oletta";"2017-07-17 12:34:00";80000;;80000;;;;;;;;;"1";;;;;;""
2017;11086;"2B";"2B290";"Speloncato";"2017-07-17 13:43:00";62000;;;;;;;;;;;"2";"Malveillance";;;;;""
2017;11930;"2A";"2A041";"Bonifacio";"2017-07-17 13:50:00";1218300;;1218300;;;;;;;;;"1";"Involontaire (travaux)";;;;;""
2017;11608;"66";"66093";"Laroque-des-Albères";"2017-07-17 13:52:00";2500;;2500;;;;;;;;;"1";"Malveillance";;;;;""
2017;1989;"47";"47135";"Laparade";"2017-07-17 14:17:00";70000;20000;;0;;;0;;;50000;;;;;;;;""
2017;11884;"26";"26094";"Claveyson";"2017-07-17 14:23:00";49600;49600;;;;;;;;;;"4";"Malveillance";;;;;""
2017;11457;"06";"06034";"Castagniers";"2017-07-17 14:48:00";906980;906980;;;;;;;;;;"4";"Involontaire (particulier)";;;;;""
2017;11089;"2B";"2B355";"Volpajola";"2017-07-17 14:51:00";200000;20000;180000;;;;;;;;;"1";"Involontaire (particulier)";;;;;""
2017;11087;"2B";"2B343";"Venzolasca";"2017-07-17 14:51:00";30;;30;;;;;;;;;"1";;;;;;""
2017;11609;"66";"66138";"Peyrestortes";"2017-07-17 14:54:00";70000;;;;;;;;;;;"4";"Malveillance";;;;;""
2017;11901;"26";"26022";"Ballons";"2017-07-17 15:40:00";120000;80000;40000;;;;;;;;;"3";"Involontaire (travaux)";;;;;""
2017;12268;"07";"07207";"Saint-Alban-Auriolles";"2017-07-17 15:56:00";550000;;550000;;;;;;;;;"1";;;;;;""
2017;2986;"40";"40243";"Rion-des-Landes";"2017-07-17 15:57:00";500;500;;0;;;0;;;0;;;"Naturelle";;;;;""
2017;17734;"33";"33345";"Le Puy";"2017-07-17 16:41:00";20000;20000;;0;;;0;0;0;0;"Estimées";;"Accidentelle";"Non";;;;""
2017;936;"31";"31517";"Saint-Sulpice-sur-Lèze";"2017-07-17 16:49:00";30000;0;;5000;;;5000;0;25000;25000;"Estimées";;;;;;;""
2017;1974;"47";"47079";"Dausse";"2017-07-17 17:27:00";25000;25000;;0;;;0;;;0;;;;;;;;""
2017;17737;"33";"33049";"Beychac-et-Caillau";"2017-07-17 17:43:00";700;700;;0;;;0;0;0;0;"Estimées";;;"Non";;;;""
2017;11931;"2A";"2A362";"Zonza";"2017-07-18 00:16:00";1000;;1000;;;;;;;;;"1";"Malveillance";;;;;""
2017;835;"38";"38309";"Poisat";"2017-07-18 01:47:00";150;0;;150;;;150;0;0;0;"Estimées";;;;;;;""
2017;11469;"30";"30350";"Le Vigan";"2017-07-18 04:18:00";12000;;;;;;;;;;;;;;;;;""
2017;12125;"34";"34267";"Saint-Jean-de-Fos";"2017-07-18 10:06:00";1855;;1855;;;;;;;;;"1";"Involontaire (travaux)";;;;;""
2017;840;"38";"38487";"Seyssuel";"2017-07-18 11:49:00";1000;0;;1000;;;1000;0;0;0;"Estimées";;;;;;;""
2017;11289;"2B";"2B347";"Vezzani";"2017-07-18 11:51:00";10;;;;;;;;;;;"1";"Involontaire (particulier)";;;;;""
2017;11285;"2B";"2B079";"Castello-di-Rostino";"2017-07-18 11:58:00";25000;20000;5000;;;;;;;;;"2";;;;;;""
2017;839;"38";"38348";"Ruy-Montceau";"2017-07-18 12:31:00";750;0;;750;;;750;0;0;0;"Estimées";;;;;;;""
2017;475;"43";"43265";"Les Villettes";"2017-07-18 13:47:00";1000;0;;1000;;;1000;0;0;0;"Estimées";;;;;;;""
2017;5364;"77";"77006";"Arbonne-la-Forêt";"2017-07-18 14:00:00";6463;6463;;0;;;0;0;0;0;"Estimées";;;;;;;""
2017;11146;"30";"30311";"Sauve";"2017-07-18 14:04:00";50;;;;;;;;;;;;;;;;;""
2017;520;"46";"46176";"Livernon";"2017-07-18 14:25:00";200;0;;200;;;200;0;0;0;"Estimées";;;;;;;""
2017;14448;"30";"30163";"Mauressargues";"2017-07-18 14:29:00";2000;;;;;;;;;;;;"Malveillance";;;;;""
2017;2311;"24";"24104";"Chantérac";"2017-07-18 14:35:00";40000;40000;;0;;;0;;;0;;;;;;;;""
2017;11203;"04";"04160";"Reillanne";"2017-07-18 14:36:00";79300;;;;;;;;;;;;"Involontaire (travaux)";;;;;""
2017;521;"46";"46197";"Le Montat";"2017-07-18 14:37:00";2000;0;;2000;;;2000;0;0;0;"Estimées";;;;;;;""
2017;12711;"07";"07217";"Saint-Barthélemy-le-Plain";"2017-07-18 14:47:00";12000;4000;;;;;;;;8000;;"3";"Accidentelle";;;;;""
2017;7181;"2A";"2A017";"Appietto";"2017-07-18 15:35:00";10;;10;;;;;;;;;;;;;;;""
2017;11686;"83";"83049";"Cuers";"2017-07-18 16:11:00";200;200;;;;;;;;;;"4";"Involontaire (particulier)";;;;;""
2017;1169;"72";"72241";"Montfort-le-Gesnois";"2017-07-18 16:33:00";5000;5000;;0;;;0;0;0;0;"Estimées";;;;;;;""
2017;2985;"40";"40217";"Parentis-en-Born";"2017-07-18 16:37:00";800;800;;0;;;0;;;0;;;;;;;;""
2017;11158;"13";"13047";"Istres";"2017-07-18 17:02:00";1500;1500;;;;;;;;;;"1";"Malveillance";;;;;""
2017;1257;"36";"36031";"Buzançais";"2017-07-18 17:18:00";1000;1000;;0;;;0;0;0;0;"Estimées";;;;;;;""
2017;11612;"66";"66024";"Le Boulou";"2017-07-18 17:39:00";60000;20000;40000;;;;;;;;;"2";"Involontaire (particulier)";;;;;""
2017;937;"31";"31573";"Verfeil";"2017-07-18 17:52:00";100000;0;;20000;;;20000;0;80000;80000;"Estimées";;"Accidentelle";;;;;""
2017;11159;"13";"13038";"Fontvieille";"2017-07-18 18:10:00";35600;5000;25000;;;;;;;5600;;"1";;;;;;""
2017;7182;"2A";"2A345";"Vero";"2017-07-18 18:30:00";1;;1;;;;;;;;;"1";"Malveillance";;;;;""
2017;17742;"33";"33012";"Arsac";"2017-07-18 18:39:00";2000;2000;;0;;;0;0;0;0;"Estimées";;;"Non";;;;""
2017;1037;"32";"32210";"Lias";"2017-07-18 20:28:00";150200;200;;0;;;0;0;150000;150000;"Estimées";;;;;;;""
2017;17744;"33";"33095";"Captieux";"2017-07-18 21:18:00";750;750;;0;;;0;0;0;0;"Estimées";;"Naturelle";"Non";;;;""
2017;17745;"33";"33029";"Le Barp";"2017-07-18 21:19:00";500;500;;0;;;0;0;0;0;"Estimées";;"Naturelle";"Non";;;;""
2017;504;"17";"17079";"Chaillevette";"2017-07-18 22:15:00";1500;1500;;0;;;0;0;0;0;"Estimées";;"Malveillance";;;;;""
2017;17747;"33";"33322";"Le Pian-Médoc";"2017-07-18 22:46:00";300;300;;0;;;0;0;0;0;"Estimées";;"Naturelle";"Non";;;;""
2017;522;"46";"46108";"Fons";"2017-07-18 23:00:00";15000;0;;15000;;;15000;0;0;0;"Estimées";;;;;;;""
2017;2984;"40";"40053";"Bourriot-Bergonce";"2017-07-18 23:12:00";100;100;;0;;;0;;;0;;;;;;;;""
2017;17748;"33";"33473";"Saint-Savin";"2017-07-18 23:24:00";1000;1000;;0;;;0;0;0;0;"Estimées";;"Naturelle";"Non";;;;""
2017;7047;"11";"11203";"Lézignan-Corbières";"2017-07-18 23:50:00";52;;;;;;;;;;;;;;;;;""
2017;11208;"04";"04070";"Digne-les-Bains";"2017-07-19 00:42:00";100;;;;;;;;;;;;;;;;;""
2017;7048;"11";"11430";"Villeneuve-la-Comptal";"2017-07-19 03:19:00";93764;;;;;;;;;;;;;;;;;""
2017;12712;"07";"07013";"Ardoix";"2017-07-19 05:30:00";2500;2500;;;;;;;;;;"3";;;;;;""
2017;1983;"47";"47119";"Houeillès";"2017-07-19 09:15:00";2500;2500;;0;;;0;;;0;;;"Accidentelle";;;;;""
2017;11470;"30";"30105";"Dourbies";"2017-07-19 10:11:00";4000;;;;;;;;;;;;;;;;;""
2017;1170;"72";"72299";"Saint-Mars-d'Outillé";"2017-07-19 10:52:00";1500;1500;;0;;;0;0;0;0;"Estimées";;;;;;;""
2017;845;"38";"38104";"Chimilin";"2017-07-19 12:18:00";500;0;;500;;;500;0;0;0;"Estimées";;;;;;;""
2017;17749;"33";"33449";"Saint-Médard-en-Jalles";"2017-07-19 13:54:00";10;10;;0;;;0;0;0;0;"Estimées";;;"Non";;;;""
2017;1319;"71";"71046";"La Boulaye";"2017-07-19 14:35:00";40000;40000;;0;;;0;0;0;0;"Estimées";;;;;;;""
2017;703;"45";"45040";"Bonny-sur-Loire";"2017-07-19 15:34:00";15000;15000;;0;;;0;0;0;0;"Estimées";;;;;;;""
2017;11889;"66";"66016";"Banyuls-sur-Mer";"2017-07-19 16:16:00";10000;10000;;;;;;;;;;"2";;;;;;""
2017;12207;"83";"83080";"Mons";"2017-07-19 16:52:00";1020;1020;;;;;;;;;;"5";"Naturelle";;;;;""
2017;1171;"72";"72091";"Contilly";"2017-07-19 17:33:00";10000;10000;;0;;;0;0;0;0;"Estimées";;;;;;;""
2017;7049;"11";"11203";"Lézignan-Corbières";"2017-07-19 17:42:00";613;;;;;;;;;;;;;;;;;""
2017;2983;"40";"40053";"Bourriot-Bergonce";"2017-07-19 17:46:00";1500;1500;;0;;;0;;;0;;;"Naturelle";;;;;""
2017;849;"38";"38507";"Tignieu-Jameyzieu";"2017-07-19 23:28:00";2000;0;;2000;;;2000;0;0;0;"Estimées";;;;;;;""
2017;850;"38";"38501";"Tencin";"2017-07-20 11:42:00";200;0;;200;;;200;0;0;0;"Estimées";;;;;;;""
2017;11216;"04";"04008";"Annot";"2017-07-20 11:51:00";50;;;;;;;;;;;;;;;;;""
2017;11336;"34";"34172";"Montpellier";"2017-07-20 14:12:00";58;;58;;;;;;;;;"1";"Involontaire (particulier)";;;;;""
2017;665;"01";"01184";"Hautecourt-Romanèche";"2017-07-20 14:19:00";300000;0;;300000;;;300000;0;0;0;"Estimées";;;;;;;""
2017;5379;"01";"01184";"Hautecourt-Romanèche";"2017-07-20 14:27:00";300000;150000;;150000;;;150000;0;0;0;"Estimées";;;;;;;""
2017;11200;"13";"13069";"Pélissanne";"2017-07-20 14:33:00";6000;6000;;;;;;;;;;"1";"Involontaire (particulier)";;;;;""
2017;663;"16";"16393";"Vars";"2017-07-20 15:02:00";10000;0;;10000;;;10000;0;0;0;"Estimées";;;;;;;""
2017;2308;"24";"24157";"Douzillac";"2017-07-20 15:53:00";7000;7000;;0;;;0;;;0;;;;;;;;""
2017;1258;"36";"36119";"Mérigny";"2017-07-20 17:27:00";2000;2000;;0;;;0;0;0;0;"Estimées";;;;;;;""
2017;6693;"13";"13051";"Lançon-Provence";"2017-07-20 17:52:00";10;10;;;;;;;;;;;"Naturelle";;;;;""
2017;1172;"72";"72346";"La Suze-sur-Sarthe";"2017-07-20 21:50:00";1000;1000;;0;;;0;0;0;0;"Estimées";;;;;;;""
2017;11703;"83";"83048";"La Croix-Valmer";"2017-07-21 07:42:00";4;4;;;;;;;;;;"5";"Accidentelle";;;;;""
2017;705;"45";"45015";"Autruy-sur-Juine";"2017-07-21 13:41:00";150000;5000;;0;;;0;145000;0;145000;"Estimées";;"Involontaire (travaux)";;;;;""
2017;2981;"40";"40167";"Luxey";"2017-07-21 13:52:00";1;1;;0;;;0;;;0;;;"Naturelle";;;;;""
2017;6694;"13";"13110";"Trets";"2017-07-21 14:51:00";5;5;;;;;;;;;;"1";"Naturelle";;;;;""
2017;17751;"33";"33329";"Pompéjac";"2017-07-21 14:53:00";20;20;;0;;;0;0;0;0;"Estimées";;;"Non";;;;""
2017;11290;"13";"13060";"Meyreuil";"2017-07-21 15:00:00";3000;3000;;;;;;;;;;"1";;;;;;""
2017;11272;"84";"84133";"La Tour-d'Aigues";"2017-07-21 15:31:00";5000;;;;;;;;;;;;;;;;;""
2017;2980;"40";"40246";"Sabres";"2017-07-21 16:21:00";1;1;;0;;;0;;;0;;;"Naturelle";;;;;""
2017;11271;"84";"84144";"Viens";"2017-07-21 16:42:00";2000;;;;;;;;;;;;;;;;;""
2017;544;"35";"35187";"Monterfil";"2017-07-21 19:11:00";10000;0;;10000;;;10000;0;0;0;"Estimées";;;;;;;""
2017;17752;"33";"33233";"Laruscade";"2017-07-21 22:05:00";50;50;;0;;;0;0;0;0;"Estimées";;;"Non";;;;""
2017;11345;"34";"34189";"Olonzac";"2017-07-22 06:03:00";100;;;;;;;;;;;;"Malveillance";;;;;""
2017;7183;"2A";"2A031";"Bastelica";"2017-07-22 10:10:00";20;;20;;;;;;;;;"1";"Malveillance";;;;;""
2017;11307;"2B";"2B185";"Oletta";"2017-07-22 11:42:00";200;;;;;;;;;;;"1";;;;;;""
2017;6695;"13";"13048";"Jouques";"2017-07-22 11:48:00";100;100;;;;;;;;;;"1";;;;;;""
2017;11704;"83";"83140";"Tourves";"2017-07-22 13:26:00";100;100;;;;;;;;;;"3";"Naturelle";;;;;""
2017;16750;"48";"48051";"Le Collet-de-Dèze";"2017-07-22 13:31:00";490;;10;;;;;;;480;;"1";"Involontaire (particulier)";;;;;""
2017;11705;"83";"83140";"Tourves";"2017-07-22 14:17:00";30;30;;;;;;;;;;"4";"Naturelle";;;;;""
2017;11346;"34";"34169";"Montferrier-sur-Lez";"2017-07-22 14:29:00";800;;800;;;;;;;;;"1";"Malveillance";;;;;""
2017;11459;"06";"06054";"Drap";"2017-07-22 15:20:00";45;45;;;;;;;;;;"4";"Accidentelle";;;;;""
2017;11471;"30";"30008";"Allègre-les-Fumades";"2017-07-22 15:55:00";3000;;;;;;;;;;;;"Malveillance";;;;;""
2017;12222;"83";"83049";"Cuers";"2017-07-23 09:09:00";2;2;;;;;;;;;;"2";"Malveillance";;;;;""
2017;11281;"30";"30121";"Gailhan";"2017-07-23 12:40:00";3317;;;;;;;;;;;"2";"Involontaire (particulier)";;;;;""
2017;11348;"34";"34060";"Causse-de-la-Selle";"2017-07-23 14:36:00";2840;;2840;;;;;;;;;"1";"Involontaire (travaux)";;;;;""
2017;17757;"33";"33095";"Captieux";"2017-07-23 14:40:00";3000;3000;;0;;;0;0;0;0;"Estimées";;"Naturelle";"Non";;;;""
2017;11932;"2A";"2A259";"Rezza";"2017-07-23 15:41:00";170;;170;;;;;;;;;"1";;;;;;""
2017;7184;"2A";"2A345";"Vero";"2017-07-23 16:02:00";14400;;14400;;;;;;;;;"1";"Malveillance";;;;;""
2017;11282;"13";"13006";"Aureille";"2017-07-23 16:22:00";150;150;;;;;;;;;;"1";;;;;;""
2017;11349;"34";"34109";"Gabian";"2017-07-23 18:24:00";3748;;3748;;;;;;;;;"1";"Malveillance";;;;;""
2017;11933;"2A";"2A272";"Sartène";"2017-07-23 20:20:00";3000;;3000;;;;;;;;;"1";"Malveillance";;;;;""
2017;11707;"83";"83071";"La Londe-les-Maures";"2017-07-23 21:16:00";60;60;;;;;;;;;;"5";"Malveillance";;;;;""
2017;11934;"2A";"2A209";"Peri";"2017-07-23 21:25:00";150;;150;;;;;;;;;"1";"Malveillance";;;;;""
2017;11308;"2B";"2B079";"Castello-di-Rostino";"2017-07-23 21:53:00";40000;40000;;;;;;;;;;"2";;;;;;""
2017;7185;"2A";"2A041";"Bonifacio";"2017-07-23 22:29:00";1;;1;;;;;;;;;;"Involontaire (particulier)";;;;;""
2017;11935;"2A";"2A099";"Cozzano";"2017-07-23 22:44:00";20;;20;;;;;;;;;"1";"Malveillance";;;;;""
2017;13096;"34";"34109";"Gabian";"2017-07-24 04:06:00";2;;;;;;;;;;;"1";"Involontaire (travaux)";;;;;""
2017;12714;"07";"07002";"Ailhon";"2017-07-24 04:17:00";3000;3000;;;;;;;;;;;;;;;;""
2017;7186;"2A";"2A272";"Sartène";"2017-07-24 08:22:00";10;;10;;;;;;;;;"1";"Involontaire (travaux)";;;;;""
2017;7188;"2A";"2A330";"Ucciani";"2017-07-24 08:58:00";60;;60;;;;;;;;;;"Involontaire (particulier)";;;;;""
2017;12191;"84";"84010";"La Bastidonne";"2017-07-24 10:36:00";11418100;10813800;525200;;;;;;;79100;;"4";"Naturelle";;;;;""
2017;11399;"2B";"2B009";"Aléria";"2017-07-24 10:40:00";613700;400000;;;;;;;;213700;;"3";"Malveillance";;;;;""
2017;11318;"13";"13039";"Fos-sur-Mer";"2017-07-24 11:19:00";3000;1500;1500;;;;;;;;;"1";"Involontaire (travaux)";;;;;""
2017;11708;"83";"83140";"Tourves";"2017-07-24 11:48:00";5000;5000;;;;;;;;;;"5";"Naturelle";;;;;""
2017;11401;"2B";"2B079";"Castello-di-Rostino";"2017-07-24 12:15:00";1000;;;;;;;;;;;"1";;;;;;""
2017;11400;"2B";"2B123";"Ghisonaccia";"2017-07-24 12:19:00";5000;;;;;;;;;;;"1";;;;;;""
2017;16751;"48";"48170";"Saint-Martin-de-Boubaux";"2017-07-24 12:43:00";1700;1700;;;;;;;;;;"5";"Accidentelle";;;;;""
2017;12050;"2B";"2B188";"Olmeta-di-Tuda";"2017-07-24 12:49:00";21180000;1380000;18900000;;;;;;;900000;;"1";"Malveillance";;;;;""
2017;11576;"34";"34166";"Montblanc";"2017-07-24 12:54:00";119550;;40000;;;;;;;79550;;"1";"Malveillance";;;;;""
2017;11406;"2B";"2B143";"Linguizzetta";"2017-07-24 12:55:00";10000;;;;;;;;;;;"1";;;;;;""
2017;11412;"2B";"2B143";"Linguizzetta";"2017-07-24 13:00:00";4200;;;;;;;;;;;"1";"Malveillance";;;;;""
2017;11578;"34";"34329";"Vendres";"2017-07-24 13:55:00";445;445;;;;;;;;;;"4";"Naturelle";;;;;""
2017;11403;"2B";"2B143";"Linguizzetta";"2017-07-24 14:20:00";60000;60000;;;;;;;;;;"2";;;;;;""
2017;11460;"06";"06007";"Auribeau-sur-Siagne";"2017-07-24 14:37:00";2840;2840;;;;;;;;;;"3";;;;;;""
2017;14188;"13";"13055";"Marseille";"2017-07-24 15:05:00";55000;33000;22000;;;;;;;;;;"Malveillance";;;;;""
2017;11709;"83";"83106";"Rocbaron";"2017-07-24 15:18:00";500;500;;;;;;;;;;"5";"Malveillance";;;;;""
2017;11589;"34";"34225";"Puisserguier";"2017-07-24 15:40:00";3250;;3250;;;;;;;;;"1";"Malveillance";;;;;""
2017;11461;"06";"06018";"Biot";"2017-07-24 15:48:00";759;;759;;;;;;;;;"1";;;;;;""
2017;11464;"06";"06130";"Saint-Vallier-de-Thiey";"2017-07-24 15:53:00";154930;70000;84930;;;;;;;;;"1";"Malveillance";;;;;""
2017;11711;"83";"83099";"Puget-sur-Argens";"2017-07-24 15:54:00";1000;1000;;;;;;;;;;"4";"Involontaire (particulier)";;;;;""
2017;12214;"83";"83129";"Six-Fours-les-Plages";"2017-07-24 15:55:00";3000;3000;;;;;;;;;;"4";"Involontaire (particulier)";;;;;""
2017;11864;"06";"06033";"Carros";"2017-07-24 16:06:00";707870;707870;;;;;;;;;;"4";;;;;;""
2017;11411;"2B";"2B143";"Linguizzetta";"2017-07-24 16:21:00";382800;310000;72800;;;;;;;;;"2";"Malveillance";;;;;""
2017;11319;"13";"13044";"Grans";"2017-07-24 16:24:00";600;300;300;;;;;;;;;"1";;;;;;""
2017;11414;"2B";"2B143";"Linguizzetta";"2017-07-24 17:00:00";42000;40000;2000;;;;;;;;;"2";"Involontaire (particulier)";;;;;""
2017;11712;"83";"83066";"Ginasservis";"2017-07-24 17:01:00";7600;7600;;;;;;;;;;"3";"Malveillance";;;;;""
2017;11321;"13";"13026";"Châteauneuf-les-Martigues";"2017-07-24 17:08:00";3000;3000;;;;;;;;;;"1";;;;;;""
2017;11415;"2B";"2B143";"Linguizzetta";"2017-07-24 17:12:00";10000;;10000;;;;;;;;;"1";;;;;;""
2017;7050;"11";"11266";"Port-la-Nouvelle";"2017-07-24 17:13:00";10;;;;;;;;;;;;;;;;;""
2017;12223;"83";"83048";"La Croix-Valmer";"2017-07-24 19:29:00";5060000;5060000;;;;;;;;;;"3";"Involontaire (particulier)";;;;;""
2017;11325;"13";"13001";"Aix-en-Provence";"2017-07-24 20:05:00";7500;;2500;;;;;;;5000;;"1";;;;;;""
2017;11324;"13";"13001";"Aix-en-Provence";"2017-07-24 20:05:00";7500;;2500;;;;;;;5000;;"1";;;;;;""
2017;11322;"13";"13059";"Meyrargues";"2017-07-24 20:24:00";3900;900;2000;;;;;;;1000;;"1";;;;;;""
2017;12216;"83";"83119";"Saint-Tropez";"2017-07-24 21:24:00";70000;70000;;;;;;;;;;"4";"Involontaire (particulier)";;;;;""
2017;11323;"13";"13059";"Meyrargues";"2017-07-24 21:24:00";20000;15000;5000;;;;;;;;;"1";;;;;;""
2017;11713;"83";"83140";"Tourves";"2017-07-24 21:31:00";500;500;;;;;;;;;;"3";"Malveillance";;;;;""
2017;12221;"83";"83006";"Artigues";"2017-07-24 21:47:00";17040000;15870000;970000;;;;;;;200000;;"2";"Malveillance";;;;;""
2017;11936;"2A";"2A129";"Grossa";"2017-07-24 22:17:00";160;;160;;;;;;;;;"1";"Malveillance";;;;;""
2017;11327;"13";"13088";"Le Rove";"2017-07-24 22:50:00";20;20;;;;;;;;;;"1";"Malveillance";;;;;""
2017;12135;"34";"34141";"La Livinière";"2017-07-25 00:00:00";1208;;;;;;;;;;;"1";"Malveillance";;;;;""
2017;11463;"06";"06129";"Saint-Sauveur-sur-Tinée";"2017-07-25 00:03:00";2360;2360;;;;;;;;;;"3";"Involontaire (particulier)";;;;;""
2017;11329;"13";"13019";"Cabriès";"2017-07-25 00:42:00";1100;1100;;;;;;;;;;"1";;;;;;""
2017;16080;"30";"30351";"Villeneuve-lès-Avignon";"2017-07-25 00:49:00";100000;;;;;;;;;;;;;;;;;""
2017;11714;"83";"83077";"Méounes-lès-Montrieux";"2017-07-25 01:49:00";300;300;;;;;;;;;;"2";"Malveillance";;;;;""
2017;14189;"13";"13055";"Marseille";"2017-07-25 02:04:00";2500;;;;;;;;;;;;;;;;;""
2017;11715;"83";"83127";"Signes";"2017-07-25 04:42:00";800;800;;;;;;;;;;"3";"Malveillance";;;;;""
2017;11938;"2A";"2A249";"Propriano";"2017-07-25 10:53:00";160000;;160000;;;;;;;;;"1";"Malveillance";;;;;""
2017;11419;"2B";"2B043";"Brando";"2017-07-25 11:39:00";500;;;;;;;;;;;"2";;;;;;""
2017;13707;"83";"83061";"Fréjus";"2017-07-25 13:13:00";17000;17000;;;;;;;;;;"3";"Malveillance";;;;;""
2017;11497;"13";"13047";"Istres";"2017-07-25 13:44:00";22200;22200;;;;;;;;;;"1";"Malveillance";;;;;""
2017;11420;"2B";"2B303";"San-Giuliano";"2017-07-25 13:52:00";300;;300;;;;;;;;;"1";;;;;;""
2017;7051;"11";"11256";"Montséret";"2017-07-25 14:12:00";401426;40737;285425;;;;;;;75264;;;;;;;;""
2017;11795;"34";"34178";"Murviel-lès-Béziers";"2017-07-25 14:28:00";146;;146;;;;;;;;;"1";;;;;;""
2017;16088;"30";"30189";"Nîmes";"2017-07-25 14:41:00";20000;;;;;;;;;;;;;;;;;""
2017;11472;"30";"30189";"Nîmes";"2017-07-25 14:45:00";103558;;;;;;;;;;;"4";"Malveillance";;;;;""
2017;11462;"06";"06069";"Grasse";"2017-07-25 15:13:00";122;122;;;;;;;;;;"3";;;;;;""
2017;11716;"83";"83072";"Lorgues";"2017-07-25 15:28:00";600;600;;;;;;;;;;"1";"Involontaire (particulier)";;;;;""
2017;11451;"04";"04112";"Manosque";"2017-07-25 16:19:00";900;;;;;;;;;;;;;;;;;""
2017;11408;"2B";"2B166";"Monte";"2017-07-25 16:29:00";5;;;;;;;;;;;"1";;;;;;""
2017;11407;"2B";"2B166";"Monte";"2017-07-25 16:29:00";50;;;;;;;;;;;"1";;;;;;""
2017;11501;"13";"13047";"Istres";"2017-07-25 16:55:00";100;0;100;;;;;;;;;"1";"Malveillance";;;;;""
2017;11717;"83";"83140";"Tourves";"2017-07-25 17:03:00";7000;7000;;;;;;;;;;"5";"Malveillance";;;;;""
2017;11798;"34";"34028";"Bédarieux";"2017-07-25 18:15:00";305;;305;;;;;;;;;"1";"Malveillance";;;;;""
2017;11718;"83";"83091";"Pierrefeu-du-Var";"2017-07-25 19:01:00";5000;5000;;;;;;;;;;"3";"Malveillance";;;;;""
2017;11425;"13";"13049";"Lamanon";"2017-07-25 19:08:00";10000;5000;5000;;;;;;;;;"1";"Involontaire (particulier)";;;;;""
2017;11719;"83";"83069";"Hyères";"2017-07-25 19:33:00";1000;1000;;;;;;;;;;"5";"Malveillance";;;;;""
2017;11496;"13";"13049";"Lamanon";"2017-07-25 19:52:00";3000;1500;1500;;;;;;;;;"1";"Involontaire (particulier)";;;;;""
2017;11500;"13";"13020";"Cadolive";"2017-07-25 20:10:00";5;5;;;;;;;;;;"1";"Malveillance";;;;;""
2017;11720;"83";"83071";"La Londe-les-Maures";"2017-07-25 22:54:00";14230000;14230000;;;;;;;;;;"1";"Malveillance";;;;;""
2017;17758;"33";"33322";"Le Pian-Médoc";"2017-07-25 23:25:00";200;200;;0;;;0;0;0;0;"Estimées";;;"Non";;;;""
2017;11499;"13";"13019";"Cabriès";"2017-07-25 23:37:00";1000;1000;;;;;;;;;;"1";;;;;;""
2017;6696;"13";"13019";"Cabriès";"2017-07-25 23:43:00";10;;;;;;;;;;;"1";"Malveillance";;;;;""
2017;11498;"13";"13038";"Fontvieille";"2017-07-25 23:54:00";1000;1000;;;;;;;;;;"1";;;;;;""
2017;11389;"84";"84034";"Caumont-sur-Durance";"2017-07-26 00:02:00";1000;;;;;;;;;;;;;;;;;""
2017;11424;"13";"13056";"Martigues";"2017-07-26 04:44:00";1588000;1251100;273500;;;;;;;63400;;"1";"Involontaire (particulier)";;;;;""
2017;16095;"30";"30040";"Blandas";"2017-07-26 06:25:00";50;;;;;;;;;;;;;;;;;""
2017;12081;"66";"66024";"Le Boulou";"2017-07-26 09:38:00";2500;500;2000;;;;;;;;;"2";"Malveillance";;;;;""
2017;11426;"13";"13072";"Peynier";"2017-07-26 10:00:00";964000;948400;;;;;;;;15600;;"1";"Involontaire (particulier)";;;;;""
2017;13708;"83";"83043";"Collobrières";"2017-07-26 11:17:00";1000;1000;;;;;;;;;;"5";"Malveillance";;;;;""
2017;11390;"84";"84145";"Villars";"2017-07-26 11:31:00";2000;;;;;;;;;;;;;;;;;""
2017;13710;"83";"83112";"Saint-Cyr-sur-Mer";"2017-07-26 12:31:00";285;285;;;;;;;;;;"4";"Malveillance";;;;;""
2017;11432;"13";"13047";"Istres";"2017-07-26 13:44:00";2500;2000;500;;;;;;;;;"1";"Malveillance";;;;;""
2017;11473;"30";"30351";"Villeneuve-lès-Avignon";"2017-07-26 14:14:00";174628;;;;;;;;;;;"1";"Malveillance";;;;;""
2017;17760;"33";"33310";"Origne";"2017-07-26 16:39:00";500;500;;0;;;0;0;0;0;"Estimées";;;"Non";;;;""
2017;852;"38";"38010";"Annoisin-Chatelans";"2017-07-26 16:41:00";200;0;;200;;;200;0;0;0;"Estimées";;;;;;;""
2017;11429;"13";"13049";"Lamanon";"2017-07-26 16:52:00";300;150;150;;;;;;;;;;;;;;;""
2017;853;"38";"38238";"Moidieu-Détourbe";"2017-07-26 17:23:00";100;0;;100;;;100;0;0;0;"Estimées";;;;;;;""
2017;11722;"83";"83076";"Mazaugues";"2017-07-26 17:56:00";500;500;;;;;;;;;;"3";"Malveillance";;;;;""
2017;11803;"34";"34243";"Saint-Bauzille-de-Putois";"2017-07-26 19:11:00";5858;;5858;;;;;;;;;"1";"Accidentelle";;;;;""
2017;13709;"83";"83023";"Brignoles";"2017-07-26 19:12:00";2000;2000;;;;;;;;;;"5";"Malveillance";;;;;""
2017;12086;"66";"66108";"Millas";"2017-07-26 20:54:00";20000;;20000;;;;;;;;;"1";"Malveillance";;;;;""
2017;11430;"13";"13056";"Martigues";"2017-07-26 22:00:00";44600;44600;0;;;;;;;0;;"1";"Involontaire (particulier)";;;;;""
2017;11806;"34";"34097";"Félines-Minervois";"2017-07-27 01:17:00";161;;161;;;;;;;;;"1";"Malveillance";;;;;""
2017;11431;"13";"13092";"Saint-Chamas";"2017-07-27 02:51:00";1000;1000;;;;;;;;;;"1";;;;;;""
2017;11454;"04";"04070";"Digne-les-Bains";"2017-07-27 03:46:00";24;;;;;;;;;;;;"Malveillance";;;;;""
2017;7189;"2A";"2A004";"Ajaccio";"2017-07-27 04:27:00";2;;2;;;;;;;;;;"Involontaire (particulier)";;;;;""
2017;11474;"30";"30340";"Valliguières";"2017-07-27 05:51:00";5000;;;;;;;;;;;;;;;;;""
2017;17759;"33";"33248";"Listrac-Médoc";"2017-07-27 09:30:00";10;10;;0;;;0;0;0;0;"Estimées";;;"Non";;;;""
2017;11422;"2B";"2B177";"Noceta";"2017-07-27 09:56:00";20;;;;;;;;;;;"1";"Naturelle";;;;;""
2017;11494;"13";"13047";"Istres";"2017-07-27 16:29:00";5700;5700;0;;;;;;;;;"1";"Malveillance";;;;;""
2017;11433;"13";"13047";"Istres";"2017-07-27 16:45:00";10000;5000;5000;;;;;;;;;"1";"Malveillance";;;;;""
2017;17761;"33";"33336";"Préchac";"2017-07-27 18:43:00";150;150;;0;;;0;0;0;0;"Estimées";;"Involontaire (travaux)";"Non";;;;""
2017;11465;"06";"06083";"Menton";"2017-07-27 21:53:00";200;;200;;;;;;;;;"1";;;;;;""
2017;12127;"34";"34097";"Félines-Minervois";"2017-07-28 00:27:00";1;;;;;;;;;;;"1";"Malveillance";;;;;""
2017;12137;"34";"34097";"Félines-Minervois";"2017-07-28 00:29:00";2;;;;;;;;;;;;"Malveillance";;;;;""
2017;12136;"34";"34097";"Félines-Minervois";"2017-07-28 00:30:00";1;;1;;;;;;;;;"1";"Malveillance";;;;;""
2017;16099;"30";"30340";"Valliguières";"2017-07-28 00:45:00";10000;;;;;;;;;;;;;;;;;""
2017;11476;"30";"30302";"Saint-Victor-la-Coste";"2017-07-28 00:56:00";10000;;;;;;;;;;;;;;;;;""
2017;11475;"30";"30154";"Mandagout";"2017-07-28 02:32:00";500;;;;;;;;;;;;;;;;;""
2017;16100;"30";"30154";"Mandagout";"2017-07-28 02:32:00";1000;;;;;;;;;;;;;;;;;""
2017;7052;"11";"11318";"Roquecourbe-Minervois";"2017-07-28 07:37:00";8587;;;;;;;;;;;;;;;;;""
2017;11723;"83";"83095";"Pontevès";"2017-07-28 12:25:00";6000;6000;;;;;;;;;;"4";"Involontaire (particulier)";;;;;""
2017;12015;"05";"05023";"Briançon";"2017-07-28 12:59:00";8400;;;;;;;;;;;;"Involontaire (particulier)";;;;;""
2017;11811;"34";"34193";"Pardailhan";"2017-07-28 13:27:00";142;;142;;;;;;;;;"1";"Accidentelle";;;;;""
2017;7190;"2A";"2A254";"Quenza";"2017-07-28 13:29:00";15;;15;;;;;;;;;;"Involontaire (particulier)";;;;;""
2017;12091;"66";"66161";"Ria-Sirach";"2017-07-28 14:08:00";200;200;;;;;;;;;;"2";"Involontaire (particulier)";;;;;""
2017;11812;"34";"34116";"Grabels";"2017-07-28 14:39:00";68876;;68876;;;;;;;;;"1";"Malveillance";;;;;""
2017;11724;"83";"83068";"Grimaud";"2017-07-28 14:44:00";1000;1000;;;;;;;;;;"3";"Involontaire (particulier)";;;;;""
2017;523;"46";"46305";"Sérignac";"2017-07-28 15:38:00";10000;0;;10000;;;10000;0;0;0;"Estimées";;;;;;;""
2017;11726;"83";"83115";"Sainte-Maxime";"2017-07-28 16:49:00";6;6;;;;;;;;;;"3";"Involontaire (particulier)";;;;;""
2017;13525;"04";"04157";"Puimoisson";"2017-07-28 16:56:00";1300;;;;;;;;;;;;"Accidentelle";;;;;""
2017;11466;"06";"06148";"Tourrettes-sur-Loup";"2017-07-28 16:58:00";10;10;;;;;;;;;;"4";;;;;;""
2017;7053;"11";"11117";"Davejean";"2017-07-28 17:48:00";183295;2500;180795;;;;;;;;;;;;;;;""
2017;6697;"13";"13005";"Aubagne";"2017-07-28 18:07:00";5000;5000;;;;;;;;;;"1";"Malveillance";;;;;""
2017;11939;"2A";"2A017";"Appietto";"2017-07-28 18:38:00";3300;;3300;;;;;;;;;"1";;;;;;""
2017;7986;"11";"11098";"Conilhac-Corbières";"2017-07-28 18:43:00";10;;;;;;;;;;;;;;;;;""
2017;11772;"84";"84144";"Viens";"2017-07-28 20:11:00";1500;;;;;;;;;;;;;;;;;""
2017;17762;"33";"33329";"Pompéjac";"2017-07-28 21:54:00";2000;2000;;0;;;0;0;0;0;"Estimées";;;"Non";;;;""
2017;16111;"30";"30113";"Fons-sur-Lussan";"2017-07-28 22:43:00";500;;;;;;;;;;;;;;;;;""
2017;11467;"06";"06122";"Saint-Jeannet";"2017-07-28 22:58:00";90;90;;;;;;;;;;"4";"Accidentelle";;;;;""
2017;13115;"04";"04024";"Beaujeu";"2017-07-29 00:35:00";360;;;;;;;;;;;;"Malveillance";;;;;""
2017;12715;"07";"07133";"Larnas";"2017-07-29 02:21:00";5000;;5000;;;;;;;;;"1";;;;;;""
2017;13116;"04";"04206";"Sigonce";"2017-07-29 04:31:00";100;;;;;;;;;;;;"Malveillance";;;;;""
2017;1979;"47";"47119";"Houeillès";"2017-07-29 08:57:00";100;100;;0;;;0;;;0;;;"Naturelle";;;;;""
2017;7054;"11";"11315";"Rieux-Minervois";"2017-07-29 10:36:00";40;;;;;;;;;;;;;;;;;""
2017;11820;"34";"34136";"Lézignan-la-Cèbe";"2017-07-29 12:09:00";3488;;3488;;;;;;;;;"1";"Involontaire (travaux)";;;;;""
2017;11491;"13";"13022";"Cassis";"2017-07-29 13:48:00";400;400;;;;;;;;;;"1";"Involontaire (particulier)";;;;;""
2017;12096;"66";"66012";"Baho";"2017-07-29 14:39:00";10000;5000;5000;;;;;;;;;"4";"Involontaire (particulier)";;;;;""
2017;7056;"11";"11272";"Palaja";"2017-07-29 14:57:00";2479;;;;;;;;;;;;;;;;;""
2017;11823;"34";"34145";"Lunel";"2017-07-29 17:37:00";4259;;4259;;;;;;;;;"1";"Accidentelle";;;;;""
2017;11492;"13";"13005";"Aubagne";"2017-07-29 18:09:00";5000;4000;1000;;;;;;;;;"1";"Malveillance";;;;;""
2017;11940;"2A";"2A089";"Ciamannacce";"2017-07-29 22:12:00";50;;50;;;;;;;;;"1";"Malveillance";;;;;""
2017;13119;"04";"04068";"Dauphin";"2017-07-30 01:37:00";700;;;;;;;;;;;;"Malveillance";;;;;""
2017;856;"38";"38508";"Torchefelon";"2017-07-30 03:16:00";10000;0;;10000;;;10000;0;0;0;"Estimées";;;;;;;""
2017;13120;"04";"04024";"Beaujeu";"2017-07-30 03:36:00";80;;;;;;;;;;;;"Malveillance";;;;;""
2017;13121;"04";"04024";"Beaujeu";"2017-07-30 03:56:00";36;;;;;;;;;;;;"Malveillance";;;;;""
2017;13138;"04";"04088";"Forcalquier";"2017-07-30 04:13:00";500;;;;;;;;;;;;"Malveillance";;;;;""
2017;857;"38";"38553";"Villefontaine";"2017-07-30 12:14:00";200;0;;200;;;200;0;0;0;"Estimées";;;;;;;""
2017;12716;"07";"07104";"Issamoulenc";"2017-07-30 13:22:00";80000;;80000;;;;;;;;;"1";;;;;;""
2017;11826;"34";"34257";"Saint-Geniès-de-Varensal";"2017-07-30 15:40:00";1849;;1849;;;;;;;;;"1";"Malveillance";;;;;""
2017;1978;"47";"47121";"Labastide-Castel-Amouroux";"2017-07-30 17:53:00";11000;11000;;0;;;0;;;0;;;;;;;;""
2017;7057;"11";"11258";"Moussan";"2017-07-30 19:02:00";60;;;;;;;;;;;;;;;;;""
2017;11730;"83";"83057";"Flassans-sur-Issole";"2017-07-30 20:43:00";300;300;;;;;;;;;;"4";"Malveillance";;;;;""
2017;2979;"40";"40046";"Biscarrosse";"2017-07-30 21:57:00";500;500;;0;;;0;;;0;;;;;;;;""
2017;13145;"04";"04088";"Forcalquier";"2017-07-31 02:49:00";500;;;;;;;;;;;;"Malveillance";;;;;""
2017;13146;"04";"04018";"Banon";"2017-07-31 12:13:00";5000;;;;;;;;;;;;"Involontaire (travaux)";;;;;""
2017;11941;"2A";"2A215";"Pianottoli-Caldarello";"2017-07-31 14:05:00";20;;20;;;;;;;;;"1";;;;;;""
2017;7191;"2A";"2A001";"Afa";"2017-07-31 14:10:00";10;;10;;;;;;;;;;;;;;;""
2017;2978;"40";"40217";"Parentis-en-Born";"2017-07-31 14:54:00";1000;1000;;0;;;0;;;0;;;;;;;;""
2017;11828;"34";"34003";"Agde";"2017-07-31 15:02:00";25;;;;;;;;;;;;"Malveillance";;;;;""
2017;11645;"13";"13047";"Istres";"2017-07-31 15:25:00";58200;58200;0;;;;;;;;;"1";"Malveillance";;;;;""
2017;1173;"72";"72058";"Changé";"2017-07-31 15:32:00";40;40;;0;;;0;0;0;0;"Estimées";;;;;;;""
2017;11854;"84";"84140";"Vaugines";"2017-07-31 15:55:00";45400;16300;29100;;;;;;;;;"1";"Malveillance";;;;;""
2017;11830;"34";"34089";"Creissan";"2017-07-31 16:43:00";4972;;4972;;;;;;;;;"1";"Involontaire (particulier)";;;;;""
2017;7058;"11";"11322";"Roquefort-des-Corbières";"2017-07-31 16:55:00";20;;;;;;;;;;;;;;;;;""
2017;11646;"13";"13057";"Mas-Blanc-des-Alpilles";"2017-07-31 17:00:00";50600;600;;;;;;;;50000;;"1";;;;;;""
2017;12719;"07";"07086";"Étables";"2017-07-31 17:49:00";5000;5000;;;;;;;;;;"3";;;;;;""
2017;12130;"34";"34285";"Saint-Pons-de-Mauchiens";"2017-07-31 18:20:00";115;;115;;;;;;;;;"1";"Involontaire (particulier)";;;;;""
2017;11787;"83";"83148";"Vidauban";"2017-07-31 20:36:00";2000;2000;;;;;;;;;;"3";"Malveillance";;;;;""
2017;13564;"66";"66140";"Pézilla-la-Rivière";"2017-07-31 23:18:00";5000;5000;;;;;;;;;;"2";"Malveillance";;;;;""
2017;11788;"83";"83126";"La Seyne-sur-Mer";"2017-08-01 00:12:00";400;400;;;;;;;;;;"4";"Malveillance";;;;;""
2017;12055;"2B";"2B188";"Olmeta-di-Tuda";"2017-08-01 01:36:00";1000;;;;;;;;;;;"1";;;;;;""
2017;11833;"34";"34141";"La Livinière";"2017-08-01 02:10:00";912;;912;;;;;;;;;"1";"Malveillance";;;;;""
2017;7059;"11";"11068";"Capendu";"2017-08-01 02:34:00";100;;;;;;;;;;;;;;;;;""
2017;11861;"06";"06021";"Bonson";"2017-08-01 05:02:00";6350;6350;;;;;;;;;;"4";"Accidentelle";;;;;""
2017;12721;"07";"07082";"Dornas";"2017-08-01 06:42:00";300;300;;;;;;;;;;"4";;;;;;""
2017;12056;"2B";"2B188";"Olmeta-di-Tuda";"2017-08-01 08:36:00";9300;;;;;;;;;;;"1";"Malveillance";;;;;""
2017;11860;"06";"06029";"Cannes";"2017-08-01 11:37:00";2430;2430;;;;;;;;;;"3";;;;;;""
2017;11810;"13";"13047";"Istres";"2017-08-01 12:21:00";1000;500;500;;;;;;;;;"1";"Accidentelle";;;;;""
2017;11819;"13";"13001";"Aix-en-Provence";"2017-08-01 12:30:00";9000;4500;4500;;;;;;;;;"1";;;;;;""
2017;11843;"30";"30209";"Pujaut";"2017-08-01 12:44:00";10001;;;;;;;;;;;"1";"Malveillance";;;;;""
2017;11834;"83";"83063";"La Garde-Freinet";"2017-08-01 12:58:00";2;2;;;;;;;;;;"1";"Involontaire (particulier)";;;;;""
2017;12016;"05";"05172";"Trescléoux";"2017-08-01 13:02:00";2200;;;;;;;;;;;;"Accidentelle";;;;;""
2017;859;"38";"38100";"Le Cheylas";"2017-08-01 13:08:00";100;0;;50;;;50;0;50;50;"Estimées";;"Involontaire (travaux)";;;;;""
2017;860;"38";"38087";"Chasse-sur-Rhône";"2017-08-01 13:13:00";13000;0;;13000;;;13000;0;0;0;"Estimées";;;;;;;""
2017;11813;"13";"13059";"Meyrargues";"2017-08-01 13:19:00";29900;10000;19900;;;;;;;;;"1";;;;;;""
2017;2977;"40";"40246";"Sabres";"2017-08-01 13:43:00";40;40;;0;;;0;;;0;;;"Naturelle";;;;;""
2017;12541;"06";"06118";"Saint-Cézaire-sur-Siagne";"2017-08-01 14:11:00";427700;427330;;;;;;;;370;;"4";;;;;;""
2017;11942;"2A";"2A270";"Sari-d'Orcino";"2017-08-01 14:18:00";2850;;2850;;;;;;;;;"1";"Malveillance";;;;;""
2017;11815;"13";"13001";"Aix-en-Provence";"2017-08-01 14:32:00";138100;38100;100000;;;;;;;;;"1";"Involontaire (particulier)";;;;;""
2017;11816;"13";"13047";"Istres";"2017-08-01 14:50:00";725200;360000;365200;;;;;;;;;"1";"Malveillance";;;;;""
2017;11817;"13";"13048";"Jouques";"2017-08-01 14:50:00";1500;1500;;;;;;;;;;"1";"Accidentelle";;;;;""
2017;11842;"30";"30342";"Vénéjan";"2017-08-01 14:57:00";361188;;;;;;;;;;;"1";;;;;;""
2017;11809;"13";"13040";"Fuveau";"2017-08-01 15:00:00";50;50;;;;;;;;;;"1";"Accidentelle";;;;;""
2017;672;"12";"12270";"Sévérac d'Aveyron";"2017-08-01 16:25:00";5000;0;;5000;;;5000;0;0;0;"Estimées";;;;;;;""
2017;17765;"33";"33514";"Soulac-sur-Mer";"2017-08-01 17:06:00";1500;1500;;0;;;0;0;0;0;"Estimées";;;"Non";;;;""
2017;11835;"83";"83019";"Bormes-les-Mimosas";"2017-08-01 17:22:00";2;2;;;;;;;;;;"5";"Involontaire (travaux)";;;;;""
2017;12749;"07";"07280";"Saint-Paul-le-Jeune";"2017-08-01 19:32:00";8000;;8000;;;;;;;;;"1";;;;;;""
2017;12728;"07";"07256";"Saint-Julien-Labrousse";"2017-08-01 20:45:00";200;;200;;;;;;;;;;;;;;;""
2017;11943;"2A";"2A345";"Vero";"2017-08-02 02:38:00";500;;500;;;;;;;;;"1";"Malveillance";;;;;""
2017;11944;"2A";"2A017";"Appietto";"2017-08-02 12:27:00";610000;;610000;;;;;;;;;"1";"Malveillance";;;;;""
2017;11837;"13";"13060";"Meyreuil";"2017-08-02 12:59:00";100;100;;;;;;;;;;"1";"Malveillance";;;;;""
2017;11945;"2A";"2A001";"Afa";"2017-08-02 13:23:00";57635;;57635;;;;;;;;;"1";"Malveillance";;;;;""
2017;16501;"66";"66096";"Latour-de-France";"2017-08-02 13:28:00";5000;2000;3000;;;;;;;;;"2";"Malveillance";;;;;""
2017;12057;"2B";"2B185";"Oletta";"2017-08-02 14:40:00";10;;;;;;;;;;;"1";;;;;;""
2017;16502;"66";"66049";"Céret";"2017-08-02 14:45:00";200;200;;;;;;;;;;"3";"Involontaire (particulier)";;;;;""
2017;11838;"13";"13023";"Ceyreste";"2017-08-02 14:54:00";150;50;100;;;;;;;;;"1";;;;;;""
2017;861;"38";"38171";"La Forteresse";"2017-08-02 15:05:00";300;0;;300;;;300;0;0;0;"Estimées";;;;;;;""
2017;7192;"2A";"2A200";"Palneca";"2017-08-02 15:48:00";1855000;850000;1000000;;;;;;;5000;;;"Malveillance";;;;;""
2017;12762;"07";"07126";"Lagorce";"2017-08-02 17:12:00";5000;5000;;;;;;;;;;"3";;;;;;""
2017;1274;"87";"87013";"Bersac-sur-Rivalier";"2017-08-02 18:05:00";10000;10000;;0;;;0;0;0;0;"Estimées";;;;;;;""
2017;11845;"30";"30297";"Saint-Sauveur-Camprieu";"2017-08-02 18:30:00";501;;;;;;;;;;;"1";"Malveillance";;;;;""
2017;11841;"13";"13063";"Miramas";"2017-08-02 18:40:00";300;150;150;;;;;;;;;"1";"Malveillance";;;;;""
2017;11844;"30";"30223";"Rousson";"2017-08-02 21:52:00";1000;;;;;;;;;;;;;;;;;""
2017;12138;"34";"34226";"Quarante";"2017-08-03 01:07:00";120;;120;;;;;;;;;"1";"Malveillance";;;;;""
2017;12139;"34";"34226";"Quarante";"2017-08-03 01:12:00";94;;94;;;;;;;;;"1";"Malveillance";;;;;""
2017;12140;"34";"34226";"Quarante";"2017-08-03 01:17:00";62;;62;;;;;;;;;"1";"Malveillance";;;;;""
2017;11946;"2A";"2A181";"Ocana";"2017-08-03 02:01:00";20000;;20000;;;;;;;;;;;;;;;""
2017;673;"12";"12270";"Sévérac d'Aveyron";"2017-08-03 02:08:00";150;0;;150;;;150;0;0;0;"Estimées";;;;;;;""
2017;12773;"07";"07344";"Vinzieux";"2017-08-03 05:45:00";150;150;;;;;;;;;;"3";;;;;;""
2017;529;"17";"17297";"Rivedoux-Plage";"2017-08-03 06:49:00";350;350;;0;;;0;0;0;0;"Estimées";;;;;;;""
2017;7194;"2A";"2A085";"Cauro";"2017-08-03 10:13:00";5000;;5000;;;;;;;;;;;;;;;""
2017;12542;"06";"06101";"Rigaud";"2017-08-03 11:02:00";89033;89033;;;;;;;;;;"3";"Involontaire (travaux)";;;;;""
2017;13712;"83";"83086";"Le Muy";"2017-08-03 12:28:00";500;500;;;;;;;;;;"4";"Involontaire (particulier)";;;;;""
2017;11865;"06";"06116";"Saint-Auban";"2017-08-03 12:34:00";3450;3450;;;;;;;;;;"3";"Involontaire (particulier)";;;;;""
2017;11857;"13";"13087";"Rousset";"2017-08-03 12:42:00";500;;250;;;;;;;250;;"1";"Accidentelle";;;;;""
2017;11858;"13";"13032";"Éguilles";"2017-08-03 13:42:00";500;500;0;;;;;;;;;"1";"Accidentelle";;;;;""
2017;12060;"2B";"2B185";"Oletta";"2017-08-03 13:51:00";35600;;;;;;;;;;;"1";"Involontaire (particulier)";;;;;""
2017;12061;"2B";"2B039";"Bisinchi";"2017-08-03 14:48:00";500;;;;;;;;;;;"1";;;;;;""
2017;12768;"07";"07341";"Villeneuve-de-Berg";"2017-08-03 16:20:00";10000;;10000;;;;;;;;;"1";;;;;;""
2017;7195;"2A";"2A085";"Cauro";"2017-08-03 16:56:00";1;;1;;;;;;;;;;"Involontaire (travaux)";;;;;""
2017;11979;"83";"83066";"Ginasservis";"2017-08-03 17:12:00";150;150;;;;;;;;;;"3";"Malveillance";;;;;""
2017;11856;"13";"13092";"Saint-Chamas";"2017-08-03 19:26:00";500;500;;;;;;;;;;"1";;;;;;""
2017;11859;"13";"13056";"Martigues";"2017-08-03 23:52:00";500;500;;;;;;;;;;"1";;;;;;""
2017;11974;"34";"34141";"La Livinière";"2017-08-03 23:58:00";402;;402;;;;;;;;;"1";"Malveillance";;;;;""
2017;7060;"11";"11099";"Conques-sur-Orbiel";"2017-08-04 00:45:00";350;;;;;;;;;;;;;;;;;""
2017;16506;"66";"66046";"Caudiès-de-Fenouillèdes";"2017-08-04 00:53:00";8000;8000;;;;;;;;;;"3";"Malveillance";;;;;""
2017;526;"81";"81209";"Pont-de-Larn";"2017-08-04 03:38:00";6000;0;;6000;;;6000;0;0;0;"Estimées";;;;;;;""
2017;11947;"2A";"2A004";"Ajaccio";"2017-08-04 11:57:00";50000;;50000;;;;;;;;;"1";"Involontaire (particulier)";;;;;""
2017;674;"12";"12291";"Verrières";"2017-08-04 12:06:00";200;0;;200;;;200;0;0;0;"Estimées";;;;;;;""
2017;675;"12";"12291";"Verrières";"2017-08-04 12:06:00";200;0;;200;;;200;0;0;0;"Estimées";;;;;;;""
2017;12143;"34";"34158";"Minerve";"2017-08-04 14:16:00";242;;242;;;;;;;;;"1";"Involontaire (particulier)";;;;;""
2017;11984;"83";"83125";"Seillons-Source-d'Argens";"2017-08-04 14:35:00";200;200;;;;;;;;;;"5";"Involontaire (travaux)";;;;;""
2017;2976;"40";"40192";"Mont-de-Marsan";"2017-08-04 15:15:00";500;500;;0;;;0;;;0;;;;;;;;""
2017;7196;"2A";"2A345";"Vero";"2017-08-04 15:40:00";1;;1;;;;;;;;;;"Involontaire (travaux)";;;;;""
2017;2975;"40";"40184";"Mimizan";"2017-08-04 15:46:00";50;50;;0;;;0;;;0;;;;;;;;""
2017;11964;"13";"13032";"Éguilles";"2017-08-04 16:44:00";3000;3000;;;;;;;;;;"1";"Accidentelle";;;;;""
2017;16508;"66";"66093";"Laroque-des-Albères";"2017-08-04 16:44:00";2000;500;1500;;;;;;;;;"2";"Malveillance";;;;;""
2017;12543;"06";"06126";"Saint-Martin-du-Var";"2017-08-04 18:15:00";25;25;;;;;;;;;;"4";"Naturelle";;;;;""
2017;11923;"30";"30060";"Caissargues";"2017-08-04 19:12:00";200;;;;;;;;;;;;;;;;;""
2017;11991;"34";"34172";"Montpellier";"2017-08-04 21:26:00";150;;;;;;;;;;;;"Involontaire (particulier)";;;;;""
2017;11982;"13";"13005";"Aubagne";"2017-08-04 23:00:00";50;;;;;;;;;;;"1";"Malveillance";;;;;""
2017;11994;"34";"34017";"Aumes";"2017-08-05 00:55:00";38080;28080;10000;;;;;;;;;"4";"Malveillance";;;;;""
2017;11970;"13";"13010";"Barbentane";"2017-08-05 03:45:00";50;50;;;;;;;;;;"1";"Malveillance";;;;;""
2017;11949;"2A";"2A345";"Vero";"2017-08-05 10:36:00";28000;;28000;;;;;;;;;"1";"Malveillance";;;;;""
2017;12049;"26";"26065";"Chabrillan";"2017-08-05 11:18:00";1000;500;500;;;;;;;;;"5";"Accidentelle";;;;;""
2017;11950;"2A";"2A017";"Appietto";"2017-08-05 11:20:00";22000;;22000;;;;;;;;;"1";"Malveillance";;;;;""
2017;7197;"2A";"2A004";"Ajaccio";"2017-08-05 12:29:00";650;;650;;;;;;;;;"1";"Involontaire (travaux)";;;;;""
2017;677;"12";"12154";"Montlaur";"2017-08-05 14:09:00";20;0;;20;;;20;0;0;0;"Estimées";;;;;;;""
2017;11973;"13";"13032";"Éguilles";"2017-08-05 15:14:00";500;;;;;;;;;;;"1";"Accidentelle";;;;;""
2017;16755;"48";"48096";"Meyrueis";"2017-08-05 15:37:00";147400;3600;143800;;;;;;;;;"1";"Malveillance";;;;;""
2017;13932;"2A";"2A330";"Ucciani";"2017-08-05 17:35:00";60;;60;;;;;;;;;"1";"Malveillance";;;;;""
2017;12071;"2B";"2B049";"Calenzana";"2017-08-05 17:42:00";1245584;;1200000;;;;;;;45584;;"1";"Malveillance";;;;;""
2017;11997;"34";"34181";"Neffiès";"2017-08-05 17:47:00";57370;30000;27370;;;;;;;;;"2";"Involontaire (particulier)";;;;;""
2017;864;"38";"38425";"Saint-Maurice-l'Exil";"2017-08-05 17:48:00";300;0;;300;;;300;0;0;0;"Estimées";;;;;;;""
2017;11993;"83";"83019";"Bormes-les-Mimosas";"2017-08-05 17:50:00";2;2;;;;;;;;;;"5";"Involontaire (travaux)";;;;;""
2017;11996;"83";"83114";"Saint-Martin-de-Pallières";"2017-08-05 17:55:00";200;200;;;;;;;;;;"5";"Involontaire (travaux)";;;;;""
2017;2973;"40";"40181";"Messanges";"2017-08-05 18:07:00";2;2;;0;;;0;;;0;;;;;;;;""
2017;546;"81";"81105";"Graulhet";"2017-08-05 20:31:00";100;0;;100;;;100;0;0;0;"Estimées";;;;;;;""
2017;12006;"83";"83069";"Hyères";"2017-08-05 21:03:00";250;250;;;;;;;;;;"1";"Malveillance";;;;;""
2017;11998;"34";"34144";"Lunas";"2017-08-05 22:37:00";200;;;;;;;;;;;;"Naturelle";;;;;""
2017;13529;"04";"04049";"Château-Arnoux-Saint-Auban";"2017-08-06 02:54:00";250;;;;;;;;;;;;"Involontaire (particulier)";;;;;""
2017;11976;"13";"13030";"Cuges-les-Pins";"2017-08-06 03:45:00";100;100;;;;;;;;;;"1";"Naturelle";;;;;""
2017;7061;"11";"11170";"Gruissan";"2017-08-06 05:37:00";2;;;;;;;;;;;;;;;;;""
2017;12544;"06";"06129";"Saint-Sauveur-sur-Tinée";"2017-08-06 05:53:00";40;;;;;;;;;;;"4";"Naturelle";;;;;""
2017;11977;"13";"13058";"Maussane-les-Alpilles";"2017-08-06 06:30:00";6000;6000;;;;;;;;;;"1";"Naturelle";;;;;""
2017;11971;"13";"13017";"Boulbon";"2017-08-06 06:39:00";500;;;;;;;;;;;"1";"Naturelle";;;;;""
2017;7062;"11";"11170";"Gruissan";"2017-08-06 06:42:00";311;;;;;;;;;;;;;;;;;""
2017;13156;"04";"04176";"Sainte-Croix-du-Verdon";"2017-08-06 09:27:00";20;;;;;;;;;;;;"Naturelle";;;;;""
2017;13157;"04";"04124";"Montagnac-Montpezat";"2017-08-06 09:43:00";2;;;;;;;;;;;;"Naturelle";;;;;""
2017;12008;"83";"83050";"Draguignan";"2017-08-06 10:12:00";150;150;;;;;;;;;;"5";"Naturelle";;;;;""
2017;12358;"30";"30105";"Dourbies";"2017-08-06 11:17:00";300;;;;;;;;;;;;;;;;;""
2017;13163;"04";"04206";"Sigonce";"2017-08-06 11:53:00";10;;;;;;;;;;;;"Naturelle";;;;;""
2017;1965;"47";"47152";"Lougratte";"2017-08-06 12:17:00";100;100;;0;;;0;;;0;;;;;;;;""
2017;13165;"04";"04121";"Mézel";"2017-08-06 13:46:00";10;;;;;;;;;;;;"Naturelle";;;;;""
2017;12012;"13";"13015";"Bouc-Bel-Air";"2017-08-06 13:55:00";330;330;;;;;;;;;;"1";;;;;;""
2017;7199;"2A";"2A017";"Appietto";"2017-08-06 14:12:00";1;;1;;;;;;;;;;"Involontaire (travaux)";;;;;""
2017;12013;"13";"13008";"Aurons";"2017-08-06 15:08:00";100;100;;;;;;;;;;"1";;;;;;""
2017;1291;"87";"87130";"Roziers-Saint-Georges";"2017-08-06 15:23:00";2000;2000;;0;;;0;0;0;0;"Estimées";;;;;;;""
2017;12545;"06";"06120";"Saint-Étienne-de-Tinée";"2017-08-06 15:48:00";390;;390;;;;;;;;;"1";"Naturelle";;;;;""
2017;12359;"30";"30334";"Uzès";"2017-08-06 16:45:00";1000;;;;;;;;;;;;;;;;;""
2017;12361;"30";"30174";"Montaren-et-Saint-Médiers";"2017-08-06 16:58:00";500;;;;;;;;;;;;;;;;;""
2017;12547;"06";"06153";"Valdeblore";"2017-08-06 17:11:00";50;50;;;;;;;;;;"4";"Naturelle";;;;;""
2017;12362;"30";"30105";"Dourbies";"2017-08-06 17:17:00";37162;;;;;;;;;;;"1";;;;;;""
2017;12014;"13";"13032";"Éguilles";"2017-08-06 17:50:00";15000;5000;10000;;;;;;;;;"1";;;;;;""
2017;17775;"33";"33539";"Vayres";"2017-08-06 19:08:00";3000;1000;;0;;;0;;;2000;"Estimées";;;"Non";;;;"Données partielles ou non valides"
2017;12190;"84";"84073";"Ménerbes";"2017-08-06 19:22:00";1000;;;;;;;;;;;;"Naturelle";;;;;""
2017;12783;"07";"07155";"Mercuer";"2017-08-06 19:46:00";2000;2000;;;;;;;;;;"4";;;;;;""
2017;7063;"11";"11206";"Limoux";"2017-08-06 20:17:00";350;;;;;;;;;;;;;;;;;""
2017;1098;"32";"32162";"Jegun";"2017-08-06 20:44:00";20000;0;;20000;;;20000;0;0;0;"Estimées";;;;;;;""
2017;17776;"33";"33449";"Saint-Médard-en-Jalles";"2017-08-06 21:41:00";200;200;;0;;;0;0;0;0;"Estimées";;;"Non";;;;""
2017;12857;"07";"07042";"Bourg-Saint-Andéol";"2017-08-07 00:34:00";10000;;10000;;;;;;;;;"1";"Accidentelle";;;;;""
2017;12147;"34";"34097";"Félines-Minervois";"2017-08-07 03:30:00";2899;2899;;;;;;;;;;"2";"Malveillance";;;;;""
2017;866;"38";"38136";"Crachier";"2017-08-07 11:02:00";400;0;;400;;;400;0;0;0;"Estimées";;;;;;;""
2017;550;"43";"43268";"Yssingeaux";"2017-08-07 11:48:00";4000;4000;;0;;;0;0;0;0;"Estimées";;;;;;;""
2017;16524;"66";"66014";"Baixas";"2017-08-07 13:27:00";180000;120000;60000;;;;;;;;;"4";"Involontaire (travaux)";;;;;""
2017;12182;"84";"84023";"Buoux";"2017-08-07 15:15:00";900;900;;;;;;;;;;"2";"Naturelle";;;;;""
2017;1099;"32";"32467";"Saint-Caprais";"2017-08-07 15:52:00";30500;0;;500;;;500;0;30000;30000;"Estimées";;;;;;;""
2017;6759;"13";"13005";"Aubagne";"2017-08-07 17:05:00";700;350;350;;;;;;;;;"1";"Malveillance";;;;;""
2017;12099;"13";"13005";"Aubagne";"2017-08-07 17:16:00";900;400;500;;;;;;;;;"1";"Malveillance";;;;;""
2017;7200;"2A";"2A004";"Ajaccio";"2017-08-07 18:20:00";1;;1;;;;;;;;;;"Involontaire (travaux)";;;;;""
2017;869;"38";"38069";"Champier";"2017-08-07 18:26:00";5000;0;;5000;;;5000;0;0;0;"Estimées";;;;;;;""
2017;13097;"34";"34304";"Soubès";"2017-08-07 18:44:00";161;;161;;;;;;;;;"1";"Malveillance";;;;;""
2017;1984;"47";"47092";"Fals";"2017-08-07 22:01:00";500;500;;0;;;0;;;0;;;;;;;;""
2017;12073;"2B";"2B150";"Lumio";"2017-08-08 03:38:00";5000;;;;;;;;;;;"1";;;;;;""
2017;12229;"2B";"2B036";"Bigorno";"2017-08-08 08:49:00";30;;;;;;;;;;;"1";"Accidentelle";;;;;""
2017;13169;"04";"04179";"Saint-Geniez";"2017-08-08 10:07:00";12;;;;;;;;;;;;"Naturelle";;;;;""
2017;1259;"36";"36034";"Chabris";"2017-08-08 11:02:00";1000;0;;1000;;;1000;0;0;0;"Estimées";;;;;;;""
2017;17780;"33";"33449";"Saint-Médard-en-Jalles";"2017-08-08 13:42:00";1000;1000;;0;;;0;0;0;0;"Estimées";;"Naturelle";"Non";;;;""
2017;13098;"34";"34069";"Cazouls-lès-Béziers";"2017-08-08 14:06:00";338;;338;;;;;;;;;"1";"Malveillance";;;;;""
2017;17782;"33";"33019";"Audenge";"2017-08-08 15:18:00";1000;1000;;0;;;0;0;0;0;"Estimées";;"Naturelle";"Non";;;;""
2017;16531;"66";"66231";"Vingrau";"2017-08-08 15:31:00";10000;10000;;;;;;;;;;"4";"Malveillance";;;;;""
2017;2969;"40";"40310";"Soustons";"2017-08-08 15:49:00";4;4;;0;;;0;;;0;;;"Involontaire (particulier)";;;;;""
2017;12171;"13";"13005";"Aubagne";"2017-08-08 16:10:00";800;800;;;;;;;;;;"1";"Malveillance";;;;;""
2017;17783;"33";"33115";"Cazalis";"2017-08-08 16:41:00";5500;5500;;0;;;0;0;0;0;"Estimées";;;"Non";;;;""
2017;12172;"13";"13024";"Charleval";"2017-08-08 17:00:00";50;50;;;;;;;;;;"1";"Naturelle";;;;;""
2017;16532;"66";"66212";"Torreilles";"2017-08-08 18:54:00";10000;;10000;;;;;;;;;"1";;;;;;""
2017;12489;"34";"34285";"Saint-Pons-de-Mauchiens";"2017-08-09 11:32:00";1965100;270000;1660000;;;;;;;35100;;"1";"Involontaire (travaux)";;;;;""
2017;13171;"04";"04039";"Castellane";"2017-08-09 12:31:00";700;;;;;;;;;;;;"Naturelle";;;;;""
2017;12490;"34";"34123";"Juvignac";"2017-08-09 13:40:00";12140;;7140;;;;;;;5000;;"1";"Involontaire (travaux)";;;;;""
2017;12237;"83";"83135";"Tavernes";"2017-08-09 14:09:00";300;300;;;;;;;;;;"4";"Naturelle";;;;;""
2017;12263;"13";"13094";"Saint-Étienne-du-Grès";"2017-08-09 14:30:00";10;10;;;;;;;;;;"1";"Malveillance";;;;;""
2017;12363;"30";"30032";"Beaucaire";"2017-08-09 14:31:00";200000;;;;;;;;;;;;;;;;;""
2017;6760;"13";"13017";"Boulbon";"2017-08-09 15:39:00";10;10;;;;;;;;;;"1";"Naturelle";;;;;""
2017;12548;"06";"06136";"Sospel";"2017-08-09 15:43:00";4550;4550;;;;;;;;;;"3";"Malveillance";;;;;""
2017;13933;"2A";"2A006";"Alata";"2017-08-09 17:13:00";10000;;10000;;;;;;;;;"1";"Malveillance";;;;;""
2017;7201;"2A";"2A017";"Appietto";"2017-08-09 21:22:00";100;;100;;;;;;;;;"1";"Malveillance";;;;;""
2017;12269;"13";"13055";"Marseille";"2017-08-10 03:20:00";10000;10000;;;;;;;;;;"1";;;;;;""
2017;12235;"30";"30133";"Le Grau-du-Roi";"2017-08-10 11:43:00";120000;;;;;;;;;;;;;;;;;""
2017;17786;"33";"33465";"Saint-Pierre-de-Mons";"2017-08-10 14:51:00";2000;2000;;0;;;0;0;0;0;"Estimées";;"Accidentelle";"Non";;;;""
2017;16550;"66";"66012";"Baho";"2017-08-10 15:18:00";10000;5000;5000;;;;;;;;;"4";"Malveillance";;;;;""
2017;16553;"66";"66030";"Calce";"2017-08-10 15:38:00";300;;300;;;;;;;;;"2";"Involontaire (particulier)";;;;;""
2017;12259;"13";"13077";"Port-de-Bouc";"2017-08-10 18:17:00";336300;254000;;;;;;;;82300;;"1";"Malveillance";;;;;""
2017;16587;"66";"66016";"Banyuls-sur-Mer";"2017-08-10 19:04:00";800;800;;;;;;;;;;"4";"Involontaire (particulier)";;;;;""
2017;16589;"66";"66214";"Tresserre";"2017-08-10 20:29:00";300;300;;;;;;;;;;"3";"Malveillance";;;;;""
2017;16590;"66";"66058";"Corneilla-la-Rivière";"2017-08-10 20:42:00";10000;10000;;;;;;;;;;"4";"Malveillance";;;;;""
2017;12246;"83";"83034";"Carqueiranne";"2017-08-10 21:24:00";15;15;;;;;;;;;;"4";"Malveillance";;;;;""
2017;13571;"2B";"2B178";"Nonza";"2017-08-11 00:45:00";16170000;360000;15370000;;;;;;;440000;;"1";"Malveillance";;;;;""
2017;6761;"13";"13071";"Les Pennes-Mirabeau";"2017-08-11 06:42:00";200;200;;;;;;;;;;"1";"Accidentelle";;;;;""
2017;12506;"34";"34016";"Aumelas";"2017-08-11 06:44:00";33890;33890;;;;;;;;;;"1";"Malveillance";;;;;""
2017;13175;"04";"04171";"Rougon";"2017-08-11 08:17:00";135600;;;;;;;;;;;;"Accidentelle";;;;;""
2017;12517;"34";"34336";"Villeneuve-lès-Béziers";"2017-08-11 09:53:00";43600;;;;;;;;;;;;"Involontaire (particulier)";;;;;""
2017;12685;"2B";"2B277";"Serra-di-Fiumorbo";"2017-08-11 11:29:00";50000;;50000;;;;;;;;;"1";"Malveillance";;;;;""
2017;16595;"66";"66069";"Espira-de-l'Agly";"2017-08-11 11:35:00";1000;1000;;;;;;;;;;"4";"Malveillance";;;;;""
2017;13471;"13";"13108";"Tarascon";"2017-08-11 11:42:00";30000;15000;15000;;;;;;;;;"1";"Involontaire (travaux)";;;;;""
2017;12686;"2B";"2B116";"Focicchia";"2017-08-11 12:19:00";21530;;21530;;;;;;;;;"1";"Malveillance";;;;;""
2017;649;"17";"17286";"Les Portes-en-Ré";"2017-08-11 13:33:00";2500;2500;;0;;;0;0;0;0;"Estimées";;;;;;;""
2017;13575;"2B";"2B153";"Manso";"2017-08-11 15:10:00";1090000;1090000;;;;;;;;;;"4";"Naturelle";;;;;""
2017;16602;"66";"66205";"Tautavel";"2017-08-11 15:31:00";5202;5000;202;;;;;;;;;"4";"Malveillance";;;;;""
2017;13937;"2A";"2A345";"Vero";"2017-08-11 16:51:00";8000;;8000;;;;;;;;;"1";"Malveillance";;;;;""
2017;13349;"84";"84084";"La Motte-d'Aigues";"2017-08-11 17:39:00";660000;;;;;;;;;;;"4";"Malveillance";;;;;""
2017;13177;"04";"04211";"Sourribes";"2017-08-11 17:41:00";1400;;;;;;;;;;;;"Naturelle";;;;;""
2017;7064;"11";"11067";"Canet";"2017-08-11 19:51:00";4673;;;;;;;;;;;;;;;;;""
2017;13938;"2A";"2A006";"Alata";"2017-08-11 21:18:00";100;;100;;;;;;;;;;;;;;;""
2017;13472;"13";"13028";"La Ciotat";"2017-08-12 00:51:00";11000;11000;;;;;;;;;;"1";"Accidentelle";;;;;""
2017;13530;"04";"04088";"Forcalquier";"2017-08-12 01:39:00";1300;;;;;;;;;;;;"Malveillance";;;;;""
2017;13532;"04";"04241";"Villemus";"2017-08-12 02:55:00";10;;;;;;;;;;;;"Malveillance";;;;;""
2017;13533;"04";"04160";"Reillanne";"2017-08-12 03:16:00";4;;4;;;;;;;;;"1";"Malveillance";;;;;""
2017;16605;"66";"66162";"Rigarda";"2017-08-12 11:48:00";10000;10000;;;;;;;;;;"2";"Malveillance";;;;;""
2017;12646;"83";"83019";"Bormes-les-Mimosas";"2017-08-12 12:29:00";2;2;;;;;;;;;;"5";"Involontaire (travaux)";;;;;""
2017;12425;"30";"30081";"Chusclan";"2017-08-12 12:43:00";194649;;;;;;;;;;;"4";"Involontaire (travaux)";;;;;""
2017;13473;"13";"13081";"Rognac";"2017-08-12 13:18:00";2000;1000;1000;;;;;;;;;"1";"Accidentelle";;;;;""
2017;12860;"07";"07331";"Vals-les-Bains";"2017-08-12 17:38:00";1500;;1500;;;;;;;;;"1";"Accidentelle";;;;;""
2017;7065;"11";"11095";"Comigne";"2017-08-12 18:12:00";1098;;;;;;;;;;;;;;;;;""
2017;7067;"11";"11202";"Leucate";"2017-08-12 20:38:00";693;;;;;;;;;;;;;;;;;""
2017;12428;"30";"30334";"Uzès";"2017-08-12 21:02:00";30000;;;;;;;;;;;;;;;;;""
2017;12549;"06";"06135";"Sigale";"2017-08-12 23:43:00";4470;4470;;;;;;;;;;"5";"Involontaire (particulier)";;;;;""
2017;12864;"07";"07038";"Borne";"2017-08-13 07:01:00";4000;4000;;;;;;;;;;"4";"Naturelle";;;;;""
2017;16613;"66";"66030";"Calce";"2017-08-13 07:44:00";500;;500;;;;;;;;;"1";"Malveillance";;;;;""
2017;13207;"04";"04192";"Saint-Michel-l'Observatoire";"2017-08-13 11:21:00";1800;;;;;;;;;;;;;;;;;""
2017;12699;"2B";"2B148";"Lucciana";"2017-08-13 12:30:00";300;;300;;;;;;;;;"1";;;;;;""
2017;12861;"07";"07318";"Tauriers";"2017-08-13 14:04:00";3000;3000;;;;;;;;;;"4";;;;;;""
2017;13350;"84";"84050";"Gordes";"2017-08-13 16:04:00";180300;180300;;;;;;;;;;"5";"Accidentelle";;;;;""
2017;13496;"06";"06077";"Lucéram";"2017-08-13 16:35:00";1320760;1020760;300000;;;;;;;;;"3";"Involontaire (particulier)";;;;;""
2017;870;"38";"38253";"Mont-de-Lans";"2017-08-13 16:40:00";10000;0;;10000;;;10000;0;0;0;"Estimées";;;;;;;""
2017;2967;"40";"40167";"Luxey";"2017-08-13 16:47:00";50;50;;0;;;0;;;0;;;;;;;;""
2017;13211;"04";"04070";"Digne-les-Bains";"2017-08-13 20:47:00";190;;;;;;;;;;;;"Malveillance";;;;;""
2017;16621;"66";"66141";"Pia";"2017-08-14 00:20:00";2250;1000;1250;;;;;;;;;"4";"Malveillance";;;;;""
2017;12652;"83";"83133";"Tanneron";"2017-08-14 04:48:00";1200;1200;;;;;;;;;;"3";"Malveillance";;;;;""
2017;17206;"66";"66205";"Tautavel";"2017-08-14 04:55:00";300;300;;;;;;;;;;"4";"Accidentelle";;;;;""
2017;17795;"33";"33029";"Le Barp";"2017-08-14 07:43:00";10;10;;0;;;0;0;0;0;"Estimées";;;"Non";;;;""
2017;16624;"66";"66078";"Fillols";"2017-08-14 10:41:00";100;;100;;;;;;;;;"1";;;;;;""
2017;16150;"30";"30303";"Saint-Victor-de-Malcap";"2017-08-14 12:15:00";3000;;;;;;;;;;;;;;;;;""
2017;13475;"13";"13056";"Martigues";"2017-08-14 12:52:00";1500;500;1000;;;;;;;;;"1";;;;;;""
2017;13476;"13";"13015";"Bouc-Bel-Air";"2017-08-14 13:08:00";100;50;50;;;;;;;;;"1";;;;;;""
2017;12563;"34";"34116";"Grabels";"2017-08-14 13:23:00";53;;53;;;;;;;;;"1";"Malveillance";;;;;""
2017;679;"12";"12295";"Viala-du-Pas-de-Jaux";"2017-08-14 14:33:00";20000;0;;20000;;;20000;0;0;0;"Estimées";;;;;;;""
2017;2966;"40";"40217";"Parentis-en-Born";"2017-08-14 14:56:00";19000;19000;;0;;;0;;;0;;;;;;;;""
2017;13477;"13";"13005";"Aubagne";"2017-08-14 16:03:00";100;50;50;;;;;;;;;"1";"Malveillance";;;;;""
2017;16629;"66";"66160";"Reynès";"2017-08-14 17:11:00";1300;1300;;;;;;;;;;"2";"Malveillance";;;;;""
2017;1955;"47";"47237";"Sainte-Colombe-de-Villeneuve";"2017-08-14 17:16:00";50;50;;0;;;0;;;0;;;;;;;;""
2017;12568;"34";"34172";"Montpellier";"2017-08-14 18:22:00";2118;;2118;;;;;;;;;"1";"Involontaire (particulier)";;;;;""
2017;606;"43";"43155";"Prades";"2017-08-14 22:06:00";50000;0;;50000;;;50000;0;0;0;"Estimées";;"Involontaire (particulier)";;;;;""
2017;17800;"33";"33244";"Lignan-de-Bazas";"2017-08-15 00:03:00";10;10;;0;;;0;0;0;0;"Estimées";;"Naturelle";"Non";;;;""
2017;2305;"24";"24415";"Saint-Géraud-de-Corps";"2017-08-15 02:23:00";90000;90000;;0;;;0;;;0;;;;;;;;""
2017;17801;"33";"33487";"Saint-Vincent-de-Paul";"2017-08-15 03:07:00";50;50;;0;;;0;0;0;0;"Estimées";;"Accidentelle";"Non";;;;""
2017;13534;"04";"04087";"Fontienne";"2017-08-15 03:11:00";220;;;;;;;;;;;;"Malveillance";;;;;""
2017;2965;"40";"40135";"Labrit";"2017-08-15 03:30:00";200;200;;0;;;0;;;0;;;"Naturelle";;;;;""
2017;13536;"04";"04206";"Sigonce";"2017-08-15 05:07:00";420;;;;;;;;;;;;"Malveillance";;;;;""
2017;17802;"33";"33555";"Marcheprime";"2017-08-15 06:48:00";20;20;;0;;;0;0;0;0;"Estimées";;"Naturelle";"Non";;;;""
2017;13939;"2A";"2A308";"Sainte-Lucie-de-Tallano";"2017-08-15 11:42:00";1300000;;1300000;;;;;;;;;;"Malveillance";;;;;""
2017;7202;"2A";"2A272";"Sartène";"2017-08-15 11:46:00";2;;2;;;;;;;;;"1";"Malveillance";;;;;""
2017;7203;"2A";"2A018";"Arbellara";"2017-08-15 12:03:00";300;;300;;;;;;;;;"1";"Malveillance";;;;;""
2017;17803;"33";"33144";"Cudos";"2017-08-15 13:09:00";700;700;;0;;;0;0;0;0;"Estimées";;"Naturelle";"Non";;;;""
2017;12579;"34";"34196";"Pégairolles-de-l'Escalette";"2017-08-15 13:35:00";10300;10300;;;;;;;;;;"3";"Accidentelle";;;;;""
2017;603;"49";"49100";"Cizay-la-Madeleine";"2017-08-15 14:00:00";10000;10000;;0;;;0;0;0;0;"Estimées";;;;;;;""
2017;12558;"30";"30258";"Saint-Gilles";"2017-08-15 16:00:00";100000;;;;;;;;;;;;"Involontaire (travaux)";;;;;""
2017;2963;"40";"40319";"Trensacq";"2017-08-15 16:04:00";5000;5000;;0;;;0;;;0;;;"Naturelle";;;;;""
2017;16634;"66";"66100";"Llo";"2017-08-15 16:13:00";200;;200;;;;;;;;;"1";"Naturelle";;;;;""
2017;17804;"33";"33115";"Cazalis";"2017-08-15 16:37:00";100;100;;0;;;0;0;0;0;"Estimées";;;"Non";;;;""
2017;2962;"40";"40307";"Sore";"2017-08-15 17:23:00";8056;8056;;0;;;0;;;0;;;;;;;;""
2017;2961;"40";"40135";"Labrit";"2017-08-15 18:13:00";10000;10000;;0;;;0;;;0;;;"Naturelle";;;;;""
2017;7068;"11";"11156";"Fraisse-Cabardès";"2017-08-15 18:55:00";100;;;;;;;;;;;;;;;;;""
2017;13218;"04";"04022";"Barrême";"2017-08-16 12:09:00";6200;;;;;;;;;;;;"Involontaire (particulier)";;;;;""
2017;17805;"33";"33529";"La Teste-de-Buch";"2017-08-16 12:23:00";200;200;;0;;;0;0;0;0;"Estimées";;"Naturelle";"Non";;;;""
2017;13122;"83";"83051";"Entrecasteaux";"2017-08-16 12:33:00";4600;4600;;;;;;;;;;"3";"Involontaire (particulier)";;;;;""
2017;592;"81";"81052";"Cambon";"2017-08-16 14:59:00";1000;1000;;0;;;0;0;0;0;"Estimées";;;;;;;""
2017;13294;"84";"84089";"Pertuis";"2017-08-16 16:37:00";800;800;;;;;;;;;;"4";"Involontaire (particulier)";;;;;""
2017;17806;"33";"33051";"Biganos";"2017-08-16 18:16:00";5000;5000;;0;;;0;0;0;0;"Estimées";;;"Non";;;;""
2017;13497;"06";"06046";"Colomars";"2017-08-16 18:36:00";20;20;;;;;;;;;;"4";;;;;;""
2017;2957;"40";"40060";"Callen";"2017-08-16 19:03:00";1750;1750;;0;;;0;;;0;;;"Naturelle";;;;;""
2017;13540;"04";"04081";"Esparron-de-Verdon";"2017-08-17 01:41:00";450;;;;;;;;;;;;"Involontaire (particulier)";;;;;""
2017;7205;"2A";"2A139";"Lecci";"2017-08-17 07:50:00";3500;;3500;;;;;;;;;;"Involontaire (particulier)";;;;;""
2017;2956;"40";"40246";"Sabres";"2017-08-17 09:55:00";47000;47000;;0;;;0;;;0;;;;;;;;""
2017;13498;"06";"06150";"La Turbie";"2017-08-17 10:46:00";740;740;;;;;;;;;;"4";"Involontaire (particulier)";;;;;""
2017;13940;"2A";"2A017";"Appietto";"2017-08-17 10:52:00";7500;;7500;;;;;;;;;"1";"Malveillance";;;;;""
2017;12855;"34";"34138";"Lieuran-Cabrières";"2017-08-17 11:43:00";16726;;16726;;;;;;;;;"1";"Involontaire (particulier)";;;;;""
2017;12856;"34";"34146";"Lunel-Viel";"2017-08-17 12:12:00";878;;878;;;;;;;;;"1";"Involontaire (particulier)";;;;;""
2017;17941;"33";"33095";"Captieux";"2017-08-17 12:12:00";350;350;;0;;;0;0;0;0;"Mesurées";;;;;;;""
2017;650;"17";"17269";"Orignolles";"2017-08-17 12:33:00";5000;5000;;0;;;0;0;0;0;"Estimées";;;;;;;""
2017;17808;"33";"33284";"Mios";"2017-08-17 13:00:00";30000;30000;;0;;;0;0;0;0;"Estimées";;"Naturelle";"Non";;;;""
2017;13076;"2B";"2B143";"Linguizzetta";"2017-08-17 13:58:00";10;;10;;;;;;;;;"1";;;;;;""
2017;7206;"2A";"2A118";"Fozzano";"2017-08-17 14:22:00";300;;300;;;;;;;;;"1";"Malveillance";;;;;""
2017;13941;"2A";"2A345";"Vero";"2017-08-17 14:32:00";77000;10000;67000;;;;;;;;;"4";"Malveillance";;;;;""
2017;13554;"04";"04218";"Thorame-Basse";"2017-08-17 14:35:00";32600;5200;;;;;;;;27400;;"1";"Accidentelle";;;;;""
2017;2955;"40";"40295";"Saugnacq-et-Muret";"2017-08-17 15:40:00";1247;1247;;0;;;0;;;0;;;;;;;;""
2017;12853;"34";"34281";"Saint-Pargoire";"2017-08-17 17:12:00";635;;635;;;;;;;;;"1";"Involontaire (travaux)";;;;;""
2017;16152;"30";"30297";"Saint-Sauveur-Camprieu";"2017-08-17 17:21:00";50000;;;;;;;;;;;;;;;;;""
2017;6762;"13";"13005";"Aubagne";"2017-08-17 18:33:00";100;100;;;;;;;;;;"1";"Malveillance";;;;;""
2017;13942;"2A";"2A118";"Fozzano";"2017-08-17 18:45:00";300;;300;;;;;;;;;;;;;;;""
2017;6763;"13";"13005";"Aubagne";"2017-08-17 19:45:00";50;50;;;;;;;;;;"1";"Malveillance";;;;;""
2017;16154;"30";"30219";"Rogues";"2017-08-17 20:40:00";30000;;;;;;;;;;;;;;;;;""
2017;605;"81";"81163";"Mazamet";"2017-08-17 22:10:00";200;200;;0;;;0;0;0;0;"Estimées";;;;;;;""
2017;7069;"11";"11037";"Berriac";"2017-08-17 23:13:00";5500;;;;;;;;;;;;;;;;;""
2017;17122;"66";"66030";"Calce";"2017-08-18 06:38:00";1000;;1000;;;;;;;;;"1";"Malveillance";;;;;""
2017;13714;"83";"83072";"Lorgues";"2017-08-18 09:20:00";100;100;;;;;;;;;;"4";"Malveillance";;;;;""
2017;2954;"40";"40333";"Ygos-Saint-Saturnin";"2017-08-18 10:48:00";10;10;;0;;;0;;;0;;;"Naturelle";;;;;""
2017;13505;"30";"30194";"Peyremale";"2017-08-18 12:59:00";1000;;;;;;;;;;;;"Involontaire (travaux)";;;;;""
2017;13035;"07";"07201";"Ruoms";"2017-08-18 13:02:00";100000;;100000;;;;;;;;;"1";;;;;;""
2017;13099;"34";"34178";"Murviel-lès-Béziers";"2017-08-18 14:20:00";227;;227;;;;;;;;;"1";"Malveillance";;;;;""
2017;7070;"11";"11183";"Ladern-sur-Lauquet";"2017-08-18 14:49:00";4000;;;;;;;;;;;;;;;;;""
2017;13503;"30";"30288";"Saint-Nazaire";"2017-08-18 14:52:00";150000;;;;;;;;;;;;;;;;;""
2017;13067;"07";"07012";"Arcens";"2017-08-18 15:46:00";10000;10000;;;;;;;;;;"3";;;;;;""
2017;13504;"30";"30144";"Lecques";"2017-08-18 15:56:00";20000;;;;;;;;;;;;;;;;;""
2017;13225;"04";"04081";"Esparron-de-Verdon";"2017-08-18 16:57:00";7200;;;;;;;;;;;;"Involontaire (particulier)";;;;;""
2017;7071;"11";"11011";"Aragon";"2017-08-18 17:13:00";3563;;;;;;;;;;;;;;;;;""
2017;7072;"11";"11322";"Roquefort-des-Corbières";"2017-08-18 17:21:00";2450;;;;;;;;;;;;;;;;;""
2017;13043;"34";"34144";"Lunas";"2017-08-18 19:04:00";8870;8870;;;;;;;;;;"1";"Malveillance";;;;;""
2017;13231;"04";"04094";"Gréoux-les-Bains";"2017-08-18 21:02:00";60;;;;;;;;;;;;;;;;;""
2017;13487;"13";"13005";"Aubagne";"2017-08-18 21:45:00";20;20;;;;;;;;;;"1";"Malveillance";;;;;""
2017;13506;"30";"30091";"Congénies";"2017-08-19 01:24:00";3000;;;;;;;;;;;;;;;;;""
2017;13069;"07";"07346";"Viviers";"2017-08-19 02:02:00";25000;25000;;;;;;;;;;"3";;;;;;""
2017;15425;"34";"34144";"Lunas";"2017-08-19 11:11:00";48;;;;;;;;;;;;"Involontaire (travaux)";;;;;""
2017;13486;"13";"13005";"Aubagne";"2017-08-19 11:12:00";300;300;;;;;;;;;;"1";"Malveillance";;;;;""
2017;13081;"2B";"2B112";"Feliceto";"2017-08-19 12:52:00";300;;;;;;;;;;;"1";"Involontaire (particulier)";;;;;""
2017;17811;"33";"33051";"Biganos";"2017-08-19 13:16:00";4000;4000;;0;;;0;0;0;0;"Estimées";;"Naturelle";"Non";;;;""
2017;17813;"33";"33284";"Mios";"2017-08-19 14:36:00";4500;4500;;0;;;0;0;0;0;"Estimées";;"Naturelle";"Non";;;;""
2017;13127;"2B";"2B049";"Calenzana";"2017-08-19 15:30:00";47791;20000;27791;;;;;;;;;"3";"Malveillance";;;;;""
2017;13853;"26";"26211";"Montségur-sur-Lauzon";"2017-08-19 15:39:00";800;800;;;;;;;;;;"5";;;;;;""
2017;13485;"13";"13005";"Aubagne";"2017-08-19 17:31:00";2297000;2000000;297000;;;;;;;0;;"1";"Malveillance";;;;;""
2017;7073;"11";"11063";"Campagne-sur-Aude";"2017-08-19 17:35:00";20;;;;;;;;;;;;;;;;;""
2017;13312;"84";"84127";"Sérignan-du-Comtat";"2017-08-19 18:07:00";5000;;;;;;;;;;;;;;;;;""
2017;16157;"30";"30189";"Nîmes";"2017-08-19 18:56:00";40000;;;;;;;;;;;;;;;;;""
2017;7074;"11";"11099";"Conques-sur-Orbiel";"2017-08-19 20:35:00";8459;;;;;;;;;;;;;;;;;""
2017;13488;"13";"13039";"Fos-sur-Mer";"2017-08-19 20:35:00";8000;8000;;;;;;;;;;"1";"Malveillance";;;;;""
2017;13129;"83";"83086";"Le Muy";"2017-08-19 20:39:00";350;350;;;;;;;;;;"2";"Involontaire (particulier)";;;;;""
2017;13484;"13";"13079";"Puyloubier";"2017-08-19 20:41:00";472700;282700;9300;;;;;;;180700;;"1";;;;;;""
2017;13135;"83";"83069";"Hyères";"2017-08-19 21:38:00";2500;2500;;;;;;;;;;"1";"Malveillance";;;;;""
2017;13217;"83";"83058";"Flayosc";"2017-08-19 21:49:00";1100;1100;;;;;;;;;;"4";"Malveillance";;;;;""
2017;7075;"11";"11099";"Conques-sur-Orbiel";"2017-08-19 22:50:00";250;;;;;;;;;;;;;;;;;""
2017;13070;"07";"07304";"Salavas";"2017-08-19 23:09:00";28000;0;28000;;;;;;;;;"1";;;;;;""
2017;13943;"2A";"2A139";"Lecci";"2017-08-20 03:52:00";110400;;110400;;;;;;;;;;"Malveillance";;;;;""
2017;13071;"07";"07002";"Ailhon";"2017-08-20 04:55:00";2000;2000;;;;;;;;;;"4";;;;;;""
2017;13137;"83";"83057";"Flassans-sur-Issole";"2017-08-20 07:46:00";6500;6500;;;;;;;;;;"2";"Accidentelle";;;;;""
2017;13483;"13";"13011";"Les Baux-de-Provence";"2017-08-20 09:45:00";700;700;;;;;;;;;;"1";"Accidentelle";;;;;""
2017;13507;"30";"30253";"Saint-Florent-sur-Auzonnet";"2017-08-20 10:54:00";300;;;;;;;;;;;;;;;;;""
2017;13082;"2B";"2B136";"Lama";"2017-08-20 12:38:00";1;;;;;;;;;;;"1";"Involontaire (particulier)";;;;;""
2017;611;"46";"46324";"Uzech";"2017-08-20 12:46:00";5100;0;;5100;;;5100;0;0;0;"Estimées";;"Accidentelle";;;;;""
2017;13084;"2B";"2B185";"Oletta";"2017-08-20 14:01:00";39812;14812;25000;;;;;;;;;"1";"Malveillance";;;;;""
2017;13980;"2A";"2A247";"Porto-Vecchio";"2017-08-20 14:35:00";20;;20;;;;;;;;;"1";;;;;;""
2017;16764;"48";"48096";"Meyrueis";"2017-08-20 16:23:00";34100;;600;;;;;;;33500;;"1";"Involontaire (travaux)";;;;;""
2017;1949;"47";"47070";"Condezaygues";"2017-08-20 17:38:00";10000;2000;;0;;;0;;;8000;;;;;;;;""
2017;13060;"34";"34117";"Graissessac";"2017-08-20 18:18:00";40277;40277;;;;;;;;;;"4";"Malveillance";;;;;""
2017;16162;"30";"30136";"Junas";"2017-08-20 18:41:00";100000;;;;;;;;;;;;;;;;;""
2017;13332;"84";"84081";"Morières-lès-Avignon";"2017-08-20 19:39:00";20000;;;;;;;;;;;;;;;;;""
2017;13061;"34";"34076";"Ceyras";"2017-08-20 19:42:00";74920;20000;;;;;;;;54920;;"1";"Malveillance";;;;;""
2017;7077;"11";"11037";"Berriac";"2017-08-20 22:56:00";2000;;;;;;;;;;;;;;;;;""
2017;15426;"34";"34296";"Saussines";"2017-08-21 11:06:00";2416;;;;;;;;;;;;"Involontaire (travaux)";;;;;""
2017;13085;"2B";"2B341";"Venaco";"2017-08-21 12:37:00";1135;;;;;;;;;;;"1";"Involontaire (particulier)";;;;;""
2017;13130;"2B";"2B039";"Bisinchi";"2017-08-21 12:40:00";108333;20000;88333;;;;;;;;;"2";"Malveillance";;;;;""
2017;13086;"2B";"2B009";"Aléria";"2017-08-21 13:11:00";50;;;;;;;;;;;"1";;;;;;""
2017;15427;"34";"34195";"Pégairolles-de-Buèges";"2017-08-21 13:21:00";55;;;;;;;;;;;;"Involontaire (particulier)";;;;;""
2017;1260;"36";"36243";"Villegouin";"2017-08-21 13:51:00";400;400;;0;;;0;0;0;0;"Estimées";;;;;;;""
2017;16577;"48";"48130";"Rousses";"2017-08-21 14:44:00";168600;38650;129950;;;;;;;;;"1";"Involontaire (particulier)";;;;;""
2017;17142;"66";"66056";"Corbère-les-Cabanes";"2017-08-21 15:11:00";2500;1000;1500;;;;;;;;;"2";;;;;;""
2017;13509;"30";"30189";"Nîmes";"2017-08-21 15:20:00";50000;;;;;;;;;;;;;;;;;""
2017;1947;"47";"47180";"Montagnac-sur-Auvignon";"2017-08-21 15:54:00";10000;2000;;0;;;0;;;8000;;;"Involontaire (travaux)";;;;;""
2017;612;"81";"81101";"Le Garric";"2017-08-21 16:00:00";2000;0;;2000;;;2000;0;0;0;"Estimées";;;;;;;""
2017;1102;"32";"32283";"Montégut-Arros";"2017-08-21 16:28:00";40000;0;;40000;;;40000;0;0;0;"Estimées";;;;;;;""
2017;15429;"34";"34239";"Saint-André-de-Sangonis";"2017-08-21 16:40:00";197;;;;;;;;;;;;"Accidentelle";;;;;""
2017;6764;"13";"13063";"Miramas";"2017-08-21 16:53:00";500;500;;;;;;;;;;;"Malveillance";;;;;""
2017;1946;"47";"47015";"Astaffort";"2017-08-21 17:02:00";7000;7000;;0;;;0;;;0;;;;;;;;""
2017;7078;"11";"11203";"Lézignan-Corbières";"2017-08-21 17:15:00";98784;;;;;;;;;;;;;;;;;""
2017;13981;"2A";"2A031";"Bastelica";"2017-08-21 17:51:00";30;;30;;;;;;;;;;;;;;;""
2017;17143;"66";"66093";"Laroque-des-Albères";"2017-08-21 18:44:00";2000;2000;;;;;;;;;;"2";"Malveillance";;;;;""
2017;17144;"66";"66093";"Laroque-des-Albères";"2017-08-21 18:47:00";1500;1500;;;;;;;;;;"2";"Malveillance";;;;;""
2017;13073;"07";"07122";"Lachapelle-sous-Aubenas";"2017-08-21 18:47:00";6000;;6000;;;;;;;;;"1";"Involontaire (travaux)";;;;;""
2017;13066;"34";"34086";"Courniou";"2017-08-21 18:51:00";11710;11710;;;;;;;;;;"3";"Malveillance";;;;;""
2017;13087;"2B";"2B037";"Biguglia";"2017-08-21 19:21:00";5;;;;;;;;;;;"1";;;;;;""
2017;873;"38";"38344";"Roussillon";"2017-08-21 22:50:00";100;0;;100;;;100;0;0;0;"Estimées";;;;;;;""
2017;13072;"07";"07182";"Prades";"2017-08-21 23:42:00";500;;500;;;;;;;;;"1";;;;;;""
2017;13238;"04";"04176";"Sainte-Croix-du-Verdon";"2017-08-22 00:01:00";200;200;;;;;;;;;;"2";"Accidentelle";;;;;""
2017;13365;"34";"34074";"Cessenon-sur-Orb";"2017-08-22 03:19:00";209;;209;;;;;;;;;"1";"Involontaire (particulier)";;;;;""
2017;621;"63";"63263";"Orcines";"2017-08-22 10:42:00";7183;1500;;5683;;;5683;0;0;0;"Mesurées";;"Involontaire (particulier)";;;;;""
2017;7079;"11";"11025";"Bagnoles";"2017-08-22 11:39:00";16758;;;;;;;;;;;;;;;;;""
2017;13541;"04";"04127";"Montfort";"2017-08-22 11:57:00";1400;;;;;;;;;;;;"Accidentelle";;;;;""
2017;13264;"2B";"2B120";"Furiani";"2017-08-22 13:18:00";40000;;;;;;;;;;;"1";"Malveillance";;;;;""
2017;13144;"83";"83043";"Collobrières";"2017-08-22 14:22:00";5;5;;;;;;;;;;"5";"Involontaire (travaux)";;;;;""
2017;6765;"13";"13063";"Miramas";"2017-08-22 14:49:00";800;800;;;;;;;;;;"1";"Malveillance";;;;;""
2017;7080;"11";"11043";"Bouilhonnac";"2017-08-22 15:20:00";323759;;265359;;;;;;;58400;;;;;;;;""
2017;13482;"13";"13002";"Allauch";"2017-08-22 16:28:00";200;100;100;;;;;;;;;"1";;;;;;""
2017;13479;"13";"13063";"Miramas";"2017-08-22 16:38:00";330;330;0;;;;;;;;;"2";"Malveillance";;;;;""
2017;13796;"07";"07115";"Labeaume";"2017-08-22 17:05:00";500;;500;;;;;;;;;"1";;;;;;""
2017;13347;"84";"84082";"Mormoiron";"2017-08-22 17:11:00";1100;;;;;;;;;;;"4";;;;;;""
2017;13480;"13";"13044";"Grans";"2017-08-22 17:12:00";70;70;;;;;;;;;;"1";;;;;;""
2017;6766;"13";"13063";"Miramas";"2017-08-22 17:12:00";200;200;;;;;;;;;;"1";"Malveillance";;;;;""
2017;651;"17";"17269";"Orignolles";"2017-08-22 17:25:00";10000;10000;;0;;;0;0;0;0;"Estimées";;;;;;;""
2017;13478;"13";"13063";"Miramas";"2017-08-22 17:26:00";90;90;;;;;;;;;;"1";"Malveillance";;;;;""
2017;1250;"86";"86166";"Montreuil-Bonnin";"2017-08-22 19:33:00";20000;20000;;0;;;0;0;0;0;"Estimées";;;;;;;""
2017;13510;"30";"30239";"Sainte-Cécile-d'Andorge";"2017-08-22 21:08:00";450000;;;;;;;;;;;;;;;;;""
2017;13499;"06";"06088";"Nice";"2017-08-22 21:12:00";90;90;;;;;;;;;;"5";;;;;;""
2017;13134;"2B";"2B346";"Vescovato";"2017-08-23 05:30:00";3000;;;;;;;;;;;"1";;;;;;""
2017;13468;"13";"13063";"Miramas";"2017-08-23 14:49:00";300;300;;;;;;;;;;"1";"Malveillance";;;;;""
2017;14464;"05";"05178";"Ventavon";"2017-08-23 15:34:00";3600;;;;;;;;;;;;;;;;;""
2017;1104;"32";"32079";"Castelnau d'Auzan Labarrère";"2017-08-23 15:35:00";3000;3000;;0;;;0;0;0;0;"Estimées";;;;;;;""
2017;13556;"04";"04070";"Digne-les-Bains";"2017-08-23 16:24:00";115700;;;;;;;;;;;;"Malveillance";;;;;""
2017;7208;"2A";"2A308";"Sainte-Lucie-de-Tallano";"2017-08-23 16:37:00";1;;1;;;;;;;;;;"Involontaire (travaux)";;;;;""
2017;1943;"47";"47148";"Leyritz-Moncassin";"2017-08-23 16:50:00";5000;2500;;0;;;0;;;2500;;;"Involontaire (travaux)";;;;;""
2017;13501;"06";"06012";"Beausoleil";"2017-08-23 16:53:00";900;900;;;;;;;;;;"4";;;;;;""
2017;17162;"66";"66115";"Montesquieu-des-Albères";"2017-08-23 19:18:00";600;600;;;;;;;;;;"3";"Malveillance";;;;;""
2017;13983;"2A";"2A271";"Sarrola-Carcopino";"2017-08-23 19:27:00";50;;50;;;;;;;;;;;;;;;""
2017;2949;"40";"40187";"Moliets-et-Maa";"2017-08-23 19:58:00";200;200;;0;;;0;;;0;;;"Malveillance";;;;;""
2017;7081;"11";"11198";"Laure-Minervois";"2017-08-23 22:23:00";104;;;;;;;;;;;;;;;;;""
2017;13521;"34";"34036";"Le Bosc";"2017-08-24 03:22:00";3765;;1000;;;;;;;2765;;"1";"Malveillance";;;;;""
2017;7082;"11";"11081";"Caunes-Minervois";"2017-08-24 06:53:00";1642;;;;;;;;;;;;;;;;;""
2017;13799;"07";"07155";"Mercuer";"2017-08-24 07:17:00";500;500;;;;;;;;;;"4";"Malveillance";;;;;""
2017;17163;"66";"66225";"Villelongue-dels-Monts";"2017-08-24 11:10:00";2000;1000;1000;;;;;;;;;"3";"Involontaire (particulier)";;;;;""
2017;7210;"2A";"2A041";"Bonifacio";"2017-08-24 13:54:00";10;;10;;;;;;;;;;;;;;;""
2017;17164;"66";"66168";"Saint-André";"2017-08-24 14:25:00";1100;;1100;;;;;;;;;"2";"Malveillance";;;;;""
2017;13522;"34";"34097";"Félines-Minervois";"2017-08-24 16:03:00";700;700;;;;;;;;;;"1";"Malveillance";;;;;""
2017;17165;"66";"66136";"Perpignan";"2017-08-24 16:24:00";11000;10000;1000;;;;;;;;;"4";"Malveillance";;;;;""
2017;13524;"34";"34038";"Le Bousquet-d'Orb";"2017-08-24 17:35:00";61;61;;;;;;;;;;"1";"Malveillance";;;;;""
2017;13602;"04";"04176";"Sainte-Croix-du-Verdon";"2017-08-24 17:50:00";2;;;;;;;;;;;;"Naturelle";;;;;""
2017;16167;"30";"30317";"Sernhac";"2017-08-24 18:21:00";20000;;;;;;;;;;;;;;;;;""
2017;17830;"33";"33366";"Saint-André-de-Cubzac";"2017-08-24 18:37:00";500;500;;0;;;0;0;0;0;"Estimées";;;"Non";;;;""
2017;652;"17";"17243";"Montlieu-la-Garde";"2017-08-24 19:11:00";2500;2500;;0;;;0;0;0;0;"Mesurées";;;;;;;""
2017;1174;"72";"72179";"Malicorne-sur-Sarthe";"2017-08-24 21:10:00";100;100;;0;;;0;0;0;0;"Estimées";;;;;;;""
2017;16768;"48";"48195";"Les Vignes";"2017-08-25 10:14:00";10;;10;;;;;;;;;"1";;;;;;""
2017;13465;"13";"13101";"Saint-Savournin";"2017-08-25 13:28:00";100;;;;;;;;;;;"1";;;;;;""
2017;874;"38";"38439";"Crêts en Belledonne";"2017-08-25 14:16:00";500;0;;500;;;500;0;0;0;"Estimées";;;;;;;""
2017;2947;"40";"40227";"Pissos";"2017-08-25 14:44:00";100;100;;0;;;0;;;0;;;;;;;;""
2017;16168;"30";"30227";"Saint-Ambroix";"2017-08-25 16:31:00";3000;;;;;;;;;;;;;;;;;""
2017;13464;"13";"13063";"Miramas";"2017-08-25 16:42:00";5;5;;;;;;;;;;"1";;;;;;""
2017;13744;"05";"05055";"La Faurie";"2017-08-25 17:42:00";4300;;;;;;;;;;;;"Naturelle";;;;;""
2017;2946;"40";"40158";"Losse";"2017-08-25 17:44:00";2870;2870;;0;;;0;;;0;;;;;;;;""
2017;13531;"34";"34042";"Brissac";"2017-08-25 18:26:00";115;;115;;;;;;;;;"1";"Involontaire (particulier)";;;;;""
2017;17834;"33";"33051";"Biganos";"2017-08-25 22:41:00";30000;30000;;0;;;0;0;0;0;"Estimées";;;"Non";;;;""
2017;7211;"2A";"2A085";"Cauro";"2017-08-26 03:31:00";1000;;1000;;;;;;;;;;;;;;;""
2017;13437;"04";"04094";"Gréoux-les-Bains";"2017-08-26 08:49:00";100;100;;;;;;;;;;"2";;;;;;""
2017;13854;"26";"26341";"Serves-sur-Rhône";"2017-08-26 10:20:00";400;400;;;;;;;;;;"4";"Involontaire (particulier)";;;;;""
2017;13439;"04";"04206";"Sigonce";"2017-08-26 11:47:00";50;;;;;;;;;;;;"Naturelle";;;;;""
2017;13451;"2B";"2B218";"Piedicorte-di-Gaggio";"2017-08-26 12:12:00";25000;;25000;;;;;;;;;"1";;;;;;""
2017;17835;"33";"33151";"Donnezac";"2017-08-26 12:43:00";20;20;;0;;;0;0;0;0;"Estimées";;"Malveillance";"Non";;;;""
2017;940;"31";"31119";"Castelnau-Picampeau";"2017-08-26 16:05:00";10000;0;;10000;;;10000;0;0;0;"Estimées";;"Accidentelle";;;;;""
2017;13452;"2B";"2B281";"Sisco";"2017-08-26 16:37:00";1;;;;;;;;;;;"1";;;;;;""
2017;13802;"07";"07126";"Lagorce";"2017-08-26 16:38:00";400;;400;;;;;;;;;"1";;;;;;""
2017;13543;"04";"04023";"Bayons";"2017-08-26 16:53:00";10;;;;;;;;;;;;"Accidentelle";;;;;""
2017;13735;"05";"05164";"Savines-le-Lac";"2017-08-26 17:11:00";150;;;;;;;;;;;;"Involontaire (particulier)";;;;;""
2017;13803;"07";"07086";"Étables";"2017-08-26 17:18:00";80000;80000;;;;;;;;;;"3";"Involontaire (travaux)";;;;;""
2017;13502;"06";"06019";"Blausasc";"2017-08-26 18:36:00";260;;;;;;;;;;;"4";;;;;;""
2017;7083;"11";"11024";"Bages";"2017-08-26 22:04:00";50;;;;;;;;;;;;;;;;;""
2017;13442;"30";"30132";"La Grand-Combe";"2017-08-26 22:34:00";5000;;;;;;;;;;;;"Malveillance";;;;;""
2017;13446;"84";"84008";"Le Barroux";"2017-08-27 02:47:00";400;;;;;;;;;;;;;;;;;""
2017;13511;"30";"30128";"Générac";"2017-08-27 04:39:00";1500;;;;;;;;;;;;;;;;;""
2017;7212;"2A";"2A139";"Lecci";"2017-08-27 10:02:00";1;;1;;;;;;;;;;"Involontaire (travaux)";;;;;""
2017;1105;"32";"32214";"Loubédat";"2017-08-27 10:13:00";40000;0;;40000;;;40000;0;0;0;"Estimées";;;;;;;""
2017;13738;"05";"05178";"Ventavon";"2017-08-27 14:23:00";2900;;;;;;;;;;;;;;;;;""
2017;1294;"87";"87141";"Saint-Cyr";"2017-08-27 14:35:00";3000;3000;;0;;;0;0;0;0;"Estimées";;;;;;;""
2017;17841;"33";"33284";"Mios";"2017-08-27 14:45:00";1000;1000;;0;;;0;0;0;0;"Estimées";;"Naturelle";"Non";;;;""
2017;17840;"33";"33498";"Salles";"2017-08-27 14:52:00";2500;2500;;0;;;0;0;0;0;"Estimées";;"Naturelle";"Non";;;;""
2017;13466;"13";"13071";"Les Pennes-Mirabeau";"2017-08-27 14:53:00";500;500;;;;;;;;;;"1";;;;;;""
2017;17842;"33";"33229";"Lanton";"2017-08-27 15:15:00";50;50;;0;;;0;0;0;0;"Estimées";;"Naturelle";"Non";;;;""
2017;17844;"33";"33449";"Saint-Médard-en-Jalles";"2017-08-27 15:41:00";800;800;;0;;;0;0;0;0;"Estimées";;"Naturelle";"Non";;;;""
2017;17843;"33";"33503";"Saumos";"2017-08-27 15:48:00";1000;1000;;0;;;0;0;0;0;"Estimées";;"Naturelle";"Non";;;;""
2017;13745;"05";"05031";"Champcella";"2017-08-27 15:54:00";34;;;;;;;;;;;;"Naturelle";;;;;""
2017;656;"58";"58149";"Luzy";"2017-08-27 16:29:00";50000;50000;;0;;;0;0;0;0;"Estimées";;;;;;;""
2017;17846;"33";"33054";"Blaignac";"2017-08-27 16:34:00";10;10;;0;;;0;0;0;0;"Estimées";;"Naturelle";"Non";;;;""
2017;17845;"33";"33012";"Arsac";"2017-08-27 16:34:00";1000;1000;;0;;;0;0;0;0;"Estimées";;"Naturelle";"Non";;;;""
2017;1175;"72";"72334";"Sillé-le-Guillaume";"2017-08-27 16:46:00";1500;1500;;0;;;0;0;0;0;"Estimées";;;;;;;""
2017;17847;"33";"33218";"Lagorce";"2017-08-27 16:52:00";4000;4000;;0;;;0;0;0;0;"Estimées";;"Naturelle";"Non";;;;""
2017;13462;"83";"83096";"Pourcieux";"2017-08-27 17:06:00";4000;4000;;;;;;;;;;"1";"Involontaire (particulier)";;;;;""
2017;16173;"30";"30085";"Collias";"2017-08-27 18:12:00";350000;;;;;;;;;;;;;;;;;""
2017;7084;"11";"11381";"Sougraigne";"2017-08-27 18:26:00";170;;;;;;;;;;;;;;;;;""
2017;17848;"33";"33528";"Le Temple";"2017-08-27 19:42:00";150;150;;0;;;0;0;0;0;"Estimées";;"Naturelle";"Non";;;;""
2017;17849;"33";"33529";"La Teste-de-Buch";"2017-08-27 23:06:00";500;500;;0;;;0;0;0;0;"Estimées";;;"Non";;;;""
2017;13544;"04";"04045";"Céreste";"2017-08-28 09:47:00";3300;;3300;;;;;;;;;"1";"Accidentelle";;;;;""
2017;13517;"83";"83072";"Lorgues";"2017-08-28 10:32:00";220;220;;;;;;;;;;"4";"Malveillance";;;;;""
2017;17852;"33";"33029";"Le Barp";"2017-08-28 13:28:00";20000;20000;;0;;;0;0;0;0;"Estimées";;;"Non";;;;""
2017;13542;"34";"34144";"Lunas";"2017-08-28 13:49:00";582;;582;;;;;;;;;"1";"Accidentelle";;;;;""
2017;13984;"2A";"2A323";"Tavaco";"2017-08-28 13:56:00";100;;100;;;;;;;;;"1";"Malveillance";;;;;""
2017;17854;"33";"33225";"Landiras";"2017-08-28 14:28:00";5000;5000;;0;;;0;0;0;0;"Estimées";;"Naturelle";"Non";;;;""
2017;17853;"33";"33077";"Cabanac-et-Villagrains";"2017-08-28 14:38:00";3000;3000;;0;;;0;0;0;0;"Estimées";;"Naturelle";"Non";;;;""
2017;1021;"15";"15119";"Massiac";"2017-08-28 14:43:00";15000;15000;;0;;;0;0;0;0;"Estimées";;"Involontaire (particulier)";;;;;""
2017;17855;"33";"33494";"Salaunes";"2017-08-28 15:14:00";2000;2000;;0;;;0;0;0;0;"Estimées";;"Naturelle";"Non";;;;""
2017;17856;"33";"33424";"Saint-Laurent-Médoc";"2017-08-28 15:19:00";10000;10000;;0;;;0;0;0;0;"Estimées";;;"Non";;;;""
2017;655;"46";"46259";"Saint-Clair";"2017-08-28 18:48:00";500;0;;500;;;500;0;0;0;"Estimées";;;;;;;""
2017;6767;"13";"13005";"Aubagne";"2017-08-28 19:46:00";110;110;;;;;;;;;;"1";"Malveillance";;;;;""
2017;1106;"32";"32214";"Loubédat";"2017-08-28 22:21:00";10000;0;;10000;;;10000;0;0;0;"Estimées";;;;;;;""
2017;13519;"30";"30319";"Serviers-et-Labaume";"2017-08-28 22:38:00";300;;;;;;;;;;;;;;;;;""
2017;13520;"30";"30159";"Le Martinet";"2017-08-28 22:47:00";2000;;;;;;;;;;;;;;;;;""
2017;17858;"33";"33494";"Salaunes";"2017-08-28 23:14:00";35000;35000;;0;;;0;0;0;0;"Estimées";;;"Non";;;;""
2017;7085;"11";"11208";"La Louvière-Lauragais";"2017-08-29 01:24:00";10800;;;;;;;;;;;;;;;;;""
2017;2943;"40";"40303";"Solférino";"2017-08-29 08:39:00";1000;1000;;0;;;0;;;0;;;"Naturelle";;;;;""
2017;7086;"11";"11115";"Cuxac-Cabardès";"2017-08-29 09:09:00";6982;;;;;;;;;;;;;;;;;""
2017;2942;"40";"40303";"Solférino";"2017-08-29 11:41:00";5;5;;0;;;0;;;0;;;"Naturelle";;;;;""
2017;13629;"30";"30105";"Dourbies";"2017-08-29 12:03:00";100000;;;;;;;;;;;;"Malveillance";;;;;""
2017;13986;"2A";"2A323";"Tavaco";"2017-08-29 12:28:00";14400;4400;10000;;;;;;;;;"1";"Malveillance";;;;;""
2017;653;"17";"17243";"Montlieu-la-Garde";"2017-08-29 12:35:00";4024;4024;;0;;;0;0;0;0;"Mesurées";;;;;;;""
2017;13626;"30";"30128";"Générac";"2017-08-29 13:24:00";500;;;;;;;;;;;;;;;;;""
2017;13579;"2B";"2B074";"Casanova";"2017-08-29 13:35:00";50;;;;;;;;;;;"1";;;;;;""
2017;2941;"40";"40332";"Ychoux";"2017-08-29 13:38:00";3747;3747;;0;;;0;;;0;;;"Naturelle";;;;;""
2017;13627;"30";"30159";"Le Martinet";"2017-08-29 14:40:00";500;;;;;;;;;;;;;;;;;""
2017;646;"43";"43039";"Le Brignon";"2017-08-29 14:53:00";1600;1100;;0;;;0;500;0;500;"Mesurées";;;;;;;""
2017;13547;"04";"04023";"Bayons";"2017-08-29 15:33:00";4600;;4600;;;;;;;;;"1";"Involontaire (travaux)";;;;;""
2017;17859;"33";"33422";"Saint-Jean-d'Illac";"2017-08-29 15:33:00";600;600;;0;;;0;0;0;0;"Estimées";;"Naturelle";"Non";;;;""
2017;17861;"33";"33528";"Le Temple";"2017-08-29 16:20:00";10000;10000;;0;;;0;0;0;0;"Estimées";;"Naturelle";"Non";;;;""
2017;2939;"40";"40332";"Ychoux";"2017-08-29 16:45:00";3500;3500;;0;;;0;;;0;;;"Naturelle";;;;;""
2017;2938;"40";"40217";"Parentis-en-Born";"2017-08-29 16:54:00";2000;2000;;0;;;0;;;0;;;"Naturelle";;;;;""
2017;2937;"40";"40303";"Solférino";"2017-08-29 17:42:00";4000;4000;;0;;;0;;;0;;;"Naturelle";;;;;""
2017;17862;"33";"33422";"Saint-Jean-d'Illac";"2017-08-29 17:47:00";10000;10000;;0;;;0;0;0;0;"Estimées";;"Naturelle";"Non";;;;""
2017;2936;"40";"40330";"Villenave";"2017-08-29 18:07:00";300;300;;0;;;0;;;0;;;;;;;;""
2017;17860;"33";"33233";"Laruscade";"2017-08-29 18:34:00";100;100;;0;;;0;0;0;0;"Estimées";;"Involontaire (travaux)";"Non";;;;""
2017;647;"81";"81163";"Mazamet";"2017-08-29 23:58:00";50000;50000;;0;;;0;0;0;0;"Estimées";;"Malveillance";;;;;""
2017;17865;"33";"33003";"Ambarès-et-Lagrave";"2017-08-30 00:05:00";3000;3000;;0;;;0;0;0;0;"Estimées";;;"Non";;;;""
2017;13807;"07";"07002";"Ailhon";"2017-08-30 02:06:00";600;600;;;;;;;;;;"3";;;;;;""
2017;13987;"2A";"2A272";"Sartène";"2017-08-30 11:40:00";3300;;3300;;;;;;;;;;"Malveillance";;;;;""
2017;7213;"2A";"2A272";"Sartène";"2017-08-30 12:15:00";14000;;14000;;;;;;;;;;"Malveillance";;;;;""
2017;17866;"33";"33123";"Cézac";"2017-08-30 14:49:00";600;600;;0;;;0;0;0;0;"Estimées";;"Malveillance";"Non";;;;""
2017;17189;"66";"66140";"Pézilla-la-Rivière";"2017-08-30 15:02:00";10000;10000;;;;;;;;;;"2";"Malveillance";;;;;""
2017;13613;"83";"83137";"Toulon";"2017-08-30 15:23:00";1000;1000;;;;;;;;;;"4";"Malveillance";;;;;""
2017;17190;"66";"66008";"Argelès-sur-Mer";"2017-08-30 16:01:00";1500;1500;;;;;;;;;;"4";"Malveillance";;;;;""
2017;13988;"2A";"2A017";"Appietto";"2017-08-30 16:09:00";1250;;;;;;;;;1250;;"1";;;;;;""
2017;17193;"66";"66174";"Saint-Féliu-d'Avall";"2017-08-30 16:42:00";3000;;3000;;;;;;;;;"1";"Involontaire (particulier)";;;;;""
2017;13808;"07";"07254";"Saint-Julien-du-Serre";"2017-08-30 16:54:00";1200;1200;;;;;;;;;;"4";;;;;;""
2017;13989;"2A";"2A130";"Grosseto-Prugna";"2017-08-30 17:16:00";800;;800;;;;;;;;;"1";;;;;;""
2017;13810;"07";"07328";"Vagnas";"2017-08-30 18:02:00";400;400;;;;;;;;;;"4";;;;;;""
2017;648;"81";"81171";"Montans";"2017-08-30 18:04:00";10500;0;;10500;;;10500;0;0;0;"Estimées";;"Naturelle";;;;;""
2017;13759;"34";"34092";"Cruzy";"2017-08-30 18:13:00";316;;;;;;;;;;;;"Involontaire (particulier)";;;;;""
2017;1932;"47";"47169";"Moirax";"2017-08-30 18:31:00";100;100;;0;;;0;;;0;;;"Involontaire (travaux)";;;;;""
2017;13634;"30";"30019";"Aubais";"2017-08-30 19:16:00";10000;;;;;;;;;;;;;;;;;""
2017;6769;"13";"13005";"Aubagne";"2017-08-30 19:47:00";2;;;;;;;;;;;"1";"Malveillance";;;;;""
2017;7214;"2A";"2A004";"Ajaccio";"2017-08-30 20:10:00";1;;1;;;;;;;;;;"Accidentelle";;;;;""
2017;13656;"06";"06057";"L'Escarène";"2017-08-31 01:04:00";605;605;;;;;;;;;;"5";"Involontaire (particulier)";;;;;""
2017;17196;"66";"66069";"Espira-de-l'Agly";"2017-08-31 04:11:00";7500;;7500;;;;;;;;;"1";"Malveillance";;;;;""
2017;17197;"66";"66014";"Baixas";"2017-08-31 04:24:00";35000;;35000;;;;;;;;;"1";"Malveillance";;;;;""
2017;17867;"33";"33203";"Hourtin";"2017-08-31 09:18:00";10;10;;0;;;0;0;0;0;"Estimées";;"Naturelle";"Non";;;;""
2017;17870;"33";"33494";"Salaunes";"2017-08-31 16:18:00";500;500;;0;;;0;0;0;0;"Estimées";;;"Non";;;;""
2017;1194;"86";"86055";"La Chapelle-Bâton";"2017-08-31 16:28:00";15000;0;;15000;;;15000;0;0;0;"Estimées";;;;;;;""
2017;1195;"86";"86055";"La Chapelle-Bâton";"2017-08-31 16:28:00";15000;0;;15000;;;15000;0;0;0;"Estimées";;;;;;;""
2017;13991;"2A";"2A006";"Alata";"2017-08-31 16:45:00";20;;20;;;;;;;;;"1";"Malveillance";;;;;""
2017;13625;"04";"04094";"Gréoux-les-Bains";"2017-08-31 17:07:00";22;;;;;;;;;;;;"Naturelle";;;;;""
2017;2935;"40";"40142";"Laluque";"2017-08-31 19:13:00";19000;9000;;0;;;0;;;10000;;;"Naturelle";;;;;""
2017;13992;"2A";"2A247";"Porto-Vecchio";"2017-09-01 10:16:00";200;;200;;;;;;;;;"4";"Naturelle";;;;;""
2017;13680;"2B";"2B112";"Feliceto";"2017-09-01 11:53:00";500;;;;;;;;;;;"1";;;;;;""
2017;13764;"34";"34077";"Clapiers";"2017-09-01 12:40:00";15100;;;;;;;;;;;;"Involontaire (particulier)";;;;;""
2017;13696;"13";"13063";"Miramas";"2017-09-01 13:46:00";1200;1200;;;;;;;;;;"1";"Malveillance";;;;;""
2017;13701;"13";"13001";"Aix-en-Provence";"2017-09-01 15:00:00";1700;1700;;;;;;;;;;"1";"Involontaire (travaux)";;;;;""
2017;13812;"07";"07002";"Ailhon";"2017-09-01 15:06:00";100;100;;;;;;;;;;"4";"Malveillance";;;;;""
2017;13662;"84";"84028";"Cairanne";"2017-09-01 16:00:00";2000;;;;;;;;;;;"1";"Malveillance";;;;;""
2017;13673;"83";"83061";"Fréjus";"2017-09-01 16:28:00";347000;340000;7000;;;;;;;;;"4";"Involontaire (particulier)";;;;;""
2017;13772;"34";"34096";"Faugères";"2017-09-02 01:09:00";70466;;;;;;;;;;;;"Malveillance";;;;;""
2017;17227;"66";"66011";"Bages";"2017-09-02 10:49:00";5000;;5000;;;;;;;;;"2";"Malveillance";;;;;""
2017;13682;"2B";"2B049";"Calenzana";"2017-09-02 12:08:00";32000;20000;12000;;;;;;;;;"3";"Malveillance";;;;;""
2017;17228;"66";"66011";"Bages";"2017-09-02 12:09:00";350000;150000;200000;;;;;;;;;"2";"Malveillance";;;;;""
2017;13683;"2B";"2B105";"Erbajolo";"2017-09-02 12:11:00";11000;;11000;;;;;;;;;"1";"Malveillance";;;;;""
2017;13685;"2B";"2B292";"Sant'Andréa-di-Bozio";"2017-09-02 12:22:00";255700;;255700;;;;;;;;;"1";"Malveillance";;;;;""
2017;13684;"2B";"2B292";"Sant'Andréa-di-Bozio";"2017-09-02 12:22:00";210500;;210500;;;;;;;;;"1";"Malveillance";;;;;""
2017;17229;"66";"66141";"Pia";"2017-09-02 13:45:00";50000;10000;40000;;;;;;;;;"2";;;;;;""
2017;13658;"06";"06151";"Utelle";"2017-09-02 13:56:00";3830;3830;;;;;;;;;;"4";"Naturelle";;;;;""
2017;13697;"13";"13071";"Les Pennes-Mirabeau";"2017-09-02 14:11:00";30;30;;;;;;;;;;"1";;;;;;""
2017;13698;"13";"13071";"Les Pennes-Mirabeau";"2017-09-02 14:11:00";50;;;;;;;;;;;"1";;;;;;""
2017;13813;"07";"07002";"Ailhon";"2017-09-02 14:14:00";200;200;;;;;;;;;;"4";;;;;;""
2017;13686;"2B";"2B185";"Oletta";"2017-09-02 14:42:00";2000;;2000;;;;;;;;;"1";;;;;;""
2017;13694;"13";"13005";"Aubagne";"2017-09-02 14:56:00";20;;;;;;;;;;;"1";"Malveillance";;;;;""
2017;13693;"13";"13005";"Aubagne";"2017-09-02 14:56:00";100;100;;;;;;;;;;"1";"Malveillance";;;;;""
2017;13687;"2B";"2B143";"Linguizzetta";"2017-09-02 15:00:00";2;;;;;;;;;2;;"1";"Involontaire (particulier)";;;;;""
2017;13779;"34";"34228";"Rieussec";"2017-09-02 15:10:00";960;;;;;;;;;;;;;;;;;""
2017;13699;"13";"13071";"Les Pennes-Mirabeau";"2017-09-02 15:30:00";2;2;;;;;;;;;;"1";;;;;;""
2017;2934;"40";"40060";"Callen";"2017-09-02 16:24:00";1700;1700;;0;;;0;;;0;;;;;;;;""
2017;13688;"2B";"2B143";"Linguizzetta";"2017-09-02 16:35:00";400000;;300000;;;;;;;100000;;"1";"Malveillance";;;;;""
2017;16178;"30";"30136";"Junas";"2017-09-02 17:06:00";50000;;;;;;;;;;;;;;;;;""
2017;17877;"33";"33284";"Mios";"2017-09-02 17:50:00";10000;10000;;0;;;0;0;0;0;"Estimées";;;"Non";;;;""
2017;17232;"66";"66172";"Saint-Estève";"2017-09-02 18:09:00";25000;10000;15000;;;;;;;;;"4";;;;;;""
2017;13782;"34";"34300";"Servian";"2017-09-02 18:30:00";5500;;;;;;;;;;;;;;;;;""
2017;13657;"06";"06141";"Toudon";"2017-09-02 18:36:00";40;40;;;;;;;;;;"4";"Naturelle";;;;;""
2017;13952;"13";"13055";"Marseille";"2017-09-02 18:57:00";2000;;2000;;;;;;;;;"1";"Malveillance";;;;;""
2017;13830;"83";"83091";"Pierrefeu-du-Var";"2017-09-02 20:54:00";100;100;;;;;;;;;;"3";"Malveillance";;;;;""
2017;13993;"2A";"2A272";"Sartène";"2017-09-02 21:39:00";1000;;1000;;;;;;;;;;"Malveillance";;;;;""
2017;13982;"83";"83069";"Hyères";"2017-09-02 21:45:00";4310000;4310000;;;;;;;;;;"3";"Malveillance";;;;;""
2017;13690;"2B";"2B303";"San-Giuliano";"2017-09-02 22:08:00";10;;;;;;;;;;;"1";;;;;;""
2017;7088;"11";"11262";"Narbonne";"2017-09-02 22:55:00";22800;;;;;;;;;;;;;;;;;""
2017;13692;"13";"13073";"Peypin";"2017-09-03 01:30:00";108900;13000;95900;;;;;;;;;"1";"Malveillance";;;;;""
2017;13734;"83";"83133";"Tanneron";"2017-09-03 03:57:00";2500;2500;;;;;;;;;;"3";"Malveillance";;;;;""
2017;7215;"2A";"2A092";"Conca";"2017-09-03 05:09:00";37000;;37000;;;;;;;;;"1";"Malveillance";;;;;""
2017;13740;"83";"83026";"Cabasse";"2017-09-03 13:15:00";5000;5000;;;;;;;;;;"3";"Involontaire (particulier)";;;;;""
2017;16775;"48";"48178";"Saint-Privat-de-Vallongue";"2017-09-03 13:58:00";37100;37100;;;;;;;;;;"5";"Malveillance";;;;;""
2017;17880;"33";"33029";"Le Barp";"2017-09-03 16:40:00";20000;20000;;0;;;0;0;0;0;"Estimées";;;"Non";;;;""
2017;13893;"34";"34226";"Quarante";"2017-09-03 16:42:00";30;30;;;;;;;;;;;;;;;;""
2017;13994;"2A";"2A362";"Zonza";"2017-09-03 20:42:00";5;;5;;;;;;;;;;;;;;;""
2017;14232;"06";"06037";"Caussols";"2017-09-04 05:38:00";2190;2190;;;;;;;;;;"5";;;;;;""
2017;16777;"48";"48144";"Sainte-Croix-Vallée-Française";"2017-09-04 10:49:00";50;;50;;;;;;;;;"1";"Involontaire (particulier)";;;;;""
2017;7089;"11";"11203";"Lézignan-Corbières";"2017-09-04 14:24:00";36156;;;;;;;;;;;;;;;;;""
2017;13815;"07";"07088";"Faugères";"2017-09-04 14:50:00";2000;2000;;;;;;;;;;"4";"Involontaire (travaux)";;;;;""
2017;13789;"83";"83133";"Tanneron";"2017-09-04 15:30:00";200;200;;;;;;;;;;"3";"Involontaire (travaux)";;;;;""
2017;706;"45";"45193";"Marcilly-en-Villette";"2017-09-04 15:31:00";15000;0;;15000;;;15000;0;0;0;"Estimées";;"Involontaire (travaux)";;;;;""
2017;13832;"83";"83061";"Fréjus";"2017-09-04 16:28:00";2000;2000;;;;;;;;;;"5";"Involontaire (travaux)";;;;;""
2017;7216;"2A";"2A271";"Sarrola-Carcopino";"2017-09-04 17:28:00";1550;;1500;;;;;;;50;;"1";;;;;;""
2017;7090;"11";"11203";"Lézignan-Corbières";"2017-09-04 19:16:00";30;;;;;;;;;;;;;;;;;""
2017;16779;"48";"48178";"Saint-Privat-de-Vallongue";"2017-09-04 20:53:00";100;100;;;;;;;;;;"4";"Involontaire (travaux)";;;;;""
2017;14022;"34";"34130";"Laurens";"2017-09-05 13:09:00";1375;;;;;;;;;;;;"Accidentelle";;;;;""
2017;13793;"83";"83072";"Lorgues";"2017-09-05 13:59:00";1200;1200;;;;;;;;;;"4";"Malveillance";;;;;""
2017;7091;"11";"11140";"Ferrals-les-Corbières";"2017-09-05 14:02:00";500;;;;;;;;;;;;;;;;;""
2017;17245;"66";"66108";"Millas";"2017-09-05 14:14:00";50000;;50000;;;;;;;;;"1";"Involontaire (travaux)";;;;;""
2017;15276;"30";"30131";"Goudargues";"2017-09-05 15:59:00";2000;;;;;;;;;;;;;;;;;""
2017;13835;"13";"13082";"Rognes";"2017-09-05 18:39:00";5;5;;;;;;;;;;"1";"Involontaire (particulier)";;;;;""
2017;7092;"11";"11262";"Narbonne";"2017-09-06 12:35:00";5000;;;;;;;;;;;;;;;;;""
2017;14037;"34";"34323";"Valmascle";"2017-09-06 12:56:00";43300;;;;;;;;;;;;"Malveillance";;;;;""
2017;13855;"26";"26116";"Donzère";"2017-09-06 14:22:00";71000;0;71000;;;;;;;;;"1";"Involontaire (travaux)";;;;;""
2017;7093;"11";"11393";"Tourouzelle";"2017-09-06 15:35:00";643551;413515;148655;;;;;;;81381;;;;;;;;""
2017;14055;"34";"34082";"Combaillaux";"2017-09-06 15:45:00";1570400;270400;600000;;;;;;;700000;;"1";"Malveillance";;;;;""
2017;13824;"07";"07023";"Balazuc";"2017-09-06 16:02:00";70000;;70000;;;;;;;;;"1";;;;;;""
2017;669;"19";"19191";"Saint-Cernin-de-Larche";"2017-09-06 16:11:00";20000;5000;;0;;;0;15000;0;15000;"Estimées";;;;;;;""
2017;1928;"47";"47145";"Layrac";"2017-09-06 16:56:00";1500;500;;0;;;0;;;1000;;;"Involontaire (travaux)";;;;;""
2017;7095;"11";"11379";"Sigean";"2017-09-06 17:40:00";3357570;291300;3034670;;;;;;;31600;;;;;;;;""
2017;14062;"34";"34181";"Neffiès";"2017-09-06 18:31:00";437143;;;;;;;;;;;"1";"Malveillance";;;;;""
2017;7094;"11";"11203";"Lézignan-Corbières";"2017-09-06 19:58:00";3500;;;;;;;;;;;;;;;;;""
2017;7096;"11";"11202";"Leucate";"2017-09-06 20:10:00";10500;;;;;;;;;;;;;;;;;""
2017;7097;"11";"11067";"Canet";"2017-09-06 20:18:00";14980;;;;;;;;;;;;;;;;;""
2017;13839;"13";"13051";"Lançon-Provence";"2017-09-06 23:20:00";900;900;;;;;;;;;;"1";;;;;;""
2017;15430;"34";"34016";"Aumelas";"2017-09-07 01:10:00";8110;;;;;;;;;;;;"Malveillance";;;;;""
2017;17256;"66";"66164";"Rivesaltes";"2017-09-07 06:12:00";3000;;3000;;;;;;;;;"1";"Malveillance";;;;;""
2017;13852;"05";"05151";"Saint-Martin-de-Queyrières";"2017-09-07 09:08:00";1200;;;;;;;;;;;;"Involontaire (travaux)";;;;;""
2017;7217;"2A";"2A288";"Sotta";"2017-09-07 12:20:00";12300;;12300;;;;;;;;;"1";"Malveillance";;;;;""
2017;13836;"13";"13047";"Istres";"2017-09-07 12:45:00";10000;500;9000;;;;;;;500;;"1";"Accidentelle";;;;;""
2017;7218;"2A";"2A345";"Vero";"2017-09-07 12:59:00";10000;;10000;;;;;;;;;"1";"Malveillance";;;;;""
2017;13837;"13";"13047";"Istres";"2017-09-07 13:00:00";5000;2500;2500;;;;;;;;;"1";;;;;;""
2017;14424;"07";"07304";"Salavas";"2017-09-07 13:04:00";4000;4000;;;;;;;;;;"4";;;;;;""
2017;13917;"2B";"2B314";"Santo-Pietro-di-Tenda";"2017-09-07 13:05:00";500;;;;;;;;;;;"1";;;;;;""
2017;13841;"13";"13037";"La Fare-les-Oliviers";"2017-09-07 13:07:00";2000;2000;;;;;;;;;;"1";;;;;;""
2017;14065;"34";"34259";"Saint-Georges-d'Orques";"2017-09-07 14:01:00";887;;;;;;;;;;;;"Accidentelle";;;;;""
2017;15277;"30";"30019";"Aubais";"2017-09-07 16:12:00";200;;;;;;;;;;;;;;;;;""
2017;13840;"13";"13043";"Gignac-la-Nerthe";"2017-09-07 17:00:00";300;150;150;;;;;;;;;"1";;;;;;""
2017;13846;"84";"84083";"Mornas";"2017-09-07 17:59:00";2000;2000;;;;;;;;;;"4";"Malveillance";;;;;""
2017;7099;"11";"11040";"Bizanet";"2017-09-07 18:05:00";395900;67400;159418;;;;;;;169082;;;;;;;;""
2017;5490;"66";"66053";"Collioure";"2017-09-07 18:28:00";800;800;;;;;;;;;;"4";"Malveillance";;;;;""
2017;14085;"34";"34172";"Montpellier";"2017-09-07 18:29:00";1503;;;;;;;;;;;;"Malveillance";;;;;""
2017;7219;"2A";"2A247";"Porto-Vecchio";"2017-09-07 18:52:00";15;;15;;;;;;;;;"1";;;;;;""
2017;15431;"34";"34308";"Taussac-la-Billière";"2017-09-07 21:01:00";2895;;;;;;;;;;;;"Malveillance";;;;;""
2017;14088;"34";"34341";"Villeveyrac";"2017-09-08 02:24:00";9072;;;;;;;;;;;;"Malveillance";;;;;""
2017;5491;"66";"66069";"Espira-de-l'Agly";"2017-09-08 05:46:00";2000;;2000;;;;;;;;;"1";"Involontaire (travaux)";;;;;""
2017;7221;"2A";"2A249";"Propriano";"2017-09-08 13:34:00";300;;300;;;;;;;;;;;;;;;""
2017;13900;"13";"13005";"Aubagne";"2017-09-08 13:52:00";240;240;;;;;;;;;;"1";"Malveillance";;;;;""
2017;16781;"48";"48162";"Saint-Julien-d'Arpaon";"2017-09-08 14:02:00";2100;;2100;;;;;;;;;"1";;;;;;""
2017;5496;"66";"66225";"Villelongue-dels-Monts";"2017-09-08 14:03:00";600;600;;;;;;;;;;"2";"Involontaire (particulier)";;;;;""
2017;1108;"32";"32219";"Lupiac";"2017-09-08 16:30:00";30500;30000;;0;;;0;500;0;500;"Estimées";;;;;;;""
2017;14427;"07";"07079";"Désaignes";"2017-09-08 16:48:00";10000;10000;;;;;;;;;;"3";"Involontaire (travaux)";;;;;""
2017;17886;"33";"33213";"La Brède";"2017-09-08 17:14:00";300;300;;0;;;0;0;0;0;"Estimées";;"Malveillance";"Non";;;;""
2017;17887;"33";"33284";"Mios";"2017-09-08 18:19:00";50;50;;0;;;0;0;0;0;"Estimées";;;"Non";;;;""
2017;13920;"2B";"2B013";"Alzi";"2017-09-09 09:06:00";10;;;;;;;;;;;"1";"Involontaire (particulier)";;;;;""
2017;7100;"11";"11386";"Talairan";"2017-09-09 18:22:00";25;;;;;;;;;;;;;;;;;""
2017;13922;"2B";"2B153";"Manso";"2017-09-10 07:24:00";5;5;;;;;;;;;;"4";"Naturelle";;;;;""
2017;13923;"2B";"2B007";"Albertacce";"2017-09-10 08:25:00";3;3;;;;;;;;;;"4";"Naturelle";;;;;""
2017;13924;"2B";"2B356";"Zalana";"2017-09-10 10:08:00";2;2;;;;;;;;;;"3";"Naturelle";;;;;""
2017;14237;"34";"34172";"Montpellier";"2017-09-10 12:36:00";28194;;;;;;;;;;;;"Accidentelle";;;;;""
2017;14238;"34";"34172";"Montpellier";"2017-09-10 13:16:00";4917;;;;;;;;;;;;"Accidentelle";;;;;""
2017;7101;"11";"11285";"Peyriac-de-Mer";"2017-09-10 14:39:00";100;;;;;;;;;;;;;;;;;""
2017;14245;"34";"34255";"Saint-Gély-du-Fesc";"2017-09-10 15:35:00";33564;;;;;;;;;;;;"Malveillance";;;;;""
2017;13926;"2B";"2B120";"Furiani";"2017-09-10 17:11:00";3;;;;;;;;;;;"1";;;;;;""
2017;13902;"13";"13001";"Aix-en-Provence";"2017-09-11 04:01:00";20;20;;;;;;;;;;"1";;;;;;""
2017;13901;"13";"13001";"Aix-en-Provence";"2017-09-11 04:09:00";50;50;;;;;;;;;;"1";;;;;;""
2017;14248;"34";"34266";"Saint-Jean-de-Cuculles";"2017-09-11 04:49:00";2385;;;;;;;;;;;;"Accidentelle";;;;;""
2017;13927;"2B";"2B335";"Valle-di-Campoloro";"2017-09-11 13:30:00";500;;;;;;;;;;;"1";;;;;;""
2017;7222;"2A";"2A300";"San-Gavino-di-Carbini";"2017-09-11 14:08:00";50;;50;;;;;;;;;;;;;;;""
2017;14259;"34";"34178";"Murviel-lès-Béziers";"2017-09-11 14:32:00";1794;;;;;;;;;;;;"Involontaire (particulier)";;;;;""
2017;7102;"11";"11203";"Lézignan-Corbières";"2017-09-11 14:51:00";248510;176103;31476;;;;;;;40931;;;;;;;;""
2017;14267;"34";"34145";"Lunel";"2017-09-11 15:41:00";193045;;;;;;;;;;;"3";"Involontaire (particulier)";;;;;""
2017;13911;"13";"13102";"Saint-Victoret";"2017-09-11 15:43:00";3000;1000;1000;;;;;;;1000;;"1";;;;;;""
2017;14429;"07";"07198";"Rompon";"2017-09-11 16:24:00";10000;;10000;;;;;;;;;"1";"Involontaire (particulier)";;;;;""
2017;13912;"13";"13059";"Meyrargues";"2017-09-11 16:41:00";50;;;;;;;;;;;"1";"Accidentelle";;;;;""
2017;13915;"13";"13054";"Marignane";"2017-09-11 17:00:00";500;500;;;;;;;;;;"1";;;;;;""
2017;13955;"83";"83031";"Le Cannet-des-Maures";"2017-09-11 17:30:00";500;500;;;;;;;;;;"1";"Involontaire (particulier)";;;;;""
2017;13928;"2B";"2B251";"Prunelli-di-Fiumorbo";"2017-09-11 18:35:00";10;;;;;;;;;;;"1";;;;;;""
2017;14271;"34";"34270";"Saint-Jean-de-Védas";"2017-09-11 19:29:00";3124;;;;;;;;;;;;;;;;;""
2017;14272;"34";"34259";"Saint-Georges-d'Orques";"2017-09-11 20:20:00";2263;;;;;;;;;;;;"Malveillance";;;;;""
2017;13931;"2B";"2B110";"Favalello";"2017-09-12 00:22:00";4;;;;;;;;;;;"1";;;;;;""
2017;14431;"07";"07208";"Saint-Andéol-de-Berg";"2017-09-12 11:23:00";10000;;10000;;;;;;;;;"1";;;;;;""
2017;5527;"66";"66171";"Saint-Cyprien";"2017-09-12 12:02:00";10000;10000;;;;;;;;;;"6";;;;;;""
2017;7223;"2A";"2A247";"Porto-Vecchio";"2017-09-12 12:38:00";20;;20;;;;;;;;;"1";"Malveillance";;;;;""
2017;14012;"2B";"2B037";"Biguglia";"2017-09-12 14:33:00";50;;;;;;;;;;;"1";;;;;;""
2017;14233;"06";"06088";"Nice";"2017-09-12 14:48:00";1450;;1450;;;;;;;;;"1";"Involontaire (particulier)";;;;;""
2017;13957;"83";"83148";"Vidauban";"2017-09-12 14:53:00";2400;2400;;;;;;;;;;"5";"Involontaire (particulier)";;;;;""
2017;5529;"66";"66168";"Saint-André";"2017-09-12 15:20:00";5000;5000;;;;;;;;;;"6";"Malveillance";;;;;""
2017;13966;"13";"13004";"Arles";"2017-09-12 15:52:00";400;400;;;;;;;;;;"1";"Involontaire (particulier)";;;;;""
2017;13970;"13";"13004";"Arles";"2017-09-12 15:52:00";400;400;;;;;;;;;;"2";"Involontaire (particulier)";;;;;""
2017;6907;"48";"48148";"Saint-Étienne-Vallée-Française";"2017-09-12 16:15:00";1100;;1100;;;;;;;;;"1";"Involontaire (particulier)";;;;;""
2017;15278;"30";"30019";"Aubais";"2017-09-12 16:23:00";20;;;;;;;;;;;;"Malveillance";;;;;""
2017;5530;"66";"66233";"Vivès";"2017-09-12 16:46:00";100;100;;;;;;;;;;"3";"Involontaire (particulier)";;;;;""
2017;14286;"34";"34162";"Montagnac";"2017-09-12 17:01:00";44079;;;;;;;;;;;;"Malveillance";;;;;""
2017;6770;"13";"13056";"Martigues";"2017-09-12 17:09:00";1200;1200;;;;;;;;;;"1";;;;;;""
2017;14293;"34";"34235";"Rosis";"2017-09-12 18:50:00";447964;;;;;;;;;;;"1";"Malveillance";;;;;""
2017;14015;"2B";"2B023";"Asco";"2017-09-12 19:29:00";3000;3000;;;;;;;;;;"4";;;;;;""
2017;13965;"13";"13005";"Aubagne";"2017-09-12 20:41:00";20;20;;;;;;;;;;"1";"Malveillance";;;;;""
2017;14017;"2B";"2B039";"Bisinchi";"2017-09-12 22:12:00";10000;;10000;;;;;;;;;"1";;;;;;""
2017;13967;"13";"13001";"Aix-en-Provence";"2017-09-13 03:13:00";15000;10000;5000;;;;;;;;;"1";;;;;;""
2017;14310;"34";"34259";"Saint-Georges-d'Orques";"2017-09-13 10:57:00";2864;;;;;;;;;;;;"Involontaire (travaux)";;;;;""
2017;14024;"30";"30189";"Nîmes";"2017-09-13 15:27:00";10000;;;;;;;;;;;;;;;;;""
2017;14490;"07";"07307";"Sanilhac";"2017-09-13 17:32:00";10000;10000;;;;;;;;;;"4";;;;;;""
2017;14433;"07";"07307";"Sanilhac";"2017-09-13 17:32:00";15000;15000;;;;;;;;;;"4";;;;;;""
2017;14491;"07";"07307";"Sanilhac";"2017-09-13 18:19:00";6000;6000;;;;;;;;;;"4";;;;;;""
2017;7224;"2A";"2A041";"Bonifacio";"2017-09-13 22:35:00";84300;;84300;;;;;;;;;"1";"Accidentelle";;;;;""
2017;14398;"2B";"2B292";"Sant'Andréa-di-Bozio";"2017-09-14 13:00:00";26000;;26000;;;;;;;;;"1";"Malveillance";;;;;""
2017;5531;"66";"66050";"Claira";"2017-09-14 13:11:00";50000;;50000;;;;;;;;;"1";;;;;;""
2017;14399;"2B";"2B016";"Antisanti";"2017-09-14 13:55:00";200;;;;;;;;;;;"1";;;;;;""
2017;5532;"66";"66107";"Maury";"2017-09-14 13:59:00";1000;1000;;;;;;;;;;"2";;;;;;""
2017;14413;"84";"84012";"Beaumes-de-Venise";"2017-09-14 14:01:00";11700;11700;;;;;;;;;;"4";"Naturelle";;;;;""
2017;14492;"07";"07305";"Les Salelles";"2017-09-14 14:26:00";4000;4000;;;;;;;;;;"4";;;;;;""
2017;14321;"34";"34213";"Poussan";"2017-09-14 22:06:00";853;;;;;;;;;;;;;;;;;""
2017;14489;"34";"34019";"Avène";"2017-09-15 00:00:00";300;;;;;;;;;;;;"Malveillance";;;;;""
2017;7225;"2A";"2A247";"Porto-Vecchio";"2017-09-15 12:01:00";12000;;12000;;;;;;;;;"1";"Malveillance";;;;;""
2017;15279;"30";"30145";"Lédenon";"2017-09-15 21:31:00";800;;;;;;;;;;;;"Accidentelle";;;;;""
2017;7226;"2A";"2A189";"Olmeto";"2017-09-16 07:37:00";10;;10;;;;;;;;;;"Accidentelle";;;;;""
2017;14402;"2B";"2B188";"Olmeta-di-Tuda";"2017-09-16 10:01:00";10;;;;;;;;;;;"1";;;;;;""
2017;7103;"11";"11069";"Carcassonne";"2017-09-16 13:30:00";200;;;;;;;;;;;;;;;;;""
2017;14234;"06";"06060";"Falicon";"2017-09-16 16:11:00";12700;;12700;;;;;;;;;"1";"Involontaire (particulier)";;;;;""
2017;14556;"05";"05122";"La Roche-de-Rame";"2017-09-16 16:12:00";44;;;;;;;;;;;;;;;;;""
2017;7227;"2A";"2A247";"Porto-Vecchio";"2017-09-16 17:06:00";60;;60;;;;;;;;;"1";"Malveillance";;;;;""
2017;14335;"34";"34310";"Thézan-lès-Béziers";"2017-09-16 20:06:00";339;339;;;;;;;;;;;"Malveillance";;;;;""
2017;14337;"34";"34028";"Bédarieux";"2017-09-16 22:03:00";812;;;;;;;;;;;;"Malveillance";;;;;""
2017;14404;"2B";"2B307";"Santa-Lucia-di-Moriani";"2017-09-17 08:56:00";500;;;;;;;;;;;"1";;;;;;""
2017;14235;"06";"06050";"Coursegoules";"2017-09-17 10:31:00";54150;54150;;;;;;;;;;"3";"Involontaire (particulier)";;;;;""
2017;6771;"13";"13103";"Salon-de-Provence";"2017-09-17 11:53:00";3000;3000;;;;;;;;;;"1";;;;;;""
2017;15226;"04";"04008";"Annot";"2017-09-17 12:13:00";208400;207500;900;;;;;;;;;"2";"Accidentelle";;;;;""
2017;14460;"13";"13103";"Salon-de-Provence";"2017-09-17 12:14:00";3000;3000;;;;;;;;;;"1";;;;;;""
2017;14444;"34";"34148";"Maraussan";"2017-09-17 12:48:00";3810;;;;;;;;;;;;"Accidentelle";;;;;""
2017;16232;"30";"30050";"Bragassargues";"2017-09-17 13:52:00";8000;;;;;;;;;;;;;;;;;""
2017;14230;"83";"83118";"Saint-Raphaël";"2017-09-17 15:09:00";20;20;;;;;;;;;;"1";"Involontaire (travaux)";;;;;""
2017;16237;"30";"30037";"Bessèges";"2017-09-17 17:03:00";3500;;;;;;;;;;;;;;;;;""
2017;14447;"34";"34172";"Montpellier";"2017-09-17 17:08:00";730;;;;;;;;;;;;"Malveillance";;;;;""
2017;14418;"84";"84091";"Piolenc";"2017-09-17 18:49:00";500;;;;;;;;;;;;;;;;;""
2017;14405;"2B";"2B239";"Poggio-d'Oletta";"2017-09-18 08:10:00";300;;;;;;;;;;;"1";;;;;;""
2017;14558;"06";"06042";"Clans";"2017-09-18 13:57:00";112;112;;;;;;;;;;"3";"Malveillance";;;;;""
2017;14525;"83";"83101";"Ramatuelle";"2017-09-19 13:53:00";1480;1480;;;;;;;;;;"4";"Accidentelle";;;;;""
2017;7229;"2A";"2A345";"Vero";"2017-09-19 13:53:00";50;;50;;;;;;;;;;;;;;;""
2017;5610;"66";"66137";"Le Perthus";"2017-09-19 14:17:00";200;200;;;;;;;;;;"3";"Malveillance";;;;;""
2017;14497;"07";"07034";"Bidon";"2017-09-19 15:35:00";80000;;80000;;;;;;;;;"1";;;;;;""
2017;15228;"04";"04188";"Saint-Maime";"2017-09-19 16:27:00";180;;180;;;;;;;;;"1";"Involontaire (particulier)";;;;;""
2017;15280;"30";"30169";"Milhaud";"2017-09-19 18:40:00";10000;;;;;;;;;;;;;;;;;""
2017;14463;"13";"13001";"Aix-en-Provence";"2017-09-20 05:30:00";100;100;;;;;;;;;;"1";"Malveillance";;;;;""
2017;14462;"13";"13001";"Aix-en-Provence";"2017-09-20 05:30:00";100;100;;;;;;;;;;"1";"Malveillance";;;;;""
2017;14461;"13";"13028";"La Ciotat";"2017-09-20 06:30:00";20;;;;;;;;;;;"1";"Accidentelle";;;;;""
2017;15281;"30";"30231";"Saint-André-de-Valborgne";"2017-09-20 12:50:00";5;;;;;;;;;;;;;;;;;""
2017;14647;"07";"07307";"Sanilhac";"2017-09-20 13:40:00";1000;1000;;;;;;;;;;"4";;;;;;""
2017;14646;"07";"07042";"Bourg-Saint-Andéol";"2017-09-20 14:33:00";25000;;25000;;;;;;;;;"1";"Involontaire (travaux)";;;;;""
2017;14645;"07";"07002";"Ailhon";"2017-09-20 14:53:00";4000;4000;;;;;;;;;;"4";;;;;;""
2017;15282;"30";"30105";"Dourbies";"2017-09-20 16:30:00";20000;;;;;;;;;;;;;;;;;""
2017;14644;"07";"07129";"Lamastre";"2017-09-20 16:50:00";3500;;3500;;;;;;;;;"1";"Involontaire (travaux)";;;;;""
2017;14534;"83";"83038";"Châteaudouble";"2017-09-20 17:05:00";4000;4000;;;;;;;;;;"4";"Malveillance";;;;;""
2017;14535;"83";"83015";"Bauduen";"2017-09-20 17:34:00";200;200;;;;;;;;;;"5";"Accidentelle";;;;;""
2017;14559;"06";"06077";"Lucéram";"2017-09-20 18:30:00";10;10;;;;;;;;;;"1";"Naturelle";;;;;""
2017;14560;"06";"06077";"Lucéram";"2017-09-20 19:18:00";116600;116600;;;;;;;;;;"1";"Naturelle";;;;;""
2017;15285;"30";"30176";"Montdardier";"2017-09-20 23:35:00";65000;;;;;;;;;;;;;;;;;""
2017;14651;"07";"07042";"Bourg-Saint-Andéol";"2017-09-21 12:02:00";10000;;10000;;;;;;;;;"1";"Involontaire (travaux)";;;;;""
2017;14537;"83";"83072";"Lorgues";"2017-09-21 12:44:00";520;520;;;;;;;;;;"6";"Malveillance";;;;;""
2017;14649;"07";"07002";"Ailhon";"2017-09-21 13:38:00";500;500;;;;;;;;;;"4";;;;;;""
2017;14544;"2B";"2B143";"Linguizzetta";"2017-09-21 14:55:00";150;;;;;;;;;;;"1";"Accidentelle";;;;;""
2017;14545;"2B";"2B079";"Castello-di-Rostino";"2017-09-21 15:02:00";99100;;99100;;;;;;;;;"1";"Malveillance";;;;;""
2017;7230;"2A";"2A247";"Porto-Vecchio";"2017-09-21 15:22:00";20;;20;;;;;;;;;"1";"Malveillance";;;;;""
2017;15231;"04";"04077";"Entrevennes";"2017-09-21 16:43:00";30300;20700;7400;;;;;;;2200;;"2";"Involontaire (particulier)";;;;;""
2017;1113;"15";"15013";"Auriac-l'Église";"2017-09-21 17:09:00";30000;0;;30000;;;30000;0;0;0;"Estimées";;"Involontaire (travaux)";;;;;""
2017;14538;"83";"83011";"Bargemon";"2017-09-21 17:42:00";200;200;;;;;;;;;;"4";"Involontaire (particulier)";;;;;""
2017;15283;"30";"30220";"Roquedur";"2017-09-22 00:08:00";3000;;;;;;;;;;;;;;;;;""
2017;15235;"04";"04148";"Peyroules";"2017-09-22 13:01:00";120000;96100;23900;;;;;;;;;"5";"Malveillance";;;;;""
2017;14549;"2B";"2B161";"Moïta";"2017-09-22 13:26:00";2000;;2000;;;;;;;;;"1";"Involontaire (particulier)";;;;;""
2017;14653;"07";"07201";"Ruoms";"2017-09-22 14:14:00";5000;;5000;;;;;;;;;"1";;;;;;""
2017;14551;"2B";"2B292";"Sant'Andréa-di-Bozio";"2017-09-22 14:54:00";4000;;;;;;;;;;;"1";;;;;;""
2017;16805;"48";"48119";"Prévenchères";"2017-09-22 15:16:00";29700;12600;;;;;;;;17100;;"4";"Involontaire (travaux)";;;;;""
2017;14806;"34";"34013";"Aspiran";"2017-09-22 18:12:00";6724;;6724;;;;;;;;;"1";"Malveillance";;;;;""
2017;7104;"11";"11190";"La Redorte";"2017-09-22 23:38:00";1200;;;;;;;;;;;;;;;;;""
2017;14532;"05";"05023";"Briançon";"2017-09-23 13:02:00";10000;;;;;;;;;;;;;;;;;""
2017;2933;"40";"40104";"Gamarde-les-Bains";"2017-09-23 17:40:00";3500;3500;;0;;;0;;;0;;;;;;;;""
2017;14875;"34";"34013";"Aspiran";"2017-09-24 10:32:00";256;;;;;;;;;;;"1";"Involontaire (particulier)";;;;;""
2017;7105;"11";"11304";"Quillan";"2017-09-24 12:14:00";30;;;;;;;;;;;;;;;;;""
2017;14554;"2B";"2B153";"Manso";"2017-09-24 13:20:00";1500;;;;;;;;;;;"1";;;;;;""
2017;7106;"11";"11189";"Laprade";"2017-09-24 13:57:00";5;;;;;;;;;;;;;;;;;""
2017;14562;"06";"06075";"Levens";"2017-09-24 15:16:00";3490;3490;;;;;;;;;;"4";;;;;;""
2017;5631;"66";"66214";"Tresserre";"2017-09-24 16:03:00";5000;;5000;;;;;;;;;"2";"Malveillance";;;;;""
2017;14564;"2B";"2B301";"San-Gavino-di-Tenda";"2017-09-26 12:57:00";80000;;80000;;;;;;;;;"1";"Malveillance";;;;;""
2017;17892;"33";"33095";"Captieux";"2017-09-26 16:52:00";100;100;;0;;;0;0;0;0;"Estimées";;"Involontaire (particulier)";"Non";;;;""
2017;7232;"2A";"2A004";"Ajaccio";"2017-09-27 12:11:00";1;;;;;;;;;;;;;;;;;""
2017;14823;"13";"13090";"Saint-Antonin-sur-Bayon";"2017-09-27 12:53:00";500;500;;;;;;;;;;"1";;;;;;""
2017;14660;"07";"07016";"Asperjoc";"2017-09-27 13:34:00";9000;9000;;;;;;;;;;"3";"Involontaire (travaux)";;;;;""
2017;14574;"2B";"2B079";"Castello-di-Rostino";"2017-09-27 15:22:00";35000;;35000;;;;;;;;;"1";;;;;;""
2017;17893;"33";"33229";"Lanton";"2017-09-27 17:27:00";200;200;;0;;;0;0;0;0;"Estimées";;"Involontaire (particulier)";"Non";;;;""
2017;14575;"2B";"2B168";"Monticello";"2017-09-28 10:38:00";34000;;34000;;;;;;;;;"1";"Accidentelle";;;;;""
2017;14576;"2B";"2B275";"Sermano";"2017-09-28 13:39:00";8000;;;;;;;;;;;"1";;;;;;""
2017;15241;"04";"04187";"Saint-Lions";"2017-09-28 15:19:00";30;;30;;;;;;;;;"1";"Naturelle";;;;;""
2017;898;"43";"43102";"Grazac";"2017-09-28 16:13:00";3000;3000;;0;;;0;0;0;0;"Estimées";;;;;;;""
2017;14579;"2B";"2B039";"Bisinchi";"2017-09-28 19:10:00";15000;;15000;;;;;;;;;"1";;;;;;""
2017;14580;"2B";"2B355";"Volpajola";"2017-09-28 19:58:00";400;;400;;;;;;;;;"1";;;;;;""
2017;14914;"34";"34247";"Saint-Clément-de-Rivière";"2017-09-29 13:25:00";3100;;;;;;;;;;;;"Involontaire (particulier)";;;;;""
2017;16582;"48";"48198";"Villefort";"2017-09-29 15:28:00";2200;2200;;;;;;;;;;"3";;;;;;""
2017;15433;"34";"34255";"Saint-Gély-du-Fesc";"2017-09-29 16:30:00";3398;;;;;;;;;;;;"Involontaire (particulier)";;;;;""
2017;14588;"26";"26281";"Romans-sur-Isère";"2017-09-29 16:59:00";2800;2800;;;;;;;;;;"5";"Malveillance";;;;;""
2017;14584;"2B";"2B227";"Pietricaggio";"2017-09-29 17:50:00";20000;;20000;;;;;;;;;"1";;;;;;""
2017;2932;"40";"40246";"Sabres";"2017-09-29 18:12:00";5000;3000;;0;;;0;;;2000;;;;;;;;""
2017;14663;"07";"07156";"Meyras";"2017-09-29 18:56:00";3000;3000;;;;;;;;;;"3";"Involontaire (travaux)";;;;;""
2017;14587;"2B";"2B167";"Montegrosso";"2017-09-30 15:34:00";200;;200;;;;;;;;;"1";;;;;;""
2017;14611;"06";"06049";"Courmes";"2017-09-30 17:41:00";24090;;24090;;;;;;;;;"1";;;;;;""
2017;14610;"06";"06148";"Tourrettes-sur-Loup";"2017-09-30 17:41:00";15;15;;;;;;;;;;"3";"Involontaire (particulier)";;;;;""
2017;14612;"06";"06049";"Courmes";"2017-09-30 19:33:00";2520;;2520;;;;;;;;;"1";;;;;;""
2017;5636;"66";"66037";"Canet-en-Roussillon";"2017-10-01 14:23:00";8000;5000;3000;;;;;;;;;"6";"Involontaire (particulier)";;;;;""
2017;7240;"2A";"2A359";"Zicavo";"2017-10-01 14:26:00";20;;20;;;;;;;;;;;;;;;""
2017;7107;"11";"11344";"Saint-Hilaire";"2017-10-01 19:19:00";2123;;;;;;;;;;;;;;;;;""
2017;14596;"2B";"2B042";"Borgo";"2017-10-02 14:18:00";200;;200;;;;;;;;;"1";;;;;;""
2017;14597;"2B";"2B307";"Santa-Lucia-di-Moriani";"2017-10-02 14:20:00";50;;;;;;;;;;;"1";;;;;;""
2017;14933;"34";"34061";"Causses-et-Veyran";"2017-10-02 16:19:00";22410;;2410;;;;;;;20000;;;"Involontaire (travaux)";;;;;""
2017;7241;"2A";"2A247";"Porto-Vecchio";"2017-10-03 03:21:00";700;;700;;;;;;;;;;;;;;;""
2017;7242;"2A";"2A269";"Sari-Solenzara";"2017-10-03 11:47:00";80;;80;;;;;;;;;;;;;;;""
2017;7660;"30";"30176";"Montdardier";"2017-10-03 12:15:00";660420;;;;;;;;;;;;;;;;;""
2017;14935;"34";"34126";"Lamalou-les-Bains";"2017-10-03 12:25:00";24500;;24500;;;;;;;;;"1";"Accidentelle";;;;;""
2017;14613;"06";"06003";"Andon";"2017-10-03 13:40:00";5380;2380;3000;;;;;;;;;"3";"Naturelle";;;;;""
2017;14642;"84";"84089";"Pertuis";"2017-10-03 17:08:00";3000;;;;;;;;;;;;;;;;;""
2017;14643;"84";"84089";"Pertuis";"2017-10-03 17:58:00";4000;;;;;;;;;;;;;;;;;""
2017;15136;"26";"26284";"Roussas";"2017-10-03 19:40:00";6500;0;6500;;;;;;;;;"1";"Accidentelle";;;;;""
2017;7243;"2A";"2A247";"Porto-Vecchio";"2017-10-03 22:25:00";500;;500;;;;;;;;;;;;;;;""
2017;14614;"06";"06057";"L'Escarène";"2017-10-04 12:16:00";50;50;;;;;;;;;;"4";"Involontaire (particulier)";;;;;""
2017;7244;"2A";"2A209";"Peri";"2017-10-04 12:58:00";200;;200;;;;;;;;;;;;;;;""
2017;14609;"2B";"2B007";"Albertacce";"2017-10-04 14:12:00";4000;;4000;;;;;;;;;"1";;;;;;""
2017;7108;"11";"11322";"Roquefort-des-Corbières";"2017-10-04 14:36:00";2930;;;;;;;;;;;;;;;;;""
2017;14829;"13";"13005";"Aubagne";"2017-10-04 14:57:00";4000;4000;;;;;;;;;;"1";"Involontaire (travaux)";;;;;""
2017;14944;"34";"34028";"Bédarieux";"2017-10-04 15:16:00";10000;;;;;;;;;;;;"Involontaire (particulier)";;;;;""
2017;7110;"11";"11071";"Cascastel-des-Corbières";"2017-10-04 16:02:00";900;;;;;;;;;;;;;;;;;""
2017;17896;"33";"33012";"Arsac";"2017-10-04 16:49:00";2000;2000;;0;;;0;0;0;0;"Estimées";;;"Non";;;;""
2017;7246;"2A";"2A041";"Bonifacio";"2017-10-04 17:32:00";100;;100;;;;;;;;;;;;;;;""
2017;15246;"04";"04120";"Val d'Oronaye";"2017-10-05 13:18:00";767100;317100;366600;;;;;;;83400;;"4";"Involontaire (travaux)";;;;;""
2017;7247;"2A";"2A331";"Urbalacone";"2017-10-05 14:53:00";1;;1;;;;;;;;;;;;;;;""
2017;14951;"34";"34211";"Le Poujol-sur-Orb";"2017-10-05 14:53:00";53170;;;;;;;;;;;"1";"Involontaire (travaux)";;;;;""
2017;14677;"84";"84079";"Monieux";"2017-10-05 17:23:00";1000;;;;;;;;;;;;;;;;;""
2017;14765;"2B";"2B145";"Loreto-di-Casinca";"2017-10-05 18:45:00";10000;;10000;;;;;;;;;"1";;;;;;""
2017;15103;"83";"83104";"Rians";"2017-10-05 23:04:00";25300;25300;;;;;;;;;;"5";"Involontaire (particulier)";;;;;""
2017;14962;"34";"34281";"Saint-Pargoire";"2017-10-06 05:02:00";846900;;846900;;;;;;;;;"1";"Malveillance";;;;;""
2017;14770;"2B";"2B190";"Olmi-Cappella";"2017-10-06 12:46:00";10000;;10000;;;;;;;;;"1";;;;;;""
2017;14822;"13";"13001";"Aix-en-Provence";"2017-10-06 13:02:00";1000;1000;;;;;;;;;;"1";"Accidentelle";;;;;""
2017;7661;"30";"30105";"Dourbies";"2017-10-06 15:28:00";100000;;;;;;;;;;;;;;;;;""
2017;14812;"83";"83019";"Bormes-les-Mimosas";"2017-10-06 15:41:00";228;228;;;;;;;;;;"5";"Malveillance";;;;;""
2017;15248;"04";"04112";"Manosque";"2017-10-06 16:07:00";10;10;;;;;;;;;;"4";"Involontaire (particulier)";;;;;""
2017;7111;"11";"11397";"Trèbes";"2017-10-06 16:11:00";130;;;;;;;;;;;;;;;;;""
2017;14771;"2B";"2B352";"Ville-di-Paraso";"2017-10-06 16:57:00";10000;;10000;;;;;;;;;"1";;;;;;""
2017;7248;"2A";"2A032";"Bastelicaccia";"2017-10-06 19:13:00";500;;500;;;;;;;;;;;;;;;""
2017;14813;"83";"83019";"Bormes-les-Mimosas";"2017-10-06 21:24:00";26300;26300;;;;;;;;;;"3";"Malveillance";;;;;""
2017;14821;"13";"13080";"Le Puy-Sainte-Réparade";"2017-10-06 22:09:00";20000;20000;;;;;;;;;;"1";;;;;;""
2017;15000;"06";"06066";"Gilette";"2017-10-07 06:04:00";125140;125140;;;;;;;;;;"5";"Involontaire (particulier)";;;;;""
2017;7112;"11";"11017";"Artigues";"2017-10-07 08:59:00";10;;;;;;;;;;;;;;;;;""
2017;15249;"04";"04051";"Châteauneuf-Miravail";"2017-10-07 10:15:00";28700;800;22000;;;;;;;5900;;"1";"Accidentelle";;;;;""
2017;14775;"2B";"2B290";"Speloncato";"2017-10-07 10:58:00";300;;300;;;;;;;;;"1";;;;;;""
2017;14776;"2B";"2B290";"Speloncato";"2017-10-07 11:13:00";40000;;40000;;;;;;;;;"1";;;;;;""
2017;7249;"2A";"2A272";"Sartène";"2017-10-07 12:32:00";100;;100;;;;;;;;;;;;;;;""
2017;14980;"34";"34170";"Montouliers";"2017-10-07 13:15:00";523700;;523700;;;;;;;;;"1";"Involontaire (particulier)";;;;;""
2017;14780;"2B";"2B176";"Nocario";"2017-10-07 13:23:00";10000;;10000;;;;;;;;;"1";;;;;;""
2017;14781;"2B";"2B229";"Pietroso";"2017-10-07 13:28:00";1400;;1400;;;;;;;;;"1";;;;;;""
2017;14815;"83";"83104";"Rians";"2017-10-07 13:56:00";20;20;;;;;;;;;;"5";"Involontaire (particulier)";;;;;""
2017;16583;"48";"48152";"Ventalon en Cévennes";"2017-10-07 14:19:00";480;480;;;;;;;;;;"2";;;;;;""
2017;14784;"2B";"2B251";"Prunelli-di-Fiumorbo";"2017-10-07 14:44:00";10000;;10000;;;;;;;;;"1";;;;;;""
2017;5653;"66";"66106";"Maureillas-las-Illas";"2017-10-07 15:05:00";5000;3000;2000;;;;;;;;;"3";"Involontaire (particulier)";;;;;""
2017;7250;"2A";"2A006";"Alata";"2017-10-07 16:19:00";1;;1;;;;;;;;;;;;;;;""
2017;7663;"30";"30269";"Saint-Jean-du-Gard";"2017-10-07 16:21:00";80000;;;;;;;;;;;;;;;;;""
2017;14786;"2B";"2B238";"Poggio-di-Venaco";"2017-10-07 16:28:00";10000;;10000;;;;;;;;;"1";;;;;;""
2017;5656;"66";"66217";"Trouillas";"2017-10-07 16:57:00";3000;2000;1000;;;;;;;;;"6";"Malveillance";;;;;""
2017;14788;"2B";"2B320";"Tallone";"2017-10-07 17:24:00";10500;;10500;;;;;;;;;"1";;;;;;""
2017;14789;"2B";"2B355";"Volpajola";"2017-10-07 18:22:00";1000;;1000;;;;;;;;;"1";;;;;;""
2017;14857;"06";"06103";"Roquebillière";"2017-10-08 10:33:00";280;280;;;;;;;;;;"4";"Malveillance";;;;;""
2017;15094;"83";"83019";"Bormes-les-Mimosas";"2017-10-08 10:44:00";10;10;;;;;;;;;;"5";"Involontaire (travaux)";;;;;""
2017;14853;"84";"84108";"Saint-Didier";"2017-10-08 11:37:00";1000;;;;;;;;;;;;;;;;;""
2017;14820;"13";"13056";"Martigues";"2017-10-08 12:17:00";45000;20000;20000;;;;;;;5000;;"1";"Involontaire (travaux)";;;;;""
2017;15025;"34";"34281";"Saint-Pargoire";"2017-10-08 12:46:00";1650;;1650;;;;;;;;;"1";;;;;;""
2017;15095;"83";"83142";"Trigance";"2017-10-08 14:32:00";30;30;;;;;;;;;;"1";"Accidentelle";;;;;""
2017;14817;"83";"83142";"Trigance";"2017-10-08 14:32:00";300000;300000;;;;;;;;;;"1";"Accidentelle";;;;;""
2017;15028;"34";"34213";"Poussan";"2017-10-08 16:14:00";100530;;80530;;;;;;;20000;;"1";"Involontaire (particulier)";;;;;""
2017;14845;"2B";"2B034";"Belgodère";"2017-10-08 17:50:00";30000;;30000;;;;;;;;;"1";;;;;;""
2017;15286;"30";"30007";"Alès";"2017-10-09 01:35:00";20000;;;;;;;;;;;;;;;;;""
2017;15251;"04";"04113";"Marcoux";"2017-10-09 04:10:00";27900;27900;;;;;;;;;;"4";;;;;;""
2017;1180;"38";"38518";"Valbonnais";"2017-10-09 10:46:00";300;0;;300;;;300;0;0;0;"Estimées";;"Involontaire (travaux)";;;;;""
2017;14819;"13";"13007";"Auriol";"2017-10-09 15:48:00";2000;2000;;;;;;;;;;"1";"Involontaire (travaux)";;;;;""
2017;16023;"07";"07028";"Beaulieu";"2017-10-09 16:14:00";60000;60000;;;;;;;;;;"3";;;;;;""
2017;14825;"13";"13048";"Jouques";"2017-10-09 16:38:00";7000;7000;;;;;;;;;;"1";"Involontaire (travaux)";;;;;""
2017;7251;"2A";"2A031";"Bastelica";"2017-10-09 17:10:00";500;;500;;;;;;;;;;;;;;;""
2017;15435;"34";"34104";"Fos";"2017-10-09 18:51:00";1910;;;;;;;;;;;;"Involontaire (travaux)";;;;;""
2017;5658;"66";"66029";"Caixas";"2017-10-10 09:20:00";1000;1000;;;;;;;;;;"6";"Involontaire (particulier)";;;;;""
2017;15047;"34";"34219";"Prémian";"2017-10-10 13:09:00";9415;9415;;;;;;;;;;"4";"Involontaire (particulier)";;;;;""
2017;16024;"07";"07065";"Chirols";"2017-10-10 13:15:00";6000;6000;;;;;;;;;;"5";;;;;;""
2017;14868;"2B";"2B292";"Sant'Andréa-di-Bozio";"2017-10-10 13:51:00";2000;;2000;;;;;;;;;"1";;;;;;""
2017;7662;"30";"30009";"Alzon";"2017-10-10 13:57:00";60000;;;;;;;;;;;;;;;;;""
2017;15048;"34";"34142";"Lodève";"2017-10-10 14:06:00";4929;4929;;;;;;;;;;"3";"Malveillance";;;;;""
2017;16256;"07";"07047";"Cellier-du-Luc";"2017-10-10 14:10:00";11000;;11000;;;;;;;;;"1";;;;;;""
2017;7113;"11";"11405";"Ventenac-en-Minervois";"2017-10-10 14:47:00";79326;;;;;;;;;;;;;;;;;""
2017;5663;"66";"66011";"Bages";"2017-10-10 15:11:00";25000;25000;;;;;;;;;;"2";"Involontaire (travaux)";;;;;""
2017;5664;"66";"66138";"Peyrestortes";"2017-10-10 15:46:00";10000;;10000;;;;;;;;;"1";"Involontaire (travaux)";;;;;""
2017;16257;"07";"07307";"Sanilhac";"2017-10-10 16:50:00";5000;5000;;;;;;;;;;"4";"Malveillance";;;;;""
2017;7252;"2A";"2A324";"Tavera";"2017-10-10 17:04:00";50;;50;;;;;;;;;;;;;;;""
2017;7253;"2A";"2A004";"Ajaccio";"2017-10-11 10:03:00";1;;1;;;;;;;;;;;;;;;""
2017;7254;"2A";"2A247";"Porto-Vecchio";"2017-10-11 10:55:00";500;;500;;;;;;;;;;;;;;;""
2017;14874;"13";"13003";"Alleins";"2017-10-11 13:30:00";20000;;10000;;;;;;;10000;;"1";"Involontaire (particulier)";;;;;""
2017;15019;"84";"84074";"Mérindol";"2017-10-11 13:32:00";600;;;;;;;;;;;;;;;;;""
2017;7114;"11";"11068";"Capendu";"2017-10-11 14:58:00";30145;;;;;;;;;;;;;;;;;""
2017;7255;"2A";"2A004";"Ajaccio";"2017-10-11 16:18:00";400;;400;;;;;;;;;;;;;;;""
2017;16262;"07";"07328";"Vagnas";"2017-10-11 16:19:00";100000;100000;;;;;;;;;;"5";;;;;;""
2017;15254;"04";"04199";"Saint-Vincent-sur-Jabron";"2017-10-11 17:45:00";200;;200;;;;;;;;;"1";"Involontaire (particulier)";;;;;""
2017;7115;"11";"11304";"Quillan";"2017-10-11 17:57:00";150;;;;;;;;;;;;;;;;;""
2017;5666;"66";"66069";"Espira-de-l'Agly";"2017-10-12 12:50:00";100000;80000;20000;;;;;;;;;"4";"Involontaire (travaux)";;;;;""
2017;7258;"2A";"2A209";"Peri";"2017-10-12 13:36:00";1200;;1200;;;;;;;;;;;;;;;""
2017;5669;"66";"66187";"Saint-Paul-de-Fenouillet";"2017-10-13 11:17:00";2000;;2000;;;;;;;;;"1";"Involontaire (particulier)";;;;;""
2017;7116;"11";"11145";"Fleury";"2017-10-13 12:52:00";1500;;;;;;;;;;;;;;;;;""
2017;15113;"2B";"2B143";"Linguizzetta";"2017-10-13 13:01:00";100;;100;;;;;;;;;"1";;;;;;""
2017;15114;"2B";"2B292";"Sant'Andréa-di-Bozio";"2017-10-13 13:09:00";200;;200;;;;;;;;;"1";;;;;;""
2017;15116;"2B";"2B292";"Sant'Andréa-di-Bozio";"2017-10-13 14:27:00";10000;;10000;;;;;;;;;"1";;;;;;""
2017;15068;"34";"34214";"Pouzolles";"2017-10-13 14:54:00";1110;;1110;;;;;;;;;"1";"Involontaire (travaux)";;;;;""
2017;15287;"30";"30200";"Pompignan";"2017-10-13 14:57:00";720000;;;;;;;;;;;;;;;;;""
2017;7259;"2A";"2A211";"Petreto-Bicchisano";"2017-10-13 15:07:00";50;;50;;;;;;;;;;;;;;;""
2017;7117;"11";"11131";"Fa";"2017-10-13 15:16:00";1500;;;;;;;;;;;;;;;;;""
2017;15084;"34";"34268";"Saint-Jean-de-la-Blaquière";"2017-10-13 15:56:00";32730;;;;;;;;;;;"1";"Involontaire (particulier)";;;;;""
2017;16297;"07";"07232";"Saint-Étienne-de-Lugdarès";"2017-10-13 16:22:00";10000;10000;;;;;;;;;;"4";"Involontaire (travaux)";;;;;""
2017;906;"46";"46170";"Leyme";"2017-10-13 16:40:00";600;0;;600;;;600;0;0;0;"Estimées";;;;;;;""
2017;15117;"2B";"2B275";"Sermano";"2017-10-13 17:04:00";10000;;10000;;;;;;;;;"1";;;;;;""
2017;15118;"2B";"2B007";"Albertacce";"2017-10-13 17:36:00";15000;;15000;;;;;;;;;"1";;;;;;""
2017;16300;"07";"07120";"Lachamp-Raphaël";"2017-10-14 03:00:00";10000;;10000;;;;;;;;;"1";;;;;;""
2017;7118;"11";"11433";"Villeneuve-Minervois";"2017-10-14 11:16:00";150;;;;;;;;;;;;;;;;;""
2017;7260;"2A";"2A032";"Bastelicaccia";"2017-10-14 13:44:00";4000;;4000;;;;;;;;;;;;;;;""
2017;15120;"2B";"2B159";"Meria";"2017-10-14 14:08:00";10000;;10000;;;;;;;;;"1";;;;;;""
2017;15071;"06";"06066";"Gilette";"2017-10-14 15:14:00";30;30;;;;;;;;;;"5";"Accidentelle";;;;;""
2017;16301;"07";"07120";"Lachamp-Raphaël";"2017-10-14 16:10:00";20000;;20000;;;;;;;;;"1";;;;;;""
2017;7261;"2A";"2A040";"Bocognano";"2017-10-14 18:32:00";600;;600;;;;;;;;;;;;;;;""
2017;15122;"2B";"2B318";"Taglio-Isolaccio";"2017-10-14 19:02:00";15300;;15300;;;;;;;;;"1";"Malveillance";;;;;""
2017;7262;"2A";"2A254";"Quenza";"2017-10-14 19:31:00";40000;;40000;;;;;;;;;;;;;;;""
2017;7302;"2A";"2A348";"Vico";"2017-10-15 10:31:00";100;;100;;;;;;;;;;;;;;;""
2017;7303;"2A";"2A142";"Levie";"2017-10-15 10:53:00";1000;;1000;;;;;;;;;;;;;;;""
2017;17901;"33";"33011";"Arès";"2017-10-15 12:13:00";30000;30000;;0;;;0;0;0;0;"Estimées";;;"Non";;;;""
2017;15072;"06";"06073";"Isola";"2017-10-15 13:52:00";9290;9290;;;;;;;;;;"4";"Involontaire (particulier)";;;;;""
2017;5676;"66";"66008";"Argelès-sur-Mer";"2017-10-15 16:03:00";500;500;;;;;;;;;;"3";"Involontaire (particulier)";;;;;""
2017;907;"46";"46015";"Bagnac-sur-Célé";"2017-10-15 16:46:00";10000;0;;10000;;;10000;0;0;0;"Estimées";;;;;;;""
2017;5677;"66";"66147";"Porté-Puymorens";"2017-10-15 19:34:00";500;;500;;;;;;;;;"1";"Accidentelle";;;;;""
2017;17904;"33";"33329";"Pompéjac";"2017-10-16 01:24:00";10000;10000;;0;;;0;0;0;0;"Estimées";;;"Non";;;;""
2017;7304;"2A";"2A131";"Guagno";"2017-10-16 12:05:00";300000;;300000;;;;;;;;;;;;;;;""
2017;16302;"07";"07232";"Saint-Étienne-de-Lugdarès";"2017-10-16 13:12:00";100000;;100000;;;;;;;;;"1";;;;;;""
2017;15129;"2B";"2B356";"Zalana";"2017-10-16 14:07:00";30000;;30000;;;;;;;;;"1";;;;;;""
2017;16303;"07";"07324";"Tournon-sur-Rhône";"2017-10-16 14:25:00";5000;5000;;;;;;;;;;"5";;;;;;""
2017;5680;"66";"66058";"Corneilla-la-Rivière";"2017-10-16 14:39:00";2000;;2000;;;;;;;;;"1";"Involontaire (particulier)";;;;;""
2017;17000;"06";"06163";"Tende";"2017-10-16 14:58:00";25000;;;;;;;;;;;;;;;;;""
2017;15255;"04";"04070";"Digne-les-Bains";"2017-10-16 15:29:00";5000;;;;;;;;;;;;"Involontaire (particulier)";;;;;""
2017;7305;"2A";"2A359";"Zicavo";"2017-10-16 15:46:00";1000;;1000;;;;;;;;;;;;;;;""
2017;16309;"07";"07151";"Mars";"2017-10-16 16:54:00";800;800;;;;;;;;;;"4";;;;;;""
2017;16313;"07";"07155";"Mercuer";"2017-10-16 18:43:00";300;;300;;;;;;;;;"1";;;;;;""
2017;15132;"2B";"2B290";"Speloncato";"2017-10-16 19:01:00";7000;;7000;;;;;;;;;"1";;;;;;""
2017;7306;"2A";"2A133";"Guitera-les-Bains";"2017-10-16 19:10:00";100;;100;;;;;;;;;;;;;;;""
2017;7119;"11";"11157";"Fraissé-des-Corbières";"2017-10-16 19:29:00";1500;;;;;;;;;;;;;;;;;""
2017;17905;"33";"33255";"Lucmau";"2017-10-16 22:06:00";1000;1000;;0;;;0;0;0;0;"Estimées";;;"Non";;;;""
2017;16314;"07";"07257";"Saint-Julien-le-Roux";"2017-10-17 12:53:00";60000;60000;;;;;;;;;;"3";;;;;;""
2017;15144;"2B";"2B110";"Favalello";"2017-10-17 14:53:00";1000;;1000;;;;;;;;;"1";;;;;;""
2017;974;"17";"17110";"Clérac";"2017-10-17 14:57:00";5000;5000;;0;;;0;0;0;0;"Estimées";;;;;;;""
2017;975;"17";"17038";"Bedenac";"2017-10-17 15:41:00";3000;3000;;0;;;0;0;0;0;"Estimées";;;;;;;""
2017;15146;"2B";"2B116";"Focicchia";"2017-10-17 15:53:00";97000;;97000;;;;;;;;;"1";"Malveillance";;;;;""
2017;17906;"33";"33329";"Pompéjac";"2017-10-17 16:07:00";1000;1000;;0;;;0;0;0;0;"Estimées";;;"Non";;;;""
2017;15147;"2B";"2B045";"Bustanico";"2017-10-17 16:27:00";15000;;15000;;;;;;;;;"1";;;;;;""
2017;1127;"68";"68270";"Richwiller";"2017-10-17 17:27:00";3000;3000;;0;;;0;0;0;0;"Estimées";;;;;;;""
2017;7121;"11";"11367";"Saissac";"2017-10-17 18:21:00";500;;;;;;;;;;;;;;;;;""
2017;7307;"2A";"2A212";"Piana";"2017-10-17 19:52:00";20;;20;;;;;;;;;;;;;;;""
2017;15191;"2B";"2B290";"Speloncato";"2017-10-18 08:42:00";1000;;1000;;;;;;;;;"1";;;;;;""
2017;15494;"04";"04065";"Cruis";"2017-10-18 12:35:00";44200;44200;;;;;;;;;;"5";;;;;;""
2017;5685;"66";"66164";"Rivesaltes";"2017-10-18 14:19:00";10000;5000;5000;;;;;;;;;"4";;;;;;""
2017;7308;"2A";"2A204";"Pastricciola";"2017-10-18 15:16:00";40000;;40000;;;;;;;;;;;;;;;""
2017;16315;"07";"07237";"Saint-Fortunat-sur-Eyrieux";"2017-10-18 18:26:00";10000;;10000;;;;;;;;;"1";;;;;;""
2017;7309;"2A";"2A048";"Calcatoggio";"2017-10-18 19:47:00";50;;50;;;;;;;;;;;;;;;""
2017;978;"46";"46303";"Sénaillac-Lauzès";"2017-10-18 20:32:00";100;0;;100;;;100;0;0;0;"Estimées";;;;;;;""
2017;15262;"2B";"2B314";"Santo-Pietro-di-Tenda";"2017-10-19 13:45:00";30000;;30000;;;;;;;;;"1";;;;;;""
2017;7310;"2A";"2A271";"Sarrola-Carcopino";"2017-10-19 14:06:00";1000;;1000;;;;;;;;;;;;;;;""
2017;15263;"2B";"2B185";"Oletta";"2017-10-19 14:07:00";100000;;70000;;;;;;;30000;;"2";;;;;;""
2017;17909;"33";"33076";"Budos";"2017-10-19 14:59:00";60;60;;0;;;0;0;0;0;"Estimées";;"Naturelle";"Non";;;;""
2017;7311;"2A";"2A144";"Lopigna";"2017-10-19 15:26:00";20000;;20000;;;;;;;;;;;;;;;""
2017;15505;"2B";"2B352";"Ville-di-Paraso";"2017-10-20 09:27:00";15177800;7800;14970000;;;;;;;200000;;"1";"Malveillance";;;;;""
2017;15338;"2B";"2B182";"Occhiatana";"2017-10-20 12:25:00";10000;;10000;;;;;;;;;"1";;;;;;""
2017;15451;"04";"04186";"Saint-Laurent-du-Verdon";"2017-10-20 14:38:00";1900;;1900;;;;;;;;;"1";"Involontaire (particulier)";;;;;""
2017;15445;"13";"13056";"Martigues";"2017-10-20 18:10:00";50;50;;;;;;;;;;"1";"Malveillance";;;;;""
2017;15453;"04";"04112";"Manosque";"2017-10-21 11:14:00";290;;290;;;;;;;;;"1";;;;;;""
2017;15342;"2B";"2B013";"Alzi";"2017-10-21 12:14:00";110000;;110000;;;;;;;;;"1";;;;;;""
2017;15344;"2B";"2B365";"San-Gavino-di-Fiumorbo";"2017-10-21 14:33:00";10000;;10000;;;;;;;;;"1";;;;;;""
2017;15446;"13";"13047";"Istres";"2017-10-22 06:03:00";1000;1000;;;;;;;;;;"1";"Malveillance";;;;;""
2017;15556;"84";"84009";"La Bastide-des-Jourdans";"2017-10-22 08:36:00";100;;;;;;;;;;;;;;;;;""
2017;15349;"2B";"2B051";"Cambia";"2017-10-22 11:40:00";60000;;60000;;;;;;;;;"1";;;;;;""
2017;15350;"2B";"2B112";"Feliceto";"2017-10-22 12:30:00";70000;;70000;;;;;;;;;"1";;;;;;""
2017;15351;"2B";"2B234";"Piobetta";"2017-10-22 12:30:00";1500;;1500;;;;;;;;;"1";;;;;;""
2017;15353;"2B";"2B033";"Bastia";"2017-10-22 14:05:00";100;;100;;;;;;;;;"1";;;;;;""
2017;7313;"2A";"2A247";"Porto-Vecchio";"2017-10-22 14:15:00";50;;50;;;;;;;;;;;;;;;""
2017;15354;"2B";"2B193";"Omessa";"2017-10-22 14:30:00";200;;200;;;;;;;;;"1";;;;;;""
2017;15890;"04";"04135";"Moustiers-Sainte-Marie";"2017-10-22 14:34:00";2204500;2171000;24400;;;;;;;9100;;"4";"Involontaire (particulier)";;;;;""
2017;15355;"2B";"2B110";"Favalello";"2017-10-22 14:40:00";1000;;1000;;;;;;;;;"1";;;;;;""
2017;7122;"11";"11256";"Montséret";"2017-10-22 14:52:00";50;;;;;;;;;;;;;;;;;""
2017;15454;"04";"04070";"Digne-les-Bains";"2017-10-22 15:00:00";5000;500;4500;;;;;;;;;"1";"Accidentelle";;;;;""
2017;15447;"13";"13092";"Saint-Chamas";"2017-10-22 15:05:00";5000;5000;;;;;;;;;;"1";"Malveillance";;;;;""
2017;15331;"06";"06003";"Andon";"2017-10-22 15:19:00";550;550;;;;;;;;;;"5";"Involontaire (particulier)";;;;;""
2017;15358;"2B";"2B347";"Vezzani";"2017-10-22 15:38:00";2000;;2000;;;;;;;;;"1";;;;;;""
2017;15361;"2B";"2B234";"Piobetta";"2017-10-22 15:55:00";1000;;1000;;;;;;;;;"1";"Malveillance";;;;;""
2017;15362;"2B";"2B342";"Ventiseri";"2017-10-22 16:00:00";50000;;;;;;;;;;;"1";;;;;;""
2017;15364;"2B";"2B234";"Piobetta";"2017-10-22 16:35:00";1500;;1500;;;;;;;;;"1";"Malveillance";;;;;""
2017;15365;"2B";"2B037";"Biguglia";"2017-10-22 16:50:00";10;;10;;;;;;;;;"1";;;;;;""
2017;15326;"83";"83092";"Pignans";"2017-10-22 16:58:00";5;5;;;;;;;;;;"1";"Involontaire (particulier)";;;;;""
2017;15372;"2B";"2B045";"Bustanico";"2017-10-22 18:08:00";4000;;4000;;;;;;;;;"1";;;;;;""
2017;7314;"2A";"2A276";"Serra-di-Ferro";"2017-10-22 19:28:00";1000;;1000;;;;;;;;;;;;;;;""
2017;15329;"83";"83091";"Pierrefeu-du-Var";"2017-10-22 22:01:00";200;200;;;;;;;;;;"3";"Malveillance";;;;;""
2017;7315;"2A";"2A139";"Lecci";"2017-10-22 22:11:00";1000;;1000;;;;;;;;;;;;;;;""
2017;15402;"34";"34268";"Saint-Jean-de-la-Blaquière";"2017-10-23 06:55:00";17063;;17063;;;;;;;;;"1";"Involontaire (travaux)";;;;;""
2017;15334;"05";"05061";"Gap";"2017-10-23 11:11:00";5271;;;;;;;;;;;;"Accidentelle";;;;;""
2017;7316;"2A";"2A362";"Zonza";"2017-10-23 12:48:00";3;;3;;;;;;;;;;;;;;;""
2017;15377;"2B";"2B110";"Favalello";"2017-10-23 14:09:00";20000;;20000;;;;;;;;;"1";;;;;;""
2017;7172;"04";"04070";"Digne-les-Bains";"2017-10-23 14:14:00";1500;;1500;;;;;;;;;"1";"Involontaire (particulier)";;;;;""
2017;5693;"66";"66008";"Argelès-sur-Mer";"2017-10-23 14:30:00";15000;5000;10000;;;;;;;;;"1";"Malveillance";;;;;""
2017;16319;"07";"07191";"Rochemaure";"2017-10-23 18:12:00";2000;;2000;;;;;;;;;"1";;;;;;""
2017;7317;"2A";"2A212";"Piana";"2017-10-23 18:38:00";1;;1;;;;;;;;;;;;;;;""
2017;7318;"2A";"2A345";"Vero";"2017-10-24 00:28:00";2000;;2000;;;;;;;;;;;;;;;""
2017;15413;"2B";"2B007";"Albertacce";"2017-10-24 10:09:00";15000;;15000;;;;;;;;;"1";;;;;;""
2017;7319;"2A";"2A006";"Alata";"2017-10-24 10:55:00";1000;;1000;;;;;;;;;;;;;;;""
2017;15389;"13";"13056";"Martigues";"2017-10-24 13:20:00";6000;6000;;;;;;;;;;"1";"Malveillance";;;;;""
2017;15467;"13";"13038";"Fontvieille";"2017-10-24 15:30:00";223600;34900;107400;;;;;;;81300;;"1";"Involontaire (travaux)";;;;;""
2017;15421;"2B";"2B172";"Murato";"2017-10-24 18:41:00";200;;200;;;;;;;;;"1";;;;;;""
2017;15423;"2B";"2B337";"Valle-di-Rostino";"2017-10-24 19:12:00";40;;40;;;;;;;;;"1";;;;;;""
2017;16321;"07";"07096";"Gluiras";"2017-10-25 12:30:00";20000;;20000;;;;;;;;;"1";;;;;;""
2017;7173;"04";"04136";"La Mure-Argens";"2017-10-25 14:02:00";1500;1500;;;;;;;;;;"5";"Involontaire (particulier)";;;;;""
2017;15464;"04";"04244";"Volonne";"2017-10-25 14:05:00";3400;;3400;;;;;;;;;"1";"Involontaire (particulier)";;;;;""
2017;5700;"66";"66140";"Pézilla-la-Rivière";"2017-10-25 14:24:00";1000;;1000;;;;;;;;;"1";;;;;;""
2017;7320;"2A";"2A142";"Levie";"2017-10-25 14:38:00";700;;700;;;;;;;;;;;;;;;""
2017;15701;"83";"83004";"Les Arcs";"2017-10-25 15:28:00";70;70;;;;;;;;;;"5";"Involontaire (particulier)";;;;;""
2017;17910;"33";"33019";"Audenge";"2017-10-25 15:51:00";600;600;;0;;;0;0;0;0;"Estimées";;;"Non";;;;""
2017;7123;"11";"11198";"Laure-Minervois";"2017-10-25 17:08:00";9262;;;;;;;;;;;;;;;;;""
2017;5701;"66";"66214";"Tresserre";"2017-10-25 18:40:00";500;500;;;;;;;;;;"2";"Malveillance";;;;;""
2017;17911;"33";"33519";"Le Taillan-Médoc";"2017-10-25 19:22:00";100;100;;0;;;0;0;0;0;"Estimées";;"Involontaire (particulier)";"Non";;;;""
2017;15506;"2B";"2B265";"Rutali";"2017-10-25 21:37:00";100000;;100000;;;;;;;;;"1";;;;;;""
2017;15485;"2B";"2B059";"Canavaggia";"2017-10-26 12:06:00";40000;;40000;;;;;;;;;"1";;;;;;""
2017;5702;"66";"66030";"Calce";"2017-10-26 14:44:00";500;;500;;;;;;;;;"1";"Malveillance";;;;;""
2017;15845;"2B";"2B124";"Ghisoni";"2017-10-26 15:37:00";5260000;4530000;200000;;;;;;;530000;;"4";"Malveillance";;;;;""
2017;15536;"34";"34013";"Aspiran";"2017-10-26 16:23:00";150;;150;;;;;;;;;;"Involontaire (particulier)";;;;;""
2017;15507;"2B";"2B283";"Solaro";"2017-10-26 16:34:00";5000;;5000;;;;;;;;;"1";;;;;;""
2017;1045;"46";"46126";"Goujounac";"2017-10-26 16:41:00";1500;0;;1500;;;1500;0;0;0;"Estimées";;;;;;;""
2017;15497;"04";"04162";"Revest-des-Brousses";"2017-10-26 17:04:00";17000;3500;3800;;;;;;;9700;;"1";"Involontaire (travaux)";;;;;""
2017;15508;"2B";"2B124";"Ghisoni";"2017-10-26 22:39:00";2000;;2000;;;;;;;;;"1";;;;;;""
2017;15502;"06";"06037";"Caussols";"2017-10-27 12:25:00";2070;2070;;;;;;;;;;"4";"Involontaire (particulier)";;;;;""
2017;15702;"13";"13100";"Saint-Rémy-de-Provence";"2017-10-27 12:50:00";10000;10000;;;;;;;;;;"1";;;;;;""
2017;15542;"34";"34281";"Saint-Pargoire";"2017-10-27 14:01:00";10555;;10555;;;;;;;;;"1";"Involontaire (particulier)";;;;;""
2017;15710;"13";"13014";"Berre-l'Étang";"2017-10-27 14:10:00";40000;;20000;;;;;;;20000;;"1";"Involontaire (travaux)";;;;;""
2017;16025;"30";"30239";"Sainte-Cécile-d'Andorge";"2017-10-27 14:52:00";10000;;;;;;;;;;;;"Involontaire (travaux)";;;;;""
2017;5704;"66";"66033";"Camélas";"2017-10-27 16:31:00";40000;40000;;;;;;;;;;"3";"Accidentelle";;;;;""
2017;7321;"2A";"2A200";"Palneca";"2017-10-27 16:32:00";1;;1;;;;;;;;;;"Accidentelle";;;;;""
2017;15655;"34";"34130";"Laurens";"2017-10-27 17:14:00";10152;;10152;;;;;;;;;"1";"Malveillance";;;;;""
2017;7124;"11";"11085";"Cavanac";"2017-10-27 18:18:00";30;;;;;;;;;;;;;;;;;""
2017;5707;"66";"66116";"Montferrer";"2017-10-27 22:07:00";400;400;;;;;;;;;;"2";"Malveillance";;;;;""
2017;5708;"66";"66014";"Baixas";"2017-10-28 07:48:00";500;;500;;;;;;;;;"1";"Malveillance";;;;;""
2017;15521;"2B";"2B208";"Perelli";"2017-10-28 10:28:00";5000;;5000;;;;;;;;;"1";;;;;;""
2017;7322;"2A";"2A139";"Lecci";"2017-10-28 12:03:00";1500;;1500;;;;;;;;;;;;;;;""
2017;15511;"2B";"2B281";"Sisco";"2017-10-28 13:23:00";4000;;4000;;;;;;;;;"1";;;;;;""
2017;15512;"2B";"2B346";"Vescovato";"2017-10-28 14:03:00";500;;500;;;;;;;;;"1";;;;;;""
2017;15546;"34";"34012";"Argelliers";"2017-10-28 14:25:00";292;292;;;;;;;;;;"5";"Malveillance";;;;;""
2017;7125;"11";"11433";"Villeneuve-Minervois";"2017-10-28 14:28:00";300;;;;;;;;;;;;;;;;;""
2017;17914;"33";"33247";"Listrac-de-Durèze";"2017-10-28 17:56:00";500;500;;0;;;0;0;0;0;"Estimées";;"Involontaire (travaux)";"Non";;;;""
2017;7324;"2A";"2A186";"Olivese";"2017-10-28 18:23:00";20;;20;;;;;;;;;;;;;;;""
2017;15722;"13";"13030";"Cuges-les-Pins";"2017-10-29 00:30:00";5600;5600;;;;;;;;;;"1";"Involontaire (travaux)";;;;;""
2017;15574;"84";"84034";"Caumont-sur-Durance";"2017-10-29 01:51:00";40000;;;;;;;;;;;;;;;;;""
2017;15522;"2B";"2B265";"Rutali";"2017-10-29 10:04:00";15;;15;;;;;;;;;"1";"Malveillance";;;;;""
2017;15524;"2B";"2B265";"Rutali";"2017-10-29 10:04:00";15;;15;;;;;;;;;"1";"Malveillance";;;;;""
2017;15523;"2B";"2B265";"Rutali";"2017-10-29 10:04:00";15;;15;;;;;;;;;"1";"Malveillance";;;;;""
2017;2930;"40";"40056";"Brocas";"2017-10-29 11:49:00";50;50;;0;;;0;;;0;;;"Involontaire (particulier)";;;;;""
2017;15504;"06";"06049";"Courmes";"2017-10-29 12:29:00";10860;;10860;;;;;;;;;"1";;;;;;""
2017;15747;"83";"83021";"Bras";"2017-10-29 13:05:00";11500;11500;;;;;;;;;;"4";"Involontaire (particulier)";;;;;""
2017;15528;"2B";"2B314";"Santo-Pietro-di-Tenda";"2017-10-29 13:26:00";100;;100;;;;;;;;;"1";;;;;;""
2017;15529;"2B";"2B314";"Santo-Pietro-di-Tenda";"2017-10-29 13:26:00";8000;;8000;;;;;;;;;"1";"Malveillance";;;;;""
2017;15530;"2B";"2B314";"Santo-Pietro-di-Tenda";"2017-10-29 13:26:00";7000;;7000;;;;;;;;;"1";;;;;;""
2017;15765;"26";"26123";"Establet";"2017-10-29 13:32:00";68000;65000;3000;;;;;;;;;;"Involontaire (particulier)";;;;;""
2017;15576;"84";"84003";"Apt";"2017-10-29 14:56:00";8000;;;;;;;;;;;;;;;;;""
2017;15778;"13";"13055";"Marseille";"2017-10-29 16:34:00";2000;1500;500;;;;;;;;;"1";"Accidentelle";;;;;""
2017;15578;"84";"84079";"Monieux";"2017-10-29 17:10:00";1000;;;;;;;;;;;;;;;;;""
2017;1188;"38";"38403";"Saint-Jean-d'Hérans";"2017-10-29 20:13:00";10000;0;;10000;;;10000;0;0;0;"Estimées";;;;;;;""
2017;15583;"06";"06016";"Beuil";"2017-10-29 20:43:00";1000;;;;;;;;;;;"1";"Involontaire (particulier)";;;;;""
2017;15532;"2B";"2B293";"Sant'Andréa-di-Cotone";"2017-10-30 00:24:00";300;;300;;;;;;;;;"1";;;;;;""
2017;15585;"06";"06081";"Le Mas";"2017-10-30 06:41:00";13520;13520;;;;;;;;;;"5";"Malveillance";;;;;""
2017;15584;"06";"06081";"Le Mas";"2017-10-30 13:57:00";2970;2970;;;;;;;;;;"5";"Malveillance";;;;;""
2017;5714;"66";"66172";"Saint-Estève";"2017-10-30 16:33:00";3000;1500;1500;;;;;;;;;"4";"Malveillance";;;;;""
2017;7126;"11";"11068";"Capendu";"2017-10-31 05:36:00";50;;;;;;;;;;;;;;;;;""
2017;15620;"2B";"2B012";"Altiani";"2017-10-31 09:46:00";10;;10;;;;;;;;;"1";;;;;;""
2017;15751;"83";"83058";"Flayosc";"2017-10-31 10:51:00";50;50;;;;;;;;;;"5";"Malveillance";;;;;""
2017;5719;"66";"66030";"Calce";"2017-10-31 13:38:00";1000;;1000;;;;;;;;;"1";"Malveillance";;;;;""
2017;16580;"48";"48162";"Saint-Julien-d'Arpaon";"2017-10-31 14:20:00";18500;12800;;;;;;;;5700;;"2";;;;;;""
2017;7127;"11";"11315";"Rieux-Minervois";"2017-10-31 15:23:00";8433;;;;;;;;;;;;;;;;;""
2017;15621;"2B";"2B238";"Poggio-di-Venaco";"2017-10-31 16:49:00";500;;500;;;;;;;;;"1";"Malveillance";;;;;""
2017;5722;"66";"66214";"Tresserre";"2017-10-31 18:40:00";250;;250;;;;;;;;;"1";"Malveillance";;;;;""
2017;7128;"11";"11198";"Laure-Minervois";"2017-11-01 11:11:00";50;;;;;;;;;;;;;;;;;""
2017;15623;"2B";"2B238";"Poggio-di-Venaco";"2017-11-01 11:17:00";500;;500;;;;;;;;;"1";"Malveillance";;;;;""
2017;15979;"06";"06162";"La Brigue";"2017-11-01 11:46:00";4110;4110;;;;;;;;;;"3";"Involontaire (particulier)";;;;;""
2017;1069;"43";"43264";"Villeneuve-d'Allier";"2017-11-01 13:17:00";30000;25000;;0;;;0;5000;0;5000;"Estimées";;"Accidentelle";;;;;""
2017;16329;"07";"07129";"Lamastre";"2017-11-01 14:09:00";400;400;;;;;;;;;;"5";;;;;;""
2017;15704;"2B";"2B208";"Perelli";"2017-11-01 15:00:00";50;;50;;;;;;;;;"1";;;;;;""
2017;15624;"2B";"2B238";"Poggio-di-Venaco";"2017-11-01 15:23:00";1;;1;;;;;;;;;"1";;;;;;""
2017;7408;"2A";"2A209";"Peri";"2017-11-01 15:34:00";500;;500;;;;;;;;;;;;;;;""
2017;15980;"06";"06013";"Belvédère";"2017-11-01 15:40:00";3020;;3020;;;;;;;;;"1";;;;;;""
2017;7129;"11";"11014";"Armissan";"2017-11-01 15:46:00";9285;;;;;;;;;;;;;;;;;""
2017;7130;"11";"11379";"Sigean";"2017-11-01 23:16:00";20;;;;;;;;;;;;;;;;;""
2017;15981;"06";"06016";"Beuil";"2017-11-02 10:52:00";13700;;;;;;;;;;;"1";"Malveillance";;;;;""
2017;7409;"2A";"2A114";"Figari";"2017-11-02 11:09:00";50;;50;;;;;;;;;;"Involontaire (particulier)";;;;;""
2017;5743;"66";"66107";"Maury";"2017-11-02 11:30:00";10000;;10000;;;;;;;;;"2";;;;;;""
2017;15705;"2B";"2B314";"Santo-Pietro-di-Tenda";"2017-11-02 14:10:00";500;;500;;;;;;;;;"1";;;;;;""
2017;15633;"04";"04167";"La Robine-sur-Galabre";"2017-11-02 14:13:00";1700;1700;;;;;;;;;;"2";"Involontaire (particulier)";;;;;""
2017;1085;"17";"17038";"Bedenac";"2017-11-02 14:46:00";5000;5000;;0;;;0;0;0;0;"Estimées";;;;;;;""
2017;15707;"2B";"2B007";"Albertacce";"2017-11-02 17:33:00";4000;4000;;;;;;;;;;"4";;;;;;""
2017;15709;"2B";"2B007";"Albertacce";"2017-11-02 19:56:00";8000;8000;;;;;;;;;;"4";;;;;;""
2017;1111;"32";"32369";"Sainte-Christie-d'Armagnac";"2017-11-02 22:35:00";8000;8000;;0;;;0;0;0;0;"Estimées";;;;;;;""
2017;15757;"83";"83093";"Plan-d'Aups-Sainte-Baume";"2017-11-03 11:06:00";250;250;;;;;;;;;;"3";"Involontaire (particulier)";;;;;""
2017;1189;"38";"38026";"La Balme-les-Grottes";"2017-11-03 12:37:00";20000;0;;20000;;;20000;0;0;0;"Estimées";;;;;;;""
2017;7410;"2A";"2A215";"Pianottoli-Caldarello";"2017-11-03 17:34:00";50;;50;;;;;;;;;;"Involontaire (particulier)";;;;;""
2017;7411;"2A";"2A270";"Sari-d'Orcino";"2017-11-03 17:57:00";400;;400;;;;;;;;;;;;;;;""
2017;1190;"38";"38256";"Montferrat";"2017-11-03 17:58:00";2000;0;;2000;;;2000;0;0;0;"Estimées";;"Involontaire (travaux)";;;;;""
2017;15711;"2B";"2B037";"Biguglia";"2017-11-03 19:49:00";1000;;1000;;;;;;;;;"1";;;;;;""
2017;15758;"83";"83077";"Méounes-lès-Montrieux";"2017-11-04 09:49:00";50;50;;;;;;;;;;"5";"Accidentelle";;;;;""
2017;5359;"77";"77186";"Fontainebleau";"2017-11-04 10:20:00";2;2;;0;;;0;0;0;0;"Mesurées";;"Involontaire (particulier)";;;;;""
2017;5358;"77";"77186";"Fontainebleau";"2017-11-04 10:50:00";20;20;;0;;;0;0;0;0;"Estimées";;"Involontaire (particulier)";;;;;""
2017;7413;"2A";"2A253";"Quasquara";"2017-11-04 11:12:00";4000;;4000;;;;;;;;;;;;;;;""
2017;15846;"2B";"2B354";"Vivario";"2017-11-04 12:43:00";20000;;20000;;;;;;;;;"1";"Malveillance";;;;;""
2017;15716;"2B";"2B096";"Corte";"2017-11-04 16:30:00";30000;20000;10000;;;;;;;;;"1";;;;;;""
2017;7414;"2A";"2A031";"Bastelica";"2017-11-04 18:52:00";1;;1;;;;;;;;;;;;;;;""
2017;15718;"2B";"2B343";"Venzolasca";"2017-11-04 19:14:00";20;;20;;;;;;;;;"1";;;;;;""
2017;17921;"33";"33203";"Hourtin";"2017-11-04 19:58:00";200;200;;0;;;0;0;0;0;"Estimées";;;"Non";;;;""
2017;15720;"2B";"2B012";"Altiani";"2017-11-04 21:58:00";20000;;20000;;;;;;;;;"1";;;;;;""
2017;7415;"2A";"2A323";"Tavaco";"2017-11-05 05:36:00";200;;200;;;;;;;;;;;;;;;""
2017;15723;"2B";"2B248";"Prato-di-Giovellina";"2017-11-05 07:17:00";10;;10;;;;;;;;;"1";;;;;;""
2017;7132;"11";"11014";"Armissan";"2017-11-05 11:15:00";1500;;;;;;;;;;;;;;;;;""
2017;5744;"66";"66016";"Banyuls-sur-Mer";"2017-11-06 11:43:00";200000;;200000;;;;;;;;;"1";"Accidentelle";;;;;""
2017;16026;"30";"30189";"Nîmes";"2017-11-06 13:49:00";30000;;;;;;;;;;;;;;;;;""
2017;7133;"11";"11098";"Conilhac-Corbières";"2017-11-06 19:00:00";7921;;;;;;;;;;;;;;;;;""
2017;5745;"66";"66160";"Reynès";"2017-11-07 18:29:00";400;400;;;;;;;;;;"2";"Involontaire (particulier)";;;;;""
2017;7134;"11";"11126";"Escales";"2017-11-07 21:07:00";500;;;;;;;;;;;;;;;;;""
2017;16027;"30";"30035";"Belvézet";"2017-11-08 13:56:00";80000;;;;;;;;;;;;;;;;;""
2017;7416;"2A";"2A362";"Zonza";"2017-11-09 19:09:00";50;;50;;;;;;;;;;;;;;;""
2017;7135;"11";"11351";"Saint-Laurent-de-la-Cabrerisse";"2017-11-10 13:40:00";11167;;;;;;;;;;;;;;;;;""
2017;5746;"66";"66212";"Torreilles";"2017-11-11 11:59:00";10000;10000;;;;;;;;;;"4";;;;;;""
2017;15942;"13";"13056";"Martigues";"2017-11-11 13:41:00";2000;2000;;;;;;;;;;"1";"Malveillance";;;;;""
2017;7417;"2A";"2A209";"Peri";"2017-11-12 11:58:00";100;;100;;;;;;;;;;"Involontaire (particulier)";;;;;""
2017;5752;"66";"66049";"Céret";"2017-11-12 12:03:00";6000;6000;;;;;;;;;;"3";"Malveillance";;;;;""
2017;5753;"66";"66183";"Saint-Marsal";"2017-11-12 13:11:00";200;200;;;;;;;;;;"2";"Involontaire (particulier)";;;;;""
2017;15944;"2B";"2B095";"Corscia";"2017-11-12 15:04:00";5000;;5000;;;;;;;;;"1";;;;;;""
2017;15948;"2B";"2B095";"Corscia";"2017-11-12 15:04:00";30;;30;;;;;;;;;"1";;;;;;""
2017;7136;"11";"11064";"Camplong-d'Aude";"2017-11-12 17:47:00";500;;;;;;;;;;;;;;;;;""
2017;7449;"2A";"2A091";"Cognocoli-Monticchi";"2017-11-12 20:13:00";2;;2;;;;;;;;;;"Involontaire (particulier)";;;;;""
2017;16029;"83";"83085";"La Motte";"2017-11-13 02:35:00";20000;20000;;;;;;;;;;"4";"Involontaire (travaux)";;;;;""
2017;5758;"66";"66014";"Baixas";"2017-11-13 08:55:00";25000;;25000;;;;;;;;;"1";"Malveillance";;;;;""
2017;16737;"04";"04152";"Pierrevert";"2017-11-13 11:06:00";100;;;;;;;;;;;;;;;;;""
2017;16064;"13";"13039";"Fos-sur-Mer";"2017-11-13 16:06:00";49200;11300;27000;;;;;;;10900;;"1";;;;;;""
2017;5760;"66";"66016";"Banyuls-sur-Mer";"2017-11-13 19:49:00";10000;;10000;;;;;;;;;"1";"Accidentelle";;;;;""
2017;5762;"66";"66140";"Pézilla-la-Rivière";"2017-11-14 05:33:00";15000;5000;10000;;;;;;;;;"2";"Malveillance";;;;;""
2017;7137;"11";"11202";"Leucate";"2017-11-14 12:20:00";300;;;;;;;;;;;;;;;;;""
2017;7138;"11";"11351";"Saint-Laurent-de-la-Cabrerisse";"2017-11-14 18:13:00";5005;;;;;;;;;;;;;;;;;""
2017;16304;"83";"83085";"La Motte";"2017-11-15 13:02:00";4000;4000;;;;;;;;;;"4";"Involontaire (travaux)";;;;;""
2017;16287;"34";"34070";"Cébazan";"2017-11-15 14:28:00";10980;;10980;;;;;;;;;"1";"Malveillance";;;;;""
2017;16306;"83";"83060";"Fox-Amphoux";"2017-11-15 14:56:00";2600;2600;;;;;;;;;;"3";"Involontaire (particulier)";;;;;""
2017;7139;"11";"11048";"Boutenac";"2017-11-15 15:21:00";4183;;;;;;;;;;;;;;;;;""
2017;5769;"66";"66088";"Ille-sur-Têt";"2017-11-16 10:43:00";20000;;20000;;;;;;;;;"1";"Involontaire (particulier)";;;;;""
2017;7450;"2A";"2A276";"Serra-di-Ferro";"2017-11-16 14:14:00";100;;100;;;;;;;;;;"Involontaire (particulier)";;;;;""
2017;7140;"11";"11425";"Villegailhenc";"2017-11-16 14:35:00";37884;;;;;;;;;;;;;;;;;""
2017;17923;"33";"33048";"Berthez";"2017-11-16 23:13:00";5000;5000;;0;;;0;0;0;0;"Estimées";;;"Non";;;;""
2017;5781;"66";"66014";"Baixas";"2017-11-17 10:30:00";15000;;15000;;;;;;;;;"1";"Malveillance";;;;;""
2017;7143;"11";"11307";"Raissac-d'Aude";"2017-11-17 13:01:00";500;;;;;;;;;;;;;;;;;""
2017;7141;"11";"11307";"Raissac-d'Aude";"2017-11-17 13:01:00";50;;;;;;;;;;;;;;;;;""
2017;7145;"11";"11307";"Raissac-d'Aude";"2017-11-17 13:01:00";28400;;;;;;;;;;;;;;;;;""
2017;7144;"11";"11307";"Raissac-d'Aude";"2017-11-17 13:01:00";101;;;;;;;;;;;;;;;;;""
2017;16416;"83";"83070";"Le Lavandou";"2017-11-17 13:31:00";10000;10000;;;;;;;;;;"3";"Involontaire (travaux)";;;;;""
2017;16392;"34";"34062";"Caussiniojouls";"2017-11-17 13:54:00";1921;1921;;;;;;;;;;"3";"Involontaire (travaux)";;;;;""
2017;7146;"11";"11106";"Coursan";"2017-11-17 15:07:00";1000;;;;;;;;;;;;;;;;;""
2017;7147;"11";"11386";"Talairan";"2017-11-17 16:52:00";10812;;;;;;;;;;;;;;;;;""
2017;7148;"11";"11386";"Talairan";"2017-11-17 16:52:00";11145;;;;;;;;;;;;;;;;;""
2017;16348;"06";"06163";"Tende";"2017-11-17 17:59:00";14680;14680;;;;;;;;;;"3";"Accidentelle";;;;;""
2017;16350;"06";"06070";"Gréolières";"2017-11-18 12:22:00";11750;11750;;;;;;;;;;"3";"Involontaire (particulier)";;;;;""
2017;16419;"2B";"2B020";"Aregno";"2017-11-18 12:38:00";10000;;10000;;;;;;;;;"1";;;;;;""
2017;16654;"30";"30149";"Lirac";"2017-11-18 12:50:00";200;;;;;;;;;;;;;;;;;""
2017;5790;"66";"66205";"Tautavel";"2017-11-18 13:25:00";30000;20000;10000;;;;;;;;;"4";;;;;;""
2017;16421;"2B";"2B236";"Poggio-di-Nazza";"2017-11-18 15:23:00";10;;10;;;;;;;;;"1";;;;;;""
2017;16423;"2B";"2B236";"Poggio-di-Nazza";"2017-11-18 16:29:00";10;;10;;;;;;;;;"1";"Malveillance";;;;;""
2017;16443;"34";"34079";"Clermont-l'Hérault";"2017-11-18 17:19:00";435;435;;;;;;;;;;"3";"Malveillance";;;;;""
2017;16447;"34";"34268";"Saint-Jean-de-la-Blaquière";"2017-11-18 21:55:00";482;;482;;;;;;;;;"1";"Malveillance";;;;;""
2017;16797;"04";"04094";"Gréoux-les-Bains";"2017-11-19 09:13:00";25;;;;;;;;;;;;"Involontaire (particulier)";;;;;""
2017;5795;"66";"66037";"Canet-en-Roussillon";"2017-11-19 11:53:00";5000;;5000;;;;;;;;;"1";"Malveillance";;;;;""
2017;5796;"66";"66176";"Saint-Hippolyte";"2017-11-19 12:10:00";3500;;3500;;;;;;;;;"1";"Malveillance";;;;;""
2017;16418;"83";"83018";"Besse-sur-Issole";"2017-11-19 12:39:00";30;30;;;;;;;;;;"4";"Involontaire (particulier)";;;;;""
2017;16655;"30";"30240";"Saint-Césaire-de-Gauzignan";"2017-11-19 12:39:00";3000;;;;;;;;;;;;;;;;;""
2017;16450;"34";"34061";"Causses-et-Veyran";"2017-11-19 14:27:00";7357;;7357;;;;;;;;;"1";"Malveillance";;;;;""
2017;16662;"34";"34281";"Saint-Pargoire";"2017-11-20 12:04:00";21670;;1670;;;;;;;20000;;"1";"Involontaire (travaux)";;;;;""
2017;16548;"84";"84009";"La Bastide-des-Jourdans";"2017-11-20 13:14:00";8000;;;;;;;;;;;;;;;;;""
2017;7451;"2A";"2A215";"Pianottoli-Caldarello";"2017-11-20 13:30:00";1;;1;;;;;;;;;;;;;;;""
2017;16480;"34";"34234";"Roquessels";"2017-11-20 15:44:00";10075;;10075;;;;;;;;;"1";"Involontaire (travaux)";;;;;""
2017;7149;"11";"11145";"Fleury";"2017-11-20 16:05:00";726;;;;;;;;;;;;;;;;;""
2017;7150;"11";"11378";"Serviès-en-Val";"2017-11-20 16:15:00";8186;;;;;;;;;;;;;;;;;""
2017;16472;"83";"83072";"Lorgues";"2017-11-20 22:19:00";1500;1500;;;;;;;;;;"2";"Involontaire (travaux)";;;;;""
2017;16656;"30";"30194";"Peyremale";"2017-11-21 07:56:00";10000;;;;;;;;;;;;;;;;;""
2017;16479;"13";"13014";"Berre-l'Étang";"2017-11-21 11:54:00";2000;;1000;;;;;;;1000;;"1";"Accidentelle";;;;;""
2017;5806;"66";"66088";"Ille-sur-Têt";"2017-11-21 13:27:00";5000;;5000;;;;;;;;;"1";"Involontaire (travaux)";;;;;""
2017;2929;"40";"40307";"Sore";"2017-11-21 13:49:00";225;200;;0;;;0;;;25;;;;;;;;""
2017;7151;"11";"11285";"Peyriac-de-Mer";"2017-11-21 15:17:00";19304;;;;;;;;;;;;;;;;;""
2017;6909;"48";"48163";"Saint-Julien-des-Points";"2017-11-21 17:21:00";8500;8500;;;;;;;;;;"2";"Involontaire (particulier)";;;;;""
2017;16478;"13";"13006";"Aureille";"2017-11-21 20:41:00";2500;2500;;;;;;;;;;"1";"Accidentelle";;;;;""
2017;7452;"2A";"2A139";"Lecci";"2017-11-22 10:47:00";400;;400;;;;;;;;;;;;;;;""
2017;16657;"30";"30283";"Saint-Martial";"2017-11-22 11:49:00";5000;;;;;;;;;;;;;;;;;""
2017;16530;"07";"07098";"Gourdon";"2017-11-22 11:49:00";80000;;80000;;;;;;;;;"1";;;;;;""
2017;16660;"2B";"2B364";"Zuani";"2017-11-22 13:16:00";40000;;40000;;;;;;;;;"1";"Involontaire (travaux)";;;;;""
2017;7453;"2A";"2A271";"Sarrola-Carcopino";"2017-11-22 15:26:00";150;;150;;;;;;;;;;;;;;;""
2017;1253;"32";"32285";"Montesquiou";"2017-11-22 17:26:00";10000;0;;10000;;;10000;0;0;0;"Estimées";;;;;;;""
2017;7454;"2A";"2A017";"Appietto";"2017-11-22 17:50:00";50;;50;;;;;;;;;;;;;;;""
2017;7152;"11";"11198";"Laure-Minervois";"2017-11-22 18:38:00";1237;;;;;;;;;;;;;;;;;""
2017;5820;"66";"66121";"Néfiach";"2017-11-23 13:21:00";5000;;5000;;;;;;;;;"1";"Involontaire (travaux)";;;;;""
2017;17927;"33";"33036";"Bazas";"2017-11-23 13:38:00";5000;5000;;0;;;0;0;0;0;"Estimées";;;"Non";;;;""
2017;7455;"2A";"2A249";"Propriano";"2017-11-23 16:05:00";1;;1;;;;;;;;;;"Involontaire (particulier)";;;;;""
2017;7155;"11";"11198";"Laure-Minervois";"2017-11-23 17:09:00";3111;;;;;;;;;;;;;;;;;""
2017;7156;"11";"11274";"Pauligne";"2017-11-23 19:07:00";300;;;;;;;;;;;;;;;;;""
2017;5821;"66";"66015";"Banyuls-dels-Aspres";"2017-11-23 19:13:00";1000;500;500;;;;;;;;;"2";"Involontaire (travaux)";;;;;""
2017;7640;"2A";"2A154";"Marignana";"2017-11-24 05:38:00";1500;;1500;;;;;;;;;;;;;;;""
2017;7641;"2A";"2A285";"Sorbollano";"2017-11-24 13:44:00";10;;10;;;;;;;;;;;;;;;""
2017;16667;"2B";"2B096";"Corte";"2017-11-24 17:14:00";10;;10;;;;;;;;;"1";;;;;;""
2017;16671;"2B";"2B124";"Ghisoni";"2017-11-25 14:04:00";15000;;15000;;;;;;;;;"1";;;;;;""
2017;16676;"2B";"2B309";"Santa-Maria-di-Lota";"2017-11-25 22:55:00";40000;;40000;;;;;;;;;"1";"Malveillance";;;;;""
2017;16967;"84";"84014";"Beaumont-de-Pertuis";"2017-11-26 10:50:00";300;;;;;;;;;;;;;;;;;""
2017;16678;"2B";"2B043";"Brando";"2017-11-26 11:12:00";20000;;20000;;;;;;;;;"1";"Accidentelle";;;;;""
2017;7642;"2A";"2A232";"Pila-Canale";"2017-11-26 13:34:00";150;;150;;;;;;;;;;;;;;;""
2017;5831;"66";"66012";"Baho";"2017-11-26 13:35:00";1000;1000;;;;;;;;;;"2";;;;;;""
2017;16682;"2B";"2B222";"Pie-d'Orezza";"2017-11-26 14:07:00";1000;;1000;;;;;;;;;"1";;;;;;""
2017;16716;"83";"83049";"Cuers";"2017-11-26 14:19:00";15000;15000;;;;;;;;;;"4";"Involontaire (particulier)";;;;;""
2017;16687;"2B";"2B292";"Sant'Andréa-di-Bozio";"2017-11-26 15:19:00";30;;30;;;;;;;;;"1";;;;;;""
2017;5832;"66";"66227";"Villeneuve-de-la-Raho";"2017-11-26 16:19:00";1500;1500;;;;;;;;;;"4";;;;;;""
2017;16688;"2B";"2B298";"Saint-Florent";"2017-11-26 16:28:00";100;;100;;;;;;;;;"1";;;;;;""
2017;7643;"2A";"2A272";"Sartène";"2017-11-26 16:36:00";100;;100;;;;;;;;;;;;;;;""
2017;5851;"66";"66203";"Taulis";"2017-11-26 18:49:00";31270;;31270;;;;;;;;;"2";"Accidentelle";;;;;""
2017;16831;"2B";"2B293";"Sant'Andréa-di-Cotone";"2017-11-27 10:22:00";30000;;30000;;;;;;;;;"1";;;;;;""
2017;16823;"04";"04152";"Pierrevert";"2017-11-27 10:26:00";10;;;;;;;;;;;;"Involontaire (particulier)";;;;;""
2017;7644;"2A";"2A139";"Lecci";"2017-11-27 10:54:00";20;;20;;;;;;;;;;;;;;;""
2017;16958;"06";"06083";"Menton";"2017-11-27 11:55:00";17060;17060;;;;;;;;;;"5";"Involontaire (particulier)";;;;;""
2017;7157;"11";"11124";"Durban-Corbières";"2017-11-27 13:29:00";500;;;;;;;;;;;;;;;;;""
2017;7645;"2A";"2A271";"Sarrola-Carcopino";"2017-11-27 14:08:00";30;;30;;;;;;;;;;;;;;;""
2017;16981;"04";"04160";"Reillanne";"2017-11-27 14:51:00";200;;;;;;;;;;;;"Involontaire (particulier)";;;;;""
2017;7158;"11";"11198";"Laure-Minervois";"2017-11-27 15:32:00";267;;;;;;;;;;;;;;;;;""
2017;7647;"2A";"2A004";"Ajaccio";"2017-11-27 16:07:00";3000;;3000;;;;;;;;;;;;;;;""
2017;16836;"2B";"2B015";"Ampriani";"2017-11-27 17:19:00";20000;;20000;;;;;;;;;"1";;;;;;""
2017;5835;"66";"66058";"Corneilla-la-Rivière";"2017-11-27 20:32:00";500;500;;;;;;;;;;"2";;;;;;""
2017;16982;"04";"04230";"Valensole";"2017-11-28 17:37:00";3000;;;;;;;;;;;;"Involontaire (particulier)";;;;;""
2017;16972;"83";"83126";"La Seyne-sur-Mer";"2017-11-29 11:39:00";4000;4000;;;;;;;;;;"4";"Involontaire (travaux)";;;;;""
2017;16973;"83";"83072";"Lorgues";"2017-11-29 15:15:00";7;7;;;;;;;;;;"5";"Involontaire (particulier)";;;;;""
2017;17008;"34";"34268";"Saint-Jean-de-la-Blaquière";"2017-11-29 15:18:00";6209;;6209;;;;;;;;;"1";"Involontaire (travaux)";;;;;""
2017;6908;"48";"48144";"Sainte-Croix-Vallée-Française";"2017-11-29 23:16:00";90;90;;;;;;;;;;"5";"Involontaire (particulier)";;;;;""
2017;5836;"66";"66026";"Brouilla";"2017-11-30 12:53:00";50000;30000;20000;;;;;;;;;"3";;;;;;""
2017;17198;"04";"04174";"Saint-Benoît";"2017-11-30 13:05:00";1003200;981600;5100;;;;;;;16500;;"2";"Involontaire (particulier)";;;;;""
2017;17047;"83";"83081";"Montauroux";"2017-11-30 14:45:00";1000;1000;;;;;;;;;;"5";"Involontaire (particulier)";;;;;""
2017;16988;"04";"04112";"Manosque";"2017-11-30 19:12:00";3000;;;;;;;;;;;;;;;;;""
2017;5837;"66";"66058";"Corneilla-la-Rivière";"2017-11-30 20:19:00";400;;400;;;;;;;;;"2";;;;;;""
2017;7159;"11";"11397";"Trèbes";"2017-12-01 13:33:00";2127;;;;;;;;;;;;;;;;;""
2017;7648;"2A";"2A348";"Vico";"2017-12-01 15:47:00";100;;100;;;;;;;;;;;;;;;""
2017;5838;"66";"66048";"Cerbère";"2017-12-02 12:51:00";25000;;25000;;;;;;;;;"1";"Accidentelle";;;;;""
2017;17259;"06";"06074";"Lantosque";"2017-12-02 13:50:00";98600;;;;;;;;;;;"1";;;;;;""
2017;17260;"06";"06072";"Ilonse";"2017-12-02 15:38:00";10000;;;;;;;;;;;;;;;;;""
2017;7160;"11";"11106";"Coursan";"2017-12-02 21:16:00";4000;;;;;;;;;;;;;;;;;""
2017;5840;"66";"66048";"Cerbère";"2017-12-03 13:24:00";1000;;1000;;;;;;;;;"1";"Involontaire (particulier)";;;;;""
2017;5841;"66";"66136";"Perpignan";"2017-12-03 14:03:00";100000;;100000;;;;;;;;;"1";;;;;;""
2017;17073;"34";"34256";"Saint-Geniès-des-Mourgues";"2017-12-03 15:11:00";7127;;7127;;;;;;;;;"1";"Involontaire (particulier)";;;;;""
2017;5842;"66";"66049";"Céret";"2017-12-03 17:35:00";400;400;;;;;;;;;;"2";"Involontaire (particulier)";;;;;""
2017;17076;"34";"34341";"Villeveyrac";"2017-12-03 19:23:00";39290;;39290;;;;;;;;;"1";"Malveillance";;;;;""
2017;7161;"11";"11270";"Padern";"2017-12-04 13:19:00";15;;;;;;;;;;;;;;;;;""
2017;17261;"06";"06074";"Lantosque";"2017-12-05 10:24:00";1490;;1490;;;;;;;;;"1";;;;;;""
2017;7162;"11";"11014";"Armissan";"2017-12-05 16:25:00";200;;;;;;;;;;;;;;;;;""
2017;7164;"11";"11014";"Armissan";"2017-12-05 16:25:00";1500;;;;;;;;;;;;;;;;;""
2017;7163;"11";"11014";"Armissan";"2017-12-05 16:25:00";3000;;;;;;;;;;;;;;;;;""
2017;17113;"07";"07107";"Jaujac";"2017-12-06 12:14:00";1000;1000;;;;;;;;;;"4";;;;;;""
2017;17188;"04";"04108";"Malijai";"2017-12-06 14:09:00";1700;;1700;;;;;;;;;"1";"Involontaire (particulier)";;;;;""
2017;7166;"11";"11006";"Albas";"2017-12-06 19:05:00";500;;;;;;;;;;;;;;;;;""
2017;6513;"66";"66026";"Brouilla";"2017-12-07 13:48:00";2000;2000;;;;;;;;;;"2";"Involontaire (travaux)";;;;;""
2017;17294;"34";"34197";"Péret";"2017-12-07 13:53:00";27623;;27623;;;;;;;;;"1";"Involontaire (travaux)";;;;;""
2017;17397;"34";"34027";"Beaulieu";"2017-12-09 13:49:00";79;79;;;;;;;;;;"3";"Involontaire (travaux)";;;;;""
2017;17262;"06";"06007";"Auribeau-sur-Siagne";"2017-12-09 14:57:00";8000;;;;;;;;;;;;;;;;;""
2017;7167;"11";"11262";"Narbonne";"2017-12-09 15:56:00";32000;;;;;;;;;;;;;;;;;""
2017;5413;"2B";"2B042";"Borgo";"2017-12-09 16:20:00";200;;190;;;;;;;10;;"1";"Involontaire (travaux)";;;;;""
2017;17391;"34";"34106";"Fozières";"2017-12-09 17:22:00";7687;7687;;;;;;;;;;"1";"Involontaire (travaux)";;;;;""
2017;7168;"11";"11122";"Douzens";"2017-12-09 19:02:00";1500;;;;;;;;;;;;;;;;;""
2017;5843;"66";"66179";"Saint-Laurent-de-Cerdans";"2017-12-09 19:14:00";1000;1000;;;;;;;;;;"3";"Accidentelle";;;;;""
2017;5414;"2B";"2B168";"Monticello";"2017-12-10 13:32:00";40000;;40000;;;;;;;;;"1";;;;;;""
2017;5415;"2B";"2B143";"Linguizzetta";"2017-12-10 14:07:00";100;;100;;;;;;;;;"1";;;;;;""
2017;5844;"66";"66193";"Serdinya";"2017-12-10 19:07:00";800;800;;;;;;;;;;"2";;;;;;""
2017;5845;"66";"66196";"Sorède";"2017-12-11 05:41:00";20000;;20000;;;;;;;;;"2";"Involontaire (travaux)";;;;;""
2017;5846;"66";"66138";"Peyrestortes";"2017-12-14 13:04:00";5000;;5000;;;;;;;;;"1";;;;;;""
2017;5847;"66";"66073";"Estoher";"2017-12-14 14:00:00";1500;1500;;;;;;;;;;"3";;;;;;""
2017;5420;"06";"06156";"Venanson";"2017-12-15 14:28:00";2000;;;;;;;;;;;;;;;;;""
2017;5421;"06";"06041";"Cipières";"2017-12-16 16:04:00";10000;;;;;;;;;;;;;;;;;""
2017;5848;"66";"66028";"Cabestany";"2017-12-17 01:43:00";5000;5000;;;;;;;;;;"4";;;;;;""
2017;6537;"66";"66123";"Nyer";"2017-12-17 13:52:00";600;600;;;;;;;;0;;"4";"Naturelle";;;;;""
2017;5849;"66";"66015";"Banyuls-dels-Aspres";"2017-12-17 14:00:00";5000;2000;3000;;;;;;;;;"2";"Involontaire (particulier)";;;;;""
2017;7169;"11";"11370";"Salles-d'Aude";"2017-12-17 14:57:00";200;;;;;;;;;;;;;;;;;""
2017;6670;"34";"34203";"Pinet";"2017-12-22 12:13:00";8830;;8830;;;;;;;;;"1";"Malveillance";;;;;""
2017;5909;"34";"34203";"Pinet";"2017-12-22 15:33:00";8830;;8830;;;;;;;;;"1";"Malveillance";;;;;""
2017;7170;"11";"11201";"Leuc";"2017-12-22 19:55:00";200;;;;;;;;;;;;;;;;;""
2017;6569;"66";"66016";"Banyuls-sur-Mer";"2017-12-23 06:14:00";5000;;5000;;;;;;;;;"1";"Accidentelle";;;;;""
2017;7649;"2A";"2A269";"Sari-Solenzara";"2017-12-23 10:42:00";5;;5;;;;;;;;;;;;;;;""
2017;5925;"2B";"2B096";"Corte";"2017-12-23 14:26:00";100;;100;;;;;;;;;"1";;;;;;""
2017;6621;"83";"83043";"Collobrières";"2017-12-23 15:42:00";2;2;;;;;;;;;;"3";"Malveillance";;;;;""
2017;7650;"2A";"2A215";"Pianottoli-Caldarello";"2017-12-23 18:26:00";1;;1;;;;;;;;;;;;;;;""
2017;5856;"06";"06157";"Vence";"2017-12-23 19:10:00";8000;;;;;;;;;;;"1";"Involontaire (particulier)";;;;;""
2017;6580;"66";"66174";"Saint-Féliu-d'Avall";"2017-12-27 18:43:00";1000;;1000;;;;;;;;;"2";"Malveillance";;;;;""
2017;7171;"11";"11369";"Sallèles-d'Aude";"2017-12-29 08:32:00";743;;;;;;;;;;;;;;;;;""
2017;6927;"34";"34323";"Valmascle";"2017-12-30 14:06:00";765;765;;;;;;;;;;"3";"Malveillance";;;;;""
2018;4333;"2B";"2B364";"Zuani";"2018-01-01 16:55:00";10000;;10000;;;;;;;;;"1";;;;;;""
2018;4880;"2B";"2B293";"Sant'Andréa-di-Cotone";"2018-01-02 05:13:00";13172400;5000000;7000000;;;;;;;1172400;;"2";"Involontaire (particulier)";;;;;""
2018;5420;"2B";"2B123";"Ghisonaccia";"2018-01-02 15:03:00";50000;;100;;;;;;;49900;;"1";"Malveillance";;;;;""
2018;3893;"06";"06157";"Vence";"2018-01-02 16:24:00";26050;;26050;;;;;;;;;"1";"Malveillance";;;;;""
2018;4003;"06";"06137";"Spéracèdes";"2018-01-03 01:58:00";2000;;;;;;;;;;;"1";"Involontaire (particulier)";;;;;""
2018;3535;"34";"34174";"Moulès-et-Baucels";"2018-01-03 12:31:00";21680;;21680;;;;;;;;;"4";"Accidentelle";;;;;""
2018;6297;"2B";"2B088";"Chiatra";"2018-01-03 19:44:00";5656800;3300000;1700000;;;;;;;656800;;"3";"Accidentelle";;;;;""
2018;3568;"06";"06149";"La Trinité";"2018-01-03 20:08:00";20530;20530;;;;;;;;;;"4";"Accidentelle";;;;;""
2018;6407;"2B";"2B286";"Sorbo-Ocagnano";"2018-01-03 20:18:00";10000;;100;;;;;;;9900;;"1";;;;;;""
2018;6626;"2B";"2B088";"Chiatra";"2018-01-03 20:47:00";100;;100;;;;;;;;;"1";"Involontaire (travaux)";;;;;""
2018;6734;"2B";"2B318";"Taglio-Isolaccio";"2018-01-03 21:28:00";880000;500000;300000;;;;;;;80000;;"3";"Accidentelle";;;;;""
2018;6841;"2B";"2B002";"Aghione";"2018-01-03 21:48:00";20000;;100;;;;;;;19900;;"1";"Malveillance";;;;;""
2018;7061;"2B";"2B201";"Pancheraccia";"2018-01-03 22:25:00";70000;;70000;;;;;;;;;"1";"Malveillance";;;;;""
2018;3675;"83";"83098";"Le Pradet";"2018-01-04 02:15:00";1000;;;;;;;;;;;;;;;;;""
2018;6274;"2A";"2A139";"Lecci";"2018-01-04 08:11:00";500;;500;;;;;;;;;"1";;;;;;""
2018;7393;"2B";"2B231";"Pigna";"2018-01-04 09:24:00";10;;10;;;;;;;;;"1";;;;;;""
2018;7615;"2B";"2B145";"Loreto-di-Casinca";"2018-01-04 10:42:00";15;;15;;;;;;;;;"1";;;;;;""
2018;7725;"2B";"2B088";"Chiatra";"2018-01-04 12:22:00";100;;100;;;;;;;;;"1";"Involontaire (travaux)";;;;;""
2018;3483;"06";"06072";"Ilonse";"2018-01-04 15:24:00";5560;;5560;;;;;;;;;"1";"Involontaire (particulier)";;;;;""
2018;5629;"66";"66014";"Baixas";"2018-01-04 16:58:00";1000;;1000;;;;;;;;;"1";"Involontaire (travaux)";;;;;""
2018;4726;"11";"11355";"Saint-Martin-de-Villereglan";"2018-01-05 13:14:00";318;;;;;;;;;;;;;;;;;""
2018;6276;"2A";"2A118";"Fozzano";"2018-01-06 16:27:00";30;;30;;;;;;;;;"1";"Involontaire (travaux)";;;;;""
2018;6277;"2A";"2A247";"Porto-Vecchio";"2018-01-06 16:44:00";200;;200;;;;;;;;;;"Involontaire (particulier)";;;;;""
2018;8513;"13";"13098";"Saint-Mitre-les-Remparts";"2018-01-06 19:32:00";3000;3000;;;;;;;;;;"1";"Involontaire (particulier)";;;;;""
2018;3775;"34";"34194";"Paulhan";"2018-01-07 09:50:00";2156;;2156;;;;;;;;;"1";"Involontaire (travaux)";;;;;""
2018;8448;"2B";"2B173";"Muro";"2018-01-07 16:14:00";5000;;5000;;;;;;;;;"1";;;;;;""
2018;8459;"2B";"2B150";"Lumio";"2018-01-07 22:02:00";5000;;5000;;;;;;;;;"1";;;;;;""
2018;4730;"11";"11041";"Bize-Minervois";"2018-01-08 08:13:00";5;;;;;;;;;;;;;;;;;""
2018;8578;"2B";"2B328";"Tox";"2018-01-09 17:14:00";40;;40;;;;;;;;;"1";;;;;;""
2018;7504;"66";"66069";"Espira-de-l'Agly";"2018-01-12 09:47:00";1000;500;500;;;;;;;;;"4";"Involontaire (travaux)";;;;;""
2018;7581;"66";"66049";"Céret";"2018-01-16 11:53:00";1000;1000;;;;;;;;;;"3";;;;;;""
2018;4115;"2B";"2B281";"Sisco";"2018-01-17 05:57:00";30000;;30000;;;;;;;;;"1";"Malveillance";;;;;""
2018;4147;"2B";"2B143";"Linguizzetta";"2018-01-17 11:06:00";25000;;;;;;;;;;;;;;;;;""
2018;4709;"2B";"2B301";"San-Gavino-di-Tenda";"2018-01-19 11:35:00";1000;;1000;;;;;;;;;"1";;;;;;""
2018;7703;"66";"66050";"Claira";"2018-01-19 14:32:00";10000;2000;8000;;;;;;;;;"2";;;;;;""
2018;7714;"66";"66190";"Salses-le-Château";"2018-01-19 15:50:00";200;200;;;;;;;;;;"4";"Involontaire (travaux)";;;;;""
2018;6280;"2A";"2A041";"Bonifacio";"2018-01-20 20:26:00";200;;200;;;;;;;;;;;;;;;""
2018;4987;"34";"34105";"Fouzilhon";"2018-01-20 21:17:00";13789;;13789;;;;;;;;;"1";"Malveillance";;;;;""
2018;4367;"34";"34103";"Fontès";"2018-01-20 21:41:00";1131;;1131;;;;;;;;;"1";"Malveillance";;;;;""
2018;4411;"83";"83080";"Mons";"2018-01-21 05:02:00";2200;2200;;;;;;;;;;"4";"Involontaire (particulier)";;;;;""
2018;5849;"06";"06041";"Cipières";"2018-01-21 11:37:00";15020;;15020;;;;;;;;;"1";"Malveillance";;;;;""
2018;7892;"66";"66093";"Laroque-des-Albères";"2018-01-23 14:18:00";4000;;4000;;;;;;;;;"1";"Involontaire (travaux)";;;;;""
2018;7936;"66";"66190";"Salses-le-Château";"2018-01-24 09:34:00";1000;1000;;;;;;;;;;"4";"Involontaire (travaux)";;;;;""
2018;4665;"83";"83063";"La Garde-Freinet";"2018-01-24 14:01:00";2500;2500;;;;;;;;;;"3";"Involontaire (particulier)";;;;;""
2018;4859;"2B";"2B029";"Barbaggio";"2018-01-25 10:22:00";20000;;20000;;;;;;;;;"1";;;;;;""
2018;5443;"04";"04046";"Le Chaffaut-Saint-Jurson";"2018-01-26 19:12:00";900;900;;;;;;;;;;"3";"Involontaire (travaux)";;;;;""
2018;4924;"2B";"2B055";"Campitello";"2018-01-28 12:53:00";100000;70000;30000;;;;;;;;;"1";"Malveillance";;;;;""
2018;4729;"11";"11144";"Fitou";"2018-01-29 18:25:00";1500;;;;;;;;;;;;;;;;;""
2018;8047;"66";"66023";"Bouleternère";"2018-01-29 21:44:00";5000;5000;;;;;;;;;;"2";"Accidentelle";;;;;""
2018;1307;"40";"40105";"Garein";"2018-02-02 12:14:00";20;20;;0;;;0;;;0;;;"Involontaire (travaux)";;;;;""
2018;5291;"30";"30194";"Peyremale";"2018-02-04 11:12:00";20000;;;;;;;;;;;;"Involontaire (particulier)";;;;;""
2018;8181;"66";"66107";"Maury";"2018-02-04 11:22:00";600;;600;;;;;;;;;"2";"Malveillance";;;;;""
2018;5508;"04";"04132";"Montsalier";"2018-02-07 15:32:00";6500;;6500;;;;;;;;;"1";"Involontaire (particulier)";;;;;""
2018;4101;"66";"66014";"Baixas";"2018-02-10 05:50:00";10000;;10000;;;;;;;;;"1";;;;;;""
2018;6231;"04";"04018";"Banon";"2018-02-10 13:22:00";110;110;;;;;;;;;;"4";"Involontaire (particulier)";;;;;""
2018;5860;"06";"06077";"Lucéram";"2018-02-11 14:50:00";3000;1500;1500;;;;;;;;;"3";;;;;;""
2018;5871;"06";"06050";"Coursegoules";"2018-02-11 17:50:00";300;;300;;;;;;;;;"1";"Malveillance";;;;;""
2018;6275;"04";"04063";"Corbières";"2018-02-12 11:24:00";2800;;2800;;;;;;;;;"1";"Involontaire (particulier)";;;;;""
2018;6286;"04";"04172";"Roumoules";"2018-02-12 14:06:00";20100;12600;7500;;;;;;;;;"5";"Involontaire (particulier)";;;;;""
2018;6164;"83";"83114";"Saint-Martin-de-Pallières";"2018-02-12 15:09:00";19000;19000;;;;;;;;;;"2";"Malveillance";;;;;""
2018;4108;"66";"66138";"Peyrestortes";"2018-02-13 10:40:00";2000;1000;1000;;;;;;;;;"4";"Malveillance";;;;;""
2018;4109;"66";"66028";"Cabestany";"2018-02-13 11:32:00";10000;5000;5000;;;;;;;;;"4";"Involontaire (travaux)";;;;;""
2018;947;"15";"15266";"Yolet";"2018-02-13 13:42:00";2000;0;;2000;;;2000;0;0;0;"Estimées";;;;;;;""
2018;6441;"83";"83154";"Saint-Antonin-du-Var";"2018-02-13 14:06:00";13560;10000;3560;;;;;;;;;"1";"Involontaire (particulier)";;;;;""
2018;4110;"66";"66182";"Sainte-Marie";"2018-02-13 16:27:00";10000;8000;2000;;;;;;;;;"4";;;;;;""
2018;6363;"34";"34316";"Usclas-du-Bosc";"2018-02-13 18:02:00";10003;10003;;;;;;;;;;"3";"Malveillance";;;;;""
2018;1003;"74";"74183";"Mieussy";"2018-02-14 14:02:00";5000;0;;5000;;;5000;0;0;0;"Estimées";;;;;;;""
2018;6594;"04";"04200";"Salignac";"2018-02-14 14:25:00";340;340;;;;;;;;;;"3";;;;;;""
2018;8314;"06";"06163";"Tende";"2018-02-15 13:51:00";3100;3100;;;;;;;;;;"3";"Involontaire (particulier)";;;;;""
2018;8325;"06";"06074";"Lantosque";"2018-02-15 14:37:00";41120;41120;;;;;;;;;;"5";;;;;;""
2018;6723;"2B";"2B171";"Muracciole";"2018-02-15 18:23:00";100;;100;;;;;;;;;"1";;;;;;""
2018;6649;"83";"83019";"Bormes-les-Mimosas";"2018-02-16 15:26:00";400;400;;;;;;;;;;"3";"Involontaire (travaux)";;;;;""
2018;6799;"34";"34258";"Saint-Geniès-de-Fontedit";"2018-02-16 15:44:00";30735;;30735;;;;;;;;;"1";"Malveillance";;;;;""
2018;6615;"34";"34268";"Saint-Jean-de-la-Blaquière";"2018-02-17 18:47:00";7321;;7321;;;;;;;;;"1";"Involontaire (travaux)";;;;;""
2018;4124;"66";"66136";"Perpignan";"2018-02-19 19:15:00";6000;;6000;;;;;;;;;"1";;;;;;""
2018;4784;"11";"11251";"Montlaur";"2018-02-20 12:45:00";10;;;;;;;;;;;;;;;;;""
2018;7050;"04";"04070";"Digne-les-Bains";"2018-02-21 14:52:00";500;;500;;;;;;;;;"1";"Involontaire (particulier)";;;;;""
2018;7360;"30";"30031";"La Bastide-d'Engras";"2018-02-22 10:13:00";10000;;;;;;;;;;;;;;;;;""
2018;4131;"66";"66084";"Fourques";"2018-02-22 14:52:00";1000;;1000;;;;;;;;;"1";;;;;;""
2018;7249;"83";"83058";"Flayosc";"2018-02-23 23:00:00";50;50;;;;;;;;;;"5";"Involontaire (particulier)";;;;;""
2018;4151;"66";"66071";"Estagel";"2018-02-24 16:37:00";2500;1000;1500;;;;;;;;;"4";"Malveillance";;;;;""
2018;8500;"07";"07147";"Malarce-sur-la-Thines";"2018-02-24 20:13:00";40000;;40000;;;;;;;;;"1";"Involontaire (travaux)";;;;;""
2018;7371;"48";"48162";"Saint-Julien-d'Arpaon";"2018-02-24 20:55:00";80000;;80000;;;;;;;;;"3";"Involontaire (travaux)";;;;;""
2018;8336;"34";"34077";"Clapiers";"2018-02-25 12:04:00";14890;;14890;;;;;;;;;"1";"Involontaire (particulier)";;;;;""
2018;1011;"88";"88410";"Sainte-Barbe";"2018-02-25 12:14:00";250;250;;0;;;0;0;0;0;"Estimées";;;;;;;""
2018;8347;"34";"34286";"Saint-Privat";"2018-02-25 14:36:00";79210;79210;;;;;;;;;;"3";"Involontaire (travaux)";;;;;""
2018;8466;"34";"34034";"Boisset";"2018-02-25 15:08:00";1736;1736;;;;;;;;;;"3";"Involontaire (particulier)";;;;;""
2018;7382;"48";"48022";"Bédouès";"2018-02-25 15:24:00";31900;31900;0;;;;;;;;;"3";;;;;;""
2018;8683;"04";"04049";"Château-Arnoux-Saint-Auban";"2018-02-26 11:00:00";140;;140;;;;;;;;;"1";"Involontaire (travaux)";;;;;""
2018;7349;"30";"30269";"Saint-Jean-du-Gard";"2018-02-26 12:22:00";20000;;;;;;;;;;;;"Involontaire (travaux)";;;;;""
2018;2000;"47";"47099";"Fongrave";"2018-02-26 15:04:00";10;10;;0;;;0;;;0;;;;;;;;""
2018;8421;"34";"34268";"Saint-Jean-de-la-Blaquière";"2018-02-26 16:38:00";5397;;5397;;;;;;;;;"1";"Involontaire (travaux)";;;;;""
2018;8422;"34";"34172";"Montpellier";"2018-02-26 17:05:00";1193;;1193;;;;;;;;;"1";"Involontaire (particulier)";;;;;""
2018;1803;"33";"33284";"Mios";"2018-02-26 18:14:00";2000;2000;;0;;;0;;;0;;;;;;;;""
2018;8471;"34";"34200";"Pézènes-les-Mines";"2018-02-26 20:05:00";121077;121077;;;;;;;;;;"3";"Malveillance";;;;;""
2018;4731;"11";"11024";"Bages";"2018-02-26 20:06:00";2500;;;;;;;;;;;;;;;;;""
2018;8514;"04";"04244";"Volonne";"2018-02-27 00:21:00";230;;;;;;;;;230;;"1";"Accidentelle";;;;;""
2018;4166;"66";"66190";"Salses-le-Château";"2018-02-27 13:12:00";40000;;40000;;;;;;;;;"1";;;;;;""
2018;8484;"34";"34193";"Pardailhan";"2018-02-27 13:29:00";27560;27560;;;;;;;;;;"3";"Malveillance";;;;;""
2018;8281;"05";"05037";"Châteauvieux";"2018-02-27 13:44:00";15000;;;;;;;;;;;;"Involontaire (particulier)";;;;;""
2018;4732;"11";"11157";"Fraissé-des-Corbières";"2018-02-27 13:53:00";2000;;;;;;;;;;;;;;;;;""
2018;7405;"48";"48155";"Saint-Germain-de-Calberte";"2018-02-27 13:55:00";400;400;;;;;;;;0;;"2";"Involontaire (particulier)";;;;;""
2018;8;"12";"12076";"Conques-en-Rouergue";"2018-02-27 14:07:00";120000;0;;120000;;;120000;0;0;0;"Estimées";;"Malveillance";;;;;""
2018;5;"46";"46284";"Saint-Michel-Loubéjou";"2018-02-27 14:16:00";20000;0;;20000;;;20000;0;0;0;"Estimées";;"Involontaire (particulier)";;;;;""
2018;4167;"66";"66172";"Saint-Estève";"2018-02-27 14:37:00";2000;1000;1000;;;;;;;;;"4";;;;;;""
2018;4168;"66";"66140";"Pézilla-la-Rivière";"2018-02-27 15:29:00";1000;1000;;;;;;;;;;"2";;;;;;""
2018;4733;"11";"11071";"Cascastel-des-Corbières";"2018-02-27 15:32:00";5300;;;;;;;;;;;;;;;;;""
2018;8442;"34";"34157";"Mèze";"2018-02-27 15:34:00";493;;493;;;;;;;;;"1";"Malveillance";;;;;""
2018;8474;"34";"34135";"Lespignan";"2018-02-27 17:03:00";3810;;3810;;;;;;;;;"1";"Involontaire (travaux)";;;;;""
2018;7416;"48";"48171";"Saint-Martin-de-Lansuscle";"2018-02-27 17:13:00";110;;;;;;;;;110;;"1";"Involontaire (particulier)";;;;;""
2018;4181;"66";"66014";"Baixas";"2018-03-03 14:53:00";600;;600;;;;;;;;;"1";"Malveillance";;;;;""
2018;4183;"66";"66138";"Peyrestortes";"2018-03-03 16:19:00";700;700;;;;;;;;;;"2";"Malveillance";;;;;""
2018;8497;"26";"26165";"Livron-sur-Drôme";"2018-03-08 14:36:00";27500;2700;24800;;;;;;;0;;"3";"Involontaire (travaux)";;;;;""
2018;1800;"33";"33011";"Arès";"2018-03-08 16:51:00";1000;1000;;0;;;0;;;0;;;;;;;;""
2018;1306;"40";"40125";"Heugas";"2018-03-09 11:27:00";10000;10000;;0;;;0;;;0;;;"Involontaire (particulier)";;;;;""
2018;8496;"2B";"2B205";"Patrimonio";"2018-03-09 18:08:00";20;;20;;;;;;;;;"1";;;;;;""
2018;4734;"11";"11127";"Escouloubre";"2018-03-10 14:14:00";44700;;;;;;;;;;;;;;;;;""
2018;1798;"33";"33333";"Le Porge";"2018-03-11 11:44:00";200;200;;0;;;0;;;0;;;;;;;;""
2018;1797;"33";"33457";"Saint-Pardon-de-Conques";"2018-03-11 14:09:00";400;400;;0;;;0;;;0;;;;;;;;""
2018;1796;"33";"33472";"Saint-Sauveur-de-Puynormand";"2018-03-11 17:23:00";3000;3000;;0;;;0;;;0;;;"Involontaire (travaux)";;;;;""
2018;1795;"33";"33307";"Noaillan";"2018-03-11 17:44:00";1200;1200;;0;;;0;;;0;;;"Malveillance";;;;;""
2018;8540;"04";"04047";"Champtercier";"2018-03-14 11:36:00";20000;;20000;;;;;;;;;"1";"Involontaire (particulier)";;;;;""
2018;8543;"04";"04022";"Barrême";"2018-03-14 13:15:00";100;100;;;;;;;;;;"4";"Involontaire (travaux)";;;;;""
2018;3226;"65";"65045";"Aucun";"2018-03-14 14:37:00";100000;0;;100000;;;100000;0;0;0;"Estimées";;;;;;;""
2018;8803;"48";"48148";"Saint-Étienne-Vallée-Française";"2018-03-14 18:58:00";1100;1100;;;;;;;;;;"5";"Accidentelle";;;;;""
2018;4735;"11";"11295";"Portel-des-Corbières";"2018-03-15 15:00:00";14800;;;;;;;;;;;;;;;;;""
2018;8819;"84";"84096";"Rasteau";"2018-03-20 12:40:00";300;;;;;;;;;;;;;;;;;""
2018;4229;"66";"66024";"Le Boulou";"2018-03-20 17:09:00";200;200;;;;;;;;;;"2";"Accidentelle";;;;;""
2018;8658;"07";"07050";"Chambonas";"2018-03-21 12:04:00";40000;40000;;;;;;;;;;"4";"Involontaire (travaux)";;;;;""
2018;8653;"07";"07284";"Saint-Pierre-Saint-Jean";"2018-03-21 12:44:00";2500;2500;;;;;;;;;;"5";;;;;;""
2018;8622;"06";"06049";"Courmes";"2018-03-21 13:29:00";1110;;1110;;;;;;;;;"1";"Malveillance";;;;;""
2018;8684;"04";"04004";"Allemagne-en-Provence";"2018-03-21 13:41:00";450;;450;;;;;;;;;"1";"Involontaire (particulier)";;;;;""
2018;8623;"06";"06058";"Escragnolles";"2018-03-21 13:42:00";8780;;8780;;;;;;;0;;"1";"Malveillance";;;;;""
2018;1793;"33";"33555";"Marcheprime";"2018-03-21 16:24:00";20000;20000;;0;;;0;;;0;;;"Involontaire (particulier)";;;;;""
2018;8629;"2B";"2B049";"Calenzana";"2018-03-22 11:03:00";2000;;2000;;;;;;;;;"1";;;;;;""
2018;8624;"06";"06041";"Cipières";"2018-03-22 11:13:00";2310;2310;;;;;;;;;;"3";"Involontaire (travaux)";;;;;""
2018;948;"15";"15187";"Saint-Flour";"2018-03-22 11:20:00";20000;0;;20000;;;20000;0;0;0;"Estimées";;;;;;;""
2018;1998;"47";"47215";"Pujols";"2018-03-22 14:13:00";80000;80000;;0;;;0;;;0;;;"Involontaire (particulier)";;;;;""
2018;8659;"07";"07334";"Les Vans";"2018-03-22 14:18:00";5000;;5000;;;;;;;;;"1";"Involontaire (travaux)";;;;;""
2018;8613;"83";"83051";"Entrecasteaux";"2018-03-22 16:18:00";1000;1000;;;;;;;;;;"4";"Involontaire (particulier)";;;;;""
2018;8718;"34";"34130";"Laurens";"2018-03-22 17:47:00";786;;786;;;;;;;;;"1";"Involontaire (travaux)";;;;;""
2018;4736;"11";"11351";"Saint-Laurent-de-la-Cabrerisse";"2018-03-22 18:31:00";5000;;;;;;;;;;;;;;;;;""
2018;8660;"07";"07280";"Saint-Paul-le-Jeune";"2018-03-22 18:40:00";2000;2000;;;;;;;;;;"4";;;;;;""
2018;4296;"66";"66217";"Trouillas";"2018-03-23 11:18:00";20000;;20000;;;;;;;;;"1";;;;;;""
2018;6281;"2A";"2A330";"Ucciani";"2018-03-23 11:43:00";4000;;4000;;;;;;;;;;;;;;;""
2018;8723;"34";"34092";"Cruzy";"2018-03-23 13:11:00";29550;;29550;;;;;;;;;"1";"Involontaire (travaux)";;;;;""
2018;8724;"34";"34097";"Félines-Minervois";"2018-03-23 14:08:00";637;;637;;;;;;;;;"1";"Malveillance";;;;;""
2018;8645;"34";"34043";"Buzignargues";"2018-03-23 14:12:00";7619;;7619;;;;;;;;;"1";"Involontaire (travaux)";;;;;""
2018;8618;"04";"04142";"Oppedette";"2018-03-23 14:19:00";1600;;1300;;;;;;;300;;"3";;;;;;""
2018;8725;"34";"34097";"Félines-Minervois";"2018-03-23 15:43:00";7474;;7474;;;;;;;;;"1";"Malveillance";;;;;""
2018;1305;"40";"40184";"Mimizan";"2018-03-24 12:45:00";4;4;;0;;;0;;;0;;;;;;;;""
2018;8804;"48";"48092";"Marvejols";"2018-03-25 13:44:00";900;;900;;;;;;;;;"1";"Involontaire (travaux)";;;;;""
2018;8662;"07";"07048";"Chalencon";"2018-03-25 14:11:00";3000;;3000;;;;;;;;;"1";;;;;;""
2018;8663;"06";"06062";"Fontan";"2018-03-25 15:09:00";90000;20000;70000;;;;;;;;;"1";"Involontaire (particulier)";;;;;""
2018;8694;"05";"05111";"Puy-Sanières";"2018-03-26 16:19:00";40000;;;;;;;;;;;;;;;;;""
2018;8682;"06";"06109";"La Roquette-sur-Var";"2018-03-27 14:42:00";9700;1200;8500;;;;;;;;;"1";"Involontaire (particulier)";;;;;""
2018;6282;"2A";"2A041";"Bonifacio";"2018-03-27 15:28:00";600;;600;;;;;;;;;;;;;;;""
2018;8738;"2B";"2B281";"Sisco";"2018-03-27 15:52:00";1500;;1500;;;;;;;;;"1";;;;;;""
2018;4306;"66";"66140";"Pézilla-la-Rivière";"2018-03-28 16:12:00";1000;1000;;;;;;;;;;"2";"Malveillance";;;;;""
2018;8670;"34";"34268";"Saint-Jean-de-la-Blaquière";"2018-03-28 19:40:00";2586;;2586;;;;;;;;;"1";"Malveillance";;;;;""
2018;4308;"66";"66030";"Calce";"2018-03-29 10:23:00";500;;500;;;;;;;;;"2";"Malveillance";;;;;""
2018;8417;"30";"30333";"Uchaud";"2018-03-29 14:20:00";5;;;;;;;;;;;;;;;;;""
2018;8688;"04";"04206";"Sigonce";"2018-03-29 16:26:00";800;500;;;;;;;;300;;"1";"Accidentelle";;;;;""
2018;8739;"2B";"2B229";"Pietroso";"2018-03-29 16:36:00";15000;;200;;;;;;;14800;;"1";;;;;;""
2018;8672;"34";"34286";"Saint-Privat";"2018-03-29 19:43:00";1224;;1224;;;;;;;;;"1";"Involontaire (travaux)";;;;;""
2018;8740;"2B";"2B049";"Calenzana";"2018-03-29 20:16:00";30;;30;;;;;;;;;"1";;;;;;""
2018;8732;"34";"34103";"Fontès";"2018-03-31 15:14:00";49084;20000;29084;;;;;;;;;"3";"Malveillance";;;;;""
2018;8805;"48";"48053";"Cubières";"2018-04-01 12:50:00";10000;;10000;;;;;;;;;"1";;;;;;""
2018;8756;"34";"34316";"Usclas-du-Bosc";"2018-04-01 13:39:00";469;469;;;;;;;;;;"3";"Involontaire (travaux)";;;;;""
2018;8735;"06";"06120";"Saint-Étienne-de-Tinée";"2018-04-01 14:56:00";5000;;5000;;;;;;;;;"1";"Accidentelle";;;;;""
2018;8736;"06";"06101";"Rigaud";"2018-04-01 15:46:00";15000;;15000;;;;;;;;;"1";;;;;;""
2018;8806;"48";"48151";"Saint-Frézal-d'Albuges";"2018-04-01 19:33:00";8000;;8000;;;;;;;;;"1";;;;;;""
2018;4353;"66";"66008";"Argelès-sur-Mer";"2018-04-01 20:41:00";2000;;2000;;;;;;;;;"1";"Involontaire (travaux)";;;;;""
2018;8710;"83";"83127";"Signes";"2018-04-02 14:00:00";2;2;;;;;;;;;;"4";"Involontaire (particulier)";;;;;""
2018;8759;"34";"34286";"Saint-Privat";"2018-04-02 18:30:00";6576;6576;;;;;;;;;;"3";"Involontaire (travaux)";;;;;""
2018;13;"46";"46164";"Lavercantière";"2018-04-02 21:51:00";2000;2000;;0;;;0;0;0;0;"Estimées";;;;;;;""
2018;8746;"2B";"2B096";"Corte";"2018-04-03 10:49:00";300;;300;;;;;;;;;"1";;;;;;""
2018;142;"36";"36189";"Saint-Denis-de-Jouhet";"2018-04-03 12:20:00";600;0;;600;;;600;0;0;0;"Estimées";;;;;;;""
2018;8795;"13";"13051";"Lançon-Provence";"2018-04-05 14:49:00";25000;;15000;;;;;;;10000;;"1";"Involontaire (travaux)";;;;;""
2018;8813;"04";"04081";"Esparron-de-Verdon";"2018-04-06 08:56:00";34;34;;;;;;;;;;"3";"Involontaire (particulier)";;;;;""
2018;8769;"83";"83050";"Draguignan";"2018-04-06 11:02:00";40;40;;;;;;;;;;"5";"Involontaire (travaux)";;;;;""
2018;28;"12";"12100";"Firmi";"2018-04-06 12:33:00";20000;0;;20000;;;20000;0;0;0;"Estimées";;"Involontaire (particulier)";;;;;""
2018;4366;"66";"66026";"Brouilla";"2018-04-06 13:13:00";2000;2000;;;;;;;;;;"2";"Involontaire (travaux)";;;;;""
2018;18;"46";"46005";"Anglars-Juillac";"2018-04-06 14:34:00";200;0;;200;;;200;0;0;0;"Estimées";;;;;;;""
2018;17;"46";"46148";"Lalbenque";"2018-04-07 09:50:00";100;0;;100;;;100;0;0;0;"Estimées";;;;;;;""
2018;4369;"66";"66228";"Villeneuve-la-Rivière";"2018-04-07 11:26:00";1000;1000;;;;;;;;;;"2";;;;;;""
2018;4737;"11";"11390";"Thézan-des-Corbières";"2018-04-07 12:13:00";100;;;;;;;;;;;;;;;;;""
2018;19;"46";"46170";"Leyme";"2018-04-07 12:44:00";20000;0;;20000;;;20000;0;0;0;"Estimées";;;;;;;""
2018;30;"12";"12071";"Compolibat";"2018-04-07 12:55:00";5000;0;;5000;;;5000;0;0;0;"Estimées";;"Accidentelle";;;;;""
2018;8798;"13";"13073";"Peypin";"2018-04-07 13:00:00";30;30;;;;;;;;;;"1";"Involontaire (travaux)";;;;;""
2018;8765;"04";"04143";"Oraison";"2018-04-07 13:04:00";600;600;;;;;;;;;;"2";"Involontaire (particulier)";;;;;""
2018;8843;"04";"04173";"Saint-André-les-Alpes";"2018-04-07 13:31:00";340;;;;;;;;;340;;"1";"Involontaire (particulier)";;;;;""
2018;949;"15";"15099";"Lavastrie";"2018-04-07 14:00:00";4000;0;;4000;;;4000;0;0;0;"Estimées";;"Involontaire (particulier)";;;;;""
2018;4371;"66";"66224";"Villelongue-de-la-Salanque";"2018-04-07 14:47:00";25000;;25000;;;;;;;;;"1";"Involontaire (travaux)";;;;;""
2018;16;"43";"43136";"Monistrol-d'Allier";"2018-04-07 15:41:00";47440;44110;;0;;;0;3330;0;3330;"Mesurées";;;;;;;""
2018;8802;"34";"34286";"Saint-Privat";"2018-04-07 16:51:00";14659;;14659;;;;;;;;;"3";"Malveillance";;;;;""
2018;8799;"13";"13040";"Fuveau";"2018-04-07 17:00:00";6;;6;;;;;;;;;"1";"Malveillance";;;;;""
2018;6465;"2A";"2A284";"Sollacaro";"2018-04-07 17:05:00";50000;;50000;;;;;;;;;;"Involontaire (particulier)";;;;;""
2018;3128;"24";"24443";"Saint-Léon-sur-Vézère";"2018-04-07 17:09:00";4000;4000;;0;;;0;;;0;;;"Involontaire (travaux)";;;;;""
2018;8808;"48";"48154";"Saint-Georges-de-Lévéjac";"2018-04-07 17:35:00";3600;3600;;;;;;;;;;"4";"Accidentelle";;;;;""
2018;8771;"06";"06066";"Gilette";"2018-04-07 18:21:00";1300;;1300;;;;;;;;;"1";"Involontaire (particulier)";;;;;""
2018;8809;"48";"48148";"Saint-Étienne-Vallée-Française";"2018-04-07 18:58:00";2500;2500;0;;;;;;;;;"5";"Involontaire (particulier)";;;;;""
2018;1996;"47";"47324";"Villeréal";"2018-04-07 20:09:00";10;10;;0;;;0;;;0;;;;;;;;""
2018;8776;"06";"06041";"Cipières";"2018-04-07 20:22:00";200;200;;;;;;;;;;"3";"Involontaire (particulier)";;;;;""
2018;6466;"2A";"2A062";"Carbuccia";"2018-04-07 23:36:00";200;;200;;;;;;;;;;;;;;;""
2018;8786;"83";"83148";"Vidauban";"2018-04-08 14:30:00";150;150;;;;;;;;;;"5";"Malveillance";;;;;""
2018;6467;"2A";"2A031";"Bastelica";"2018-04-08 14:53:00";30;;30;;;;;;;;;;;;;;;""
2018;8800;"13";"13114";"Ventabren";"2018-04-08 18:00:00";4000;4000;;;;;;;;;;"1";"Accidentelle";;;;;""
2018;1995;"47";"47027";"Bias";"2018-04-13 15:29:00";10;10;;0;;;0;;;0;;;;;;;;""
2018;37;"46";"46020";"Beauregard";"2018-04-13 18:00:00";1500;0;;1500;;;1500;0;0;0;"Estimées";;;;;;;""
2018;4725;"04";"04230";"Valensole";"2018-04-15 16:59:00";180;;180;;;;;;;;;"1";"Involontaire (travaux)";;;;;""
2018;1993;"47";"47001";"Agen";"2018-04-16 00:37:00";15;15;;0;;;0;;;0;;;;;;;;""
2018;38;"46";"46042";"Cahors";"2018-04-16 16:13:00";100;0;;100;;;100;0;0;0;"Estimées";;;;;;;""
2018;8832;"06";"06074";"Lantosque";"2018-04-16 16:37:00";50200;40200;10000;;;;;;;;;"5";;;;;;""
2018;8831;"2B";"2B124";"Ghisoni";"2018-04-16 16:41:00";20;;20;;;;;;;;;"1";;;;;;""
2018;39;"46";"46170";"Leyme";"2018-04-17 05:08:00";200;0;;200;;;200;0;0;0;"Estimées";;;;;;;""
2018;1304;"40";"40296";"Seignosse";"2018-04-17 08:07:00";200;200;;0;;;0;;;0;;;"Accidentelle";;;;;""
2018;8844;"48";"48146";"Sainte-Enimie";"2018-04-17 11:45:00";8000;;8000;;;;;;;;;"1";"Involontaire (travaux)";;;;;""
2018;6468;"2A";"2A247";"Porto-Vecchio";"2018-04-17 12:55:00";50;;50;;;;;;;;;;"Involontaire (particulier)";;;;;""
2018;21;"17";"17038";"Bedenac";"2018-04-17 13:45:00";35000;35000;;0;;;0;0;0;0;"Mesurées";;;;;;;""
2018;22;"17";"17110";"Clérac";"2018-04-17 14:23:00";2000;2000;;0;;;0;0;0;0;"Estimées";;;;;;;""
2018;3375;"84";"84032";"Caseneuve";"2018-04-17 15:17:00";3000;;;;;;;;;;;;;;;;;""
2018;40;"46";"46030";"Bio";"2018-04-17 16:22:00";200;0;;200;;;200;0;0;0;"Estimées";;;;;;;""
2018;1992;"47";"47284";"Salles";"2018-04-17 18:22:00";5000;5000;;0;;;0;;;0;;;"Involontaire (particulier)";;;;;""
2018;3250;"07";"07251";"Saint-Joseph-des-Bancs";"2018-04-18 12:51:00";30000;;30000;;;;;;;;;"1";"Involontaire (particulier)";;;;;""
2018;8840;"83";"83037";"La Celle";"2018-04-18 14:10:00";2000;2000;;;;;;;;;;"4";"Involontaire (travaux)";;;;;""
2018;41;"46";"46011";"Autoire";"2018-04-18 14:53:00";2000;0;;2000;;;2000;0;0;0;"Estimées";;;;;;;""
2018;3524;"04";"04135";"Moustiers-Sainte-Marie";"2018-04-18 15:07:00";1300;1300;;;;;;;;;;"4";"Involontaire (particulier)";;;;;""
2018;1787;"33";"33146";"Cussac-Fort-Médoc";"2018-04-18 15:37:00";143100;143100;;0;;;0;;;0;;;;;;;;""
2018;42;"46";"46121";"Ginouillac";"2018-04-18 16:38:00";1500;0;;1500;;;1500;0;0;0;"Estimées";;;;;;;""
2018;23;"81";"81292";"Tanus";"2018-04-18 18:45:00";400;0;;400;;;400;0;0;0;"Estimées";;;;;;;""
2018;143;"36";"36150";"Parnac";"2018-04-19 08:10:00";30;0;;30;;;30;0;0;0;"Estimées";;;;;;;""
2018;4738;"11";"11011";"Aragon";"2018-04-19 11:31:00";1000;;;;;;;;;;;;;;;;;""
2018;1786;"33";"33235";"Lavazan";"2018-04-19 13:31:00";6000;6000;;0;;;0;;;0;;;;;;;;""
2018;1785;"33";"33197";"Guillos";"2018-04-19 14:08:00";60000;60000;;0;;;0;;;0;;;;;;;;""
2018;6800;"2A";"2A266";"Salice";"2018-04-19 15:03:00";30;;30;;;;;;;;;;;;;;;""
2018;3379;"84";"84017";"Bédoin";"2018-04-19 15:18:00";4000;;;;;;;;;;;;;;;;;""
2018;43;"46";"46042";"Cahors";"2018-04-19 15:50:00";4000;0;;4000;;;4000;0;0;0;"Estimées";;;;;;;""
2018;6469;"2A";"2A098";"Coti-Chiavari";"2018-04-19 17:30:00";1000;;1000;;;;;;;;;;;;;;;""
2018;8853;"06";"06074";"Lantosque";"2018-04-19 19:44:00";173400;41000;132400;;;;;;;0;;"1";"Malveillance";;;;;""
2018;44;"46";"46063";"Castelnau-Montratier";"2018-04-20 11:28:00";500;0;;500;;;500;0;0;0;"Estimées";;;;;;;""
2018;45;"46";"46201";"Montcuq-en-Quercy-Blanc";"2018-04-20 11:31:00";15000;0;;15000;;;15000;0;0;0;"Estimées";;;;;;;""
2018;4740;"11";"11038";"Bessède-de-Sault";"2018-04-20 12:14:00";20026;;;;;;;;;;;;;;;;;""
2018;3212;"24";"24356";"Rouffignac-Saint-Cernin-de-Reilhac";"2018-04-20 13:42:00";500;500;;0;;;0;;;0;;;;;;;;""
2018;1990;"47";"47201";"Le Passage";"2018-04-20 15:36:00";200;200;;0;;;0;;;0;;;"Involontaire (particulier)";;;;;""
2018;3254;"07";"07064";"Le Cheylard";"2018-04-20 16:23:00";10000;;10000;;;;;;;;;"1";"Involontaire (travaux)";;;;;""
2018;6801;"2A";"2A060";"Cannelle";"2018-04-20 17:00:00";100;;100;;;;;;;;;"1";"Involontaire (travaux)";;;;;""
2018;8846;"48";"48099";"Bourgs sur Colagne";"2018-04-20 17:33:00";8000;8000;;;;;;;;;;"3";"Involontaire (travaux)";;;;;""
2018;8864;"2B";"2B343";"Venzolasca";"2018-04-20 20:53:00";10000;;10000;;;;;;;;;"1";;;;;;""
2018;939;"19";"19075";"Espagnac";"2018-04-20 21:17:00";20000;0;;20000;;;20000;0;0;0;"Estimées";;;;;;;""
2018;950;"15";"15231";"Talizat";"2018-04-20 21:30:00";10000;0;;10000;;;10000;0;0;0;"Estimées";;"Involontaire (particulier)";;;;;""
2018;3256;"07";"07154";"Mazan-l'Abbaye";"2018-04-20 21:37:00";5000;1000;4000;;;;;;;;;"1";;;;;;""
2018;1780;"33";"33498";"Salles";"2018-04-21 10:45:00";25000;25000;;0;;;0;;;0;;;;;;;;""
2018;8850;"83";"83077";"Méounes-lès-Montrieux";"2018-04-21 11:21:00";3000;3000;;;;;;;;;;"5";"Involontaire (particulier)";;;;;""
2018;8854;"06";"06077";"Lucéram";"2018-04-21 12:09:00";18700;18700;;;;;;;;;;"4";;;;;;""
2018;26;"43";"43082";"Cronce";"2018-04-21 12:44:00";76568;76568;;0;;;0;0;0;0;"Mesurées";;"Accidentelle";;;;;""
2018;3553;"04";"04217";"Thoard";"2018-04-21 12:56:00";2100;;2100;;;;;;;;;"1";"Involontaire (particulier)";;;;;""
2018;3257;"83";"83082";"Montferrat";"2018-04-21 13:43:00";5000;5000;;;;;;;;;;"3";"Malveillance";;;;;""
2018;46;"46";"46063";"Castelnau-Montratier";"2018-04-21 14:46:00";10000;0;;10000;;;10000;0;0;0;"Mesurées";;;;;;;""
2018;4741;"11";"11150";"Fontiers-Cabardès";"2018-04-21 15:32:00";7000;;;;;;;;;;;;;;;;;""
2018;8847;"48";"48066";"Fraissinet-de-Lozère";"2018-04-21 15:45:00";10100;;10100;;;;;;;;;"1";"Involontaire (travaux)";;;;;""
2018;8865;"2B";"2B063";"Carcheto-Brustico";"2018-04-21 15:59:00";1000;;1000;;;;;;;;;"1";;;;;;""
2018;3255;"07";"07012";"Arcens";"2018-04-21 16:31:00";50000;;50000;;;;;;;;;"1";"Involontaire (travaux)";;;;;""
2018;951;"15";"15203";"Saint-Mary-le-Plain";"2018-04-21 17:40:00";5000;0;;5000;;;5000;0;0;0;"Estimées";;"Involontaire (particulier)";;;;;""
2018;3554;"04";"04217";"Thoard";"2018-04-21 20:07:00";100;;100;;;;;;;;;"1";"Involontaire (particulier)";;;;;""
2018;5435;"48";"48177";"Saint-Pierre-le-Vieux";"2018-04-22 00:37:00";700;150;;;;;;;;550;;"1";"Accidentelle";;;;;""
2018;8856;"06";"06041";"Cipières";"2018-04-22 03:39:00";11800;1100;10700;;;;;;;;;"1";"Malveillance";;;;;""
2018;1777;"33";"33494";"Salaunes";"2018-04-22 06:26:00";200;200;;0;;;0;;;0;;;"Accidentelle";;;;;""
2018;8859;"04";"04224";"Ubraye";"2018-04-22 16:47:00";1800;1400;400;;;;;;;;;"4";"Accidentelle";;;;;""
2018;6802;"2A";"2A144";"Lopigna";"2018-04-22 18:10:00";300;;300;;;;;;;;;;;;;;;""
2018;6803;"2A";"2A323";"Tavaco";"2018-04-22 21:00:00";50;;50;;;;;;;;;;;;;;;""
2018;3526;"04";"04081";"Esparron-de-Verdon";"2018-04-23 12:34:00";130;;130;;;;;;;;;"1";"Involontaire (particulier)";;;;;""
2018;3266;"06";"06074";"Lantosque";"2018-04-23 14:05:00";900;900;;;;;;;;;;"5";"Malveillance";;;;;""
2018;3292;"07";"07012";"Arcens";"2018-04-23 16:19:00";5000;;5000;;;;;;;;;"1";"Involontaire (travaux)";;;;;""
2018;3280;"2B";"2B246";"La Porta";"2018-04-23 21:15:00";2000;;;;;;;;;;;"3";;;;;;""
2018;3283;"2B";"2B341";"Venaco";"2018-04-24 12:14:00";100;;;;;;;;;;;;;;;;;""
2018;3229;"65";"65056";"Ayzac-Ost";"2018-04-24 14:52:00";360000;0;;360000;;;360000;0;0;0;"Estimées";;;;;;;""
2018;1989;"47";"47310";"Tonneins";"2018-04-24 15:48:00";20;20;;0;;;0;;;0;;;"Involontaire (travaux)";;;;;""
2018;6804;"2A";"2A200";"Palneca";"2018-04-24 16:10:00";1500;;1500;;;;;;;;;"1";"Involontaire (travaux)";;;;;""
2018;3285;"2B";"2B096";"Corte";"2018-04-24 16:36:00";3000;;;;;;;;;;;"4";;;;;;""
2018;47;"17";"17198";"Juicq";"2018-04-24 16:43:00";3300;3300;;0;;;0;0;0;0;"Mesurées";;;;;;;""
2018;746;"38";"38348";"Ruy-Montceau";"2018-04-24 16:54:00";30000;0;;30000;;;30000;0;0;0;"Estimées";;"Malveillance";;;;;""
2018;1988;"47";"47283";"Saint-Vite";"2018-04-24 20:07:00";10;10;;0;;;0;;;0;;;;;;;;""
2018;3309;"05";"05023";"Briançon";"2018-04-25 12:40:00";1600;;;;;;;;;;;;"Involontaire (travaux)";;;;;""
2018;3370;"04";"04219";"Thorame-Haute";"2018-04-25 13:16:00";40;;;;;;;;;;;;;;;;;""
2018;4406;"66";"66008";"Argelès-sur-Mer";"2018-04-25 14:15:00";20000;;20000;;;;;;;;;"1";"Malveillance";;;;;""
2018;3388;"84";"84008";"Le Barroux";"2018-04-25 16:02:00";2000;;;;;;;;;;;;;;;;;""
2018;4407;"66";"66096";"Latour-de-France";"2018-04-25 17:07:00";2100;;2100;;;;;;;;;"1";"Malveillance";;;;;""
2018;3371;"04";"04242";"Villeneuve";"2018-04-25 17:42:00";220;;;;;;;;;220;;"1";"Accidentelle";;;;;""
2018;6805;"2A";"2A032";"Bastelicaccia";"2018-04-26 12:00:00";300;;300;;;;;;;;;;;;;;;""
2018;3336;"34";"34340";"Villetelle";"2018-04-26 13:08:00";10957;;10957;;;;;;;;;"1";"Malveillance";;;;;""
2018;48;"46";"46303";"Sénaillac-Lauzès";"2018-04-26 14:16:00";600;0;;600;;;600;0;0;0;"Estimées";;;;;;;""
2018;3286;"2B";"2B009";"Aléria";"2018-04-26 14:22:00";300;;;;;;;;;;;"1";;;;;;""
2018;3270;"06";"06074";"Lantosque";"2018-04-26 15:18:00";1500;1500;;;;;;;;;;"5";"Malveillance";;;;;""
2018;3271;"06";"06074";"Lantosque";"2018-04-26 17:04:00";600;600;;;;;;;;;;"5";"Malveillance";;;;;""
2018;3337;"34";"34011";"Arboras";"2018-04-26 20:16:00";359;359;;;;;;;;;;"3";"Involontaire (particulier)";;;;;""
2018;2004;"72";"72306";"Saint-Ouen-en-Belin";"2018-04-26 20:21:00";5000;5000;;0;;;0;0;0;0;"Estimées";;;;;;;""
2018;952;"15";"15217";"Saint-Victor";"2018-04-26 23:00:00";50000;0;;50000;;;50000;0;0;0;"Estimées";;;;;;;""
2018;6806;"2A";"2A085";"Cauro";"2018-04-27 10:48:00";1500;;1500;;;;;;;;;;"Involontaire (particulier)";;;;;""
2018;4416;"66";"66076";"Felluns";"2018-04-27 12:46:00";10000;10000;;;;;;;;;;"2";"Involontaire (travaux)";;;;;""
2018;3277;"48";"48121";"Prunières";"2018-04-27 12:46:00";8400;6100;;;;;;;;2300;;"4";;;;;;""
2018;3414;"83";"83059";"Forcalqueiret";"2018-04-27 14:36:00";110000;110000;;;;;;;;;;"6";"Involontaire (particulier)";;;;;""
2018;4425;"66";"66014";"Baixas";"2018-04-27 17:44:00";10000;;10000;;;;;;;;;"1";"Malveillance";;;;;""
2018;1773;"33";"33527";"Le Teich";"2018-04-27 18:43:00";400;400;;0;;;0;;;0;;;;;;;;""
2018;3278;"48";"48187";"Les Salces";"2018-04-27 19:04:00";500;;;;;;;;;500;;"1";"Involontaire (travaux)";;;;;""
2018;1772;"33";"33199";"Gujan-Mestras";"2018-04-27 19:09:00";400;400;;0;;;0;;;0;;;;;;;;""
2018;3294;"07";"07226";"Saint-Clément";"2018-04-27 19:27:00";15000;15000;;;;;;;;;;"3";;;;;;""
2018;1771;"33";"33199";"Gujan-Mestras";"2018-04-27 21:03:00";100;100;;0;;;0;;;0;;;;;;;;""
2018;1770;"33";"33199";"Gujan-Mestras";"2018-04-27 21:24:00";50;50;;0;;;0;;;0;;;;;;;;""
2018;1769;"33";"33199";"Gujan-Mestras";"2018-04-28 08:28:00";400;400;;0;;;0;;;0;;;;;;;;""
2018;6807;"2A";"2A345";"Vero";"2018-04-28 10:28:00";200;;200;;;;;;;;;;;;;;;""
2018;51;"46";"46251";"Saint-Céré";"2018-04-28 13:58:00";150;0;;150;;;150;0;0;0;"Estimées";;"Involontaire (travaux)";;;;;""
2018;3279;"06";"06130";"Saint-Vallier-de-Thiey";"2018-04-28 14:01:00";5100;;5100;;;;;;;;;"1";"Involontaire (particulier)";;;;;""
2018;3372;"04";"04049";"Château-Arnoux-Saint-Auban";"2018-04-28 15:22:00";16700;16700;;;;;;;;;;"4";"Involontaire (particulier)";;;;;""
2018;3477;"34";"34225";"Puisserguier";"2018-04-28 15:29:00";384;;384;;;;;;;;;"1";"Involontaire (particulier)";;;;;""
2018;3471;"13";"13112";"Velaux";"2018-04-28 15:30:00";5000;5000;;;;;;;;;;"1";"Involontaire (travaux)";;;;;""
2018;52;"46";"46019";"Beaumat";"2018-04-28 16:25:00";20000;0;;20000;;;20000;0;0;0;"Estimées";;;;;;;""
2018;6808;"2A";"2A062";"Carbuccia";"2018-04-28 23:56:00";2000;;2000;;;;;;;;;;;;;;;""
2018;2005;"72";"72346";"La Suze-sur-Sarthe";"2018-04-29 07:34:00";10000;10000;;0;;;0;0;0;0;"Estimées";;;;;;;""
2018;3308;"26";"26080";"Chastel-Arnaud";"2018-04-29 10:20:00";1000;1000;;;;;;;;;;"6";"Involontaire (particulier)";;;;;""
2018;3316;"06";"06103";"Roquebillière";"2018-04-29 16:28:00";111900;22600;89300;;;;;;;;;"1";;;;;;""
2018;6810;"2A";"2A284";"Sollacaro";"2018-04-29 16:35:00";300;;300;;;;;;;;;;"Involontaire (particulier)";;;;;""
2018;1301;"40";"40327";"Vielle-Soubiran";"2018-05-03 11:35:00";10000;10000;;0;;;0;;;0;;;;;;;;""
2018;4471;"66";"66182";"Sainte-Marie";"2018-05-04 01:21:00";30000;;30000;;;;;;;;;"1";;;;;;""
2018;53;"49";"49101";"Clefs";"2018-05-05 08:00:00";80000;60000;;20000;;;20000;0;0;0;"Estimées";;;;;;;""
2018;54;"49";"49209";"Montigné-lès-Rairies";"2018-05-06 08:00:00";30000;30000;;0;;;0;0;0;0;"Estimées";;;;;;;""
2018;1643;"33";"33248";"Listrac-Médoc";"2018-05-06 10:18:00";200;200;;0;;;0;;;0;;;;;;;;""
2018;1021;"88";"88107";"Clérey-la-Côte";"2018-05-06 16:10:00";200;200;;0;;;0;0;0;0;"Estimées";;;;;;;""
2018;4742;"11";"11024";"Bages";"2018-05-06 21:56:00";150;;;;;;;;;;;;;;;;;""
2018;2006;"72";"72260";"Ruaudin";"2018-05-07 13:35:00";1000;1000;;0;;;0;0;0;0;"Estimées";;;;;;;""
2018;1986;"47";"47252";"Sainte-Livrade-sur-Lot";"2018-05-07 19:14:00";10;10;;0;;;0;;;0;;;"Involontaire (particulier)";;;;;""
2018;2007;"72";"72329";"Savigné-l'Évêque";"2018-05-09 09:02:00";150;150;;0;;;0;0;0;0;"Estimées";;;;;;;""
2018;2008;"72";"72260";"Ruaudin";"2018-05-09 15:44:00";1;1;;0;;;0;0;0;0;"Estimées";;;;;;;""
2018;1014;"88";"88438";"La Salle";"2018-05-09 16:51:00";300;300;;0;;;0;0;0;0;"Estimées";;;;;;;""
2018;3405;"06";"06079";"Mandelieu-la-Napoule";"2018-05-10 16:14:00";20;;20;;;;;;;;;"3";"Involontaire (particulier)";;;;;""
2018;4933;"04";"04166";"Riez";"2018-05-11 10:20:00";4;4;;;;;;;;;;"5";"Involontaire (particulier)";;;;;""
2018;3436;"83";"83019";"Bormes-les-Mimosas";"2018-05-11 12:28:00";10;10;;;;;;;;;;"5";"Involontaire (travaux)";;;;;""
2018;3410;"06";"06077";"Lucéram";"2018-05-11 14:11:00";50;;50;;;;;;;;;"1";"Naturelle";;;;;""
2018;1984;"47";"47256";"Saint-Martin-de-Villeréal";"2018-05-11 16:01:00";20000;20000;;0;;;0;;;0;;;;;;;;""
2018;1983;"47";"47284";"Salles";"2018-05-11 17:10:00";15;15;;0;;;0;;;0;;;;;;;;""
2018;6811;"2A";"2A247";"Porto-Vecchio";"2018-05-14 17:06:00";300;;300;;;;;;;;;;;;;;;""
2018;3481;"2B";"2B123";"Ghisonaccia";"2018-05-18 07:09:00";50;;;;;;;;;;;;;;;;;""
2018;55;"17";"17378";"Saint-Palais-de-Négrignac";"2018-05-18 22:21:00";9500;9500;;0;;;0;0;0;0;"Mesurées";;"Malveillance";;;;;""
2018;6814;"2A";"2A330";"Ucciani";"2018-05-19 12:48:00";300;;300;;;;;;;;;;;;;;;""
2018;337;"50";"50412";"Portbail";"2018-05-19 14:01:00";2000;0;;2000;;;2000;0;0;0;"Estimées";;;;;;;""
2018;284;"76";"76259";"Fécamp";"2018-05-19 18:38:00";20000;20000;;0;;;0;0;0;0;"Estimées";;;;;;;""
2018;2009;"72";"72008";"Arnage";"2018-05-20 12:38:00";150;150;;0;;;0;0;0;0;"Estimées";;;;;;;""
2018;3486;"83";"83043";"Collobrières";"2018-05-20 13:47:00";600;600;;;;;;;;;;"3";"Involontaire (particulier)";;;;;""
2018;3485;"07";"07009";"Andance";"2018-05-20 14:17:00";10000;;10000;;;;;;;;;"1";;;;;;""
2018;2010;"72";"72051";"Cérans-Foulletourte";"2018-05-21 16:57:00";4000;4000;;0;;;0;0;0;0;"Estimées";;;;;;;""
2018;1300;"40";"40163";"Lüe";"2018-05-21 21:48:00";800;800;;0;;;0;;;0;;;;;;;;""
2018;3488;"05";"05037";"Châteauvieux";"2018-05-22 09:42:00";20;;;;;;;;;;;;"Involontaire (particulier)";;;;;""
2018;2011;"72";"72181";"Le Mans";"2018-05-22 22:09:00";5;5;;0;;;0;0;0;0;"Estimées";;;;;;;""
2018;3494;"04";"04108";"Malijai";"2018-05-23 14:22:00";280;280;;;;;;;;;;"6";"Involontaire (particulier)";;;;;""
2018;1633;"33";"33115";"Cazalis";"2018-05-23 16:31:00";10000;10000;;0;;;0;;;0;;;"Naturelle";;;;;""
2018;1631;"33";"33199";"Gujan-Mestras";"2018-05-24 16:20:00";2000;2000;;0;;;0;;;0;;;"Involontaire (travaux)";;;;;""
2018;4504;"66";"66069";"Espira-de-l'Agly";"2018-05-25 18:57:00";300;300;;;;;;;;;;"4";"Malveillance";;;;;""
2018;3502;"83";"83072";"Lorgues";"2018-05-26 14:04:00";400;400;;;;;;;;;;"4";"Involontaire (particulier)";;;;;""
2018;3496;"06";"06141";"Toudon";"2018-05-26 14:36:00";1800;1800;;;;;;;;;;"4";"Involontaire (particulier)";;;;;""
2018;6815;"2A";"2A004";"Ajaccio";"2018-05-26 15:03:00";1000;;1000;;;;;;;;;;"Involontaire (particulier)";;;;;""
2018;3566;"13";"13050";"Lambesc";"2018-05-26 18:41:00";4000;4000;;;;;;;;;;"1";"Malveillance";;;;;""
2018;4743;"11";"11151";"Fontiès-d'Aude";"2018-05-27 17:26:00";150;;;;;;;;;;;;;;;;;""
2018;3507;"48";"48194";"Vialas";"2018-05-27 18:55:00";26300;;26300;;;;;;;;;"1";"Involontaire (travaux)";;;;;""
2018;3726;"84";"84061";"Lagarde-Paréol";"2018-06-01 16:55:00";500;;;;;;;;;;;;;;;;;""
2018;1628;"33";"33385";"Saint-Christophe-de-Double";"2018-06-01 17:05:00";100;100;;0;;;0;;;0;;;"Involontaire (travaux)";;;;;""
2018;6879;"2A";"2A270";"Sari-d'Orcino";"2018-06-02 11:57:00";10;;10;;;;;;;;;"1";"Accidentelle";;;;;""
2018;3515;"2B";"2B185";"Oletta";"2018-06-02 15:16:00";2000;;;;;;;;;;;;"Involontaire (travaux)";;;;;""
2018;4512;"66";"66002";"Alénya";"2018-06-02 15:20:00";30000;;30000;;;;;;;;;"1";"Involontaire (travaux)";;;;;""
2018;6880;"2A";"2A336";"Valle-di-Mezzana";"2018-06-03 12:05:00";2000;;2000;;;;;;;;;;"Involontaire (particulier)";;;;;""
2018;3516;"2B";"2B265";"Rutali";"2018-06-03 17:55:00";500;;;;;;;;;;;;;;;;;""
2018;1299;"40";"40167";"Luxey";"2018-06-04 09:34:00";1;1;;0;;;0;;;0;;;"Naturelle";;;;;""
2018;1627;"33";"33203";"Hourtin";"2018-06-04 19:14:00";600;600;;0;;;0;;;0;;;"Accidentelle";;;;;""
2018;3570;"13";"13049";"Lamanon";"2018-06-08 14:33:00";7000;3000;3000;;;;;;;1000;;"1";"Accidentelle";;;;;""
2018;3563;"34";"34162";"Montagnac";"2018-06-09 10:38:00";326;;326;;;;;;;;;"1";"Involontaire (travaux)";;;;;""
2018;6881;"2A";"2A041";"Bonifacio";"2018-06-09 15:45:00";15000;;15000;;;;;;;;;;;;;;;""
2018;6882;"2A";"2A041";"Bonifacio";"2018-06-09 23:00:00";200;;200;;;;;;;;;;"Involontaire (particulier)";;;;;""
2018;1626;"33";"33529";"La Teste-de-Buch";"2018-06-10 16:23:00";30;30;;0;;;0;;;0;;;;;;;;""
2018;56;"46";"46113";"Frayssinet";"2018-06-13 14:31:00";150;0;;150;;;150;0;0;0;"Estimées";;;;;;;""
2018;3567;"13";"13019";"Cabriès";"2018-06-13 18:16:00";3200;3200;;;;;;;;;;"1";"Naturelle";;;;;""
2018;3904;"30";"30340";"Valliguières";"2018-06-14 15:19:00";5000;;;;;;;;;;;;;;;;;""
2018;3906;"30";"30181";"Montmirat";"2018-06-14 17:55:00";1000;;;;;;;;;;;;;;;;;""
2018;1622;"33";"33422";"Saint-Jean-d'Illac";"2018-06-14 21:36:00";5000;5000;;0;;;0;;;0;;;"Accidentelle";;;;;""
2018;4744;"11";"11266";"Port-la-Nouvelle";"2018-06-15 15:56:00";11829;;;;;;;;;;;;;;;;;""
2018;3573;"2B";"2B283";"Solaro";"2018-06-16 13:16:00";300;;;;;;;;;;;;"Malveillance";;;;;""
2018;3607;"34";"34079";"Clermont-l'Hérault";"2018-06-16 14:37:00";485;485;;;;;;;;;;"5";"Malveillance";;;;;""
2018;3609;"34";"34079";"Clermont-l'Hérault";"2018-06-16 17:24:00";487;487;;;;;;;;;;"5";"Involontaire (travaux)";;;;;""
2018;3907;"30";"30351";"Villeneuve-lès-Avignon";"2018-06-17 13:06:00";10;;;;;;;;;;;;;;;;;""
2018;4745;"11";"11190";"La Redorte";"2018-06-17 20:33:00";6050;;;;;;;;;;;;;;;;;""
2018;1621;"33";"33077";"Cabanac-et-Villagrains";"2018-06-17 22:55:00";200;200;;0;;;0;;;0;;;"Accidentelle";;;;;""
2018;4537;"66";"66190";"Salses-le-Château";"2018-06-18 01:15:00";100000;50000;50000;;;;;;;;;"4";"Accidentelle";;;;;""
2018;6883;"2A";"2A130";"Grosseto-Prugna";"2018-06-18 12:50:00";100;;100;;;;;;;;;;"Involontaire (particulier)";;;;;""
2018;3576;"13";"13103";"Salon-de-Provence";"2018-06-18 13:44:00";1000;;1000;;;;;;;;;"1";"Involontaire (travaux)";;;;;""
2018;4556;"66";"66136";"Perpignan";"2018-06-18 16:27:00";30000;;30000;;;;;;;;;"1";"Involontaire (travaux)";;;;;""
2018;3577;"13";"13056";"Martigues";"2018-06-18 19:23:00";500;500;;;;;;;;;;"1";;;;;;""
2018;6884;"2A";"2A144";"Lopigna";"2018-06-19 19:15:00";50;;50;;;;;;;;;;"Involontaire (particulier)";;;;;""
2018;3581;"04";"04112";"Manosque";"2018-06-20 17:53:00";29;;29;;;;;;;;;"6";"Naturelle";;;;;""
2018;3859;"26";"26169";"Malataverne";"2018-06-20 21:04:00";80;80;;;;;;;;;;"6";"Malveillance";;;;;""
2018;341;"50";"50267";"Lessay";"2018-06-21 15:28:00";800;0;;800;;;800;0;0;0;"Estimées";;;;;;;""
2018;78;"17";"17225";"Les Mathes";"2018-06-21 16:20:00";300;300;;0;;;0;0;0;0;"Estimées";;;;;;;""
2018;3704;"13";"13035";"Eyguières";"2018-06-22 03:13:00";10000;5000;5000;;;;;;;;;"1";"Involontaire (travaux)";;;;;""
2018;3629;"07";"07027";"Beauchastel";"2018-06-22 16:28:00";600;;600;;;;;;;;;"1";"Accidentelle";;;;;""
2018;4588;"66";"66136";"Perpignan";"2018-06-22 18:05:00";2000;1000;1000;;;;;;;;;"4";"Malveillance";;;;;""
2018;2012;"72";"72003";"Allonnes";"2018-06-22 18:29:00";1;1;;0;;;0;0;0;0;"Estimées";;;;;;;""
2018;1177;"16";"16099";"Chillac";"2018-06-22 20:30:00";30000;30000;;0;;;0;0;0;0;"Estimées";;;;;;;""
2018;4591;"66";"66121";"Néfiach";"2018-06-22 21:33:00";10000;;10000;;;;;;;;;"1";;;;;;""
2018;6887;"2A";"2A139";"Lecci";"2018-06-22 23:32:00";500;;500;;;;;;;;;;;;;;;""
2018;4592;"66";"66222";"Vernet-les-Bains";"2018-06-23 09:04:00";10;10;;;;;;;;;;"4";"Involontaire (particulier)";;;;;""
2018;3910;"30";"30141";"Laudun-l'Ardoise";"2018-06-23 11:30:00";1500;;;;;;;;;;;;;;;;;""
2018;6888;"2A";"2A362";"Zonza";"2018-06-23 12:57:00";500;;500;;;;;;;;;;"Involontaire (particulier)";;;;;""
2018;3920;"30";"30012";"Aramon";"2018-06-23 15:29:00";50000;;50000;;;;;;;;;"1";;;;;;""
2018;4746;"11";"11125";"Embres-et-Castelmaure";"2018-06-23 16:50:00";393;;;;;;;;;;;;;;;;;""
2018;6889;"2A";"2A247";"Porto-Vecchio";"2018-06-24 14:35:00";3000;;3000;;;;;;;;;;;;;;;""
2018;58;"46";"46113";"Frayssinet";"2018-06-24 16:10:00";10000;0;;10000;;;10000;0;0;0;"Estimées";;"Accidentelle";;;;;""
2018;2013;"72";"72293";"Saint-Jean-du-Bois";"2018-06-24 18:24:00";400;400;;0;;;0;0;0;0;"Estimées";;;;;;;""
2018;1026;"15";"15101";"Laveissière";"2018-06-25 15:30:00";7500;0;;7500;;;7500;0;0;0;"Estimées";;"Involontaire (particulier)";;;;;""
2018;959;"45";"45193";"Marcilly-en-Villette";"2018-06-25 16:08:00";25000;0;;5000;;;5000;0;20000;20000;"Estimées";;"Involontaire (travaux)";;;;;""
2018;4604;"66";"66108";"Millas";"2018-06-25 17:46:00";50;50;;;;;;;;;;"2";"Malveillance";;;;;""
2018;1971;"47";"47001";"Agen";"2018-06-25 23:06:00";20;20;;0;;;0;;;0;;;;;;;;""
2018;3741;"84";"84078";"Mondragon";"2018-06-26 10:31:00";2000;;;;;;;;;;;;;;;;;""
2018;1615;"33";"33333";"Le Porge";"2018-06-26 13:00:00";7000;7000;;0;;;0;;;0;;;;;;;;""
2018;3634;"2B";"2B136";"Lama";"2018-06-26 14:12:00";30000;;;;;;;;;;;;"Involontaire (particulier)";;;;;""
2018;3701;"13";"13106";"Septèmes-les-Vallons";"2018-06-26 14:42:00";300;;300;;;;;;;;;"1";;;;;;""
2018;299;"35";"35219";"Pipriac";"2018-06-26 17:01:00";56000;0;;6000;;;6000;0;50000;50000;"Estimées";;;;;;;""
2018;1968;"47";"47221";"Réaup-Lisse";"2018-06-27 04:53:00";20000;20000;;0;;;0;;;0;;;"Malveillance";;;;;""
2018;1967;"47";"47221";"Réaup-Lisse";"2018-06-27 08:44:00";600;600;;0;;;0;;;0;;;"Malveillance";;;;;""
2018;3135;"24";"24075";"Campagnac-lès-Quercy";"2018-06-27 10:19:00";300;300;;0;;;0;;;0;;;"Involontaire (travaux)";;;;;""
2018;3697;"13";"13117";"Vitrolles";"2018-06-27 14:21:00";4900;2900;2000;;;;;;;;;"1";"Accidentelle";;;;;""
2018;6890;"2A";"2A026";"Azilone-Ampaza";"2018-06-27 16:15:00";200;;200;;;;;;;;;;"Involontaire (particulier)";;;;;""
2018;4747;"11";"11295";"Portel-des-Corbières";"2018-06-27 16:17:00";477;;;;;;;;;;;;;;;;;""
2018;3887;"05";"05027";"Cervières";"2018-06-27 16:21:00";600;;;;;;;;;;;;"Malveillance";;;;;""
2018;62;"46";"46240";"Rocamadour";"2018-06-27 16:26:00";10000;0;;10000;;;10000;0;0;0;"Estimées";;"Involontaire (particulier)";;;;;""
2018;79;"17";"17225";"Les Mathes";"2018-06-27 16:38:00";5000;5000;;0;;;0;0;0;0;"Estimées";;;;;;;""
2018;63;"46";"46128";"Gramat";"2018-06-27 19:26:00";100;0;;100;;;100;0;0;0;"Estimées";;;;;;;""
2018;61;"43";"43192";"Saint-Haon";"2018-06-27 21:33:00";3387;3387;;0;;;0;0;0;0;"Mesurées";;"Accidentelle";;;;;""
2018;4612;"66";"66059";"Corneilla-del-Vercol";"2018-06-27 21:42:00";17500;;17500;;;;;;;;;"1";;;;;;""
2018;510;"17";"17385";"Saint-Pierre-d'Oléron";"2018-06-28 11:59:00";300;300;;0;;;0;0;0;0;"Estimées";;"Involontaire (particulier)";;;;;""
2018;3926;"30";"30034";"Bellegarde";"2018-06-28 13:33:00";4000;;;;;;;;;;;;"Accidentelle";;;;;""
2018;3933;"30";"30181";"Montmirat";"2018-06-28 14:36:00";1000;;;;;;;;;;;;;;;;;""
2018;2014;"72";"72051";"Cérans-Foulletourte";"2018-06-28 14:55:00";60000;60000;;0;;;0;0;0;0;"Estimées";;;;;;;""
2018;66;"46";"46086";"Cuzance";"2018-06-28 17:59:00";150;0;;150;;;150;0;0;0;"Estimées";;;;;;;""
2018;3940;"30";"30189";"Nîmes";"2018-06-28 20:42:00";500;;;;;;;;;;;;;;;;;""
2018;6891;"2A";"2A004";"Ajaccio";"2018-06-29 17:27:00";500;;500;;;;;;;;;;;;;;;""
2018;2015;"72";"72181";"Le Mans";"2018-06-30 02:42:00";1500;1500;;0;;;0;0;0;0;"Estimées";;;;;;;""
2018;75;"46";"46316";"Thédirac";"2018-06-30 13:15:00";30000;0;;30000;;;30000;0;0;0;"Estimées";;;;;;;""
2018;76;"46";"46118";"Gignac";"2018-06-30 13:40:00";5000;0;;5000;;;5000;0;0;0;"Estimées";;;;;;;""
2018;77;"46";"46244";"Sabadel-Latronquière";"2018-06-30 13:43:00";5000;0;;5000;;;5000;0;0;0;"Estimées";;;;;;;""
2018;4621;"66";"66138";"Peyrestortes";"2018-06-30 14:58:00";3000;1000;2000;;;;;;;;;"1";"Malveillance";;;;;""
2018;3673;"2B";"2B050";"Calvi";"2018-06-30 15:39:00";2000;;;;;;;;;;;;;;;;;""
2018;3885;"05";"05023";"Briançon";"2018-06-30 15:47:00";1900;;;;;;;;;;;;"Malveillance";;;;;""
2018;3208;"24";"24115";"Château-l'Évêque";"2018-06-30 16:22:00";10000;10000;;0;;;0;;;0;;;;;;;;""
2018;4623;"66";"66225";"Villelongue-dels-Monts";"2018-06-30 17:54:00";15600;;15600;;;;;;;;;"1";"Malveillance";;;;;""
2018;3666;"30";"30129";"Générargues";"2018-06-30 17:58:00";20000;;;;;;;;;;;;;;;;;""
2018;6923;"66";"66140";"Pézilla-la-Rivière";"2018-07-01 04:25:00";5000;1000;4000;;;;;;;;;"6";"Malveillance";;;;;""
2018;3702;"13";"13056";"Martigues";"2018-07-01 11:08:00";1400;1400;0;;;;;;;;;"1";;;;;;""
2018;2016;"72";"72181";"Le Mans";"2018-07-01 15:34:00";2000;2000;;0;;;0;0;0;0;"Estimées";;;;;;;""
2018;1610;"33";"33436";"Saint-Magne";"2018-07-01 21:10:00";10;10;;0;;;0;;;0;;;"Naturelle";;;;;""
2018;4917;"2A";"2A006";"Alata";"2018-07-01 21:38:00";20;;20;;;;;;;;;;;;;;;""
2018;6590;"13";"13074";"Peyrolles-en-Provence";"2018-07-02 11:58:00";10;;5;;;;;;;5;;"1";;;;;;""
2018;6591;"13";"13058";"Maussane-les-Alpilles";"2018-07-02 13:13:00";20;;10;;;;;;;10;;"1";"Involontaire (particulier)";;;;;""
2018;4040;"30";"30319";"Serviers-et-Labaume";"2018-07-02 15:10:00";10;;;;;;;;;;;;;;;;;""
2018;1016;"88";"88243";"Housseras";"2018-07-02 16:18:00";5000;5000;;0;;;0;0;0;0;"Estimées";;;;;;;""
2018;4041;"30";"30186";"Nages-et-Solorgues";"2018-07-02 18:01:00";300;;;;;;;;;;;;;;;;;""
2018;3901;"13";"13106";"Septèmes-les-Vallons";"2018-07-02 18:50:00";100;;;;;;;;;100;;"1";"Accidentelle";;;;;""
2018;6592;"13";"13058";"Maussane-les-Alpilles";"2018-07-03 13:20:00";20;;10;;;;;;;10;;"1";"Involontaire (travaux)";;;;;""
2018;4918;"2A";"2A189";"Olmeto";"2018-07-03 17:08:00";25;;25;;;;;;;;;;"Involontaire (travaux)";;;;;""
2018;6937;"66";"66030";"Calce";"2018-07-04 11:49:00";5000;5000;;;;;;;;;;"2";"Malveillance";;;;;""
2018;3899;"13";"13086";"Roquevaire";"2018-07-04 12:34:00";20;;20;;;;;;;;;"1";"Involontaire (particulier)";;;;;""
2018;3886;"05";"05023";"Briançon";"2018-07-04 12:59:00";440;;;;;;;;;;;;"Malveillance";;;;;""
2018;3891;"04";"04053";"Châteauneuf-Val-Saint-Donat";"2018-07-04 14:35:00";12700;8400;;;;;;;;4300;;"3";"Accidentelle";;;;;""
2018;3900;"13";"13071";"Les Pennes-Mirabeau";"2018-07-04 14:44:00";2000;;2000;;;;;;;;;"1";"Involontaire (particulier)";;;;;""
2018;3884;"30";"30189";"Nîmes";"2018-07-04 16:04:00";3000;;;;;;;;;;;;;;;;;""
2018;80;"46";"46201";"Montcuq-en-Quercy-Blanc";"2018-07-04 18:10:00";15000;0;;15000;;;15000;0;0;0;"Estimées";;;;;;;""
2018;6940;"66";"66190";"Salses-le-Château";"2018-07-05 09:57:00";1000;1000;;;;;;;;;;"4";"Malveillance";;;;;""
2018;3897;"30";"30189";"Nîmes";"2018-07-05 15:31:00";100;;;;;;;;;;;;;;;;;""
2018;6943;"66";"66096";"Latour-de-France";"2018-07-05 17:23:00";5000;;5000;;;;;;;;;"1";"Malveillance";;;;;""
2018;3898;"30";"30189";"Nîmes";"2018-07-05 23:46:00";2000;;;;;;;;;;;;;;;;;""
2018;6948;"66";"66138";"Peyrestortes";"2018-07-06 09:32:00";30000;10000;20000;;;;;;;;;"2";"Malveillance";;;;;""
2018;5288;"11";"11042";"Blomac";"2018-07-06 11:33:00";10094;;;;;;;;;;;;;;;;;""
2018;3975;"30";"30091";"Congénies";"2018-07-06 12:32:00";300;;;;;;;;;;;;;;;;;""
2018;3976;"30";"30010";"Anduze";"2018-07-06 12:43:00";500;;;;;;;;;;;;;;;;;""
2018;3977;"30";"30202";"Pont-Saint-Esprit";"2018-07-06 12:46:00";100;;;;;;;;;;;;;;;;;""
2018;4054;"13";"13047";"Istres";"2018-07-06 15:34:00";3000;3000;;;;;;;;;;"1";;;;;;""
2018;3985;"30";"30125";"Garons";"2018-07-06 19:19:00";750;;;;;;;;;;;;;;;;;""
2018;4060;"13";"13047";"Istres";"2018-07-07 00:53:00";400;200;200;;;;;;;;;"1";"Malveillance";;;;;""
2018;3987;"30";"30171";"Molières-sur-Cèze";"2018-07-07 03:00:00";1;;;;;;;;;;;;;;;;;""
2018;3991;"30";"30169";"Milhaud";"2018-07-07 10:37:00";3;;;;;;;;;;;;;;;;;""
2018;4061;"13";"13097";"Saint-Martin-de-Crau";"2018-07-07 11:04:00";20;20;;;;;;;;;;"1";;;;;;""
2018;4324;"34";"34144";"Lunas";"2018-07-07 13:07:00";4811;;4811;;;;;;;;;"1";"Malveillance";;;;;""
2018;4935;"04";"04102";"Le Lauzet-Ubaye";"2018-07-07 14:04:00";500;500;;;;;;;;;;"5";"Accidentelle";;;;;""
2018;4777;"48";"48095";"Mende";"2018-07-07 14:35:00";1000;;1000;;;;;;;;;"1";"Naturelle";;;;;""
2018;4920;"2A";"2A215";"Pianottoli-Caldarello";"2018-07-07 15:01:00";200;;200;;;;;;;;;;"Involontaire (travaux)";;;;;""
2018;4063;"13";"13107";"Simiane-Collongue";"2018-07-07 15:06:00";20;20;;;;;;;;;;"1";"Involontaire (travaux)";;;;;""
2018;4064;"13";"13056";"Martigues";"2018-07-07 19:55:00";500;500;;;;;;;;;;"1";"Accidentelle";;;;;""
2018;4065;"13";"13006";"Aureille";"2018-07-08 01:59:00";5000;;5000;;;;;;;;;"1";"Involontaire (particulier)";;;;;""
2018;4030;"30";"30069";"Carnas";"2018-07-08 02:29:00";300;;;;;;;;;;;;"Accidentelle";;;;;""
2018;114;"46";"46042";"Cahors";"2018-07-08 12:51:00";150;0;;150;;;150;0;0;0;"Estimées";;;;;;;""
2018;4337;"34";"34003";"Agde";"2018-07-08 14:07:00";553;553;;;;;;;;;;"4";"Accidentelle";;;;;""
2018;4341;"07";"07308";"Sarras";"2018-07-08 14:21:00";20000;;20000;;;;;;;;;"1";;;;;;""
2018;4134;"83";"83140";"Tourves";"2018-07-08 14:23:00";200;;;;;;;;;;;;;;;;;""
2018;4029;"83";"83116";"Saint-Maximin-la-Sainte-Baume";"2018-07-08 14:23:00";200;200;;;;;;;;;;"5";"Malveillance";;;;;""
2018;4331;"07";"07186";"Privas";"2018-07-08 15:05:00";500;;500;;;;;;;;;"1";;;;;;""
2018;6961;"66";"66136";"Perpignan";"2018-07-08 16:33:00";60000;;60000;;;;;;;;;"1";"Involontaire (particulier)";;;;;""
2018;4344;"07";"07172";"Peaugres";"2018-07-08 17:28:00";100;100;;;;;;;;;;"5";;;;;;""
2018;4066;"13";"13071";"Les Pennes-Mirabeau";"2018-07-08 18:59:00";500;500;;;;;;;;;;"1";"Accidentelle";;;;;""
2018;1219;"12";"12073";"Comps-la-Grand-Ville";"2018-07-08 20:20:00";200;0;;200;;;200;0;0;0;"Estimées";;"Involontaire (particulier)";;;;;""
2018;4067;"13";"13014";"Berre-l'Étang";"2018-07-08 20:21:00";700;;700;;;;;;;;;"1";;;;;;""
2018;4038;"30";"30077";"Cendras";"2018-07-08 20:24:00";4;;;;;;;;;;;;;;;;;""
2018;4931;"04";"04001";"Aiglun";"2018-07-08 23:26:00";60;60;;;;;;;;;;"4";"Involontaire (particulier)";;;;;""
2018;4140;"30";"30255";"Saint-Geniès-de-Malgoirès";"2018-07-09 07:59:00";200;;;;;;;;;;;;;;;;;""
2018;5103;"11";"11262";"Narbonne";"2018-07-09 12:35:00";5500;;;;;;;;;;;;;;;;;""
2018;2017;"72";"72058";"Changé";"2018-07-09 14:55:00";200;200;;0;;;0;0;0;0;"Estimées";;;;;;;""
2018;5324;"26";"26333";"Saint-Vallier";"2018-07-09 15:42:00";26800;15000;8000;;;;;;;3800;;"3";"Malveillance";;;;;""
2018;4150;"30";"30334";"Uzès";"2018-07-09 15:56:00";3000;;;;;;;;;;;;;;;;;""
2018;4152;"30";"30034";"Bellegarde";"2018-07-09 15:59:00";100;;;;;;;;;;;;;;;;;""
2018;4809;"2B";"2B096";"Corte";"2018-07-09 16:18:00";500;;;;;;;;;;;;;;;;;""
2018;1214;"12";"12154";"Montlaur";"2018-07-09 16:24:00";30000;0;;5000;;;5000;10000;15000;25000;"Estimées";;"Involontaire (travaux)";;;;;""
2018;115;"46";"46284";"Saint-Michel-Loubéjou";"2018-07-09 16:36:00";500;0;;500;;;500;0;0;0;"Estimées";;;;;;;""
2018;1215;"12";"12228";"Saint-Izaire";"2018-07-09 16:41:00";80000;0;;8000;;;8000;12000;60000;72000;"Estimées";;"Involontaire (travaux)";;;;;""
2018;4156;"30";"30225";"Sabran";"2018-07-09 17:02:00";2000;;;;;;;;;;;;;;;;;""
2018;6970;"66";"66136";"Perpignan";"2018-07-09 17:41:00";20000;;20000;;;;;;;;;"1";;;;;;""
2018;2018;"72";"72047";"Brette-les-Pins";"2018-07-09 18:03:00";200;200;;0;;;0;0;0;0;"Estimées";;;;;;;""
2018;4160;"30";"30129";"Générargues";"2018-07-09 18:10:00";100;;;;;;;;;;;;;;;;;""
2018;4315;"34";"34177";"Murles";"2018-07-09 18:26:00";14495;;14495;;;;;;;;;"1";"Involontaire (travaux)";;;;;""
2018;2019;"72";"72231";"Parigné-l'Évêque";"2018-07-09 21:24:00";25;25;;0;;;0;0;0;0;"Estimées";;;;;;;""
2018;1605;"33";"33454";"Saint-Morillon";"2018-07-10 12:56:00";1000;1000;;0;;;0;;;0;;;;;;;;""
2018;4271;"83";"83036";"Cavalaire-sur-Mer";"2018-07-10 13:28:00";50;;;;;;;;;;;;"Accidentelle";;;;;""
2018;4376;"84";"84079";"Monieux";"2018-07-10 13:44:00";450;;;;;;;;;;;;;;;;;""
2018;4392;"13";"13071";"Les Pennes-Mirabeau";"2018-07-10 15:30:00";40;;40;;;;;;;;;"1";"Involontaire (particulier)";;;;;""
2018;4319;"34";"34213";"Poussan";"2018-07-10 16:31:00";113330;;113330;;;;;;;;;"1";"Involontaire (particulier)";;;;;""
2018;4771;"11";"11398";"Treilles";"2018-07-10 17:39:00";603894;237900;365994;;;;;;;;;;;;;;;""
2018;6979;"66";"66050";"Claira";"2018-07-11 10:27:00";20000;;20000;;;;;;;;;"1";;;;;;""
2018;4390;"13";"13077";"Port-de-Bouc";"2018-07-11 11:00:00";13100;10000;3100;;;;;;;;;"1";"Malveillance";;;;;""
2018;4783;"11";"11262";"Narbonne";"2018-07-11 11:12:00";168200;;168200;;;;;;;;;;;;;;;""
2018;4391;"13";"13073";"Peypin";"2018-07-11 11:42:00";16000;16000;;;;;;;;;;"1";;;;;;""
2018;941;"19";"19229";"Saint-Pantaléon-de-Larche";"2018-07-11 11:57:00";40000;0;;40000;;;40000;0;0;0;"Estimées";;;;;;;""
2018;6981;"66";"66190";"Salses-le-Château";"2018-07-11 13:20:00";55000;;55000;;;;;;;;;"1";"Involontaire (particulier)";;;;;""
2018;116;"46";"46128";"Gramat";"2018-07-11 13:27:00";1000;0;;1000;;;1000;0;0;0;"Estimées";;"Involontaire (particulier)";;;;;""
2018;4926;"2A";"2A094";"Corrano";"2018-07-11 13:40:00";20;;20;;;;;;;;;;;;;;;""
2018;4388;"13";"13103";"Salon-de-Provence";"2018-07-11 14:34:00";8000;8000;;;;;;;;;;"1";"Involontaire (particulier)";;;;;""
2018;4386;"30";"30344";"Vergèze";"2018-07-11 16:02:00";1;;;;;;;;;;;;"Malveillance";;;;;""
2018;4460;"34";"34032";"Béziers";"2018-07-11 16:06:00";90429;;20429;;;;;;;70000;;"1";"Involontaire (particulier)";;;;;""
2018;6597;"13";"13038";"Fontvieille";"2018-07-11 16:17:00";100;100;;;;;;;;;;"1";;;;;;""
2018;117;"46";"46327";"Valroufié";"2018-07-11 16:41:00";1500;1500;;0;;;0;0;0;0;"Estimées";;;;;;;""
2018;2020;"72";"72047";"Brette-les-Pins";"2018-07-11 17:08:00";500;500;;0;;;0;0;0;0;"Estimées";;;;;;;""
2018;4927;"2A";"2A247";"Porto-Vecchio";"2018-07-11 21:29:00";50;;50;;;;;;;;;"1";"Malveillance";;;;;""
2018;213;"61";"61172";"Fontenai-les-Louvets";"2018-07-12 11:08:00";20;20;;0;;;0;0;0;0;"Mesurées";;"Involontaire (particulier)";;;;;""
2018;1599;"33";"33422";"Saint-Jean-d'Illac";"2018-07-12 11:46:00";20;20;;0;;;0;;;0;;;"Involontaire (travaux)";;;;;""
2018;6596;"13";"13106";"Septèmes-les-Vallons";"2018-07-12 13:00:00";100;100;;;;;;;;;;"1";"Involontaire (travaux)";;;;;""
2018;4928;"2A";"2A160";"Moca-Croce";"2018-07-12 14:14:00";3;;3;;;;;;;;;;"Malveillance";;;;;""
2018;1294;"40";"40184";"Mimizan";"2018-07-12 21:34:00";200;200;;0;;;0;;;0;;;;;;;;""
2018;4708;"34";"34144";"Lunas";"2018-07-12 21:41:00";83;;83;;;;;;;;;"1";"Malveillance";;;;;""
2018;1596;"33";"33042";"Belin-Béliet";"2018-07-12 22:31:00";300;300;;0;;;0;;;0;;;;;;;;""
2018;119;"46";"46148";"Lalbenque";"2018-07-12 22:35:00";200;0;;200;;;200;0;0;0;"Estimées";;;;;;;""
2018;4929;"2A";"2A004";"Ajaccio";"2018-07-13 06:28:00";10;;10;;;;;;;;;;"Involontaire (particulier)";;;;;""
2018;2021;"72";"72357";"Thorée-les-Pins";"2018-07-13 08:28:00";2500;2500;;0;;;0;0;0;0;"Estimées";;;;;;;""
2018;6992;"66";"66014";"Baixas";"2018-07-13 09:20:00";2000;;2000;;;;;;;;;"1";"Malveillance";;;;;""
2018;4748;"11";"11203";"Lézignan-Corbières";"2018-07-13 09:39:00";365;;;;;;;;;;;;;;;;;""
2018;4749;"11";"11203";"Lézignan-Corbières";"2018-07-13 09:39:00";175;;;;;;;;;;;;;;;;;""
2018;4751;"11";"11203";"Lézignan-Corbières";"2018-07-13 10:07:00";1700;;;;;;;;;;;;;;;;;""
2018;4753;"11";"11203";"Lézignan-Corbières";"2018-07-13 10:31:00";260;;;;;;;;;;;;;;;;;""
2018;4754;"11";"11203";"Lézignan-Corbières";"2018-07-13 10:31:00";100;;;;;;;;;;;;;;;;;""
2018;4755;"11";"11203";"Lézignan-Corbières";"2018-07-13 10:31:00";2830;;;;;;;;;;;;;;;;;""
2018;4752;"11";"11203";"Lézignan-Corbières";"2018-07-13 10:31:00";20;;;;;;;;;;;;;;;;;""
2018;4756;"11";"11203";"Lézignan-Corbières";"2018-07-13 10:58:00";100;;;;;;;;;;;;;;;;;""
2018;4758;"05";"05168";"Sigoyer";"2018-07-13 11:08:00";1400;;;;;;;;;;;"4";"Involontaire (particulier)";;;;;""
2018;4630;"30";"30284";"Saint-Martin-de-Valgalgues";"2018-07-13 11:43:00";10;;;;;;;;;;;;;;;;;""
2018;6993;"66";"66205";"Tautavel";"2018-07-13 12:34:00";2000;;2000;;;;;;;;;"1";"Malveillance";;;;;""
2018;4757;"11";"11203";"Lézignan-Corbières";"2018-07-13 13:23:00";5500;;;;;;;;;;;;;;;;;""
2018;2022;"72";"72357";"Thorée-les-Pins";"2018-07-13 15:44:00";3000;3000;;0;;;0;0;0;0;"Estimées";;;;;;;""
2018;4760;"34";"34079";"Clermont-l'Hérault";"2018-07-13 16:43:00";1984;;1984;;;;;;;;;"1";"Malveillance";;;;;""
2018;4846;"07";"07337";"Vernosc-lès-Annonay";"2018-07-13 17:23:00";10000;10000;;;;;;;;;;"3";;;;;;""
2018;120;"46";"46064";"Catus";"2018-07-13 17:39:00";2000;0;;2000;;;2000;0;0;0;"Estimées";;;;;;;""
2018;4792;"13";"13076";"Plan-d'Orgon";"2018-07-13 17:46:00";300;300;;;;;;;;;;"1";"Malveillance";;;;;""
2018;4633;"30";"30284";"Saint-Martin-de-Valgalgues";"2018-07-13 18:54:00";5000;;;;;;;;;;;;;;;;;""
2018;5299;"11";"11009";"Alzonne";"2018-07-13 22:57:00";50;;;;;;;;;;;;;;;;;""
2018;4703;"06";"06134";"Séranon";"2018-07-13 22:59:00";100;100;;;;;;;;;;"4";;;;;;""
2018;2023;"72";"72357";"Thorée-les-Pins";"2018-07-14 00:26:00";1;1;;0;;;0;0;0;0;"Estimées";;;;;;;""
2018;6998;"66";"66069";"Espira-de-l'Agly";"2018-07-14 03:37:00";20000;;20000;;;;;;;;;"1";"Malveillance";;;;;""
2018;6598;"13";"13056";"Martigues";"2018-07-14 15:11:00";500;500;;;;;;;;;;"1";"Involontaire (particulier)";;;;;""
2018;4723;"04";"04230";"Valensole";"2018-07-14 15:40:00";6300;6300;;;;;;;;;;"3";"Accidentelle";;;;;""
2018;4677;"30";"30316";"Sénéchas";"2018-07-14 18:24:00";100;;;;;;;;;;;;;;;;;""
2018;4682;"30";"30189";"Nîmes";"2018-07-15 00:44:00";20;;;;;;;;;;;;;;;;;""
2018;1593;"33";"33417";"Sainte-Hélène";"2018-07-15 08:00:00";15000;15000;;0;;;0;;;0;;;"Naturelle";;;;;""
2018;4688;"30";"30334";"Uzès";"2018-07-15 08:46:00";50;;;;;;;;;;;;;;;;;""
2018;4689;"30";"30051";"Branoux-les-Taillades";"2018-07-15 11:02:00";20;;;;;;;;;;;;;;;;;""
2018;4794;"13";"13047";"Istres";"2018-07-15 11:56:00";5;5;;;;;;;;;;"1";;;;;;""
2018;4795;"13";"13117";"Vitrolles";"2018-07-15 12:18:00";300;;300;;;;;;;;;"1";"Accidentelle";;;;;""
2018;4770;"34";"34251";"Saint-Étienne-de-Gourgas";"2018-07-15 14:10:00";5;5;;;;;;;;;;"4";"Naturelle";;;;;""
2018;3203;"24";"24426";"Saint-Jean-d'Estissac";"2018-07-15 14:44:00";300;300;;0;;;0;;;0;;;;;;;;""
2018;3202;"24";"24426";"Saint-Jean-d'Estissac";"2018-07-15 15:03:00";1000;1000;;0;;;0;;;0;;;;;;;;""
2018;5026;"84";"84054";"L'Isle-sur-la-Sorgue";"2018-07-15 15:39:00";300;;;;;;;;;;;;;;;;;""
2018;1008;"74";"74012";"Annemasse";"2018-07-15 19:11:00";4000;0;;4000;;;4000;0;0;0;"Estimées";;;;;;;""
2018;4814;"2B";"2B112";"Feliceto";"2018-07-15 19:22:00";500;;;;;;;;;;;;;;;;;""
2018;5179;"2A";"2A362";"Zonza";"2018-07-15 19:32:00";1;;;;;;;;;;;;"Accidentelle";;;;;""
2018;5102;"11";"11148";"Fontcouverte";"2018-07-15 20:19:00";1500;;;;;;;;;;;;;;;;;""
2018;2024;"72";"72053";"Challes";"2018-07-15 20:58:00";10000;10000;;0;;;0;0;0;0;"Estimées";;;;;;;""
2018;4796;"13";"13058";"Maussane-les-Alpilles";"2018-07-15 22:21:00";500;250;250;;;;;;;;;"1";;;;;;""
2018;1591;"33";"33300";"Naujac-sur-Mer";"2018-07-15 23:49:00";10;10;;0;;;0;;;0;;;"Naturelle";;;;;""
2018;2025;"72";"72053";"Challes";"2018-07-16 08:41:00";1;1;;0;;;0;0;0;0;"Estimées";;;;;;;""
2018;4882;"04";"04182";"Saint-Julien-d'Asse";"2018-07-16 13:26:00";5;5;;;;;;;;;;"4";"Naturelle";;;;;""
2018;1293;"40";"40217";"Parentis-en-Born";"2018-07-16 13:30:00";3000;3000;;0;;;0;;;0;;;"Naturelle";;;;;""
2018;7008;"66";"66176";"Saint-Hippolyte";"2018-07-16 16:41:00";40000;;40000;;;;;;;;;"1";"Involontaire (travaux)";;;;;""
2018;5474;"2A";"2A247";"Porto-Vecchio";"2018-07-16 17:36:00";100;;100;;;;;;;;;"1";;;;;;""
2018;4883;"04";"04102";"Le Lauzet-Ubaye";"2018-07-17 05:51:00";10;10;;;;;;;;;;"3";"Accidentelle";;;;;""
2018;4885;"04";"04135";"Moustiers-Sainte-Marie";"2018-07-17 12:34:00";2;2;;;;;;;;;;"4";"Involontaire (particulier)";;;;;""
2018;5255;"05";"05079";"Le Monêtier-les-Bains";"2018-07-17 13:42:00";4;;;;;;;;;;;;;;;;;""
2018;4786;"30";"30341";"Vauvert";"2018-07-17 14:05:00";2000;2000;;;;;;;;;;;;;;;;""
2018;4787;"30";"30226";"Saint-Alexandre";"2018-07-17 14:21:00";3000;;;;;;;;;;;;;;;;;""
2018;2026;"72";"72053";"Challes";"2018-07-17 15:05:00";30000;30000;;0;;;0;0;0;0;"Estimées";;;;;;;""
2018;4819;"34";"34092";"Cruzy";"2018-07-17 15:24:00";1067;;;;;;;;;;;"4";"Naturelle";;;;;""
2018;2027;"72";"72382";"Volnay";"2018-07-17 15:28:00";7000;7000;;0;;;0;0;0;0;"Estimées";;;;;;;""
2018;1845;"47";"47323";"Villeneuve-sur-Lot";"2018-07-17 15:41:00";20;20;;0;;;0;;;0;;;;;;;;""
2018;2028;"72";"72181";"Le Mans";"2018-07-17 15:47:00";100;100;;0;;;0;0;0;0;"Estimées";;;;;;;""
2018;5101;"11";"11014";"Armissan";"2018-07-17 22:59:00";20;;;;;;;;;;;;;;;;;""
2018;5180;"2A";"2A345";"Vero";"2018-07-18 02:21:00";500;;500;;;;;;;;;"4";"Malveillance";;;;;""
2018;144;"36";"36178";"Saint-Aigny";"2018-07-18 16:18:00";3000;0;;3000;;;3000;0;0;0;"Estimées";;"Involontaire (particulier)";;;;;""
2018;4916;"13";"13039";"Fos-sur-Mer";"2018-07-18 16:46:00";2000;2000;;;;;;;;;;"1";"Malveillance";;;;;""
2018;1585;"33";"33271";"Marions";"2018-07-18 17:57:00";5000;5000;;0;;;0;;;0;;;;;;;;""
2018;2029;"72";"72047";"Brette-les-Pins";"2018-07-19 12:44:00";1000;1000;;0;;;0;0;0;0;"Estimées";;;;;;;""
2018;2030;"72";"72260";"Ruaudin";"2018-07-19 12:49:00";100;100;;0;;;0;0;0;0;"Estimées";;;;;;;""
2018;2031;"72";"72047";"Brette-les-Pins";"2018-07-19 13:09:00";10;10;;0;;;0;0;0;0;"Estimées";;;;;;;""
2018;4954;"07";"07266";"Sainte-Marguerite-Lafigère";"2018-07-19 13:14:00";2000;;2000;;;;;;;;;"1";;;;;;""
2018;5092;"11";"11318";"Roquecourbe-Minervois";"2018-07-19 14:05:00";556;;;;;;;;;;;;;;;;;""
2018;1291;"40";"40274";"Saint-Martin-d'Oney";"2018-07-19 14:07:00";50;50;;0;;;0;;;0;;;;;;;;""
2018;1009;"74";"74208";"Passy";"2018-07-19 16:09:00";2000;2000;;0;;;0;0;0;0;"Estimées";;;;;;;""
2018;5125;"13";"13099";"Saint-Paul-lès-Durance";"2018-07-19 16:18:00";25;25;;;;;;;;;;"1";"Involontaire (particulier)";;;;;""
2018;1844;"47";"47106";"Fumel";"2018-07-19 16:55:00";30;30;;0;;;0;;;0;;;;;;;;""
2018;1582;"33";"33097";"Carcans";"2018-07-19 17:14:00";8000;8000;;0;;;0;;;0;;;"Naturelle";;;;;""
2018;5124;"13";"13117";"Vitrolles";"2018-07-19 17:16:00";100;100;;;;;;;;;;"1";;;;;;""
2018;1581;"33";"33527";"Le Teich";"2018-07-19 17:28:00";3;3;;0;;;0;;;0;;;;;;;;""
2018;5099;"11";"11262";"Narbonne";"2018-07-19 17:48:00";1316;;;;;;;;;;;;;;;;;""
2018;4955;"07";"07198";"Rompon";"2018-07-19 19:58:00";10000;10000;;;;;;;;;;"3";"Involontaire (particulier)";;;;;""
2018;5431;"48";"48144";"Sainte-Croix-Vallée-Française";"2018-07-19 20:09:00";110;;;;;;;;;;;"2";"Accidentelle";;;;;""
2018;4993;"30";"30015";"Arphy";"2018-07-20 08:11:00";50;50;;;;;;;;;;"3";"Naturelle";;;;;""
2018;5111;"13";"13011";"Les Baux-de-Provence";"2018-07-20 09:53:00";3000;3000;;;;;;;;;;"1";"Accidentelle";;;;;""
2018;5104;"06";"06133";"Sauze";"2018-07-20 11:53:00";60;60;;;;;;;;;;"4";;;;;;""
2018;7021;"66";"66228";"Villeneuve-la-Rivière";"2018-07-20 14:23:00";59700;59700;;;;;;;;;;"4";"Malveillance";;;;;""
2018;1578;"33";"33260";"Lugos";"2018-07-20 15:01:00";10000;10000;;0;;;0;;;0;;;"Involontaire (particulier)";;;;;""
2018;4996;"30";"30094";"Corbès";"2018-07-20 17:00:00";10;;;;;;;;;;;;"Naturelle";;;;;""
2018;5905;"2A";"2A160";"Moca-Croce";"2018-07-20 18:13:00";300;;300;;;;;;;;;;;;;;;""
2018;5265;"07";"07334";"Les Vans";"2018-07-20 18:49:00";150;150;;;;;;;;;;"4";"Naturelle";;;;;""
2018;5432;"48";"48097";"Moissac-Vallée-Française";"2018-07-20 21:39:00";140;;140;;;;;;;;;"1";"Naturelle";;;;;""
2018;5112;"13";"13022";"Cassis";"2018-07-21 06:00:00";25;25;;;;;;;;;;"1";"Naturelle";;;;;""
2018;5105;"06";"06075";"Levens";"2018-07-21 16:48:00";6;6;;;;;;;;;;"5";;;;;;""
2018;5126;"13";"13039";"Fos-sur-Mer";"2018-07-21 19:24:00";17900;17900;;;;;;;;;;"1";"Malveillance";;;;;""
2018;5089;"11";"11145";"Fleury";"2018-07-22 04:05:00";20;;;;;;;;;;;;;;;;;""
2018;1575;"33";"33336";"Préchac";"2018-07-22 10:32:00";100;100;;0;;;0;;;0;;;"Naturelle";;;;;""
2018;5132;"13";"13086";"Roquevaire";"2018-07-22 12:30:00";50;25;25;;;;;;;;;"1";;;;;;""
2018;5181;"2A";"2A247";"Porto-Vecchio";"2018-07-22 13:47:00";50;;50;;;;;;;;;"1";"Involontaire (particulier)";;;;;""
2018;5266;"07";"07315";"La Souche";"2018-07-22 16:00:00";200;200;;;;;;;;;;"4";"Naturelle";;;;;""
2018;7034;"66";"66012";"Baho";"2018-07-22 16:19:00";19800;10000;9800;;;;;;;;;"4";"Malveillance";;;;;""
2018;942;"19";"19047";"Chartrier-Ferrière";"2018-07-22 17:22:00";30000;0;;30000;;;30000;0;0;0;"Estimées";;;;;;;""
2018;5645;"34";"34188";"Olmet-et-Villecun";"2018-07-22 17:53:00";4892;;4892;;;;;;;;;"1";"Malveillance";;;;;""
2018;121;"46";"46047";"Calès";"2018-07-22 18:12:00";30000;0;;30000;;;30000;0;0;0;"Estimées";;;;;;;""
2018;5072;"30";"30178";"Montfaucon";"2018-07-22 18:13:00";200;;;;;;;;;;;;"Naturelle";;;;;""
2018;5127;"13";"13039";"Fos-sur-Mer";"2018-07-22 20:16:00";5400;5400;;;;;;;;;;"1";"Malveillance";;;;;""
2018;5129;"13";"13039";"Fos-sur-Mer";"2018-07-22 21:08:00";110;110;0;;;;;;;;;"1";"Malveillance";;;;;""
2018;5130;"13";"13039";"Fos-sur-Mer";"2018-07-22 21:50:00";200;100;100;;;;;;;;;"1";"Malveillance";;;;;""
2018;5131;"13";"13047";"Istres";"2018-07-22 21:50:00";200;100;100;;;;;;;;;"1";"Malveillance";;;;;""
2018;7509;"66";"66016";"Banyuls-sur-Mer";"2018-07-23 01:24:00";20000;10000;10000;;;;;;;;;"3";"Malveillance";;;;;""
2018;5704;"2A";"2A004";"Ajaccio";"2018-07-23 13:13:00";10;;10;;;;;;;;;;;;;;;""
2018;7510;"66";"66012";"Baho";"2018-07-23 13:24:00";3000;3000;;;;;;;;;;"4";"Malveillance";;;;;""
2018;5183;"2A";"2A362";"Zonza";"2018-07-23 14:30:00";305;;305;;;;;;;;;"1";;;;;;""
2018;5169;"34";"34302";"Siran";"2018-07-23 15:30:00";71;71;;;;;;;;;;"4";"Involontaire (particulier)";;;;;""
2018;5170;"34";"34074";"Cessenon-sur-Orb";"2018-07-23 15:45:00";376;;376;;;;;;;;;"1";"Malveillance";;;;;""
2018;5171;"34";"34074";"Cessenon-sur-Orb";"2018-07-23 15:45:00";161;161;;;;;;;;;;"4";"Malveillance";;;;;""
2018;2032;"72";"72260";"Ruaudin";"2018-07-23 16:18:00";500;500;;0;;;0;0;0;0;"Estimées";;;;;;;""
2018;5289;"11";"11145";"Fleury";"2018-07-23 20:42:00";450;;;;;;;;;;;;;;;;;""
2018;2033;"72";"72260";"Ruaudin";"2018-07-23 21:33:00";1;1;;0;;;0;0;0;0;"Estimées";;;;;;;""
2018;5290;"11";"11262";"Narbonne";"2018-07-23 21:33:00";300;;;;;;;;;;;;;;;;;""
2018;5113;"05";"05111";"Puy-Sanières";"2018-07-24 13:00:00";80;;;;;;;;;;;;"Involontaire (particulier)";;;;;""
2018;1135;"86";"86052";"Champagné-Saint-Hilaire";"2018-07-24 13:15:00";10000;0;;10000;;;10000;0;0;0;"Estimées";;;;;;;""
2018;6599;"13";"13019";"Cabriès";"2018-07-24 14:01:00";30;30;;;;;;;;;;"1";;;;;;""
2018;6600;"13";"13056";"Martigues";"2018-07-24 14:23:00";2;2;;;;;;;;;;"1";"Accidentelle";;;;;""
2018;5153;"34";"34210";"Le Pouget";"2018-07-24 15:04:00";5811;;5811;;;;;;;;;"1";"Accidentelle";;;;;""
2018;5178;"06";"06126";"Saint-Martin-du-Var";"2018-07-24 15:20:00";300;;300;;;;;;;;;"1";;;;;;""
2018;929;"79";"79180";"Montalembert";"2018-07-24 19:07:00";10;10;;0;;;0;0;0;0;"Estimées";;"Naturelle";;;;;""
2018;2034;"72";"72298";"Saint-Mars-de-Locquenay";"2018-07-24 19:54:00";1;1;;0;;;0;0;0;0;"Estimées";;;;;;;""
2018;1841;"47";"47238";"Sainte-Colombe-en-Bruilhois";"2018-07-24 21:59:00";45;45;;0;;;0;;;0;;;"Involontaire (travaux)";;;;;""
2018;2035;"72";"72047";"Brette-les-Pins";"2018-07-25 06:30:00";30000;30000;;0;;;0;0;0;0;"Estimées";;;;;;;""
2018;2036;"72";"72231";"Parigné-l'Évêque";"2018-07-25 07:31:00";1;1;;0;;;0;0;0;0;"Estimées";;;;;;;""
2018;5448;"26";"26122";"Espenel";"2018-07-25 12:19:00";5100;500;4600;;;;;;;;;"1";"Accidentelle";;;;;""
2018;5156;"30";"30329";"Thoiras";"2018-07-25 12:27:00";200;;;;;;;;;;;;;;;;;""
2018;5157;"30";"30141";"Laudun-l'Ardoise";"2018-07-25 13:39:00";1000;;;;;;;;;;;;;;;;;""
2018;7524;"66";"66164";"Rivesaltes";"2018-07-25 14:11:00";2000;2000;;;;;;;;;;"4";"Malveillance";;;;;""
2018;5177;"34";"34203";"Pinet";"2018-07-25 15:30:00";402;402;;;;;;;;;;"5";"Malveillance";;;;;""
2018;5292;"11";"11143";"Feuilla";"2018-07-25 15:47:00";50;;;;;;;;;;;;;;;;;""
2018;5476;"2A";"2A247";"Porto-Vecchio";"2018-07-25 16:16:00";50;;50;;;;;;;;;"1";"Malveillance";;;;;""
2018;5693;"11";"11014";"Armissan";"2018-07-25 16:59:00";600;;;;;;;;;;;;;;;;;""
2018;5293;"11";"11145";"Fleury";"2018-07-25 19:41:00";3118;;;;;;;;;;;;;;;;;""
2018;5294;"11";"11255";"Montredon-des-Corbières";"2018-07-25 21:01:00";792;;;;;;;;;;;;;;;;;""
2018;7560;"66";"66069";"Espira-de-l'Agly";"2018-07-26 05:09:00";5000;5000;;;;;;;;;;"4";"Malveillance";;;;;""
2018;135;"46";"46113";"Frayssinet";"2018-07-26 11:37:00";3000;0;;3000;;;3000;0;0;0;"Estimées";;"Involontaire (particulier)";;;;;""
2018;5818;"04";"04242";"Villeneuve";"2018-07-26 12:14:00";90;90;;;;;;;;;;"4";"Naturelle";;;;;""
2018;5249;"48";"48105";"Naussac-Fontanes";"2018-07-26 14:34:00";3000;;3000;;;;;;;;;"1";;;;;;""
2018;5560;"2A";"2A100";"Cristinacce";"2018-07-26 16:21:00";300;;300;;;;;;;;;;"Naturelle";;;;;""
2018;1137;"86";"86157";"Mignaloux-Beauvoir";"2018-07-26 16:31:00";1000;1000;;0;;;0;0;0;0;"Estimées";;;;;;;""
2018;5563;"2A";"2A258";"Renno";"2018-07-26 17:28:00";3000;;3000;;;;;;;;;;"Naturelle";;;;;""
2018;139;"46";"46080";"Crayssac";"2018-07-26 17:37:00";6000;0;;6000;;;6000;0;0;0;"Estimées";;;;;;;""
2018;5461;"2B";"2B007";"Albertacce";"2018-07-26 17:38:00";2;;;;;;;;;;;;;;;;;""
2018;140;"46";"46067";"Cazillac";"2018-07-26 19:24:00";900;0;;900;;;900;0;0;0;"Estimées";;;;;;;""
2018;141;"46";"46142";"Lacapelle-Cabanac";"2018-07-27 00:51:00";100;0;;100;;;100;0;0;0;"Mesurées";;;;;;;""
2018;1556;"33";"33097";"Carcans";"2018-07-27 04:50:00";2000;2000;;0;;;0;;;0;;;;;;;;""
2018;1555;"33";"33236";"Lège-Cap-Ferret";"2018-07-27 07:01:00";1;1;;0;;;0;;;0;;;;;;;;""
2018;7561;"66";"66069";"Espira-de-l'Agly";"2018-07-27 08:27:00";300;300;;;;;;;;;;"4";"Malveillance";;;;;""
2018;5449;"26";"26221";"Omblèze";"2018-07-27 12:44:00";8000;5000;3000;;;;;;;;;;"Involontaire (particulier)";;;;;""
2018;7562;"66";"66172";"Saint-Estève";"2018-07-27 13:18:00";5000;5000;;;;;;;;;;"4";"Malveillance";;;;;""
2018;160;"46";"46113";"Frayssinet";"2018-07-27 15:13:00";30000;30000;;0;;;0;0;0;0;"Estimées";;"Involontaire (particulier)";;;;;""
2018;2037;"72";"72100";"Courcelles-la-Forêt";"2018-07-27 15:49:00";10000;10000;;0;;;0;0;0;0;"Estimées";;;;;;;""
2018;5462;"2B";"2B283";"Solaro";"2018-07-27 15:53:00";20;;;;;;;;;;;;"Naturelle";;;;;""
2018;6000;"04";"04008";"Annot";"2018-07-27 16:19:00";10;;;;;;;;;;;;;;;;;""
2018;5463;"2B";"2B220";"Piedigriggio";"2018-07-27 16:35:00";10;;;;;;;;;;;;"Naturelle";;;;;""
2018;5279;"34";"34079";"Clermont-l'Hérault";"2018-07-27 16:48:00";1969;1969;;;;;;;;;;"4";"Malveillance";;;;;""
2018;1554;"33";"33322";"Le Pian-Médoc";"2018-07-27 17:04:00";20000;20000;;0;;;0;;;0;;;;;;;;""
2018;5282;"13";"13040";"Fuveau";"2018-07-27 19:22:00";7100;7100;;;;;;;;;;"1";;;;;;""
2018;7563;"66";"66069";"Espira-de-l'Agly";"2018-07-27 21:17:00";200;200;;;;;;;;;;"4";"Malveillance";;;;;""
2018;2038;"72";"72058";"Changé";"2018-07-28 07:17:00";500;500;;0;;;0;0;0;0;"Estimées";;;;;;;""
2018;2039;"72";"72058";"Changé";"2018-07-28 14:20:00";1;1;;0;;;0;0;0;0;"Estimées";;;;;;;""
2018;7564;"66";"66050";"Claira";"2018-07-28 15:21:00";20000;;20000;;;;;;;;;"1";;;;;;""
2018;5276;"07";"07053";"Chandolas";"2018-07-28 16:06:00";15000;;15000;;;;;;;;;"1";;;;;;""
2018;1549;"33";"33322";"Le Pian-Médoc";"2018-07-28 18:01:00";22500;22500;;0;;;0;;;0;;;;;;;;""
2018;5764;"11";"11098";"Conilhac-Corbières";"2018-07-28 18:43:00";10;;;;;;;;;;;;;;;;;""
2018;7565;"66";"66178";"Saint-Jean-Pla-de-Corts";"2018-07-28 19:26:00";1500;1500;;;;;;;;;;"2";"Involontaire (particulier)";;;;;""
2018;7566;"66";"66115";"Montesquieu-des-Albères";"2018-07-29 11:03:00";22100;10000;12100;;;;;;;;;"2";"Involontaire (travaux)";;;;;""
2018;5477;"2A";"2A062";"Carbuccia";"2018-07-29 11:16:00";50;;50;;;;;;;;;"1";"Malveillance";;;;;""
2018;5706;"2A";"2A160";"Moca-Croce";"2018-07-29 12:09:00";30;;30;;;;;;;;;;;;;;;""
2018;1288;"40";"40326";"Vielle-Saint-Girons";"2018-07-29 12:13:00";500;500;;0;;;0;;;0;;;;;;;;""
2018;5468;"2B";"2B049";"Calenzana";"2018-07-29 13:00:00";700;;;;;;;;;;;;"Naturelle";;;;;""
2018;5480;"2A";"2A006";"Alata";"2018-07-29 14:18:00";20;;;;;;;;;20;;"1";"Malveillance";;;;;""
2018;1017;"88";"88160";"Épinal";"2018-07-29 15:37:00";5000;5000;;0;;;0;0;0;0;"Estimées";;;;;;;""
2018;5285;"34";"34079";"Clermont-l'Hérault";"2018-07-29 16:25:00";1915;1915;;;;;;;;;;"3";"Malveillance";;;;;""
2018;6601;"13";"13092";"Saint-Chamas";"2018-07-29 17:30:00";200;200;;;;;;;;;;"1";;;;;;""
2018;7567;"66";"66125";"Olette";"2018-07-29 18:43:00";200;200;;;;;;;;;;"4";"Naturelle";;;;;""
2018;5450;"26";"26299";"Sainte-Croix";"2018-07-29 19:41:00";9600;9600;;;;;;;;;;"5";"Malveillance";;;;;""
2018;3199;"24";"24035";"Pays de Belvès";"2018-07-29 21:35:00";250;250;;0;;;0;;;0;;;;;;;;""
2018;1547;"33";"33338";"Prignac-en-Médoc";"2018-07-29 23:12:00";100;100;;0;;;0;;;0;;;"Accidentelle";;;;;""
2018;5493;"34";"34054";"Cassagnoles";"2018-07-30 05:17:00";585;;585;;;;;;;;;"1";"Malveillance";;;;;""
2018;5494;"34";"34054";"Cassagnoles";"2018-07-30 05:18:00";7996;;7996;;;;;;;;;"1";"Malveillance";;;;;""
2018;5495;"34";"34141";"La Livinière";"2018-07-30 05:26:00";529;;529;;;;;;;;;"1";"Malveillance";;;;;""
2018;1546;"33";"33238";"Léognan";"2018-07-30 12:28:00";400;400;;0;;;0;;;0;;;"Involontaire (particulier)";;;;;""
2018;7568;"66";"66046";"Caudiès-de-Fenouillèdes";"2018-07-30 14:26:00";1500;1500;;;;;;;;;;"2";"Malveillance";;;;;""
2018;1060;"12";"12240";"Saint-Parthem";"2018-07-30 14:46:00";70000;40000;;0;;;0;30000;0;30000;"Estimées";;;;;;;""
2018;439;"21";"21548";"Saint-Germain-de-Modéon";"2018-07-30 17:04:00";17000;2000;;0;;;0;15000;0;15000;"Mesurées";;"Naturelle";;;;;""
2018;162;"46";"46296";"Saint-Vincent-Rive-d'Olt";"2018-07-30 18:56:00";11231;11231;;0;;;0;0;0;0;"Mesurées";;;;;;;""
2018;5316;"13";"13067";"Orgon";"2018-07-31 04:06:00";470;470;;;;;;;;;;"1";;;;;;""
2018;165;"17";"17055";"Boscamnant";"2018-07-31 08:21:00";500;500;;0;;;0;0;0;0;"Mesurées";;"Accidentelle";;;;;""
2018;1834;"47";"47029";"Blanquefort-sur-Briolance";"2018-07-31 08:24:00";15000;15000;;0;;;0;;;0;;;;;;;;""
2018;7569;"66";"66068";"Escaro";"2018-07-31 10:52:00";1000;;1000;;;;;;;;;"2";;;;;;""
2018;5646;"34";"34103";"Fontès";"2018-07-31 11:49:00";799;;799;;;;;;;;;"1";"Malveillance";;;;;""
2018;5634;"83";"83103";"Le Revest-les-Eaux";"2018-07-31 13:48:00";40;;;;;;;;;;;;;;;;;""
2018;5709;"2A";"2A362";"Zonza";"2018-07-31 14:30:00";20;;20;;;;;;;;;;"Naturelle";;;;;""
2018;5481;"2A";"2A271";"Sarrola-Carcopino";"2018-07-31 14:33:00";1600;;1600;;;;;;;;;"1";"Malveillance";;;;;""
2018;1287;"40";"40228";"Pomarez";"2018-07-31 14:46:00";3000;3000;;0;;;0;;;0;;;;;;;;""
2018;5323;"05";"05165";"Savournon";"2018-07-31 15:22:00";600;600;;;;;;;;;;;"Naturelle";;;;;""
2018;2040;"72";"72231";"Parigné-l'Évêque";"2018-08-01 09:40:00";2000;2000;;0;;;0;0;0;0;"Estimées";;;;;;;""
2018;5339;"34";"34079";"Clermont-l'Hérault";"2018-08-01 13:20:00";873;;873;;;;;;;;;"1";"Malveillance";;;;;""
2018;5483;"2A";"2A345";"Vero";"2018-08-01 13:48:00";200;;200;;;;;;;;;"1";"Malveillance";;;;;""
2018;5819;"04";"04236";"Vergons";"2018-08-01 14:24:00";2;2;;;;;;;;;;"5";"Naturelle";;;;;""
2018;5566;"2A";"2A362";"Zonza";"2018-08-01 15:26:00";20;;20;;;;;;;;;;;;;;;""
2018;7590;"66";"66172";"Saint-Estève";"2018-08-01 15:44:00";10000;;10000;;;;;;;;;"1";"Involontaire (particulier)";;;;;""
2018;5637;"83";"83140";"Tourves";"2018-08-01 16:30:00";250;250;;;;;;;;;;"1";"Naturelle";;;;;""
2018;7591;"66";"66136";"Perpignan";"2018-08-01 18:40:00";70000;;70000;;;;;;;;;"1";;;;;;""
2018;5340;"34";"34163";"Montarnaud";"2018-08-01 22:43:00";39;39;;;;;;;;;;"3";"Involontaire (particulier)";;;;;""
2018;1285;"40";"40326";"Vielle-Saint-Girons";"2018-08-02 05:38:00";100;100;;0;;;0;;;0;;;;;;;;""
2018;1537;"33";"33097";"Carcans";"2018-08-02 06:32:00";4000;4000;;0;;;0;;;0;;;;;;;;""
2018;5418;"84";"84091";"Piolenc";"2018-08-02 09:54:00";50;;;;;;;;;;;;;;;;;""
2018;5361;"05";"05164";"Savines-le-Lac";"2018-08-02 13:08:00";310;;;;;;;;;;;;"Naturelle";;;;;""
2018;2041;"72";"72260";"Ruaudin";"2018-08-02 13:59:00";300;300;;0;;;0;0;0;0;"Estimées";;;;;;;""
2018;2042;"72";"72260";"Ruaudin";"2018-08-02 14:49:00";150;150;;0;;;0;0;0;0;"Estimées";;;;;;;""
2018;5496;"34";"34061";"Causses-et-Veyran";"2018-08-02 15:22:00";4399;4399;;;;;;;;;;"4";"Malveillance";;;;;""
2018;5370;"06";"06161";"Villeneuve-Loubet";"2018-08-02 17:00:00";4800;;4800;;;;;;;;;"1";;;;;;""
2018;1532;"33";"33097";"Carcans";"2018-08-02 17:38:00";3000;3000;;0;;;0;;;0;;;;;;;;""
2018;5471;"2B";"2B365";"San-Gavino-di-Fiumorbo";"2018-08-02 17:48:00";10;;;;;;;;;;;;"Naturelle";;;;;""
2018;7593;"66";"66012";"Baho";"2018-08-02 18:05:00";200;200;;;;;;;;;;"4";"Malveillance";;;;;""
2018;1178;"16";"16035";"Beaulieu-sur-Sonnette";"2018-08-02 18:12:00";500;500;;0;;;0;0;0;0;"Estimées";;;;;;;""
2018;1829;"47";"47221";"Réaup-Lisse";"2018-08-02 18:51:00";600;200;;0;;;0;;;400;;;;;;;;""
2018;1063;"12";"12065";"Centrès";"2018-08-02 20:03:00";300;0;;100;;;100;200;0;200;"Estimées";;"Involontaire (particulier)";;;;;""
2018;2043;"72";"72293";"Saint-Jean-du-Bois";"2018-08-03 06:13:00";6000;6000;;0;;;0;0;0;0;"Estimées";;;;;;;""
2018;1064;"12";"12103";"Florentin-la-Capelle";"2018-08-03 07:14:00";50;50;;0;;;0;0;0;0;"Estimées";;"Involontaire (travaux)";;;;;""
2018;1828;"47";"47215";"Pujols";"2018-08-03 12:15:00";5000;5000;;0;;;0;;;0;;;"Involontaire (particulier)";;;;;""
2018;5710;"83";"83061";"Fréjus";"2018-08-03 14:12:00";200;;200;;;;;;;;;"1";"Accidentelle";;;;;""
2018;5820;"04";"04242";"Villeneuve";"2018-08-03 14:20:00";3100;;3100;;;;;;;;;"5";"Accidentelle";;;;;""
2018;180;"46";"46042";"Cahors";"2018-08-03 15:40:00";10000;0;;10000;;;10000;0;0;0;"Estimées";;;;;;;""
2018;943;"19";"19077";"Estivals";"2018-08-03 15:50:00";10000;10000;;0;;;0;0;0;0;"Estimées";;;;;;;""
2018;5853;"11";"11253";"Montolieu";"2018-08-03 15:54:00";698;;;;;;;;;;;;;;;;;""
2018;2044;"72";"72054";"Champagné";"2018-08-03 16:13:00";3000;3000;;0;;;0;0;0;0;"Estimées";;;;;;;""
2018;5642;"83";"83111";"Sainte-Anastasie-sur-Issole";"2018-08-03 16:13:00";30;;;;;;;;;;;;"Naturelle";;;;;""
2018;944;"19";"19047";"Chartrier-Ferrière";"2018-08-03 16:25:00";20000;0;;20000;;;20000;0;0;0;"Estimées";;;;;;;""
2018;511;"17";"17052";"Boisredon";"2018-08-03 16:34:00";600;600;;0;;;0;0;0;0;"Estimées";;"Involontaire (travaux)";;;;;""
2018;1530;"33";"33456";"Saint-Palais";"2018-08-03 16:36:00";6000;4000;;0;;;0;;;2000;;;;;;;;""
2018;5644;"83";"83087";"Nans-les-Pins";"2018-08-03 17:04:00";20;20;;;;;;;;;;"5";"Naturelle";;;;;""
2018;5440;"04";"04112";"Manosque";"2018-08-03 17:34:00";40;40;;;;;;;;;;"4";"Naturelle";;;;;""
2018;5570;"2A";"2A288";"Sotta";"2018-08-03 17:55:00";1;;1;;;;;;;;;;"Naturelle";;;;;""
2018;2045;"72";"72213";"Mulsanne";"2018-08-03 18:42:00";100;100;;0;;;0;0;0;0;"Estimées";;;;;;;""
2018;5529;"84";"84009";"La Bastide-des-Jourdans";"2018-08-03 19:21:00";150;;;;;;;;;;;;;;;;;""
2018;2046;"72";"72346";"La Suze-sur-Sarthe";"2018-08-03 21:54:00";1000;1000;;0;;;0;0;0;0;"Estimées";;;;;;;""
2018;2047;"72";"72213";"Mulsanne";"2018-08-03 22:17:00";1;1;;0;;;0;0;0;0;"Estimées";;;;;;;""
2018;2048;"72";"72213";"Mulsanne";"2018-08-04 00:57:00";100;100;;0;;;0;0;0;0;"Estimées";;;;;;;""
2018;2049;"72";"72213";"Mulsanne";"2018-08-04 03:35:00";1;1;;0;;;0;0;0;0;"Estimées";;;;;;;""
2018;2050;"72";"72181";"Le Mans";"2018-08-04 03:40:00";1500;1500;;0;;;0;0;0;0;"Estimées";;;;;;;""
2018;2051;"72";"72213";"Mulsanne";"2018-08-04 07:35:00";5;5;;0;;;0;0;0;0;"Estimées";;;;;;;""
2018;5610;"06";"06142";"Touët-de-l'Escarène";"2018-08-04 09:28:00";100;50;;;;;;;;50;;"4";"Naturelle";;;;;""
2018;2052;"72";"72213";"Mulsanne";"2018-08-04 10:18:00";1;1;;0;;;0;0;0;0;"Estimées";;;;;;;""
2018;2053;"72";"72223";"Noyen-sur-Sarthe";"2018-08-04 12:21:00";500;500;;0;;;0;0;0;0;"Estimées";;;;;;;""
2018;5482;"34";"34175";"Mourèze";"2018-08-04 12:46:00";130;;130;;;;;;;;;"1";"Involontaire (particulier)";;;;;""
2018;5810;"04";"04149";"Peyruis";"2018-08-04 13:15:00";7500;7500;;;;;;;;;;"5";"Naturelle";;;;;""
2018;1824;"47";"47278";"Saint-Sernin";"2018-08-04 13:23:00";50;50;;0;;;0;;;0;;;;;;;;""
2018;3219;"77";"77333";"Nemours";"2018-08-04 13:34:00";1250;1250;;0;;;0;0;0;0;"Estimées";;"Involontaire (particulier)";;;;;""
2018;5502;"34";"34232";"Roquebrun";"2018-08-04 15:18:00";50420;;50420;;;;;;;;;"1";"Involontaire (particulier)";;;;;""
2018;5451;"26";"26243";"Le Poët-Laval";"2018-08-04 16:09:00";80;80;;;;;;;;;;"5";;;;;;""
2018;5444;"30";"30089";"Comps";"2018-08-04 16:44:00";20000;;;;;;;;;;;"1";"Accidentelle";;;;;""
2018;5445;"30";"30042";"Boisset-et-Gaujac";"2018-08-04 17:06:00";100023;;10023;;;;;;;90000;;"1";"Malveillance";;;;;""
2018;2054;"72";"72213";"Mulsanne";"2018-08-04 17:14:00";1;1;;0;;;0;0;0;0;"Estimées";;;;;;;""
2018;5511;"13";"13088";"Le Rove";"2018-08-04 17:17:00";330;330;;;;;;;;;;"1";"Involontaire (particulier)";;;;;""
2018;5571;"2A";"2A271";"Sarrola-Carcopino";"2018-08-04 17:45:00";10;;10;;;;;;;;;;;;;;;""
2018;5510;"13";"13056";"Martigues";"2018-08-04 18:14:00";1300;1300;;;;;;;;;;"1";"Malveillance";;;;;""
2018;1524;"33";"33498";"Salles";"2018-08-04 18:18:00";6000;6000;;0;;;0;;;0;;;;;;;;""
2018;5532;"84";"84037";"Châteauneuf-du-Pape";"2018-08-04 18:46:00";35000;;;;;;;;;;;;;;;;;""
2018;7594;"66";"66012";"Baho";"2018-08-04 19:46:00";35100;30000;5100;;;;;;;;;"4";"Malveillance";;;;;""
2018;7595;"66";"66136";"Perpignan";"2018-08-04 20:42:00";5000;;5000;;;;;;;;;"2";;;;;;""
2018;7596;"66";"66172";"Saint-Estève";"2018-08-04 22:09:00";5000;;5000;;;;;;;;;"2";"Malveillance";;;;;""
2018;7597;"66";"66088";"Ille-sur-Têt";"2018-08-04 23:31:00";10000;;10000;;;;;;;;;"2";"Malveillance";;;;;""
2018;378;"63";"63123";"Cournols";"2018-08-05 04:07:00";2450;2450;;0;;;0;0;0;0;"Mesurées";;;;;;;""
2018;5504;"34";"34158";"Minerve";"2018-08-05 10:06:00";1230;;;;;;;;;;;;"Involontaire (particulier)";;;;;""
2018;178;"81";"81062";"Fontrieu";"2018-08-05 13:52:00";300;0;;300;;;300;0;0;0;"Estimées";;"Accidentelle";;;;;""
2018;5484;"34";"34165";"Montbazin";"2018-08-05 15:05:00";153404;153404;;;;;;;;;;"3";"Malveillance";;;;;""
2018;5773;"11";"11043";"Bouilhonnac";"2018-08-05 15:53:00";1000;;;;;;;;;;;;;;;;;""
2018;397;"50";"50516";"Saint-Martin-des-Champs";"2018-08-05 15:54:00";500;0;;500;;;500;0;0;0;"Estimées";;;;;;;""
2018;6602;"13";"13038";"Fontvieille";"2018-08-05 17:00:00";100;100;;;;;;;;;;"1";;;;;;""
2018;5648;"83";"83121";"Salernes";"2018-08-05 17:00:00";2;;;;;;;;;;;;"Naturelle";;;;;""
2018;5649;"83";"83151";"Vins-sur-Caramy";"2018-08-05 17:25:00";500;500;;;;;;;;;;"1";"Naturelle";;;;;""
2018;5509;"2B";"2B153";"Manso";"2018-08-05 17:33:00";1;;;;;;;;;;;;"Naturelle";;;;;""
2018;185;"46";"46148";"Lalbenque";"2018-08-05 17:39:00";200;0;;200;;;200;0;0;0;"Estimées";;;;;;;""
2018;5454;"30";"30189";"Nîmes";"2018-08-05 17:49:00";3000;;3000;;;;;;;;;;"Malveillance";;;;;""
2018;5455;"30";"30085";"Collias";"2018-08-05 18:14:00";1;;;;;;;;;;;;;;;;;""
2018;186;"46";"46042";"Cahors";"2018-08-05 18:35:00";10000;0;;10000;;;10000;0;0;0;"Estimées";;;;;;;""
2018;7599;"66";"66164";"Rivesaltes";"2018-08-05 19:08:00";10000;;10000;;;;;;;;;"1";"Malveillance";;;;;""
2018;5457;"30";"30334";"Uzès";"2018-08-05 19:13:00";1;;;;;;;;;;;;;;;;;""
2018;5458;"30";"30141";"Laudun-l'Ardoise";"2018-08-05 19:58:00";1;;;;;;;;;;;;;;;;;""
2018;2055;"72";"72047";"Brette-les-Pins";"2018-08-05 21:40:00";500;500;;0;;;0;0;0;0;"Estimées";;;;;;;""
2018;5771;"11";"11069";"Carcassonne";"2018-08-06 00:11:00";10;;;;;;;;;;;;;;;;;""
2018;2056;"72";"72051";"Cérans-Foulletourte";"2018-08-06 00:26:00";5000;5000;;0;;;0;0;0;0;"Estimées";;;;;;;""
2018;1760;"33";"33544";"Le Verdon-sur-Mer";"2018-08-06 00:28:00";1500;1500;;0;;;0;;;0;;;;;;;;""
2018;1761;"33";"33190";"Goualade";"2018-08-06 00:28:00";3000;3000;;0;;;0;;;0;;;;;;;;""
2018;5770;"11";"11037";"Berriac";"2018-08-06 00:38:00";3;;;;;;;;;;;;;;;;;""
2018;5769;"11";"11069";"Carcassonne";"2018-08-06 04:14:00";150;;;;;;;;;;;;;;;;;""
2018;2057;"72";"72051";"Cérans-Foulletourte";"2018-08-06 10:53:00";1;1;;0;;;0;0;0;0;"Estimées";;;;;;;""
2018;478;"71";"71294";"Mercurey";"2018-08-06 11:30:00";4200;4200;;0;;;0;0;0;0;"Estimées";;"Malveillance";;;;;""
2018;5655;"83";"83140";"Tourves";"2018-08-06 11:48:00";2;2;;;;;;;;;;"4";"Naturelle";;;;;""
2018;2058;"72";"72293";"Saint-Jean-du-Bois";"2018-08-06 12:07:00";1;1;;0;;;0;0;0;0;"Estimées";;;;;;;""
2018;192;"46";"46176";"Livernon";"2018-08-06 12:45:00";70000;0;;70000;;;70000;0;0;0;"Estimées";;"Accidentelle";;;;;""
2018;193;"46";"46259";"Saint-Clair";"2018-08-06 12:58:00";20000;0;;20000;;;20000;0;0;0;"Estimées";;;;;;;""
2018;1759;"33";"33026";"Balizac";"2018-08-06 13:06:00";1000;1000;;0;;;0;;;0;;;"Accidentelle";;;;;""
2018;5512;"13";"13117";"Vitrolles";"2018-08-06 13:25:00";100;100;;;;;;;;;;"1";;;;;;""
2018;188;"81";"81182";"Montredon-Labessonnié";"2018-08-06 14:16:00";200;200;;0;;;0;0;0;0;"Mesurées";;"Involontaire (travaux)";;;;;""
2018;2059;"72";"72223";"Noyen-sur-Sarthe";"2018-08-06 14:16:00";100;100;;0;;;0;0;0;0;"Estimées";;;;;;;""
2018;5516;"34";"34036";"Le Bosc";"2018-08-06 14:36:00";58132;;58132;;;;;;;;;"1";"Malveillance";;;;;""
2018;1283;"40";"40267";"Saint-Justin";"2018-08-06 14:43:00";100;100;;0;;;0;;;0;;;"Involontaire (travaux)";;;;;""
2018;2060;"72";"72181";"Le Mans";"2018-08-06 14:46:00";10;10;;0;;;0;0;0;0;"Estimées";;;;;;;""
2018;1757;"33";"33226";"Langoiran";"2018-08-06 15:19:00";5000;5000;;0;;;0;;;0;;;;;;;;""
2018;5572;"2A";"2A004";"Ajaccio";"2018-08-06 15:42:00";8800;;8800;;;;;;;;;"1";"Accidentelle";;;;;""
2018;5712;"26";"26190";"Montaulieu";"2018-08-06 16:39:00";1250;1250;;;;;;;;;;"3";"Naturelle";;;;;""
2018;5907;"2A";"2A040";"Bocognano";"2018-08-06 16:44:00";10;;10;;;;;;;;;;"Naturelle";;;;;""
2018;1756;"33";"33272";"Marsas";"2018-08-06 16:47:00";10000;10000;;0;;;0;;;0;;;;;;;;""
2018;5514;"13";"13046";"Gréasque";"2018-08-06 17:08:00";20;20;;;;;;;;;;"1";;;;;;""
2018;3196;"24";"24064";"Brantôme en Périgord";"2018-08-06 17:09:00";400;400;;0;;;0;;;0;;;;;;;;""
2018;5573;"2A";"2A131";"Guagno";"2018-08-06 17:13:00";20;;20;;;;;;;;;;"Naturelle";;;;;""
2018;5513;"13";"13048";"Jouques";"2018-08-06 18:18:00";100;100;;;;;;;;;;"1";"Naturelle";;;;;""
2018;1754;"33";"33498";"Salles";"2018-08-07 07:10:00";50000;50000;;0;;;0;;;0;;;;;;;;""
2018;7608;"66";"66058";"Corneilla-la-Rivière";"2018-08-07 09:27:00";15000;10000;5000;;;;;;;;;"2";;;;;;""
2018;5768;"11";"11306";"Quirbajou";"2018-08-07 13:59:00";20;;;;;;;;;;;;;;;;;""
2018;5561;"07";"07204";"Saint-Agrève";"2018-08-07 14:41:00";20;20;;;;;;;;;;"4";;;;;;""
2018;1078;"12";"12266";"Ségur";"2018-08-07 15:22:00";20000;0;;5000;;;5000;5000;10000;15000;"Estimées";;"Involontaire (travaux)";;;;;""
2018;2061;"72";"72051";"Cérans-Foulletourte";"2018-08-07 16:01:00";500;500;;0;;;0;0;0;0;"Estimées";;;;;;;""
2018;5660;"83";"83104";"Rians";"2018-08-07 16:28:00";400;400;;;;;;;;;;"1";"Naturelle";;;;;""
2018;3192;"24";"24390";"Saint-Crépin-d'Auberoche";"2018-08-07 16:32:00";15000;15000;;0;;;0;;;0;;;;;;;;""
2018;5543;"2B";"2B049";"Calenzana";"2018-08-07 16:33:00";1;;;;;;;;;;;;"Naturelle";;;;;""
2018;5545;"2B";"2B277";"Serra-di-Fiumorbo";"2018-08-07 17:23:00";1500;;;;;;;;;;;;"Involontaire (particulier)";;;;;""
2018;5575;"2A";"2A240";"Poggiolo";"2018-08-07 17:27:00";1;;1;;;;;;;;;;"Naturelle";;;;;""
2018;5546;"2B";"2B199";"Palasca";"2018-08-07 17:31:00";10;;;;;;;;;;;;"Involontaire (particulier)";;;;;""
2018;8046;"48";"48180";"Saint-Rome-de-Dolan";"2018-08-07 17:34:00";100;100;;;;;;;;;;"4";"Naturelle";;;;;""
2018;2062;"72";"72047";"Brette-les-Pins";"2018-08-07 18:12:00";15;15;;0;;;0;0;0;0;"Estimées";;;;;;;""
2018;1748;"33";"33473";"Saint-Savin";"2018-08-07 18:13:00";1500;1500;;0;;;0;;;0;;;;;;;;""
2018;1746;"33";"33473";"Saint-Savin";"2018-08-07 18:32:00";100;100;;0;;;0;;;0;;;;;;;;""
2018;379;"63";"63100";"Châteauneuf-les-Bains";"2018-08-07 19:27:00";30722;722;;0;;;0;0;30000;30000;"Mesurées";;;;;;;""
2018;477;"71";"71294";"Mercurey";"2018-08-07 19:30:00";700;700;;0;;;0;0;0;0;"Estimées";;"Malveillance";;;;;""
2018;2063;"72";"72217";"Neuville-sur-Sarthe";"2018-08-07 19:44:00";100;100;;0;;;0;0;0;0;"Estimées";;;;;;;""
2018;5767;"11";"11296";"Pouzols-Minervois";"2018-08-07 19:58:00";500;;;;;;;;;;;;;;;;;""
2018;5547;"2B";"2B153";"Manso";"2018-08-07 19:59:00";1;;;;;;;;;;;;"Naturelle";;;;;""
2018;5766;"11";"11015";"Arques";"2018-08-07 20:21:00";50;;;;;;;;;;;;;;;;;""
2018;1745;"33";"33544";"Le Verdon-sur-Mer";"2018-08-08 02:10:00";1000;1000;;0;;;0;;;0;;;;;;;;""
2018;5765;"11";"11203";"Lézignan-Corbières";"2018-08-08 07:38:00";1;;;;;;;;;;;;;;;;;""
2018;1744;"33";"33473";"Saint-Savin";"2018-08-08 09:47:00";100;100;;0;;;0;;;0;;;;;;;;""
2018;5763;"11";"11008";"Alet-les-Bains";"2018-08-08 12:46:00";200;;;;;;;;;;;;;;;;;""
2018;1743;"33";"33281";"Mérignac";"2018-08-08 13:34:00";10;10;;0;;;0;;;0;;;"Accidentelle";;;;;""
2018;5536;"84";"84089";"Pertuis";"2018-08-08 15:52:00";50;;;;;;;;;;;;;;;;;""
2018;5611;"06";"06023";"Breil-sur-Roya";"2018-08-08 16:02:00";1000;500;500;;;;;;;;;"1";"Naturelle";;;;;""
2018;5548;"2B";"2B124";"Ghisoni";"2018-08-08 16:31:00";1;;;;;;;;;;;;"Naturelle";;;;;""
2018;5612;"06";"06088";"Nice";"2018-08-08 17:27:00";200;;200;;;;;;;;;"1";"Accidentelle";;;;;""
2018;5909;"2A";"2A200";"Palneca";"2018-08-08 18:15:00";300;;300;;;;;;;;;"1";"Naturelle";;;;;""
2018;5549;"2B";"2B073";"Casamaccioli";"2018-08-08 18:21:00";1;;;;;;;;;;;;"Naturelle";;;;;""
2018;5662;"83";"83118";"Saint-Raphaël";"2018-08-08 18:26:00";100;100;;;;;;;;;;"1";"Naturelle";;;;;""
2018;5526;"34";"34079";"Clermont-l'Hérault";"2018-08-08 18:28:00";74;74;;;;;;;;;;"4";"Malveillance";;;;;""
2018;2064;"72";"72231";"Parigné-l'Évêque";"2018-08-08 20:28:00";50;50;;0;;;0;0;0;0;"Estimées";;;;;;;""
2018;6603;"13";"13045";"Graveson";"2018-08-09 11:30:00";2;2;;;;;;;;;;"1";"Involontaire (particulier)";;;;;""
2018;1074;"12";"12025";"Belmont-sur-Rance";"2018-08-09 11:37:00";50000;0;;10000;;;10000;20000;20000;40000;"Estimées";;"Involontaire (travaux)";;;;;""
2018;6605;"13";"13011";"Les Baux-de-Provence";"2018-08-09 11:54:00";10;10;;;;;;;;;;"1";"Naturelle";;;;;""
2018;6606;"13";"13056";"Martigues";"2018-08-09 13:31:00";30;30;;;;;;;;;;"1";"Naturelle";;;;;""
2018;6607;"13";"13048";"Jouques";"2018-08-09 16:17:00";2;2;;;;;;;;;;"1";"Naturelle";;;;;""
2018;6148;"2A";"2A028";"Balogna";"2018-08-09 18:29:00";2;;2;;;;;;;;;;"Naturelle";;;;;""
2018;5554;"2B";"2B162";"Moltifao";"2018-08-09 19:09:00";10;;;;;;;;;;;;"Naturelle";;;;;""
2018;5668;"83";"83100";"Puget-Ville";"2018-08-10 16:07:00";90;;;;;;;;;;;;"Naturelle";;;;;""
2018;5621;"2B";"2B153";"Manso";"2018-08-10 16:36:00";1;;;;;;;;;;;;"Naturelle";;;;;""
2018;5619;"2B";"2B311";"Santa-Maria-Poggio";"2018-08-10 17:05:00";10;;;;;;;;;;;;"Naturelle";;;;;""
2018;239;"46";"46080";"Crayssac";"2018-08-10 17:15:00";5000;0;;5000;;;5000;0;0;0;"Estimées";;;;;;;""
2018;1737;"33";"33097";"Carcans";"2018-08-10 18:04:00";400;400;;0;;;0;;;0;;;;;;;;""
2018;5669;"83";"83075";"Les Mayons";"2018-08-10 19:07:00";300;;;;;;;;;;;;;;;;;""
2018;5828;"34";"34004";"Agel";"2018-08-10 22:02:00";2956;;2956;;;;;;;;;"1";"Malveillance";;;;;""
2018;5620;"2B";"2B140";"Lento";"2018-08-10 22:50:00";5;;;;;;;;;;;;"Malveillance";;;;;""
2018;5606;"34";"34197";"Péret";"2018-08-11 05:24:00";11882;;11882;;;;;;;;;"1";"Malveillance";;;;;""
2018;6614;"13";"13063";"Miramas";"2018-08-11 16:11:00";500;250;250;;;;;;;;;"1";;;;;;""
2018;7634;"66";"66118";"Montner";"2018-08-11 17:46:00";1500;1500;;;;;;;;;;"2";"Malveillance";;;;;""
2018;242;"36";"36207";"Saint-Plantaire";"2018-08-11 17:52:00";1000;1000;;0;;;0;0;0;0;"Estimées";;;;;;;""
2018;5814;"04";"04162";"Revest-des-Brousses";"2018-08-11 18:02:00";20;20;;;;;;;;;;"5";"Malveillance";;;;;""
2018;441;"21";"21445";"La Motte-Ternant";"2018-08-11 18:20:00";15000;15000;;0;;;0;0;0;0;"Mesurées";;"Naturelle";;;;;""
2018;1203;"12";"12119";"Laguiole";"2018-08-11 22:36:00";300;300;;0;;;0;0;0;0;"Estimées";;"Involontaire (travaux)";;;;;""
2018;5609;"34";"34286";"Saint-Privat";"2018-08-12 08:38:00";1212;;1212;;;;;;;;;"1";"Malveillance";;;;;""
2018;5711;"2A";"2A209";"Peri";"2018-08-12 10:50:00";1800;;1800;;;;;;;;;"1";"Malveillance";;;;;""
2018;5628;"34";"34203";"Pinet";"2018-08-12 12:01:00";196;196;;;;;;;;;;"5";"Malveillance";;;;;""
2018;1081;"12";"12088";"Curières";"2018-08-12 14:20:00";2;2;;0;;;0;0;0;0;"Mesurées";;"Naturelle";;;;;""
2018;380;"63";"63275";"Perrier";"2018-08-12 17:05:00";167;0;;167;;;167;0;0;0;"Mesurées";;;;;;;""
2018;5630;"34";"34329";"Vendres";"2018-08-12 17:09:00";266;;266;;;;;;;;;"1";"Accidentelle";;;;;""
2018;240;"46";"46007";"Arcambal";"2018-08-12 17:10:00";10000;0;;10000;;;10000;0;0;0;"Estimées";;;;;;;""
2018;1731;"33";"33233";"Laruscade";"2018-08-12 18:59:00";1000;100;;0;;;0;;;900;;;"Accidentelle";;;;;""
2018;235;"81";"81220";"Rabastens";"2018-08-12 20:55:00";40030;0;;30;;;30;0;40000;40000;"Estimées";;;;;;;""
2018;241;"46";"46064";"Catus";"2018-08-12 21:58:00";20000;20000;;0;;;0;0;0;0;"Estimées";;;;;;;""
2018;5724;"2B";"2B124";"Ghisoni";"2018-08-13 08:03:00";10;;;;;;;;;;;;"Naturelle";;;;;""
2018;7639;"66";"66193";"Serdinya";"2018-08-13 14:05:00";500;500;;;;;;;;;;"3";"Accidentelle";;;;;""
2018;5654;"48";"48171";"Saint-Martin-de-Lansuscle";"2018-08-13 16:03:00";2200;2200;;;;;;;;;;"5";"Naturelle";;;;;""
2018;7641;"66";"66096";"Latour-de-France";"2018-08-13 17:30:00";600;600;;;;;;;;;;"2";"Malveillance";;;;;""
2018;7642;"66";"66030";"Calce";"2018-08-13 18:10:00";300;300;;;;;;;;;;"2";"Malveillance";;;;;""
2018;5910;"2A";"2A004";"Ajaccio";"2018-08-14 00:39:00";200;;200;;;;;;;;;"1";"Accidentelle";;;;;""
2018;7655;"66";"66012";"Baho";"2018-08-14 11:59:00";1000;1000;;;;;;;;;;"4";"Malveillance";;;;;""
2018;5677;"83";"83075";"Les Mayons";"2018-08-14 14:26:00";10;;;;;;;;;;;;"Naturelle";;;;;""
2018;7653;"66";"66012";"Baho";"2018-08-14 15:04:00";30000;10000;20000;;;;;;;;;"2";"Malveillance";;;;;""
2018;5758;"11";"11040";"Bizanet";"2018-08-14 18:01:00";500;;;;;;;;;;;;;;;;;""
2018;7654;"66";"66170";"Sainte-Colombe-de-la-Commanderie";"2018-08-14 20:40:00";10000;;10000;;;;;;;;;"1";"Malveillance";;;;;""
2018;5720;"34";"34157";"Mèze";"2018-08-15 01:58:00";4042;;4042;;;;;;;;;"1";"Malveillance";;;;;""
2018;5719;"34";"34157";"Mèze";"2018-08-15 04:14:00";3200;;3200;;;;;;;;;"1";"Malveillance";;;;;""
2018;5861;"11";"11308";"Raissac-sur-Lampy";"2018-08-15 09:04:00";10;;;;;;;;;;;;;;;;;""
2018;5912;"2A";"2A017";"Appietto";"2018-08-15 12:54:00";20;;20;;;;;;;;;;;;;;;""
2018;8416;"13";"13118";"Coudoux";"2018-08-15 13:28:00";11000;11000;;;;;;;;;;"1";"Involontaire (particulier)";;;;;""
2018;7656;"66";"66012";"Baho";"2018-08-15 14:10:00";3000;3000;;;;;;;;;;"4";"Malveillance";;;;;""
2018;6616;"13";"13007";"Auriol";"2018-08-15 14:30:00";5;5;;;;;;;;;;"1";"Accidentelle";;;;;""
2018;1725;"33";"33226";"Langoiran";"2018-08-15 16:29:00";2000;2000;;0;;;0;;;0;;;;;;;;""
2018;512;"17";"17129";"Courpignac";"2018-08-15 18:26:00";400;400;;0;;;0;0;0;0;"Estimées";;;;;;;""
2018;2065;"72";"72181";"Le Mans";"2018-08-15 20:17:00";200;200;;0;;;0;0;0;0;"Estimées";;;;;;;""
2018;5723;"34";"34157";"Mèze";"2018-08-16 08:33:00";787;787;;;;;;;;;;"4";"Involontaire (travaux)";;;;;""
2018;5852;"11";"11144";"Fitou";"2018-08-16 08:50:00";1154;;;;;;;;;;;;;;;;;""
2018;5729;"2B";"2B185";"Oletta";"2018-08-16 11:25:00";2;;;;;;;;;;;;"Involontaire (particulier)";;;;;""
2018;6234;"2A";"2A130";"Grosseto-Prugna";"2018-08-16 13:13:00";25;;25;;;;;;;;;;;;;;;""
2018;7666;"66";"66071";"Estagel";"2018-08-16 13:55:00";22000;;22000;;;;;;;;;"1";"Malveillance";;;;;""
2018;1179;"16";"16086";"Chassenon";"2018-08-16 16:03:00";30000;10000;;0;;;0;0;20000;20000;"Estimées";;"Naturelle";;;;;""
2018;5817;"04";"04163";"Revest-du-Bion";"2018-08-16 16:17:00";800;;;;;;;;;;;;;;;;;""
2018;5913;"2A";"2A129";"Grossa";"2018-08-16 17:28:00";1000;;1000;;;;;;;;;;"Naturelle";;;;;""
2018;1712;"33";"33424";"Saint-Laurent-Médoc";"2018-08-17 02:11:00";3000;3000;;0;;;0;;;0;;;;;;;;""
2018;5733;"34";"34157";"Mèze";"2018-08-17 08:46:00";51;51;;;;;;;;;;"4";"Involontaire (travaux)";;;;;""
2018;5822;"34";"34184";"Nizas";"2018-08-17 11:16:00";41512;;41512;;;;;;;;;"1";"Malveillance";;;;;""
2018;1709;"33";"33525";"Tauriac";"2018-08-17 14:37:00";1030;30;;0;;;0;;;1000;;;;;;;;""
2018;5743;"2B";"2B095";"Corscia";"2018-08-17 15:45:00";10;;;;;;;;;;;;"Naturelle";;;;;""
2018;1707;"33";"33441";"Saint-Martin-Lacaussade";"2018-08-17 15:55:00";545;45;;0;;;0;;;500;;;;;;;;""
2018;2066;"72";"72181";"Le Mans";"2018-08-17 16:18:00";150;150;;0;;;0;0;0;0;"Estimées";;;;;;;""
2018;6617;"13";"13100";"Saint-Rémy-de-Provence";"2018-08-17 16:30:00";100;100;;;;;;;;;;"1";"Naturelle";;;;;""
2018;1279;"40";"40094";"Escource";"2018-08-17 18:13:00";2066;2066;;0;;;0;;;0;;;;;;;;""
2018;3218;"77";"77186";"Fontainebleau";"2018-08-18 11:00:00";5;5;;0;;;0;0;0;0;"Estimées";;"Involontaire (particulier)";;;;;""
2018;5757;"34";"34157";"Mèze";"2018-08-18 12:54:00";2329;2329;;;;;;;;;;"4";"Malveillance";;;;;""
2018;981;"45";"45182";"Ligny-le-Ribault";"2018-08-18 13:52:00";40000;40000;;0;;;0;0;0;0;"Estimées";;;;;;;""
2018;1703;"33";"33095";"Captieux";"2018-08-18 14:40:00";3200;3200;;0;;;0;;;0;;;;;;;;""
2018;267;"46";"46080";"Crayssac";"2018-08-18 15:26:00";300;0;;300;;;300;0;0;0;"Estimées";;;;;;;""
2018;2067;"72";"72231";"Parigné-l'Évêque";"2018-08-18 15:44:00";1000;1000;;0;;;0;0;0;0;"Estimées";;;;;;;""
2018;1701;"33";"33262";"Macau";"2018-08-18 18:46:00";3000;3000;;0;;;0;;;0;;;;;;;;""
2018;6156;"13";"13113";"Venelles";"2018-08-18 19:08:00";100;100;;;;;;;;;;"1";"Naturelle";;;;;""
2018;1699;"33";"33063";"Bordeaux";"2018-08-18 19:54:00";100;100;;0;;;0;;;0;;;"Involontaire (particulier)";;;;;""
2018;5851;"11";"11202";"Leucate";"2018-08-18 23:27:00";30;;;;;;;;;;;;;;;;;""
2018;6158;"13";"13040";"Fuveau";"2018-08-18 23:29:00";200;200;;;;;;;;;;"1";;;;;;""
2018;5855;"11";"11145";"Fleury";"2018-08-19 04:09:00";34575;;;;;;;;;;;;;;;;;""
2018;2068;"72";"72264";"Sablé-sur-Sarthe";"2018-08-19 10:05:00";10;10;;0;;;0;0;0;0;"Estimées";;;;;;;""
2018;935;"68";"68375";"Wittelsheim";"2018-08-19 11:24:00";20000;0;;20000;;;20000;0;0;0;"Estimées";;;;;;;""
2018;268;"46";"46153";"Lanzac";"2018-08-19 14:48:00";200;0;;200;;;200;0;0;0;"Estimées";;;;;;;""
2018;5745;"2B";"2B156";"Mausoléo";"2018-08-19 15:02:00";10;;;;;;;;;;;;"Naturelle";;;;;""
2018;5825;"34";"34003";"Agde";"2018-08-19 15:24:00";2214;2214;;;;;;;;;;"4";"Malveillance";;;;;""
2018;269;"46";"46220";"Pinsac";"2018-08-19 16:16:00";5000;0;;5000;;;5000;0;0;0;"Estimées";;;;;;;""
2018;270;"46";"46220";"Pinsac";"2018-08-19 16:19:00";15000;0;;15000;;;15000;0;0;0;"Estimées";;;;;;;""
2018;5746;"2B";"2B235";"Pioggiola";"2018-08-19 17:23:00";10;;;;;;;;;;;;"Naturelle";;;;;""
2018;1694;"33";"33284";"Mios";"2018-08-19 17:23:00";2000;2000;;0;;;0;;;0;;;;;;;;""
2018;7681;"66";"66172";"Saint-Estève";"2018-08-19 17:42:00";5000;;5000;;;;;;;;;"1";"Malveillance";;;;;""
2018;271;"46";"46154";"Laramière";"2018-08-19 17:46:00";600;0;;600;;;600;0;0;0;"Estimées";;;;;;;""
2018;5858;"11";"11069";"Carcassonne";"2018-08-19 23:25:00";110;;;;;;;;;;;;;;;;;""
2018;7756;"66";"66190";"Salses-le-Château";"2018-08-20 00:16:00";2000;;2000;;;;;;;;;"1";;;;;;""
2018;6160;"13";"13022";"Cassis";"2018-08-20 03:39:00";400;400;;;;;;;;;;"1";"Malveillance";;;;;""
2018;5802;"2B";"2B190";"Olmi-Cappella";"2018-08-20 08:21:00";5;;;;;;;;;;;;"Naturelle";;;;;""
2018;5798;"30";"30321";"Sommières";"2018-08-20 13:14:00";34818;2200;32618;;;;;;;;;"1";"Accidentelle";;;;;""
2018;5856;"11";"11262";"Narbonne";"2018-08-20 14:11:00";16243;;;;;;;;;;;;;;;;;""
2018;285;"73";"73225";"Saint-Baldoph";"2018-08-20 14:45:00";500;0;;500;;;500;0;0;0;"Estimées";;;;;;;""
2018;5951;"48";"48014";"Bagnols-les-Bains";"2018-08-20 15:05:00";7100;;7000;;;;;;;100;;"1";;;;;;""
2018;5857;"11";"11145";"Fleury";"2018-08-20 15:31:00";238;;;;;;;;;;;;;;;;;""
2018;5800;"30";"30062";"Calvisson";"2018-08-20 15:48:00";4793;400;4393;;;;;;;;;"1";"Malveillance";;;;;""
2018;983;"45";"45204";"Mézières-lez-Cléry";"2018-08-20 15:54:00";40000;5000;;0;;;0;35000;0;35000;"Estimées";;"Involontaire (travaux)";;;;;""
2018;1688;"33";"33389";"Saint-Ciers-sur-Gironde";"2018-08-20 16:32:00";1500;1500;;0;;;0;;;0;;;"Accidentelle";;;;;""
2018;283;"46";"46176";"Livernon";"2018-08-20 16:52:00";5000;0;;5000;;;5000;0;0;0;"Estimées";;;;;;;""
2018;312;"58";"58149";"Luzy";"2018-08-20 17:23:00";140000;0;;30000;;;30000;110000;0;110000;"Estimées";;;;;;;""
2018;5943;"04";"04077";"Entrevennes";"2018-08-20 17:39:00";340;;;;;;;;;;;;"Naturelle";;;;;""
2018;513;"17";"17470";"Villars-les-Bois";"2018-08-20 20:37:00";400;400;;0;;;0;0;0;0;"Estimées";;;;;;;""
2018;5854;"11";"11037";"Berriac";"2018-08-21 00:15:00";400;;;;;;;;;;;;;;;;;""
2018;7757;"66";"66108";"Millas";"2018-08-21 06:29:00";20000;10000;10000;;;;;;;;;"2";"Malveillance";;;;;""
2018;1145;"86";"86166";"Montreuil-Bonnin";"2018-08-21 12:11:00";60000;0;;10000;;;10000;50000;0;50000;"Estimées";;;;;;;""
2018;7758;"66";"66065";"Elne";"2018-08-21 14:03:00";22100;10000;12100;;;;;;;;;"2";;;;;;""
2018;292;"58";"58187";"Myennes";"2018-08-21 14:11:00";100;0;;100;;;100;0;0;0;"Estimées";;;;;;;""
2018;1246;"31";"31202";"Fronton";"2018-08-21 15:16:00";22500;500;;5000;;;5000;2000;15000;17000;"Estimées";;"Involontaire (travaux)";;;;;""
2018;6149;"2A";"2A131";"Guagno";"2018-08-21 15:19:00";1;;1;;;;;;;;;;"Naturelle";;;;;""
2018;1211;"12";"12258";"La Salvetat-Peyralès";"2018-08-21 15:30:00";10150;0;;150;;;150;0;10000;10000;"Estimées";;"Involontaire (travaux)";;;;;""
2018;287;"46";"46245";"Sabadel-Lauzès";"2018-08-21 17:31:00";300;0;;300;;;300;0;0;0;"Estimées";;;;;;;""
2018;6618;"13";"13106";"Septèmes-les-Vallons";"2018-08-21 17:58:00";200;200;;;;;;;;;;"1";;;;;;""
2018;5862;"11";"11069";"Carcassonne";"2018-08-22 00:53:00";20;;;;;;;;;;;;;;;;;""
2018;6338;"84";"84009";"La Bastide-des-Jourdans";"2018-08-22 11:58:00";15;;;;;;;;;;;;;;;;;""
2018;2069;"72";"72047";"Brette-les-Pins";"2018-08-22 12:49:00";200;200;;0;;;0;0;0;0;"Estimées";;;;;;;""
2018;6619;"13";"13041";"Gardanne";"2018-08-22 13:41:00";200;200;;;;;;;;;;"1";"Naturelle";;;;;""
2018;5843;"2B";"2B016";"Antisanti";"2018-08-22 14:26:00";10;;;;;;;;;;;;"Naturelle";;;;;""
2018;5952;"48";"48146";"Sainte-Enimie";"2018-08-22 15:11:00";5200;5200;0;;;;;;;;;"4";"Naturelle";;;;;""
2018;3220;"77";"77186";"Fontainebleau";"2018-08-22 16:00:00";4100;4100;;0;;;0;0;0;0;"Estimées";;"Involontaire (particulier)";;;;;""
2018;6339;"84";"84057";"Joucas";"2018-08-22 16:01:00";80;;;;;;;;;;;;;;;;;""
2018;5844;"2B";"2B096";"Corte";"2018-08-22 16:54:00";500;;;;;;;;;;;;"Naturelle";;;;;""
2018;381;"63";"63070";"Ceyrat";"2018-08-22 17:09:00";201;0;;201;;;201;0;0;0;"Mesurées";;;;;;;""
2018;5953;"48";"48136";"Saint-André-de-Lancize";"2018-08-22 17:30:00";300;;300;;;;;;;;;"1";"Naturelle";;;;;""
2018;5954;"48";"48136";"Saint-André-de-Lancize";"2018-08-22 17:30:00";500;;500;;;;;;;;;"1";"Naturelle";;;;;""
2018;7760;"66";"66102";"Mantet";"2018-08-22 17:51:00";2000;500;1500;;;;;;;;;"3";"Naturelle";;;;;""
2018;7761;"66";"66071";"Estagel";"2018-08-22 18:22:00";10000;5000;5000;;;;;;;;;"2";"Malveillance";;;;;""
2018;314;"46";"46193";"Miers";"2018-08-22 18:42:00";50000;0;;50000;;;50000;0;0;0;"Estimées";;;;;;;""
2018;315;"46";"46174";"Linac";"2018-08-22 18:48:00";3000;0;;3000;;;3000;0;0;0;"Estimées";;;;;;;""
2018;1277;"40";"40025";"Bascons";"2018-08-22 21:10:00";3000;1500;;0;;;0;;;1500;;;;;;;;""
2018;8052;"48";"48155";"Saint-Germain-de-Calberte";"2018-08-22 21:45:00";5;5;;;;;;;;;;"4";"Naturelle";;;;;""
2018;1513;"33";"33070";"Brach";"2018-08-23 11:26:00";1500;1500;;0;;;0;;;0;;;;;;;;""
2018;1951;"47";"47292";"Sauveterre-la-Lémance";"2018-08-23 11:59:00";5000;5000;;0;;;0;;;0;;;;;;;;""
2018;6620;"13";"13022";"Cassis";"2018-08-23 13:38:00";50;50;;;;;;;;;;"1";"Accidentelle";;;;;""
2018;514;"17";"17199";"Jussas";"2018-08-23 13:40:00";2800;2800;;0;;;0;0;0;0;"Mesurées";;;;;;;""
2018;5931;"2B";"2B292";"Sant'Andréa-di-Bozio";"2018-08-23 14:20:00";5;;;;;;;;;;;;"Naturelle";;;;;""
2018;5932;"2B";"2B050";"Calvi";"2018-08-23 14:35:00";5;;;;;;;;;;;;"Naturelle";;;;;""
2018;7762;"66";"66180";"Saint-Laurent-de-la-Salanque";"2018-08-23 15:06:00";25000;;25000;;;;;;;;;"1";"Malveillance";;;;;""
2018;6621;"13";"13117";"Vitrolles";"2018-08-23 15:38:00";50;50;;;;;;;;;;"1";;;;;;""
2018;5933;"2B";"2B096";"Corte";"2018-08-23 15:57:00";5;;;;;;;;;;;;"Naturelle";;;;;""
2018;6150;"2A";"2A114";"Figari";"2018-08-23 16:26:00";5;;5;;;;;;;;;;"Naturelle";;;;;""
2018;1146;"86";"86159";"Millac";"2018-08-23 16:54:00";70000;50000;;0;;;0;20000;0;20000;"Estimées";;;;;;;""
2018;6161;"13";"13019";"Cabriès";"2018-08-23 16:58:00";100;100;;;;;;;;;;"1";"Involontaire (travaux)";;;;;""
2018;5901;"06";"06136";"Sospel";"2018-08-23 17:06:00";50;;;;;;;;;;;"1";;;;;;""
2018;5908;"34";"34327";"Vendargues";"2018-08-23 18:50:00";355;355;;;;;;;;;;"4";"Involontaire (particulier)";;;;;""
2018;6144;"07";"07334";"Les Vans";"2018-08-24 05:05:00";8000;8000;;;;;;;;;;"4";"Accidentelle";;;;;""
2018;5961;"34";"34058";"Castries";"2018-08-24 09:14:00";10;;;;;;;;;;;;"Malveillance";;;;;""
2018;1206;"12";"12177";"Palmas d'Aveyron";"2018-08-24 14:35:00";10000;0;;5000;;;5000;0;5000;5000;"Estimées";;"Involontaire (travaux)";;;;;""
2018;1147;"86";"86136";"Lizant";"2018-08-24 15:36:00";2000;0;;2000;;;2000;0;0;0;"Estimées";;;;;;;""
2018;5934;"2B";"2B002";"Aghione";"2018-08-24 18:07:00";40000;;;;;;;;;;;;"Malveillance";;;;;""
2018;7329;"11";"11188";"La Palme";"2018-08-24 20:14:00";1200;;;;;;;;;;;;;;;;;""
2018;6162;"13";"13028";"La Ciotat";"2018-08-24 23:58:00";500;;;;;;;;;;;"1";"Accidentelle";;;;;""
2018;7330;"11";"11037";"Berriac";"2018-08-25 01:49:00";1500;;;;;;;;;;;;;;;;;""
2018;7331;"11";"11401";"Tuchan";"2018-08-25 12:26:00";2500;;;;;;;;;;;;;;;;;""
2018;5964;"34";"34079";"Clermont-l'Hérault";"2018-08-25 14:04:00";184;184;;;;;;;;;;"3";"Malveillance";;;;;""
2018;5963;"34";"34079";"Clermont-l'Hérault";"2018-08-25 14:04:00";990;990;;;;;;;;;;"4";"Malveillance";;;;;""
2018;5946;"83";"83063";"La Garde-Freinet";"2018-08-25 15:39:00";15000;15000;;;;;;;;;;"3";"Accidentelle";;;;;""
2018;7320;"34";"34186";"Octon";"2018-08-25 17:25:00";222;;;;;;;;;;;"1";"Involontaire (travaux)";;;;;""
2018;5965;"34";"34186";"Octon";"2018-08-25 17:27:00";1007;1007;;;;;;;;;;"3";"Involontaire (travaux)";;;;;""
2018;7332;"11";"11203";"Lézignan-Corbières";"2018-08-25 19:06:00";20;;;;;;;;;;;;;;;;;""
2018;7333;"11";"11037";"Berriac";"2018-08-26 01:42:00";300;;;;;;;;;;;;;;;;;""
2018;7334;"11";"11037";"Berriac";"2018-08-26 02:47:00";50;;;;;;;;;;;;;;;;;""
2018;5948;"83";"83126";"La Seyne-sur-Mer";"2018-08-26 06:14:00";5000;5000;;;;;;;;;;"4";"Involontaire (particulier)";;;;;""
2018;1276;"40";"40169";"Maillas";"2018-08-26 09:26:00";500;500;;0;;;0;;;0;;;;;;;;""
2018;6151;"2A";"2A262";"Rosazia";"2018-08-26 12:38:00";1;;1;;;;;;;;;;"Naturelle";;;;;""
2018;6152;"2A";"2A048";"Calcatoggio";"2018-08-26 13:46:00";1150;;1150;;;;;;;;;"1";"Involontaire (particulier)";;;;;""
2018;5938;"2B";"2B355";"Volpajola";"2018-08-26 13:48:00";30000;;;;;;;;;;;;"Malveillance";;;;;""
2018;429;"46";"46205";"Montgesty";"2018-08-26 19:04:00";7000;0;;7000;;;7000;0;0;0;"Estimées";;;;;;;""
2018;7335;"11";"11081";"Caunes-Minervois";"2018-08-26 21:22:00";300;;;;;;;;;;;;;;;;;""
2018;5930;"30";"30231";"Saint-André-de-Valborgne";"2018-08-26 23:12:00";50;;;;;;;;;;;;"Malveillance";;;;;""
2018;1504;"33";"33226";"Langoiran";"2018-08-27 00:07:00";200;200;;0;;;0;;;0;;;;;;;;""
2018;7336;"11";"11099";"Conques-sur-Orbiel";"2018-08-27 00:23:00";342;;;;;;;;;;;;;;;;;""
2018;7337;"11";"11099";"Conques-sur-Orbiel";"2018-08-27 00:23:00";2194;;;;;;;;;;;;;;;;;""
2018;6057;"34";"34061";"Causses-et-Veyran";"2018-08-27 11:31:00";210;210;;;;;;;;;;"3";"Involontaire (travaux)";;;;;""
2018;5959;"30";"30032";"Beaucaire";"2018-08-27 11:38:00";300;;;;;;;;;;;"1";;;;;;""
2018;7339;"11";"11369";"Sallèles-d'Aude";"2018-08-27 12:32:00";5;;;;;;;;;;;;;;;;;""
2018;6017;"26";"26116";"Donzère";"2018-08-27 13:02:00";4000;;4000;;;;;;;;;"4";;;;;;""
2018;7340;"11";"11006";"Albas";"2018-08-27 14:10:00";500;;;;;;;;;;;;;;;;;""
2018;1275;"40";"40169";"Maillas";"2018-08-27 14:20:00";1500;1500;;0;;;0;;;0;;;;;;;;""
2018;1947;"47";"47283";"Saint-Vite";"2018-08-27 16:05:00";40;40;;0;;;0;;;0;;;;;;;;""
2018;434;"46";"46183";"Marcilhac-sur-Célé";"2018-08-27 16:25:00";241900;0;;241900;;;241900;0;0;0;"Mesurées";;;;;;;""
2018;6163;"13";"13056";"Martigues";"2018-08-27 19:40:00";900;900;;;;;;;;;;"1";"Malveillance";;;;;""
2018;1273;"40";"40043";"Bias";"2018-08-28 12:06:00";15000;15000;;0;;;0;;;0;;;;;;;;""
2018;430;"46";"46311";"Sousceyrac-en-Quercy";"2018-08-28 12:50:00";100;0;;100;;;100;0;0;0;"Estimées";;"Involontaire (particulier)";;;;;""
2018;1503;"33";"33422";"Saint-Jean-d'Illac";"2018-08-28 12:50:00";10;10;;0;;;0;;;0;;;;;;;;""
2018;431;"46";"46042";"Cahors";"2018-08-28 13:47:00";200;0;;200;;;200;0;0;0;"Estimées";;;;;;;""
2018;5975;"30";"30334";"Uzès";"2018-08-28 14:06:00";1;;;;;;;;;;;;;;;;;""
2018;1045;"32";"32127";"Estang";"2018-08-28 14:14:00";10000;0;;10000;;;10000;0;0;0;"Estimées";;;;;;;""
2018;1010;"15";"15192";"Saint-Jacques-des-Blats";"2018-08-28 15:30:00";10000;0;;10000;;;10000;0;0;0;"Estimées";;;;;;;""
2018;1151;"86";"86118";"Journet";"2018-08-28 16:12:00";41000;1000;;0;;;0;40000;0;40000;"Estimées";;;;;;;""
2018;984;"45";"45082";"Châteauneuf-sur-Loire";"2018-08-28 16:41:00";60000;10000;;0;;;0;50000;0;50000;"Estimées";;;;;;;""
2018;6020;"06";"06088";"Nice";"2018-08-28 16:44:00";800;;;;;;;;;;;"1";;;;;;""
2018;6166;"13";"13077";"Port-de-Bouc";"2018-08-28 17:01:00";100;100;;;;;;;;;;"1";"Malveillance";;;;;""
2018;5986;"34";"34162";"Montagnac";"2018-08-28 18:00:00";12173;;12173;;;;;;;;;"1";"Malveillance";;;;;""
2018;1495;"33";"33274";"Martillac";"2018-08-28 19:35:00";500;500;;0;;;0;;;0;;;;;;;;""
2018;1491;"33";"33385";"Saint-Christophe-de-Double";"2018-08-28 20:56:00";20000;20000;;0;;;0;;;0;;;;;;;;""
2018;1490;"33";"33534";"Le Tourne";"2018-08-28 20:56:00";809;800;;0;;;0;;;9;;;;;;;;""
2018;1488;"33";"33304";"Neuffons";"2018-08-28 21:43:00";5000;5000;;0;;;0;;;0;;;;;;;;""
2018;1486;"33";"33528";"Le Temple";"2018-08-29 08:59:00";10;10;;0;;;0;;;0;;;"Naturelle";;;;;""
2018;1485;"33";"33076";"Budos";"2018-08-29 10:02:00";20;20;;0;;;0;;;0;;;"Naturelle";;;;;""
2018;1484;"33";"33501";"Saucats";"2018-08-29 14:37:00";30000;30000;;0;;;0;;;0;;;"Naturelle";;;;;""
2018;1483;"33";"33436";"Saint-Magne";"2018-08-29 15:09:00";5;5;;0;;;0;;;0;;;"Naturelle";;;;;""
2018;1207;"12";"12025";"Belmont-sur-Rance";"2018-08-29 15:30:00";800;800;;0;;;0;0;0;0;"Estimées";;"Involontaire (travaux)";;;;;""
2018;1481;"33";"33422";"Saint-Jean-d'Illac";"2018-08-29 15:44:00";2500;2500;;0;;;0;;;0;;;"Naturelle";;;;;""
2018;7786;"66";"66068";"Escaro";"2018-08-29 16:41:00";300;300;;;;;;;;;;"4";"Naturelle";;;;;""
2018;7787;"66";"66036";"Canaveilles";"2018-08-29 16:50:00";150;150;;;;;;;;;;"4";"Naturelle";;;;;""
2018;1272;"40";"40331";"Villeneuve-de-Marsan";"2018-08-29 17:09:00";500;500;;0;;;0;;;0;;;"Naturelle";;;;;""
2018;6018;"26";"26115";"Divajeu";"2018-08-29 18:46:00";300;;300;;;;;;;;;"4";"Naturelle";;;;;""
2018;7788;"66";"66136";"Perpignan";"2018-08-29 22:46:00";2000;;2000;;;;;;;;;"1";"Malveillance";;;;;""
2018;7789;"66";"66014";"Baixas";"2018-08-30 04:35:00";2000;;2000;;;;;;;;;"1";"Malveillance";;;;;""
2018;6154;"2A";"2A085";"Cauro";"2018-08-30 10:24:00";50;;50;;;;;;;;;"1";"Accidentelle";;;;;""
2018;1015;"15";"15240";"Trémouille";"2018-08-30 11:20:00";2000;0;;2000;;;2000;0;0;0;"Estimées";;;;;;;""
2018;6019;"26";"26382";"Saint-Vincent-la-Commanderie";"2018-08-30 12:01:00";500;;500;;;;;;;;;"3";"Involontaire (travaux)";;;;;""
2018;6021;"06";"06104";"Roquebrune-Cap-Martin";"2018-08-30 12:40:00";2000;1000;1000;;;;;;;;;"4";"Involontaire (particulier)";;;;;""
2018;1479;"33";"33203";"Hourtin";"2018-08-30 13:05:00";150;150;;0;;;0;;;0;;;;;;;;""
2018;1208;"12";"12069";"Combret";"2018-08-30 14:14:00";12000;0;;1000;;;1000;1000;10000;11000;"Estimées";;"Involontaire (travaux)";;;;;""
2018;1942;"47";"47007";"Allons";"2018-08-30 14:26:00";10000;10000;;0;;;0;;;0;;;"Naturelle";;;;;""
2018;1209;"12";"12030";"Bouillac";"2018-08-30 14:40:00";35000;10000;;0;;;0;5000;20000;25000;"Estimées";;"Involontaire (travaux)";;;;;""
2018;6622;"13";"13056";"Martigues";"2018-08-30 15:02:00";50;50;;;;;;;;;;"1";;;;;;""
2018;6117;"83";"83045";"Correns";"2018-08-30 15:35:00";27000;27000;;;;;;;;;;"5";"Accidentelle";;;;;""
2018;1477;"33";"33197";"Guillos";"2018-08-30 15:37:00";150;150;;0;;;0;;;0;;;"Naturelle";;;;;""
2018;1270;"40";"40197";"Morcenx";"2018-08-30 16:16:00";500;500;;0;;;0;;;0;;;"Naturelle";;;;;""
2018;6340;"84";"84127";"Sérignan-du-Comtat";"2018-08-30 18:57:00";1000;;;;;;;;;;;;;;;;;""
2018;1269;"40";"40243";"Rion-des-Landes";"2018-08-30 19:24:00";13000;13000;;0;;;0;;;0;;;"Naturelle";;;;;""
2018;7341;"11";"11421";"Villedaigne";"2018-08-30 20:31:00";2406;;;;;;;;;;;;;;;;;""
2018;1268;"40";"40111";"Geloux";"2018-08-30 20:33:00";13000;13000;;0;;;0;;;0;;;"Naturelle";;;;;""
2018;1267;"40";"40094";"Escource";"2018-08-30 21:06:00";10000;5000;;0;;;0;;;5000;;;"Naturelle";;;;;""
2018;6155;"2A";"2A247";"Porto-Vecchio";"2018-08-31 06:00:00";300;;300;;;;;;;;;;"Accidentelle";;;;;""
2018;1472;"33";"33417";"Sainte-Hélène";"2018-08-31 12:45:00";30000;30000;;0;;;0;;;0;;;;;;;;""
2018;6037;"83";"83153";"Saint-Mandrier-sur-Mer";"2018-08-31 15:40:00";300;300;;;;;;;;;;"4";"Malveillance";;;;;""
2018;515;"17";"17260";"Neuvicq";"2018-08-31 15:45:00";3000;3000;;0;;;0;0;0;0;"Estimées";;;;;;;""
2018;1471;"33";"33012";"Arsac";"2018-08-31 16:06:00";2000;2000;;0;;;0;;;0;;;"Accidentelle";;;;;""
2018;1470;"33";"33498";"Salles";"2018-08-31 16:26:00";10000;10000;;0;;;0;;;0;;;;;;;;""
2018;7790;"66";"66148";"Port-Vendres";"2018-08-31 16:40:00";1000;1000;;;;;;;;;;"4";"Malveillance";;;;;""
2018;1468;"33";"33332";"Porchères";"2018-08-31 19:04:00";200;200;;0;;;0;;;0;;;"Accidentelle";;;;;""
2018;6015;"04";"04127";"Montfort";"2018-09-01 10:14:00";8;8;;;;;;;;;;"4";"Involontaire (particulier)";;;;;""
2018;6076;"34";"34061";"Causses-et-Veyran";"2018-09-01 12:32:00";829;;829;;;;;;;;;"1";"Accidentelle";;;;;""
2018;6027;"2B";"2B123";"Ghisonaccia";"2018-09-01 13:09:00";100700;;;;;;;;;;;;"Malveillance";;;;;""
2018;6109;"13";"13098";"Saint-Mitre-les-Remparts";"2018-09-01 13:23:00";10;10;;;;;;;;;;"1";;;;;;""
2018;6022;"06";"06039";"Châteauneuf-Villevieille";"2018-09-01 13:56:00";1500;;1500;;;;;;;;;"2";"Naturelle";;;;;""
2018;6028;"2B";"2B123";"Ghisonaccia";"2018-09-01 14:06:00";4500;;;;;;;;;;;;"Malveillance";;;;;""
2018;6029;"2B";"2B009";"Aléria";"2018-09-01 14:18:00";90000;15000;20000;;;;;;;55000;;;"Malveillance";;;;;""
2018;432;"46";"46045";"Cajarc";"2018-09-01 15:28:00";1850000;0;;1850000;;;1850000;0;0;0;"Estimées";;;;;;;""
2018;1019;"15";"15088";"Lacapelle-Viescamp";"2018-09-01 16:00:00";9000;0;;9000;;;9000;0;0;0;"Estimées";;"Malveillance";;;;;""
2018;6016;"04";"04135";"Moustiers-Sainte-Marie";"2018-09-01 16:04:00";1;1;;;;;;;;;;"4";"Involontaire (particulier)";;;;;""
2018;6110;"13";"13056";"Martigues";"2018-09-01 16:48:00";200;200;;;;;;;;;;"1";"Malveillance";;;;;""
2018;1467;"33";"33502";"Saugon";"2018-09-01 16:54:00";10000;10000;;0;;;0;;;0;;;;;;;;""
2018;1034;"15";"15240";"Trémouille";"2018-09-01 17:30:00";10000;0;;10000;;;10000;0;0;0;"Estimées";;;;;;;""
2018;6623;"13";"13056";"Martigues";"2018-09-01 17:38:00";200;200;;;;;;;;;;"1";"Malveillance";;;;;""
2018;6112;"13";"13039";"Fos-sur-Mer";"2018-09-01 18:23:00";9000;9000;;;;;;;;;;"1";"Malveillance";;;;;""
2018;7795;"66";"66143";"Planèzes";"2018-09-01 21:12:00";40000;40000;;;;;;;;;;"2";"Malveillance";;;;;""
2018;6081;"34";"34061";"Causses-et-Veyran";"2018-09-02 00:27:00";2234;;2234;;;;;;;;;"1";;;;;;""
2018;1466;"33";"33190";"Goualade";"2018-09-02 01:18:00";1500;1500;;0;;;0;;;0;;;;;;;;""
2018;1087;"12";"12145";"Millau";"2018-09-02 04:56:00";600;100;;0;;;0;500;0;500;"Estimées";;"Involontaire (particulier)";;;;;""
2018;6039;"83";"83090";"Ollioules";"2018-09-02 08:37:00";500;;;;;;;;;;;;;;;;;""
2018;6111;"13";"13056";"Martigues";"2018-09-02 10:49:00";50;50;;;;;;;;;;"1";"Malveillance";;;;;""
2018;6124;"04";"04101";"Lardiers";"2018-09-02 13:09:00";15;;;;;;;;;;;;;;;;;""
2018;2070;"72";"72223";"Noyen-sur-Sarthe";"2018-09-02 14:20:00";1500;1500;;0;;;0;0;0;0;"Estimées";;;;;;;""
2018;2071;"72";"72346";"La Suze-sur-Sarthe";"2018-09-02 14:38:00";1500;1500;;0;;;0;0;0;0;"Estimées";;;;;;;""
2018;6031;"2B";"2B350";"Vignale";"2018-09-02 14:44:00";80;;;;;;;;;;;;;;;;;""
2018;6032;"2B";"2B355";"Volpajola";"2018-09-02 15:02:00";1;;;;;;;;;;;;"Malveillance";;;;;""
2018;6159;"2A";"2A004";"Ajaccio";"2018-09-02 16:06:00";50;;50;;;;;;;;;;"Involontaire (particulier)";;;;;""
2018;985;"45";"45082";"Châteauneuf-sur-Loire";"2018-09-02 16:24:00";50000;50000;;0;;;0;0;0;0;"Estimées";;;;;;;""
2018;433;"46";"46334";"Le Vigan";"2018-09-02 17:09:00";400;0;;400;;;400;0;0;0;"Estimées";;;;;;;""
2018;6624;"13";"13002";"Allauch";"2018-09-02 17:37:00";50;50;;;;;;;;;;"1";"Accidentelle";;;;;""
2018;6625;"13";"13103";"Salon-de-Provence";"2018-09-02 19:30:00";300;300;;;;;;;;;;"1";;;;;;""
2018;516;"17";"17225";"Les Mathes";"2018-09-02 21:04:00";1000;1000;;0;;;0;0;0;0;"Estimées";;;;;;;""
2018;6119;"83";"83112";"Saint-Cyr-sur-Mer";"2018-09-02 22:27:00";100;100;;;;;;;;;;"4";"Malveillance";;;;;""
2018;6165;"2A";"2A028";"Balogna";"2018-09-02 23:48:00";20;;20;;;;;;;;;;;;;;;""
2018;7802;"66";"66014";"Baixas";"2018-09-03 06:06:00";1000;;1000;;;;;;;;;"1";"Malveillance";;;;;""
2018;1153;"86";"86045";"Celle-Lévescault";"2018-09-03 10:40:00";2000;0;;2000;;;2000;0;0;0;"Estimées";;;;;;;""
2018;2072;"72";"72232";"Notre-Dame-du-Pé";"2018-09-03 10:54:00";50;50;;0;;;0;0;0;0;"Estimées";;;;;;;""
2018;6130;"34";"34316";"Usclas-du-Bosc";"2018-09-03 12:08:00";1728;;1728;;;;;;;;;"1";"Malveillance";;;;;""
2018;6120;"83";"83069";"Hyères";"2018-09-03 13:05:00";300;300;;;;;;;;;;"4";"Malveillance";;;;;""
2018;1457;"33";"33498";"Salles";"2018-09-03 13:31:00";200;200;;0;;;0;;;0;;;;;;;;""
2018;1088;"12";"12030";"Bouillac";"2018-09-03 14:30:00";12000;0;;8000;;;8000;0;4000;4000;"Estimées";;"Accidentelle";;;;;""
2018;1456;"33";"33449";"Saint-Médard-en-Jalles";"2018-09-03 14:48:00";2000;2000;;0;;;0;;;0;;;;;;;;""
2018;1154;"86";"86200";"Pressac";"2018-09-03 15:12:00";10000;0;;10000;;;10000;0;0;0;"Estimées";;;;;;;""
2018;6135;"34";"34116";"Grabels";"2018-09-03 16:29:00";1881;;;;;;;;;;;;"Malveillance";;;;;""
2018;1155;"86";"86120";"Lathus-Saint-Rémy";"2018-09-03 17:45:00";30000;0;;10000;;;10000;20000;0;20000;"Estimées";;;;;;;""
2018;517;"17";"17225";"Les Mathes";"2018-09-03 20:32:00";500;500;;0;;;0;0;0;0;"Estimées";;"Malveillance";;;;;""
2018;1266;"40";"40278";"Saint-Paul-en-Born";"2018-09-04 11:40:00";834;834;;0;;;0;;;0;;;"Accidentelle";;;;;""
2018;6195;"34";"34160";"Mons";"2018-09-04 11:51:00";190;;190;;;;;;;;;"1";;;;;;""
2018;6200;"34";"34232";"Roquebrun";"2018-09-04 12:26:00";52;52;;;;;;;;;;"2";;;;;;""
2018;1451;"33";"33236";"Lège-Cap-Ferret";"2018-09-04 12:52:00";600;600;;0;;;0;;;0;;;"Accidentelle";;;;;""
2018;518;"17";"17110";"Clérac";"2018-09-04 13:23:00";46000;46000;;0;;;0;0;0;0;"Mesurées";;;;;;;""
2018;6140;"34";"34036";"Le Bosc";"2018-09-04 13:56:00";12382;;;;;;;;;;;;"Malveillance";;;;;""
2018;1449;"33";"33385";"Saint-Christophe-de-Double";"2018-09-04 14:19:00";49997;49997;;0;;;0;;;0;;;;;;;;""
2018;7807;"66";"66082";"Formiguères";"2018-09-04 16:02:00";200;;;;;;;;;200;;"4";"Involontaire (particulier)";;;;;""
2018;7808;"66";"66065";"Elne";"2018-09-04 16:12:00";60000;30000;30000;;;;;;;;;"2";"Malveillance";;;;;""
2018;8385;"48";"48137";"Saint-Bauzile";"2018-09-04 16:13:00";5;5;;;;;;;;;;"4";;;;;;""
2018;1265;"40";"40245";"Roquefort";"2018-09-04 17:14:00";1000;1000;;0;;;0;;;0;;;;;;;;""
2018;436;"81";"81005";"Albine";"2018-09-04 18:20:00";100;100;;0;;;0;0;0;0;"Estimées";;;;;;;""
2018;6593;"13";"13062";"Mimet";"2018-09-04 18:45:00";2;;2;;;;;;;;;"1";"Involontaire (particulier)";;;;;""
2018;1264;"40";"40326";"Vielle-Saint-Girons";"2018-09-04 21:12:00";400;400;;0;;;0;;;0;;;;;;;;""
2018;437;"46";"46263";"Saint-Daunès";"2018-09-05 05:35:00";2000;0;;2000;;;2000;0;0;0;"Estimées";;;;;;;""
2018;6251;"30";"30068";"Cardet";"2018-09-05 13:28:00";4000;;;;;;;;;;;;;;;;;""
2018;6170;"83";"83045";"Correns";"2018-09-05 15:07:00";130;130;;;;;;;;;;"5";"Malveillance";;;;;""
2018;7811;"66";"66158";"Rasiguères";"2018-09-05 16:01:00";1500;1500;0;;;;;;;;;"2";"Malveillance";;;;;""
2018;443;"46";"46277";"Saint-Martin-le-Redon";"2018-09-05 16:17:00";4000;0;;4000;;;4000;0;0;0;"Estimées";;;;;;;""
2018;1006;"74";"74133";"Gaillard";"2018-09-05 16:49:00";1000;0;;1000;;;1000;0;0;0;"Estimées";;;;;;;""
2018;1932;"47";"47215";"Pujols";"2018-09-05 19:04:00";10000;10000;;0;;;0;;;0;;;;;;;;""
2018;7342;"11";"11015";"Arques";"2018-09-05 19:08:00";50;;;;;;;;;;;;;;;;;""
2018;1931;"47";"47082";"Dondas";"2018-09-05 19:18:00";5000;5000;;0;;;0;;;0;;;;;;;;""
2018;7343;"11";"11027";"Barbaira";"2018-09-05 21:58:00";20;;;;;;;;;;;;;;;;;""
2018;1263;"40";"40168";"Magescq";"2018-09-06 10:20:00";25;25;;0;;;0;;;0;;;"Naturelle";;;;;""
2018;2073;"72";"72346";"La Suze-sur-Sarthe";"2018-09-06 10:55:00";10;10;;0;;;0;0;0;0;"Estimées";;;;;;;""
2018;6217;"34";"34291";"Saint-Vincent-d'Olargues";"2018-09-06 14:19:00";4480;;4480;;;;;;;;;"1";"Involontaire (particulier)";;;;;""
2018;6218;"34";"34061";"Causses-et-Veyran";"2018-09-06 14:52:00";1172;;1172;;;;;;;;;"1";"Involontaire (particulier)";;;;;""
2018;6174;"2B";"2B267";"Saliceto";"2018-09-06 16:57:00";5;;;;;;;;;;;;"Naturelle";;;;;""
2018;6176;"2B";"2B225";"Pietra-di-Verde";"2018-09-06 16:58:00";5;;;;;;;;;;;;"Naturelle";;;;;""
2018;6595;"13";"13002";"Allauch";"2018-09-06 17:12:00";2;2;;;;;;;;;;"1";"Involontaire (particulier)";;;;;""
2018;7818;"66";"66141";"Pia";"2018-09-07 00:10:00";15000;;15000;;;;;;;;;"1";"Malveillance";;;;;""
2018;6283;"2A";"2A006";"Alata";"2018-09-07 13:28:00";200;;200;;;;;;;;;;"Accidentelle";;;;;""
2018;6259;"30";"30339";"Valleraugue";"2018-09-07 15:18:00";12206;100;12106;;;;;;;;;"1";;;;;;""
2018;1262;"40";"40150";"Léon";"2018-09-07 15:49:00";4500;4500;;0;;;0;;;0;;;;;;;;""
2018;7344;"11";"11152";"Fontjoncouse";"2018-09-07 17:53:00";10;;;;;;;;;;;;;;;;;""
2018;2074;"72";"72187";"Marigné-Laillé";"2018-09-07 20:27:00";4;4;;0;;;0;0;0;0;"Estimées";;;;;;;""
2018;6222;"34";"34103";"Fontès";"2018-09-08 00:24:00";47084;;47084;;;;;;;;;"1";"Malveillance";;;;;""
2018;1261;"40";"40168";"Magescq";"2018-09-08 10:20:00";2500;2500;;0;;;0;;;0;;;"Naturelle";;;;;""
2018;6266;"13";"13056";"Martigues";"2018-09-08 15:32:00";1000;1000;;;;;;;;;;"1";"Accidentelle";;;;;""
2018;6225;"34";"34109";"Gabian";"2018-09-08 16:00:00";26016;;26016;;;;;;;;;"1";;;;;;""
2018;7345;"11";"11261";"Moux";"2018-09-08 17:23:00";897;;;;;;;;;;;;;;;;;""
2018;6226;"34";"34312";"La Tour-sur-Orb";"2018-09-08 18:17:00";2459;;2459;;;;;;;;;"1";"Malveillance";;;;;""
2018;6229;"34";"34121";"Joncels";"2018-09-09 01:32:00";1389;;1389;;;;;;;;;"1";"Malveillance";;;;;""
2018;987;"45";"45223";"Nesploy";"2018-09-09 14:49:00";10000;0;;10000;;;10000;0;0;0;"Estimées";;;;;;;""
2018;6238;"34";"34340";"Villetelle";"2018-09-09 15:59:00";15401;15401;;;;;;;;;;"4";"Malveillance";;;;;""
2018;1159;"86";"86246";"Saint-Savin";"2018-09-09 16:05:00";55000;5000;;0;;;0;50000;0;50000;"Estimées";;;;;;;""
2018;6233;"34";"34144";"Lunas";"2018-09-09 17:26:00";1075;;1075;;;;;;;;;"1";"Malveillance";;;;;""
2018;2075;"72";"72046";"Le Breil-sur-Mérize";"2018-09-10 03:02:00";5000;5000;;0;;;0;0;0;0;"Estimées";;;;;;;""
2018;7832;"66";"66053";"Collioure";"2018-09-10 04:46:00";5000;5000;;;;;;;;;;"2";"Accidentelle";;;;;""
2018;6288;"34";"34038";"Le Bousquet-d'Orb";"2018-09-10 11:46:00";19;;19;;;;;;;;;"1";"Malveillance";;;;;""
2018;1442;"33";"33229";"Lanton";"2018-09-10 14:50:00";1500;1500;;0;;;0;;;0;;;;;;;;""
2018;1018;"88";"88160";"Épinal";"2018-09-10 15:17:00";300;300;;0;;;0;0;0;0;"Estimées";;;;;;;""
2018;1160;"86";"86221";"Saint-Genest-d'Ambière";"2018-09-10 15:26:00";8500;500;;0;;;0;8000;0;8000;"Estimées";;;;;;;""
2018;1441;"33";"33229";"Lanton";"2018-09-10 15:31:00";1000;1000;;0;;;0;;;0;;;;;;;;""
2018;1092;"12";"12145";"Millau";"2018-09-10 17:09:00";30000;8000;;0;;;0;0;22000;22000;"Estimées";;;;;;;""
2018;6289;"34";"34055";"Castanet-le-Haut";"2018-09-10 17:09:00";49;49;;;;;;;;;;"2";"Malveillance";;;;;""
2018;6306;"26";"26239";"Plaisians";"2018-09-10 18:29:00";500;;500;;;;;;;;;"4";;;;;;""
2018;6291;"34";"34121";"Joncels";"2018-09-10 22:22:00";2754;2754;;;;;;;;;;"4";"Malveillance";;;;;""
2018;1260;"40";"40243";"Rion-des-Landes";"2018-09-11 13:06:00";78000;78000;;0;;;0;;;0;;;"Involontaire (travaux)";;;;;""
2018;1022;"15";"15224";"La Ségalassière";"2018-09-11 14:10:00";2000;0;;2000;;;2000;0;0;0;"Estimées";;;;;;;""
2018;479;"46";"46173";"Limogne-en-Quercy";"2018-09-11 14:27:00";8000;0;;8000;;;8000;0;0;0;"Estimées";;;;;;;""
2018;480;"46";"46176";"Livernon";"2018-09-11 14:52:00";5000;0;;5000;;;5000;0;0;0;"Estimées";;;;;;;""
2018;481;"46";"46131";"Grèzes";"2018-09-11 16:52:00";6000;0;;6000;;;6000;0;0;0;"Estimées";;;;;;;""
2018;1162;"86";"86221";"Saint-Genest-d'Ambière";"2018-09-12 06:47:00";1500;0;;1500;;;1500;0;0;0;"Estimées";;;;;;;""
2018;812;"38";"38253";"Mont-de-Lans";"2018-09-12 10:27:00";15000;0;;15000;;;15000;0;0;0;"Estimées";;"Involontaire (travaux)";;;;;""
2018;1093;"12";"12287";"Vailhourles";"2018-09-12 10:52:00";10000;5000;;0;;;0;0;5000;5000;"Estimées";;"Involontaire (travaux)";;;;;""
2018;6307;"2B";"2B079";"Castello-di-Rostino";"2018-09-12 12:20:00";35000;;;;;;;;;;;;"Malveillance";;;;;""
2018;6426;"83";"83133";"Tanneron";"2018-09-12 13:49:00";3000;3000;;;;;;;;;;"5";"Involontaire (particulier)";;;;;""
2018;487;"46";"46279";"Saint-Maurice-en-Quercy";"2018-09-12 13:59:00";1000;0;;1000;;;1000;0;0;0;"Estimées";;;;;;;""
2018;990;"45";"45040";"Bonny-sur-Loire";"2018-09-12 14:30:00";20000;0;;20000;;;20000;0;0;0;"Estimées";;;;;;;""
2018;6427;"83";"83144";"La Valette-du-Var";"2018-09-12 16:16:00";3000;3000;;;;;;;;;;"4";"Malveillance";;;;;""
2018;6726;"2A";"2A247";"Porto-Vecchio";"2018-09-12 16:18:00";150;;150;;;;;;;;;"1";"Malveillance";;;;;""
2018;1925;"47";"47048";"Cancon";"2018-09-12 16:29:00";400;400;;0;;;0;;;0;;;;;;;;""
2018;1435;"33";"33502";"Saugon";"2018-09-12 16:59:00";200;200;;0;;;0;;;0;;;;;;;;""
2018;7346;"11";"11116";"Cuxac-d'Aude";"2018-09-12 17:29:00";20;;;;;;;;;;;;;;;;;""
2018;3221;"77";"77186";"Fontainebleau";"2018-09-13 10:50:00";1;1;;0;;;0;0;0;0;"Estimées";;"Involontaire (particulier)";;;;;""
2018;7347;"11";"11296";"Pouzols-Minervois";"2018-09-13 13:29:00";39797;;;;;;;;;;;;;;;;;""
2018;573;"73";"73240";"Sainte-Hélène-du-Lac";"2018-09-13 14:00:00";10000;10000;;0;;;0;0;0;0;"Estimées";;;;;;;""
2018;6429;"83";"83148";"Vidauban";"2018-09-13 17:05:00";150;150;;;;;;;;;;"4";"Involontaire (particulier)";;;;;""
2018;6410;"34";"34183";"Nissan-lez-Enserune";"2018-09-13 19:42:00";477;477;;;;;;;;;;"4";"Malveillance";;;;;""
2018;6435;"34";"34268";"Saint-Jean-de-la-Blaquière";"2018-09-13 19:55:00";2580;;;;;;;;;;;"1";"Malveillance";;;;;""
2018;6411;"34";"34031";"Bessan";"2018-09-13 21:06:00";6474;;6474;;;;;;;;;"1";"Accidentelle";;;;;""
2018;6436;"34";"34281";"Saint-Pargoire";"2018-09-14 05:21:00";75019;;75019;;;;;;;;;"1";"Malveillance";;;;;""
2018;6449;"13";"13055";"Marseille";"2018-09-14 06:18:00";26700;11500;15200;;;;;;;;;"1";"Involontaire (particulier)";;;;;""
2018;7850;"66";"66012";"Baho";"2018-09-14 12:17:00";1000;1000;;;;;;;;;;"4";"Malveillance";;;;;""
2018;6470;"83";"83009";"Bandol";"2018-09-14 12:28:00";3000;3000;;;;;;;;;;"4";"Malveillance";;;;;""
2018;7348;"11";"11253";"Montolieu";"2018-09-14 13:34:00";1160;;;;;;;;;;;;;;;;;""
2018;6432;"13";"13001";"Aix-en-Provence";"2018-09-14 14:19:00";2000;2000;;;;;;;;;;"1";"Accidentelle";;;;;""
2018;1095;"12";"12238";"Saint-Léons";"2018-09-14 15:50:00";20000;5000;;0;;;0;15000;0;15000;"Estimées";;;;;;;""
2018;6431;"13";"13077";"Port-de-Bouc";"2018-09-14 17:17:00";6300;6300;;;;;;;;;;"1";"Malveillance";;;;;""
2018;6471;"83";"83137";"Toulon";"2018-09-15 05:38:00";28000;28000;;;;;;;;;;"4";"Malveillance";;;;;""
2018;1423;"33";"33503";"Saumos";"2018-09-15 13:39:00";1000;1000;;0;;;0;;;0;;;;;;;;""
2018;994;"45";"45272";"Saint-Cyr-en-Val";"2018-09-15 14:45:00";30000;30000;;0;;;0;0;0;0;"Estimées";;;;;;;""
2018;1097;"12";"12140";"Martiel";"2018-09-15 16:18:00";10000;2000;;0;;;0;0;8000;8000;"Estimées";;;;;;;""
2018;1418;"33";"33445";"Saint-Martin-du-Bois";"2018-09-15 17:44:00";500;500;;0;;;0;;;0;;;;;;;;""
2018;1259;"40";"40287";"Sanguinet";"2018-09-15 17:57:00";6600;1600;;0;;;0;;;5000;;;;;;;;""
2018;1417;"33";"33233";"Laruscade";"2018-09-15 18:36:00";2500;2500;;0;;;0;;;0;;;;;;;;""
2018;1416;"33";"33284";"Mios";"2018-09-15 19:06:00";6000;6000;;0;;;0;;;0;;;;;;;;""
2018;1415;"33";"33529";"La Teste-de-Buch";"2018-09-15 19:23:00";40000;40000;;0;;;0;;;0;;;;;;;;""
2018;1414;"33";"33214";"Lacanau";"2018-09-16 00:58:00";500;500;;0;;;0;;;0;;;;;;;;""
2018;7350;"11";"11255";"Montredon-des-Corbières";"2018-09-16 15:12:00";30740;;;;;;;;;;;;;;;;;""
2018;3178;"24";"24118";"Chenaud";"2018-09-16 15:15:00";5000;5000;;0;;;0;;;0;;;;;;;;""
2018;1023;"15";"15255";"Vézac";"2018-09-16 15:30:00";3000;0;;3000;;;3000;0;0;0;"Estimées";;;;;;;""
2018;6423;"05";"05183";"Villar-Saint-Pancrace";"2018-09-16 19:25:00";150;;;;;;;;;;;;;;;;;""
2018;1408;"33";"33501";"Saucats";"2018-09-17 08:33:00";10000;10000;;0;;;0;;;0;;;"Accidentelle";;;;;""
2018;6499;"07";"07269";"Saint-Martin-de-Valamas";"2018-09-17 14:32:00";30000;15000;15000;;;;;;;;;"4";;;;;;""
2018;7351;"11";"11396";"Trausse";"2018-09-17 15:04:00";51247;36247;;;;;;;;15000;;;;;;;;""
2018;509;"46";"46065";"Cavagnac";"2018-09-17 15:04:00";150;0;;150;;;150;0;0;0;"Estimées";;;;;;;""
2018;2076;"72";"72058";"Changé";"2018-09-17 15:09:00";2000;2000;;0;;;0;0;0;0;"Estimées";;;;;;;""
2018;1164;"86";"86061";"Charroux";"2018-09-17 16:07:00";20000;20000;;0;;;0;0;0;0;"Estimées";;;;;;;""
2018;1917;"47";"47091";"Estillac";"2018-09-17 16:34:00";100;100;;0;;;0;;;0;;;;;;;;""
2018;6447;"04";"04152";"Pierrevert";"2018-09-17 18:10:00";60;60;;;;;;;;;;"4";"Accidentelle";;;;;""
2018;1024;"15";"15250";"Vebret";"2018-09-17 20:45:00";5000;0;;5000;;;5000;0;0;0;"Estimées";;;;;;;""
2018;6497;"2B";"2B337";"Valle-di-Rostino";"2018-09-18 00:57:00";10;;;;;;;;;;;;;;;;;""
2018;1916;"47";"47065";"Clairac";"2018-09-18 04:20:00";100;100;;0;;;0;;;0;;;;;;;;""
2018;6461;"07";"07019";"Aubenas";"2018-09-18 13:40:00";30000;;30000;;;;;;;;;"1";;;;;;""
2018;1404;"33";"33498";"Salles";"2018-09-18 15:17:00";6000;6000;;0;;;0;;;0;;;;;;;;""
2018;1025;"15";"15175";"Saint-Cernin";"2018-09-18 17:30:00";10000;0;;10000;;;10000;0;0;0;"Estimées";;;;;;;""
2018;1258;"40";"40075";"Castets";"2018-09-19 16:42:00";500;500;;0;;;0;;;0;;;;;;;;""
2018;6727;"2A";"2A114";"Figari";"2018-09-19 17:20:00";50;;;;;;;;;50;;"1";"Involontaire (particulier)";;;;;""
2018;3176;"24";"24278";"Monmadalès";"2018-09-19 17:28:00";500;500;;0;;;0;;;0;;;;;;;;""
2018;8384;"48";"48162";"Saint-Julien-d'Arpaon";"2018-09-19 17:50:00";100;100;;;;;;;;;;"4";;;;;;""
2018;537;"46";"46089";"Duravel";"2018-09-19 19:28:00";10000;0;;10000;;;10000;0;0;0;"Estimées";;;;;;;""
2018;1007;"74";"74016";"Archamps";"2018-09-20 11:56:00";5000;0;;5000;;;5000;0;0;0;"Estimées";;;;;;;""
2018;1101;"12";"12162";"Moyrazès";"2018-09-20 13:53:00";500;500;;0;;;0;0;0;0;"Estimées";;"Accidentelle";;;;;""
2018;7352;"11";"11262";"Narbonne";"2018-09-20 14:14:00";20;;;;;;;;;;;;;;;;;""
2018;1392;"33";"33529";"La Teste-de-Buch";"2018-09-20 15:14:00";900;900;;0;;;0;;;0;;;;;;;;""
2018;1910;"47";"47021";"Barbaste";"2018-09-20 16:19:00";5000;5000;;0;;;0;;;0;;;"Involontaire (particulier)";;;;;""
2018;1909;"47";"47207";"Pompiey";"2018-09-20 16:44:00";10000;10000;;0;;;0;;;0;;;;;;;;""
2018;576;"17";"17033";"La Barde";"2018-09-21 07:59:00";7600;7600;;0;;;0;0;0;0;"Mesurées";;;;;;;""
2018;547;"46";"46305";"Sérignac";"2018-09-21 13:48:00";5000;0;;5000;;;5000;0;0;0;"Estimées";;;;;;;""
2018;548;"46";"46042";"Cahors";"2018-09-21 17:30:00";500;0;;500;;;500;0;0;0;"Estimées";;;;;;;""
2018;549;"46";"46222";"Pomarède";"2018-09-21 17:43:00";200;0;;200;;;200;0;0;0;"Estimées";;;;;;;""
2018;7894;"66";"66016";"Banyuls-sur-Mer";"2018-09-21 19:26:00";3000;2000;1000;;;;;;;;;"2";"Involontaire (particulier)";;;;;""
2018;6728;"2A";"2A308";"Sainte-Lucie-de-Tallano";"2018-09-22 14:05:00";500;;500;;;;;;;;;;"Involontaire (particulier)";;;;;""
2018;6552;"34";"34222";"Puilacher";"2018-09-22 14:42:00";16707;;16707;;;;;;;;;"1";"Involontaire (travaux)";;;;;""
2018;6494;"13";"13051";"Lançon-Provence";"2018-09-22 15:04:00";11000;11000;;;;;;;;;;"1";;;;;;""
2018;6536;"34";"34144";"Lunas";"2018-09-22 15:53:00";9000;;;;;;;;;;;;"Malveillance";;;;;""
2018;550;"46";"46109";"Fontanes";"2018-09-22 16:08:00";10000;0;;10000;;;10000;0;0;0;"Estimées";;;;;;;""
2018;6729;"2A";"2A247";"Porto-Vecchio";"2018-09-22 16:11:00";6;;6;;;;;;;;;;;;;;;""
2018;6496;"13";"13071";"Les Pennes-Mirabeau";"2018-09-23 06:00:00";123300;123300;;;;;;;;;;"1";"Accidentelle";;;;;""
2018;1386;"33";"33226";"Langoiran";"2018-09-23 09:09:00";20;20;;0;;;0;;;0;;;;;;;;""
2018;7893;"66";"66053";"Collioure";"2018-09-23 11:26:00";500;500;;;;;;;;;;"3";"Involontaire (travaux)";;;;;""
2018;551;"46";"46305";"Sérignac";"2018-09-23 13:27:00";5000;0;;5000;;;5000;0;0;0;"Estimées";;;;;;;""
2018;6730;"2A";"2A004";"Ajaccio";"2018-09-23 15:13:00";1500;;1500;;;;;;;;;"1";"Involontaire (particulier)";;;;;""
2018;552;"46";"46148";"Lalbenque";"2018-09-23 15:47:00";5000;0;;5000;;;5000;0;0;0;"Estimées";;;;;;;""
2018;7354;"11";"11312";"Ribouisse";"2018-09-23 17:26:00";23279;;;;;;;;;;;;;;;;;""
2018;6731;"2A";"2A004";"Ajaccio";"2018-09-23 18:01:00";20;;;;;;;;;20;;"1";"Involontaire (particulier)";;;;;""
2018;6537;"34";"34007";"Aigues-Vives";"2018-09-23 18:10:00";17825;;17825;;;;;;;;;"1";"Involontaire (particulier)";;;;;""
2018;7353;"11";"11170";"Gruissan";"2018-09-23 18:37:00";20318;;;;;;;;;;;;;;;;;""
2018;6733;"2A";"2A004";"Ajaccio";"2018-09-23 18:39:00";50;;50;;;;;;;;;"1";"Involontaire (particulier)";;;;;""
2018;6541;"34";"34121";"Joncels";"2018-09-23 21:27:00";257367;;257367;;;;;;;;;"1";"Malveillance";;;;;""
2018;7355;"11";"11203";"Lézignan-Corbières";"2018-09-24 00:11:00";100;;;;;;;;;;;;;;;;;""
2018;6509;"2B";"2B283";"Solaro";"2018-09-24 07:38:00";30000;;;;;;;;;;;;"Naturelle";;;;;""
2018;7356;"11";"11342";"Saint-Frichoux";"2018-09-24 10:38:00";1650;;;;;;;;;;;;;;;;;""
2018;6547;"34";"34226";"Quarante";"2018-09-24 10:54:00";119651;;119651;;;;;;;;;"1";"Involontaire (particulier)";;;;;""
2018;6567;"13";"13047";"Istres";"2018-09-24 12:58:00";100;100;;;;;;;;;;"1";;;;;;""
2018;6632;"06";"06104";"Roquebrune-Cap-Martin";"2018-09-24 13:56:00";9000;5000;4000;;;;;;;;;"5";"Involontaire (particulier)";;;;;""
2018;6566;"13";"13049";"Lamanon";"2018-09-24 14:09:00";6000;6000;;;;;;;;;;"1";"Accidentelle";;;;;""
2018;6711;"07";"07115";"Labeaume";"2018-09-24 14:11:00";200;;200;;;;;;;;;"1";;;;;;""
2018;7891;"66";"66045";"Catllar";"2018-09-24 14:37:00";1200;;1200;;;;;;;;;"1";"Malveillance";;;;;""
2018;6568;"13";"13056";"Martigues";"2018-09-24 14:41:00";20;20;;;;;;;;;;"1";"Malveillance";;;;;""
2018;6569;"13";"13117";"Vitrolles";"2018-09-24 14:59:00";5000;2500;2500;;;;;;;;;"1";;;;;;""
2018;1166;"86";"86009";"Archigny";"2018-09-24 14:59:00";15000;0;;5000;;;5000;10000;0;10000;"Estimées";;;;;;;""
2018;6714;"07";"07307";"Sanilhac";"2018-09-24 15:13:00";20000;10000;10000;;;;;;;;;"4";;;;;;""
2018;6713;"07";"07162";"Montréal";"2018-09-24 15:48:00";60000;20000;40000;;;;;;;;;"4";;;;;;""
2018;7357;"11";"11099";"Conques-sur-Orbiel";"2018-09-24 17:01:00";11081;;;;;;;;;;;;;;;;;""
2018;6563;"13";"13077";"Port-de-Bouc";"2018-09-24 19:37:00";60;60;;;;;;;;;;"1";"Malveillance";;;;;""
2018;6560;"13";"13056";"Martigues";"2018-09-24 20:27:00";2500;2500;;;;;;;;;;"1";"Malveillance";;;;;""
2018;7890;"66";"66190";"Salses-le-Château";"2018-09-24 21:44:00";150000;;150000;;;;;;;;;"1";"Involontaire (particulier)";;;;;""
2018;7358;"11";"11099";"Conques-sur-Orbiel";"2018-09-24 23:03:00";1243;;;;;;;;;;;;;;;;;""
2018;6736;"2A";"2A146";"Loreto-di-Tallano";"2018-09-25 04:30:00";1;;;;;;;;;;;;;;;;;""
2018;7889;"66";"66190";"Salses-le-Château";"2018-09-25 13:17:00";30000;;30000;;;;;;;;;"1";;;;;;""
2018;1167;"86";"86163";"Montamisé";"2018-09-25 13:56:00";5000;0;;5000;;;5000;0;0;0;"Estimées";;;;;;;""
2018;6701;"48";"48115";"Le Pompidou";"2018-09-25 15:24:00";134700;3100;131600;;;;;;;;;"1";"Involontaire (particulier)";;;;;""
2018;7359;"11";"11151";"Fontiès-d'Aude";"2018-09-25 18:27:00";7020;;;;;;;;;;;;;;;;;""
2018;7361;"11";"11262";"Narbonne";"2018-09-25 20:57:00";100;;;;;;;;;;;;;;;;;""
2018;6715;"07";"07147";"Malarce-sur-la-Thines";"2018-09-26 03:03:00";3000;3000;;;;;;;;;;"4";"Accidentelle";;;;;""
2018;6608;"2B";"2B039";"Bisinchi";"2018-09-26 11:29:00";2600;;;;;;;;;;;;;;;;;""
2018;7907;"66";"66111";"Montalba-le-Château";"2018-09-26 11:53:00";500;;500;;;;;;;;;"1";"Accidentelle";;;;;""
2018;1381;"33";"33011";"Arès";"2018-09-26 13:20:00";25000;25000;;0;;;0;;;0;;;;;;;;""
2018;7887;"66";"66196";"Sorède";"2018-09-26 13:52:00";500;;500;;;;;;;;;"2";;;;;;""
2018;1379;"33";"33159";"Étauliers";"2018-09-26 14:29:00";15000;15000;;0;;;0;;;0;;;;;;;;""
2018;1168;"86";"86255";"Savigné";"2018-09-26 14:31:00";20000;0;;20000;;;20000;0;0;0;"Estimées";;;;;;;""
2018;6628;"13";"13063";"Miramas";"2018-09-26 15:11:00";10000;5000;5000;;;;;;;;;"1";"Involontaire (travaux)";;;;;""
2018;620;"23";"23219";"Saint-Maurice-la-Souterraine";"2018-09-26 16:32:00";15000;0;;15000;;;15000;0;0;0;"Estimées";;;;;;;""
2018;7362;"11";"11151";"Fontiès-d'Aude";"2018-09-26 16:34:00";549035;113512;373923;;;;;;;61600;;;;;;;;""
2018;1170;"86";"86148";"Marnay";"2018-09-26 16:39:00";20000;0;;20000;;;20000;0;0;0;"Estimées";;;;;;;""
2018;653;"17";"17380";"Saint-Palais-sur-Mer";"2018-09-26 16:41:00";200;200;;0;;;0;0;0;0;"Estimées";;;;;;;""
2018;1377;"33";"33449";"Saint-Médard-en-Jalles";"2018-09-26 16:45:00";60;30;;0;;;0;;;30;;;;;;;;""
2018;6703;"48";"48147";"Saint-Étienne-du-Valdonnez";"2018-09-26 17:05:00";1700;1700;;;;;;;;;;"4";;;;;;""
2018;654;"17";"17183";"Grézac";"2018-09-26 18:06:00";1000;1000;;0;;;0;0;0;0;"Estimées";;;;;;;""
2018;7888;"66";"66108";"Millas";"2018-09-26 18:08:00";1000;;1000;;;;;;;;;"1";"Malveillance";;;;;""
2018;8409;"30";"30154";"Mandagout";"2018-09-26 23:27:00";10000;;;;;;;;;;;;;;;;;""
2018;1376;"33";"33322";"Le Pian-Médoc";"2018-09-27 08:13:00";4000;4000;;0;;;0;;;0;;;;;;;;""
2018;1373;"33";"33417";"Sainte-Hélène";"2018-09-27 14:00:00";5000;5000;;0;;;0;;;0;;;;;;;;""
2018;6716;"07";"07162";"Montréal";"2018-09-27 14:34:00";5000;;5000;;;;;;;;;"1";;;;;;""
2018;7896;"66";"66192";"Sauto";"2018-09-27 14:57:00";40000;;40000;;;;;;;;;"1";;;;;;""
2018;3173;"24";"24354";"La Roche-Chalais";"2018-09-27 17:28:00";20000;20000;;0;;;0;;;0;;;;;;;;""
2018;6647;"26";"26176";"Marsanne";"2018-09-27 18:27:00";30000;;30000;;;;;;;;;"1";;;;;;""
2018;1893;"47";"47025";"Beauville";"2018-09-27 18:30:00";500;500;;0;;;0;;;0;;;;;;;;""
2018;580;"81";"81278";"Sauveterre";"2018-09-28 06:32:00";30000;30000;;0;;;0;0;0;0;"Estimées";;;;;;;""
2018;1367;"33";"33416";"Saint-Girons-d'Aiguevives";"2018-09-28 14:05:00";10000;10000;;0;;;0;;;0;;;;;;;;""
2018;582;"81";"81253";"Saint-Grégoire";"2018-09-28 14:45:00";5000;5000;;0;;;0;0;0;0;"Estimées";;;;;;;""
2018;1222;"16";"16337";"Saint-Maurice-des-Lions";"2018-09-28 14:48:00";10200;200;;0;;;0;10000;0;10000;"Estimées";;"Naturelle";;;;;""
2018;659;"46";"46063";"Castelnau-Montratier";"2018-09-28 14:54:00";200;0;;200;;;200;0;0;0;"Estimées";;;;;;;""
2018;1108;"12";"12140";"Martiel";"2018-09-28 15:26:00";30000;10000;;0;;;0;20000;0;20000;"Estimées";;;;;;;""
2018;660;"46";"46206";"Montlauzun";"2018-09-28 17:31:00";5000;0;;5000;;;5000;0;0;0;"Estimées";;;;;;;""
2018;6642;"13";"13077";"Port-de-Bouc";"2018-09-28 17:59:00";2500;2500;;;;;;;;;;"1";"Malveillance";;;;;""
2018;6665;"34";"34019";"Avène";"2018-09-28 22:14:00";2408;2408;;;;;;;;;;"3";"Malveillance";;;;;""
2018;661;"46";"46176";"Livernon";"2018-09-28 22:44:00";200;0;;200;;;200;0;0;0;"Estimées";;;;;;;""
2018;7909;"66";"66140";"Pézilla-la-Rivière";"2018-09-29 05:27:00";1000;;1000;;;;;;;;;"2";"Accidentelle";;;;;""
2018;6643;"13";"13077";"Port-de-Bouc";"2018-09-29 06:44:00";1500;1500;;;;;;;;;;"1";"Malveillance";;;;;""
2018;8410;"30";"30110";"Flaux";"2018-09-29 09:25:00";1000;;;;;;;;;;;;;;;;;""
2018;2077;"72";"72047";"Brette-les-Pins";"2018-09-29 11:47:00";300;300;;0;;;0;0;0;0;"Estimées";;;;;;;""
2018;3171;"24";"24354";"La Roche-Chalais";"2018-09-29 13:18:00";240000;240000;;0;;;0;;;0;;;;;;;;""
2018;6669;"34";"34045";"Cabrières";"2018-09-29 13:22:00";37000;;;;;;;;;;;;"Involontaire (particulier)";;;;;""
2018;655;"17";"17452";"La Tremblade";"2018-09-29 15:40:00";5000;5000;;0;;;0;0;0;0;"Estimées";;;;;;;""
2018;662;"46";"46065";"Cavagnac";"2018-09-29 16:05:00";1000;0;;1000;;;1000;0;0;0;"Estimées";;;;;;;""
2018;8072;"11";"11377";"Serres";"2018-09-29 18:35:00";374;;;;;;;;;;;;;;;;;""
2018;1364;"33";"33274";"Martillac";"2018-09-29 22:09:00";3000;3000;;0;;;0;;;0;;;;;;;;""
2018;6683;"83";"83073";"Le Luc";"2018-09-30 04:39:00";400;400;;;;;;;;;;"4";"Malveillance";;;;;""
2018;6670;"34";"34045";"Cabrières";"2018-09-30 09:35:00";100;;;;;;;;;;;;"Involontaire (travaux)";;;;;""
2018;712;"46";"46032";"Boissières";"2018-09-30 13:11:00";5600;0;;5600;;;5600;0;0;0;"Estimées";;;;;;;""
2018;7363;"11";"11342";"Saint-Frichoux";"2018-09-30 14:23:00";2400;;;;;;;;;;;;;;;;;""
2018;6674;"34";"34304";"Soubès";"2018-09-30 16:14:00";924;;924;;;;;;;;;"1";"Involontaire (particulier)";;;;;""
2018;6678;"34";"34178";"Murviel-lès-Béziers";"2018-09-30 16:15:00";3683;3683;;;;;;;;;;"4";"Malveillance";;;;;""
2018;1357;"33";"33452";"Saint-Michel-de-Rieufret";"2018-09-30 16:40:00";10;10;;0;;;0;;;0;;;;;;;;""
2018;6743;"2A";"2A001";"Afa";"2018-09-30 17:06:00";2500;;2500;;;;;;;;;"1";"Involontaire (particulier)";;;;;""
2018;6706;"04";"04135";"Moustiers-Sainte-Marie";"2018-09-30 18:56:00";1200;1200;;;;;;;;;;"4";"Involontaire (particulier)";;;;;""
2018;1183;"12";"12169";"Naucelle";"2018-09-30 19:04:00";150;0;;150;;;150;0;0;0;"Estimées";;"Involontaire (particulier)";;;;;""
2018;3168;"24";"24550";"Thenon";"2018-09-30 19:05:00";100;100;;0;;;0;;;0;;;;;;;;""
2018;713;"46";"46235";"Reilhac";"2018-09-30 21:51:00";10000;0;;10000;;;10000;0;0;0;"Estimées";;;;;;;""
2018;6677;"34";"34045";"Cabrières";"2018-10-01 06:34:00";100;;;;;;;;;;;;"Involontaire (travaux)";;;;;""
2018;6744;"83";"83090";"Ollioules";"2018-10-01 09:42:00";3700;3700;;;;;;;;;;"4";"Malveillance";;;;;""
2018;1028;"15";"15120";"Mauriac";"2018-10-01 11:20:00";10000;0;;10000;;;10000;0;0;0;"Estimées";;;;;;;""
2018;7364;"11";"11024";"Bages";"2018-10-01 11:23:00";149500;65000;59500;;;;;;;25000;;;;;;;;""
2018;7365;"11";"11254";"Montréal";"2018-10-01 12:06:00";1328;;;;;;;;;;;;;;;;;""
2018;1173;"86";"86249";"Saires";"2018-10-01 12:35:00";10000;10000;;0;;;0;0;0;0;"Estimées";;;;;;;""
2018;604;"81";"81115";"Labastide-Rouairoux";"2018-10-01 13:28:00";30000;30000;;0;;;0;0;0;0;"Estimées";;;;;;;""
2018;663;"46";"46109";"Fontanes";"2018-10-01 14:13:00";3000;0;;3000;;;3000;0;0;0;"Estimées";;;;;;;""
2018;6719;"07";"07304";"Salavas";"2018-10-01 14:46:00";2000;;2000;;;;;;;;;"1";;;;;;""
2018;6689;"13";"13005";"Aubagne";"2018-10-01 16:06:00";100;100;;;;;;;;;;"1";;;;;;""
2018;6708;"04";"04152";"Pierrevert";"2018-10-01 16:10:00";1400;1400;;;;;;;;;;"4";"Accidentelle";;;;;""
2018;6710;"04";"04208";"Simiane-la-Rotonde";"2018-10-01 17:15:00";8000;;8000;;;;;;;;;;;;;;;""
2018;6688;"13";"13005";"Aubagne";"2018-10-01 17:50:00";3000;3000;;;;;;;;;;"1";"Accidentelle";;;;;""
2018;6852;"34";"34088";"Cournonterral";"2018-10-01 20:45:00";11444;;11444;;;;;;;;;"1";"Malveillance";;;;;""
2018;8412;"30";"30022";"Aujac";"2018-10-01 21:28:00";20000;;;;;;;;;;;;;;;;;""
2018;6691;"13";"13067";"Orgon";"2018-10-01 22:14:00";5000;5000;;;;;;;;;;"1";"Accidentelle";;;;;""
2018;8411;"30";"30199";"Pommiers";"2018-10-02 00:50:00";15000;;;;;;;;;;;;;;;;;""
2018;8189;"66";"66141";"Pia";"2018-10-02 05:39:00";25000;;25000;;;;;;;;;"1";;;;;;""
2018;6737;"13";"13055";"Marseille";"2018-10-02 06:03:00";12000;2000;10000;;;;;;;;;"1";"Malveillance";;;;;""
2018;6760;"34";"34088";"Cournonterral";"2018-10-02 10:19:00";10;;;;;;;;;;;;"Involontaire (travaux)";;;;;""
2018;3124;"24";"24155";"Douville";"2018-10-02 10:50:00";200;200;;0;;;0;;;0;;;"Involontaire (particulier)";;;;;""
2018;7366;"11";"11206";"Limoux";"2018-10-02 11:56:00";6000;;;;;;;;;;;;;;;;;""
2018;7229;"2A";"2A090";"Coggia";"2018-10-02 13:31:00";10;;10;;;;;;;;;"1";"Malveillance";;;;;""
2018;8190;"66";"66190";"Salses-le-Château";"2018-10-02 14:17:00";20000;;20000;;;;;;;;;"1";;;;;;""
2018;6732;"07";"07024";"Banne";"2018-10-02 14:21:00";87000;80000;;;;;;;;7000;;"4";;;;;;""
2018;7230;"2A";"2A090";"Coggia";"2018-10-02 14:56:00";690;;690;;;;;;;;;"1";"Malveillance";;;;;""
2018;6762;"34";"34088";"Cournonterral";"2018-10-02 14:59:00";100;;;;;;;;;;;;"Involontaire (travaux)";;;;;""
2018;8191;"66";"66016";"Banyuls-sur-Mer";"2018-10-02 15:29:00";10000;10000;;;;;;;;;;"3";"Malveillance";;;;;""
2018;605;"81";"81307";"Valdurenque";"2018-10-02 15:47:00";400000;400000;;0;;;0;0;0;0;"Estimées";;;;;;;""
2018;664;"46";"46217";"Pern";"2018-10-02 16:30:00";2000;0;;2000;;;2000;0;0;0;"Estimées";;;;;;;""
2018;665;"46";"46083";"Cressensac";"2018-10-02 16:44:00";1700;0;;1700;;;1700;0;0;0;"Estimées";;;;;;;""
2018;1340;"33";"33484";"Saint-Symphorien";"2018-10-02 19:17:00";10;10;;0;;;0;;;0;;;;;;;;""
2018;6796;"13";"13077";"Port-de-Bouc";"2018-10-02 19:36:00";50;50;;;;;;;;;;"1";"Malveillance";;;;;""
2018;1339;"33";"33484";"Saint-Symphorien";"2018-10-02 19:50:00";150;150;;0;;;0;;;0;;;;;;;;""
2018;6765;"34";"34165";"Montbazin";"2018-10-02 21:45:00";85968;;85968;;;;;;;;;"1";"Malveillance";;;;;""
2018;6767;"34";"34268";"Saint-Jean-de-la-Blaquière";"2018-10-02 22:39:00";2200;;;;;;;;;;;;"Malveillance";;;;;""
2018;1338;"33";"33422";"Saint-Jean-d'Illac";"2018-10-02 22:40:00";500;500;;0;;;0;;;0;;;;;;;;""
2018;1254;"40";"40051";"Bougue";"2018-10-03 00:53:00";14000;14000;;0;;;0;;;0;;;;;;;;""
2018;606;"81";"81115";"Labastide-Rouairoux";"2018-10-03 06:49:00";70000;0;;70000;;;70000;0;0;0;"Estimées";;;;;;;""
2018;656;"17";"17033";"La Barde";"2018-10-03 07:46:00";1570;1570;;0;;;0;0;0;0;"Mesurées";;;;;;;""
2018;7370;"11";"11267";"Ornaisons";"2018-10-03 12:03:00";3083;;;;;;;;;;;;;;;;;""
2018;3163;"24";"24252";"Marcillac-Saint-Quentin";"2018-10-03 12:47:00";5000;5000;;0;;;0;;;0;;;;;;;;""
2018;666;"46";"46013";"Bach";"2018-10-03 12:50:00";20000;0;;20000;;;20000;0;0;0;"Estimées";;;;;;;""
2018;8193;"66";"66016";"Banyuls-sur-Mer";"2018-10-03 13:08:00";10000;10000;;;;;;;;;;"3";"Malveillance";;;;;""
2018;6772;"34";"34157";"Mèze";"2018-10-03 14:27:00";29020;10000;19020;;;;;;;;;"4";"Malveillance";;;;;""
2018;6768;"2B";"2B185";"Oletta";"2018-10-03 14:37:00";2000;;;;;;;;;;;;;;;;;""
2018;6822;"34";"34332";"Vias";"2018-10-03 14:54:00";507900;;57900;;;;;;;450000;;;"Involontaire (travaux)";;;;;""
2018;1335;"33";"33527";"Le Teich";"2018-10-03 15:01:00";15100;15000;;0;;;0;;;100;;;;;;;;""
2018;1253;"40";"40217";"Parentis-en-Born";"2018-10-03 15:04:00";8600;8600;;0;;;0;;;0;;;;;;;;""
2018;6725;"07";"07117";"Lablachère";"2018-10-03 16:08:00";10000;;;;;;;;;;;"4";;;;;;""
2018;7202;"48";"48146";"Sainte-Enimie";"2018-10-03 16:21:00";148300;147800;500;;;;;;;;;"4";;;;;;""
2018;6798;"13";"13063";"Miramas";"2018-10-03 16:48:00";2000;2000;;;;;;;;;;"1";"Malveillance";;;;;""
2018;667;"46";"46184";"Marminiac";"2018-10-03 16:53:00";500;0;;500;;;500;0;0;0;"Estimées";;;;;;;""
2018;6747;"83";"83035";"Le Castellet";"2018-10-03 16:58:00";500;500;;;;;;;;;;"6";"Involontaire (particulier)";;;;;""
2018;1252;"40";"40134";"Labouheyre";"2018-10-03 17:07:00";800;800;;0;;;0;;;0;;;"Involontaire (travaux)";;;;;""
2018;7369;"11";"11413";"Villardonnel";"2018-10-03 19:27:00";984;;;;;;;;;;;;;;;;;""
2018;7368;"11";"11413";"Villardonnel";"2018-10-03 21:32:00";729;;;;;;;;;;;;;;;;;""
2018;6828;"34";"34291";"Saint-Vincent-d'Olargues";"2018-10-03 22:55:00";20763;;;;;;;;;;;"5";"Malveillance";;;;;""
2018;6774;"34";"34157";"Mèze";"2018-10-03 23:06:00";1000;;;;;;;;;;;;"Involontaire (travaux)";;;;;""
2018;6775;"34";"34157";"Mèze";"2018-10-04 06:32:00";27626;;27626;;;;;;;;;"1";"Involontaire (travaux)";;;;;""
2018;7231;"2A";"2A348";"Vico";"2018-10-04 08:59:00";500;;500;;;;;;;;;;"Involontaire (travaux)";;;;;""
2018;7232;"2A";"2A090";"Coggia";"2018-10-04 10:00:00";20;;20;;;;;;;;;"1";"Involontaire (travaux)";;;;;""
2018;1185;"12";"12189";"Pradinas";"2018-10-04 11:28:00";300;0;;300;;;300;0;0;0;"Estimées";;"Involontaire (travaux)";;;;;""
2018;6750;"83";"83033";"Carnoules";"2018-10-04 13:23:00";3000;;;;;;;;;;;;"Involontaire (particulier)";;;;;""
2018;1877;"47";"47315";"Trentels";"2018-10-04 13:34:00";100;100;;0;;;0;;;0;;;"Accidentelle";;;;;""
2018;6738;"06";"06042";"Clans";"2018-10-04 13:43:00";5000;;4000;;;;;;;1000;;"3";"Involontaire (particulier)";;;;;""
2018;668;"46";"46321";"Touzac";"2018-10-04 13:53:00";20000;0;;20000;;;20000;0;0;0;"Estimées";;;;;;;""
2018;7372;"11";"11014";"Armissan";"2018-10-04 13:57:00";1;;;;;;;;;;;;;;;;;""
2018;6739;"06";"06157";"Vence";"2018-10-04 14:16:00";100;;100;;;;;;;;;"3";"Involontaire (particulier)";;;;;""
2018;6740;"06";"06141";"Toudon";"2018-10-04 14:26:00";10;10;;;;;;;;;;"4";"Naturelle";;;;;""
2018;632;"81";"81023";"Barre";"2018-10-04 14:28:00";100000;100000;;0;;;0;0;0;0;"Estimées";;;;;;;""
2018;6781;"34";"34165";"Montbazin";"2018-10-04 15:32:00";359700;;359700;;;;;;;;;"1";"Accidentelle";;;;;""
2018;1186;"12";"12291";"Verrières";"2018-10-04 15:34:00";20000;0;;10000;;;10000;0;10000;10000;"Estimées";;;;;;;""
2018;1174;"86";"86043";"Ceaux-en-Couhé";"2018-10-04 15:44:00";1500;0;;1500;;;1500;0;0;0;"Estimées";;;;;;;""
2018;1193;"12";"12241";"Sainte-Radegonde";"2018-10-04 16:26:00";15000;0;;5000;;;5000;5000;5000;10000;"Estimées";;"Involontaire (particulier)";;;;;""
2018;669;"46";"46128";"Gramat";"2018-10-04 16:32:00";300;0;;300;;;300;0;0;0;"Estimées";;"Involontaire (travaux)";;;;;""
2018;1027;"15";"15106";"Lieutadès";"2018-10-04 17:00:00";1000;0;;1000;;;1000;0;0;0;"Estimées";;"Involontaire (particulier)";;;;;""
2018;6770;"2B";"2B049";"Calenzana";"2018-10-04 17:15:00";750;;;;;;;;;;;;;;;;;""
2018;6782;"34";"34157";"Mèze";"2018-10-04 17:40:00";1000;;;;;;;;;;;;"Involontaire (travaux)";;;;;""
2018;1870;"47";"47217";"Puymirol";"2018-10-04 19:47:00";3000;3000;;0;;;0;;;0;;;;;;;;""
2018;619;"81";"81238";"Saint-Amans-Soult";"2018-10-04 21:04:00";400;400;;0;;;0;0;0;0;"Estimées";;;;;;;""
2018;7373;"11";"11099";"Conques-sur-Orbiel";"2018-10-04 21:26:00";2736;;;;;;;;;;;;;;;;;""
2018;7233;"2A";"2A017";"Appietto";"2018-10-04 23:11:00";50;;50;;;;;;;;;;;;;;;""
2018;7234;"2A";"2A004";"Ajaccio";"2018-10-05 11:34:00";1000;;1000;;;;;;;;;;"Involontaire (particulier)";;;;;""
2018;6783;"34";"34165";"Montbazin";"2018-10-05 11:49:00";10;;;;;;;;;;;;"Involontaire (travaux)";;;;;""
2018;7374;"11";"11040";"Bizanet";"2018-10-05 13:45:00";500;;;;;;;;;;;;;;;;;""
2018;670;"46";"46101";"Felzins";"2018-10-05 14:34:00";5000;0;;5000;;;5000;0;0;0;"Estimées";;;;;;;""
2018;1223;"16";"16146";"Garat";"2018-10-05 14:41:00";800;800;;0;;;0;0;0;0;"Estimées";;"Naturelle";;;;;""
2018;645;"81";"81204";"Payrin-Augmontel";"2018-10-05 14:43:00";30;30;;0;;;0;0;0;0;"Estimées";;;;;;;""
2018;671;"46";"46047";"Calès";"2018-10-05 14:54:00";30000;0;;30000;;;30000;0;0;0;"Estimées";;;;;;;""
2018;3156;"24";"24294";"Montpon-Ménestérol";"2018-10-05 15:18:00";2500;2500;;0;;;0;;;0;;;;;;;;""
2018;6785;"34";"34165";"Montbazin";"2018-10-05 15:30:00";10;;;;;;;;;;;;"Involontaire (travaux)";;;;;""
2018;928;"79";"79096";"Combrand";"2018-10-05 16:01:00";60;60;;0;;;0;0;0;0;"Estimées";;"Naturelle";;;;;""
2018;2078;"72";"72054";"Champagné";"2018-10-05 16:02:00";500;500;;0;;;0;0;0;0;"Estimées";;;;;;;""
2018;1175;"86";"86055";"La Chapelle-Bâton";"2018-10-05 17:12:00";31000;30000;;0;;;0;1000;0;1000;"Estimées";;;;;;;""
2018;6834;"26";"26071";"Chanos-Curson";"2018-10-05 17:28:00";1000;;1000;;;;;;;;;"3";;;;;;""
2018;1865;"47";"47320";"Villefranche-du-Queyran";"2018-10-05 17:58:00";1500;1500;;0;;;0;;;0;;;"Involontaire (particulier)";;;;;""
2018;3154;"24";"24564";"Vanxains";"2018-10-05 18:21:00";400;400;;0;;;0;;;0;;;;;;;;""
2018;1194;"12";"12159";"Morlhon-le-Haut";"2018-10-05 18:26:00";400;0;;400;;;400;0;0;0;"Estimées";;;;;;;""
2018;1224;"31";"31278";"Latoue";"2018-10-06 00:15:00";20000;20000;;0;;;0;0;0;0;"Estimées";;;;;;;""
2018;685;"23";"23244";"Saint-Sulpice-le-Dunois";"2018-10-06 12:12:00";500;0;;500;;;500;0;0;0;"Estimées";;"Accidentelle";;;;;""
2018;8198;"66";"66080";"Fontpédrouse";"2018-10-06 13:14:00";500;500;;;;;;;;;;"4";"Naturelle";;;;;""
2018;8199;"66";"66080";"Fontpédrouse";"2018-10-06 13:30:00";150;150;;;;;;;;;;"4";"Naturelle";;;;;""
2018;927;"63";"63340";"Saint-Étienne-sur-Usson";"2018-10-06 14:00:00";55922;16780;;4378;;;4378;34764;0;34764;"Mesurées";;;;;;;"Données partielles ou non valides"
2018;686;"23";"23062";"Chéniers";"2018-10-06 14:00:00";300000;0;;300000;;;300000;0;0;0;"Estimées";;"Accidentelle";;;;;""
2018;8200;"66";"66080";"Fontpédrouse";"2018-10-06 14:05:00";300;300;;;;;;;;;;"4";"Naturelle";;;;;""
2018;6791;"34";"34157";"Mèze";"2018-10-06 15:30:00";44152;;44152;;;;;;;;;"1";"Malveillance";;;;;""
2018;8201;"66";"66049";"Céret";"2018-10-06 15:49:00";800;800;;;;;;;;;;"3";"Involontaire (particulier)";;;;;""
2018;3150;"24";"24386";"Saint-Cernin-de-l'Herm";"2018-10-06 16:14:00";600;600;;0;;;0;;;0;;;;;;;;""
2018;3148;"24";"24372";"Saint-Astier";"2018-10-06 16:37:00";4000;4000;;0;;;0;;;0;;;;;;;;""
2018;1863;"47";"47206";"Pinel-Hauterive";"2018-10-06 18:22:00";400;400;;0;;;0;;;0;;;"Involontaire (particulier)";;;;;""
2018;672;"46";"46170";"Leyme";"2018-10-06 21:04:00";100;0;;100;;;100;0;0;0;"Estimées";;;;;;;""
2018;8202;"66";"66069";"Espira-de-l'Agly";"2018-10-07 11:46:00";8000;;8000;;;;;;;;;"1";"Malveillance";;;;;""
2018;6795;"34";"34157";"Mèze";"2018-10-08 10:48:00";100;;;;;;;;;;;;"Involontaire (travaux)";;;;;""
2018;7235;"2A";"2A114";"Figari";"2018-10-08 16:09:00";25;;25;;;;;;;;;;"Involontaire (particulier)";;;;;""
2018;7375;"11";"11081";"Caunes-Minervois";"2018-10-08 17:32:00";723;;;;;;;;;;;;;;;;;""
2018;679;"46";"46070";"Cieurac";"2018-10-09 12:15:00";1000;0;;1000;;;1000;0;0;0;"Estimées";;"Involontaire (travaux)";;;;;""
2018;7236;"2A";"2A001";"Afa";"2018-10-09 13:16:00";1000;;1000;;;;;;;;;;"Involontaire (particulier)";;;;;""
2018;1002;"74";"74258";"Samoëns";"2018-10-09 15:44:00";40000;0;;40000;;;40000;0;0;0;"Estimées";;"Involontaire (travaux)";;;;;""
2018;7237;"2A";"2A114";"Figari";"2018-10-09 15:50:00";500;;500;;;;;;;;;;;;;;;""
2018;706;"46";"46305";"Sérignac";"2018-10-10 17:41:00";150;0;;150;;;150;0;0;0;"Estimées";;;;;;;""
2018;690;"23";"23026";"Bord-Saint-Georges";"2018-10-10 19:14:00";20000;0;;20000;;;20000;0;0;0;"Estimées";;"Involontaire (travaux)";;;;;""
2018;1861;"47";"47323";"Villeneuve-sur-Lot";"2018-10-11 23:56:00";30;30;;0;;;0;;;0;;;;;;;;""
2018;689;"23";"23247";"Saint-Vaury";"2018-10-12 16:06:00";2500;0;;2500;;;2500;0;0;0;"Estimées";;"Involontaire (particulier)";;;;;""
2018;7238;"2A";"2A142";"Levie";"2018-10-13 13:45:00";500;;500;;;;;;;;;;"Involontaire (particulier)";;;;;""
2018;7240;"2A";"2A032";"Bastelicaccia";"2018-10-13 15:00:00";50;;50;;;;;;;;;;;;;;;""
2018;707;"46";"46193";"Miers";"2018-10-13 17:12:00";200;0;;200;;;200;0;0;0;"Estimées";;;;;;;""
2018;3145;"24";"24273";"Molières";"2018-10-14 09:28:00";400;400;;0;;;0;;;0;;;;;;;;""
2018;1660;"33";"33115";"Cazalis";"2018-10-14 09:41:00";2500;2500;;0;;;0;;;0;;;"Accidentelle";;;;;""
2018;7241;"2A";"2A118";"Fozzano";"2018-10-14 14:07:00";3000;;3000;;;;;;;;;;;;;;;""
2018;711;"23";"23077";"Faux-la-Montagne";"2018-10-14 18:36:00";4000;0;;4000;;;4000;0;0;0;"Estimées";;"Accidentelle";;;;;""
2018;3223;"77";"77186";"Fontainebleau";"2018-10-16 08:10:00";30000;30000;;0;;;0;0;0;0;"Estimées";;"Involontaire (particulier)";;;;;""
2018;2079;"72";"72154";"La Flèche";"2018-10-16 13:38:00";200;200;;0;;;0;0;0;0;"Estimées";;;;;;;""
2018;714;"23";"23259";"Verneiges";"2018-10-17 14:55:00";4000;0;;4000;;;4000;0;0;0;"Estimées";;"Involontaire (particulier)";;;;;""
2018;1188;"12";"12270";"Sévérac d'Aveyron";"2018-10-17 19:17:00";100;0;;100;;;100;0;0;0;"Estimées";;"Involontaire (travaux)";;;;;""
2018;852;"73";"73023";"Aussois";"2018-10-18 12:25:00";10000;10000;;0;;;0;0;0;0;"Estimées";;;;;;;""
2018;732;"21";"21032";"Aubigny-la-Ronce";"2018-10-18 15:48:00";1810;0;;1810;;;1810;0;0;0;"Mesurées";;"Accidentelle";;;;;""
2018;7242;"2A";"2A065";"Cargèse";"2018-10-19 13:58:00";900;;900;;;;;;;;;;"Involontaire (particulier)";;;;;""
2018;1005;"74";"74038";"Bogève";"2018-10-19 19:57:00";1000;0;;1000;;;1000;0;0;0;"Estimées";;;;;;;""
2018;7728;"2A";"2A092";"Conca";"2018-10-20 13:20:00";500;;500;;;;;;;;;;"Involontaire (particulier)";;;;;""
2018;7243;"34";"34016";"Aumelas";"2018-10-21 00:10:00";194;;194;;;;;;;;;"1";"Accidentelle";;;;;""
2018;3222;"77";"77186";"Fontainebleau";"2018-10-21 11:00:00";2;2;;0;;;0;0;0;0;"Estimées";;"Involontaire (particulier)";;;;;""
2018;8204;"66";"66127";"Opoul-Périllos";"2018-10-21 15:12:00";10000;;10000;;;;;;;;;"1";"Involontaire (particulier)";;;;;""
2018;1029;"15";"15187";"Saint-Flour";"2018-10-21 15:20:00";3000;0;;3000;;;3000;0;0;0;"Estimées";;"Involontaire (particulier)";;;;;""
2018;1656;"33";"33300";"Naujac-sur-Mer";"2018-10-21 15:35:00";2000;1000;;0;;;0;;;1000;;;"Accidentelle";;;;;""
2018;7319;"07";"07301";"Saint-Victor";"2018-10-22 14:29:00";25000;;;;;;;;;;;"3";"Malveillance";;;;;""
2018;1030;"15";"15106";"Lieutadès";"2018-10-22 17:15:00";10000;0;;10000;;;10000;0;0;0;"Estimées";;;;;;;""
2018;731;"46";"46235";"Reilhac";"2018-10-22 17:36:00";250;0;;250;;;250;0;0;0;"Estimées";;;;;;;""
2018;1004;"74";"74036";"Bluffy";"2018-10-22 18:35:00";40000;40000;;0;;;0;0;0;0;"Estimées";;;;;;;""
2018;1031;"15";"15092";"Lanobre";"2018-10-22 20:00:00";1500;0;;1500;;;1500;0;0;0;"Estimées";;;;;;;""
2018;7729;"2A";"2A070";"Casaglione";"2018-10-23 15:16:00";500;;500;;;;;;;;;;"Involontaire (particulier)";;;;;""
2018;781;"46";"46253";"Saint-Chamarand";"2018-10-23 15:34:00";100;0;;100;;;100;0;0;0;"Estimées";;;;;;;""
2018;7730;"2A";"2A142";"Levie";"2018-10-23 15:46:00";200;;200;;;;;;;;;;"Involontaire (particulier)";;;;;""
2018;1032;"15";"15075";"Girgols";"2018-10-23 16:20:00";50000;0;;50000;;;50000;0;0;0;"Estimées";;;;;;;""
2018;7731;"2A";"2A247";"Porto-Vecchio";"2018-10-23 19:26:00";50;;50;;;;;;;;;;;;;;;""
2018;7204;"48";"48172";"Saint-Maurice-de-Ventalon";"2018-10-24 05:50:00";120800;;120800;;;;;;;;;"1";;;;;;""
2018;1649;"33";"33214";"Lacanau";"2018-10-24 13:35:00";2000;2000;;0;;;0;;;0;;;;;;;;""
2018;8205;"66";"66164";"Rivesaltes";"2018-10-24 13:50:00";10000;;10000;;;;;;;;;"1";"Involontaire (particulier)";;;;;""
2018;7246;"34";"34337";"Villeneuve-lès-Maguelone";"2018-10-24 14:00:00";8587;;8587;;;;;;;;;"1";"Accidentelle";;;;;""
2018;7321;"07";"07248";"Saint-Jean-Roure";"2018-10-24 14:51:00";5000;;5000;;;;;;;;;"1";;;;;;""
2018;7378;"34";"34075";"Cesseras";"2018-10-24 15:11:00";241;;241;;;;;;;;;"1";"Involontaire (travaux)";;;;;""
2018;850;"73";"73026";"Avrieux";"2018-10-24 15:40:00";500;500;;0;;;0;0;0;0;"Estimées";;;;;;;""
2018;7322;"07";"07112";"Labastide-sur-Bésorgues";"2018-10-24 16:01:00";15000;15000;;;;;;;;;;"3";;;;;;""
2018;849;"46";"46087";"Dégagnac";"2018-10-24 17:02:00";2400;0;;2400;;;2400;0;0;0;"Estimées";;;;;;;""
2018;8408;"30";"30008";"Allègre-les-Fumades";"2018-10-25 11:14:00";10000;;;;;;;;;;;;;;;;;""
2018;7732;"2A";"2A215";"Pianottoli-Caldarello";"2018-10-25 13:24:00";100;;100;;;;;;;;;;"Involontaire (particulier)";;;;;""
2018;7733;"2A";"2A295";"Sant'Andréa-d'Orcino";"2018-10-25 14:34:00";1550;;1550;;;;;;;;;;"Involontaire (particulier)";;;;;""
2018;1646;"33";"33300";"Naujac-sur-Mer";"2018-10-25 17:25:00";20000;20000;;0;;;0;;;0;;;"Accidentelle";;;;;""
2018;7734;"2A";"2A288";"Sotta";"2018-10-25 20:31:00";15;;15;;;;;;;;;;;;;;;""
2018;7257;"34";"34016";"Aumelas";"2018-10-25 21:46:00";775;;775;;;;;;;;;"1";"Malveillance";;;;;""
2018;2080;"72";"72334";"Sillé-le-Guillaume";"2018-10-26 10:53:00";20;20;;0;;;0;0;0;0;"Estimées";;;;;;;""
2018;1033;"15";"15008";"Antignac";"2018-10-26 13:15:00";30000;0;;30000;;;30000;0;0;0;"Estimées";;;;;;;""
2018;7287;"34";"34045";"Cabrières";"2018-10-26 14:41:00";362;362;;;;;;;;;;"1";"Involontaire (travaux)";;;;;""
2018;7735;"2A";"2A048";"Calcatoggio";"2018-10-27 17:01:00";50;;50;;;;;;;;;;"Involontaire (particulier)";;;;;""
2018;7736;"2A";"2A189";"Olmeto";"2018-10-27 17:56:00";50;;50;;;;;;;;;;"Involontaire (particulier)";;;;;""
2018;2081;"72";"72363";"Tuffé Val de la Chéronne";"2018-10-29 18:09:00";100;100;;0;;;0;0;0;0;"Estimées";;;;;;;""
2018;7738;"2A";"2A092";"Conca";"2018-11-03 18:02:00";1;;1;;;;;;;;;;"Involontaire (particulier)";;;;;""
2018;7739;"2A";"2A004";"Ajaccio";"2018-11-07 21:48:00";20;;20;;;;;;;;;;"Involontaire (particulier)";;;;;""
2018;1020;"88";"88275";"Lubine";"2018-11-08 16:58:00";100;100;;0;;;0;0;0;0;"Estimées";;;;;;;""
2018;1198;"12";"12270";"Sévérac d'Aveyron";"2018-11-15 18:01:00";200;0;;200;;;200;0;0;0;"Estimées";;"Accidentelle";;;;;""
2018;7740;"2A";"2A215";"Pianottoli-Caldarello";"2018-11-16 17:24:00";10;;10;;;;;;;;;;"Involontaire (particulier)";;;;;""
2018;7741;"2A";"2A272";"Sartène";"2018-11-17 16:43:00";50;;50;;;;;;;;;;"Involontaire (particulier)";;;;;""
2018;1199;"12";"12018";"Balaguier-d'Olt";"2018-11-20 19:36:00";1000;0;;1000;;;1000;0;0;0;"Estimées";;"Involontaire (travaux)";;;;;""
2018;8296;"11";"11079";"Caudebronde";"2018-11-25 05:30:00";50;;;;;;;;;;;;;;;;;""
2018;1200;"12";"12001";"Agen-d'Aveyron";"2018-11-25 05:54:00";100;0;;100;;;100;0;0;0;"Estimées";;;;;;;""
2018;1201;"12";"12257";"Causse-et-Diège";"2018-11-28 00:41:00";200;0;;100;;;100;100;0;100;"Estimées";;;;;;;""
2018;1202;"12";"12061";"Castelnau-de-Mandailles";"2018-11-29 17:31:00";150;0;;150;;;150;0;0;0;"Estimées";;;;;;;""
2018;8174;"66";"66107";"Maury";"2018-12-01 15:10:00";15000;;15000;;;;;;;;;"1";;;;;;""
2018;8297;"11";"11361";"Saint-Papoul";"2018-12-01 18:07:00";30;;;;;;;;;;;;;;;;;""
2018;3217;"77";"77186";"Fontainebleau";"2018-12-05 13:30:00";5;5;;0;;;0;0;0;0;"Estimées";;"Involontaire (particulier)";;;;;""
2018;8073;"11";"11310";"Rennes-les-Bains";"2018-12-07 15:05:00";50;;;;;;;;;;;;;;;;;""
2018;8074;"11";"11009";"Alzonne";"2018-12-07 17:27:00";6570;;;;;;;;;;;;;;;;;""
2018;7742;"2A";"2A139";"Lecci";"2018-12-09 11:51:00";13000;;13000;;;;;;;;;;"Involontaire (travaux)";;;;;""
2018;7743;"2A";"2A041";"Bonifacio";"2018-12-09 13:26:00";500;;500;;;;;;;;;;"Involontaire (particulier)";;;;;""
2018;7744;"2A";"2A070";"Casaglione";"2018-12-09 17:51:00";4000;;4000;;;;;;;;;;;;;;;""
2018;7495;"2B";"2B250";"Prunelli-di-Casacconi";"2018-12-10 10:28:00";20000;;;;;;;;;;;;;;;;;""
2018;7496;"2B";"2B074";"Casanova";"2018-12-10 11:55:00";20;;;;;;;;;;;;;;;;;""
2018;7920;"2A";"2A362";"Zonza";"2018-12-10 17:01:00";10;;10;;;;;;;;;"1";"Involontaire (particulier)";;;;;""
2018;8075;"11";"11011";"Aragon";"2018-12-12 17:34:00";30;;;;;;;;;;;;;;;;;""
2018;1251;"40";"40028";"Bastennes";"2018-12-19 14:40:00";15;15;;0;;;0;;;0;;;"Naturelle";;;;;""
2018;8076;"11";"11050";"Brenac";"2018-12-23 12:08:00";30;;;;;;;;;;;;;;;;;""
2018;8298;"11";"11024";"Bages";"2018-12-24 19:46:00";15;;;;;;;;;;;;;;;;;""
2018;7917;"06";"06074";"Lantosque";"2018-12-26 16:20:00";5000;;1000;;;;;;;4000;;"1";"Accidentelle";;;;;""
2018;7921;"2A";"2A359";"Zicavo";"2018-12-26 17:55:00";10000;;100;;;;;;;9900;;;;;;;;""
2018;7982;"34";"34258";"Saint-Geniès-de-Fontedit";"2018-12-28 14:48:00";2634;;;;;;;;;;;;"Malveillance";;;;;""
2018;7984;"2B";"2B341";"Venaco";"2018-12-29 17:11:00";325600;325600;;;;;;;;;;;;;;;;""
2018;1250;"40";"40080";"Cazères-sur-l'Adour";"2018-12-30 13:58:00";60;60;;0;;;0;;;0;;;;;;;;""
2018;8077;"11";"11265";"Niort-de-Sault";"2018-12-30 15:28:00";500;;;;;;;;;;;;;;;;;""
2018;8173;"66";"66026";"Brouilla";"2018-12-31 12:20:00";20000;10000;10000;;;;;;;;;"2";;;;;;""
2019;12254;"2A";"2A200";"Palneca";"2019-01-01 21:14:00";786400;45800;260000;;;;;;;480600;;"1";;;;;;""
2019;7928;"2B";"2B235";"Pioggiola";"2019-01-02 14:35:00";8000;;;;;;;;;;;;;;;;;""
2019;8514;"11";"11401";"Tuchan";"2019-01-03 10:45:00";50;;;;;;;;;;;;;;;;;""
2019;1690;"15";"15208";"Saint-Projet-de-Salers";"2019-01-03 11:45:00";10000;0;;10000;;;10000;0;0;0;"Estimées";;;;;;;""
2019;1691;"15";"15070";"Fontanges";"2019-01-03 16:15:00";30000;0;;30000;;;30000;0;0;0;"Estimées";;;;;;;""
2019;181;"65";"65428";"Sireix";"2019-01-03 16:18:00";150000;0;;150000;;;150000;0;0;0;"Estimées";;;;;;;""
2019;8038;"2B";"2B183";"Ogliastro";"2019-01-03 16:40:00";1500;;;;;;;;;;;;"Involontaire (travaux)";;;;;""
2019;14334;"04";"04144";"La Palud-sur-Verdon";"2019-01-03 18:30:00";2000;2000;;;;;;;;;;"2";;;;;;""
2019;182;"65";"65428";"Sireix";"2019-01-04 08:35:00";1000000;0;;1000000;;;1000000;0;0;0;"Estimées";;"Involontaire (travaux)";;;;;""
2019;8147;"2B";"2B364";"Zuani";"2019-01-04 10:55:00";1500;;;;;;;;;;;;;;;;;""
2019;6140;"2A";"2A268";"Sampolo";"2019-01-04 11:50:00";50;;50;;;;;;;;;"1";"Involontaire (particulier)";;;;;""
2019;13317;"04";"04160";"Reillanne";"2019-01-04 16:15:00";3;3;;;;;;;;;;"2";;;;;;""
2019;8515;"11";"11367";"Saissac";"2019-01-04 18:12:00";5000;;;;;;;;;;;;;;;;;""
2019;184;"65";"65295";"Luz-Saint-Sauveur";"2019-01-05 15:19:00";10000;0;;10000;;;10000;0;0;0;"Estimées";;;;;;;""
2019;7374;"06";"06074";"Lantosque";"2019-01-05 16:10:00";5000;;;;;;;;;;;;;;;;;""
2019;1692;"15";"15249";"Le Vaulmier";"2019-01-05 17:30:00";5000;0;;5000;;;5000;0;0;0;"Estimées";;;;;;;""
2019;1693;"15";"15236";"Thiézac";"2019-01-05 19:00:00";3000;0;;3000;;;3000;0;0;0;"Estimées";;;;;;;""
2019;8516;"11";"11332";"Saint-André-de-Roquelongue";"2019-01-05 19:51:00";300;;;;;;;;;;;;;;;;;""
2019;8258;"2B";"2B355";"Volpajola";"2019-01-06 12:46:00";1500;;;;;;;;;;;;;;;;;""
2019;8517;"11";"11332";"Saint-André-de-Roquelongue";"2019-01-06 15:27:00";150;;;;;;;;;;;;;;;;;""
2019;6103;"2A";"2A017";"Appietto";"2019-01-06 15:31:00";2000;;1000;;;;;;;1000;;"1";"Involontaire (particulier)";;;;;""
2019;6709;"34";"34130";"Laurens";"2019-01-06 17:11:00";1326;;;;;;;;;;;"1";"Malveillance";;;;;""
2019;1694;"15";"15050";"Le Claux";"2019-01-06 19:00:00";2000;0;;2000;;;2000;0;0;0;"Estimées";;;;;;;""
2019;3195;"40";"40192";"Mont-de-Marsan";"2019-01-07 16:41:00";50;50;;0;;;0;;;0;;;;;;;;""
2019;8367;"2B";"2B354";"Vivario";"2019-01-07 18:44:00";20;0;0;;;;;;;20;;"4";;;;;;""
2019;6142;"2A";"2A247";"Porto-Vecchio";"2019-01-08 15:03:00";15;;15;;;;;;;;;;"Involontaire (particulier)";;;;;""
2019;13295;"04";"04049";"Château-Arnoux-Saint-Auban";"2019-01-08 17:37:00";50;;;;;;;;;;;;;;;;;""
2019;14357;"34";"34285";"Saint-Pons-de-Mauchiens";"2019-01-08 20:39:00";561;;561;;;;;;;;;"1";"Involontaire (travaux)";;;;;""
2019;11318;"34";"34285";"Saint-Pons-de-Mauchiens";"2019-01-09 12:21:00";13121;;13121;;;;;;;;;"1";"Malveillance";;;;;""
2019;14379;"34";"34341";"Villeveyrac";"2019-01-10 15:22:00";2465;;2465;;;;;;;;;;"Involontaire (travaux)";;;;;""
2019;13261;"04";"04076";"Entrevaux";"2019-01-10 15:31:00";2;;;;;;;;;;;;;;;;;""
2019;7017;"2A";"2A348";"Vico";"2019-01-10 15:31:00";150;;150;;;;;;;;;;"Involontaire (particulier)";;;;;""
2019;13183;"2B";"2B046";"Cagnano";"2019-01-10 17:39:00";40000;;40000;;;;;;;;;"1";;;;;;""
2019;13515;"2B";"2B205";"Patrimonio";"2019-01-11 13:06:00";20000;;20000;;;;;;;;;"1";"Involontaire (travaux)";;;;;""
2019;12409;"06";"06066";"Gilette";"2019-01-11 21:16:00";20000;;;;;;;;;;;"1";"Involontaire (travaux)";;;;;""
2019;8519;"11";"11170";"Gruissan";"2019-01-12 10:09:00";20;;;;;;;;;;;;;;;;;""
2019;13626;"2B";"2B329";"Tralonca";"2019-01-12 11:14:00";100;;;;;;;;;;;;;;;;;""
2019;14070;"06";"06070";"Gréolières";"2019-01-12 11:34:00";80000;;80000;;;;;;;;;"1";"Involontaire (particulier)";;;;;""
2019;13737;"2B";"2B150";"Lumio";"2019-01-12 15:26:00";300;;;;;;;;;;;;;;;;;""
2019;7018;"2A";"2A024";"Aullène";"2019-01-12 16:04:00";20;;20;;;;;;;;;;;;;;;""
2019;10320;"66";"66226";"Villemolaque";"2019-01-13 06:28:00";5000;;5000;;;;;;;;;"1";;;;;;""
2019;6055;"34";"34262";"Saint-Guiraud";"2019-01-13 10:26:00";3056;;;;;;;;;;;"1";"Malveillance";;;;;""
2019;8520;"11";"11316";"Rivel";"2019-01-13 15:58:00";400;;;;;;;;;;;;;;;;;""
2019;13959;"06";"06098";"Puget-Rostang";"2019-01-13 16:45:00";30000;;20000;;;;;;;10000;;"1";"Malveillance";;;;;""
2019;10322;"66";"66136";"Perpignan";"2019-01-13 17:45:00";40000;;40000;;;;;;;;;"1";;;;;;""
2019;14346;"06";"06053";"Daluis";"2019-01-14 11:52:00";60000;;50000;;;;;;;10000;;"1";;;;;;""
2019;7021;"2A";"2A362";"Zonza";"2019-01-14 13:28:00";50;;50;;;;;;;;;"1";"Involontaire (particulier)";;;;;""
2019;6099;"2B";"2B015";"Ampriani";"2019-01-14 14:46:00";2000;;;;;;;;;;;;;;;;;""
2019;14290;"83";"83109";"La Roque-Esclapon";"2019-01-14 14:51:00";10000;10000;;;;;;;;;;"5";"Involontaire (travaux)";;;;;""
2019;6121;"2B";"2B257";"Rapale";"2019-01-14 17:16:00";500;;;;;;;;;;;;"Involontaire (travaux)";;;;;""
2019;6164;"2B";"2B073";"Casamaccioli";"2019-01-14 20:15:00";1061400;111400;250000;;;;;;;700000;;"4";;;;;;""
2019;13250;"04";"04152";"Pierrevert";"2019-01-15 12:58:00";20;;;;;;;;;;;;"Involontaire (particulier)";;;;;""
2019;185;"65";"65006";"Ancizan";"2019-01-15 16:01:00";50000;0;;50000;;;50000;0;0;0;"Estimées";;;;;;;""
2019;6132;"2B";"2B135";"Isolaccio-di-Fiumorbo";"2019-01-15 20:32:00";4500;;;;;;;;;;;"5";"Malveillance";;;;;""
2019;9888;"48";"48036";"Cassagnas";"2019-01-16 13:23:00";5000;;;;;;;;;;;;"Involontaire (travaux)";;;;;""
2019;1695;"15";"15137";"Moussages";"2019-01-16 14:30:00";20000;0;;20000;;;20000;0;0;0;"Estimées";;;;;;;""
2019;8521;"11";"11132";"Fabrezan";"2019-01-16 15:39:00";6000;;;;;;;;;;;;;;;;;""
2019;1696;"15";"15137";"Moussages";"2019-01-16 23:00:00";500000;0;;500000;;;500000;0;0;0;"Estimées";;;;;;;""
2019;1697;"15";"15147";"Parlan";"2019-01-17 11:00:00";8000;0;;8000;;;8000;0;0;0;"Estimées";;;;;;;""
2019;6459;"2B";"2B224";"Pietracorbara";"2019-01-17 12:11:00";5000;;5000;;;;;;;;;"1";;;;;;""
2019;7629;"48";"48040";"Chasseradès";"2019-01-18 16:31:00";5000;;5000;;;;;;;;;"1";;;;;;""
2019;8522;"11";"11370";"Salles-d'Aude";"2019-01-18 18:03:00";5;;;;;;;;;;;;;;;;;""
2019;6481;"2B";"2B213";"Pianello";"2019-01-19 12:43:00";5000;;5000;;;;;;;;;"1";;;;;;""
2019;6610;"07";"07024";"Banne";"2019-01-19 23:28:00";500;500;;;;;;;;;;"4";;;;;;""
2019;6514;"2B";"2B350";"Vignale";"2019-01-20 15:09:00";20000;20000;;;;;;;;;;"3";;;;;;""
2019;10300;"66";"66205";"Tautavel";"2019-01-22 11:05:00";2000;;2000;;;;;;;;;"1";;;;;;""
2019;8523;"11";"11170";"Gruissan";"2019-01-22 15:43:00";100;;;;;;;;;;;;;;;;;""
2019;6100;"13";"13055";"Marseille";"2019-01-24 12:40:00";1000;1000;;;;;;;;;;"2";;;;;;""
2019;10301;"66";"66212";"Torreilles";"2019-01-24 22:24:00";50000;;50000;;;;;;;;;"1";;;;;;""
2019;7519;"26";"26361";"Valdrôme";"2019-01-25 11:03:00";1400;400;1000;;;;;;;0;;"4";"Involontaire (particulier)";;;;;""
2019;7530;"26";"26361";"Valdrôme";"2019-01-25 15:44:00";10;;10;;;;;;;0;;"1";"Involontaire (particulier)";;;;;""
2019;7176;"04";"04139";"Noyers-sur-Jabron";"2019-01-25 16:18:00";1500;;;;;;;;;;;;;;;;;""
2019;7286;"07";"07155";"Mercuer";"2019-01-25 19:01:00";15000;15000;;;;;;;;;;"4";;;;;;""
2019;7219;"83";"83121";"Salernes";"2019-01-26 13:25:00";5000;5000;;;;;;;;;;"4";"Involontaire (particulier)";;;;;""
2019;7022;"2A";"2A174";"Murzo";"2019-01-26 16:57:00";400;;400;;;;;;;;;;;;;;;""
2019;7308;"06";"06013";"Belvédère";"2019-01-26 17:38:00";8000;;;;;;;;;;;"1";;;;;;""
2019;6209;"34";"34271";"Saint-Julien";"2019-01-26 19:31:00";215;215;;;;;;;;;;"3";"Malveillance";;;;;""
2019;7584;"06";"06148";"Tourrettes-sur-Loup";"2019-01-27 11:10:00";734000;70000;664000;;;;;;;;;"1";"Malveillance";;;;;""
2019;7297;"07";"07031";"Berrias-et-Casteljau";"2019-01-27 13:39:00";5000;5000;;;;;;;;;;"3";"Involontaire (travaux)";;;;;""
2019;7596;"06";"06077";"Lucéram";"2019-01-27 17:01:00";10000;;;;;;;;;;;"1";"Involontaire (particulier)";;;;;""
2019;7023;"2A";"2A017";"Appietto";"2019-01-27 19:24:00";3;;3;;;;;;;;;;;;;;;""
2019;7607;"06";"06049";"Courmes";"2019-01-29 14:30:00";30000;;;;;;;;;;;"1";"Malveillance";;;;;""
2019;10341;"66";"66061";"Coustouges";"2019-02-04 14:00:00";1000;1000;;;;;;;;;;"4";"Involontaire (travaux)";;;;;""
2019;7030;"2A";"2A268";"Sampolo";"2019-02-06 16:08:00";200;;200;;;;;;;;;;"Involontaire (particulier)";;;;;""
2019;10347;"66";"66127";"Opoul-Périllos";"2019-02-08 12:30:00";1000;500;500;;;;;;;;;"4";"Involontaire (particulier)";;;;;""
2019;10348;"66";"66116";"Montferrer";"2019-02-08 21:55:00";1500;500;1000;;;;;;;;;"6";"Malveillance";;;;;""
2019;7032;"2A";"2A212";"Piana";"2019-02-09 18:39:00";100;;100;;;;;;;;;;"Involontaire (particulier)";;;;;""
2019;13239;"04";"04171";"Rougon";"2019-02-09 18:44:00";50;;;;;;;;;;;;"Involontaire (particulier)";;;;;""
2019;9793;"06";"06074";"Lantosque";"2019-02-11 11:56:00";1500;;;;;;;;;;;"1";"Involontaire (particulier)";;;;;""
2019;14209;"2A";"2A204";"Pastricciola";"2019-02-11 19:43:00";200;200;;;;;;;;;;"3";;;;;;""
2019;9575;"2B";"2B009";"Aléria";"2019-02-12 11:02:00";15;;15;;;;;;;;;"1";;;;;;""
2019;7033;"2A";"2A209";"Peri";"2019-02-12 13:51:00";100;;100;;;;;;;;;;"Involontaire (particulier)";;;;;""
2019;9586;"2B";"2B230";"Piève";"2019-02-12 14:30:00";70000;;70000;;;;;;;;;"1";;;;;;""
2019;9597;"2B";"2B042";"Borgo";"2019-02-12 14:30:00";600;500;;;;;;;;100;;"5";;;;;;""
2019;9608;"2B";"2B043";"Brando";"2019-02-12 15:03:00";100;100;;;;;;;;;;"5";;;;;;""
2019;9619;"2B";"2B318";"Taglio-Isolaccio";"2019-02-12 15:13:00";6000;;5000;;;;;;;1000;;"1";;;;;;""
2019;9630;"2B";"2B083";"Castirla";"2019-02-12 16:25:00";100;100;;;;;;;;;;"2";;;;;;""
2019;7034;"2A";"2A348";"Vico";"2019-02-12 16:25:00";100;;100;;;;;;;;;;;;;;;""
2019;9563;"48";"48015";"Pied-de-Borne";"2019-02-12 16:41:00";2000;2000;;;;;;;;;;"2";"Involontaire (travaux)";;;;;""
2019;9662;"2B";"2B315";"Santo-Pietro-di-Venaco";"2019-02-12 18:19:00";200;;;;;;;;;;;;;;;;;""
2019;10083;"2B";"2B063";"Carcheto-Brustico";"2019-02-13 01:00:00";5;;;;;;;;;;;;;;;;;""
2019;6265;"34";"34286";"Saint-Privat";"2019-02-13 11:25:00";5972;;5972;;;;;;;;;;"Malveillance";;;;;""
2019;3103;"33";"33284";"Mios";"2019-02-13 13:57:00";50;50;;0;;;0;;;0;;;;;;;;""
2019;12138;"30";"30154";"Mandagout";"2019-02-13 14:04:00";16778;;16778;;;;;;;;;"1";;;;;;""
2019;9706;"04";"04184";"Saint-Jurs";"2019-02-13 15:08:00";7800;7800;;;;;;;;;;"4";"Involontaire (particulier)";;;;;""
2019;14371;"48";"48198";"Villefort";"2019-02-13 15:23:00";100000;;100000;;;;;;;;;"1";"Involontaire (travaux)";;;;;""
2019;7035;"2A";"2A001";"Afa";"2019-02-13 15:34:00";40;;40;;;;;;;;;"1";;;;;;""
2019;7036;"2A";"2A142";"Levie";"2019-02-13 18:11:00";200;;200;;;;;;;;;;"Involontaire (particulier)";;;;;""
2019;7037;"2A";"2A017";"Appietto";"2019-02-13 19:30:00";20;;20;;;;;;;;;;;;;;;""
2019;10707;"06";"06074";"Lantosque";"2019-02-14 12:52:00";100000;20000;;;;;;;;80000;;"5";;;;;;""
2019;9804;"06";"06074";"Lantosque";"2019-02-14 12:52:00";290000;70000;;;;;;;;220000;;"4";;;;;;""
2019;10360;"66";"66155";"Py";"2019-02-14 13:03:00";1000;500;500;;;;;;;;;"4";"Involontaire (particulier)";;;;;""
2019;13217;"04";"04233";"Vaumeilh";"2019-02-14 13:58:00";3500;;;;;;;;;;;;"Involontaire (particulier)";;;;;""
2019;9738;"04";"04217";"Thoard";"2019-02-14 14:33:00";12100;10500;1600;;;;;;;;;"3";"Involontaire (particulier)";;;;;""
2019;2498;"64";"64119";"Beuste";"2019-02-14 15:16:00";100;100;;0;;;0;;;0;;;;;;;;""
2019;6104;"2A";"2A247";"Porto-Vecchio";"2019-02-14 15:23:00";1500;;1500;;;;;;;;;;"Involontaire (particulier)";;;;;""
2019;13228;"04";"04111";"Mane";"2019-02-14 15:46:00";350;;;;;;;;;;;;;;;;;""
2019;7038;"2A";"2A040";"Bocognano";"2019-02-14 16:08:00";50;;50;;;;;;;;;;"Involontaire (particulier)";;;;;""
2019;9815;"06";"06070";"Gréolières";"2019-02-15 09:53:00";300;;;;;;;;;;;"1";"Involontaire (particulier)";;;;;""
2019;6271;"34";"34341";"Villeveyrac";"2019-02-15 10:56:00";4648;;4648;;;;;;;;;;"Involontaire (travaux)";;;;;""
2019;9826;"06";"06049";"Courmes";"2019-02-15 13:01:00";10000;;;;;;;;;;;"1";"Malveillance";;;;;""
2019;2599;"24";"24544";"Tamniès";"2019-02-15 13:28:00";100;100;;0;;;0;;;0;;;;;;;;""
2019;16;"38";"38140";"Crolles";"2019-02-15 13:55:00";140000;140000;;0;;;0;0;0;0;"Mesurées";;"Accidentelle";;;;;""
2019;10685;"07";"07187";"Prunet";"2019-02-15 16:33:00";20000;5000;15000;;;;;;;;;"3";"Involontaire (travaux)";;;;;""
2019;189;"65";"65042";"Asté";"2019-02-15 18:05:00";100000;0;;100000;;;100000;0;0;0;"Estimées";;;;;;;""
2019;14;"46";"46085";"Cuzac";"2019-02-15 18:50:00";4000;0;;4000;;;4000;0;0;0;"Estimées";;"Involontaire (particulier)";;;;;""
2019;14372;"48";"48015";"Pied-de-Borne";"2019-02-16 10:47:00";85000;74800;10200;;;;;;;;;"2";"Involontaire (travaux)";;;;;""
2019;2239;"64";"64218";"Estérençuby";"2019-02-16 12:34:00";50005;0;;5;;;5;;;50000;;;"Involontaire (travaux)";;;;;""
2019;10146;"2B";"2B354";"Vivario";"2019-02-16 13:42:00";2000;;;;;;;;;;;;"Involontaire (particulier)";;;;;""
2019;14373;"48";"48158";"Saint-Hilaire-de-Lavit";"2019-02-16 13:49:00";1800;1800;;;;;;;;;;"2";"Involontaire (particulier)";;;;;""
2019;10135;"2B";"2B030";"Barrettali";"2019-02-16 14:00:00";100;;;;;;;;;;;;;;;;;""
2019;14374;"48";"48140";"Saint-Chély-d'Apcher";"2019-02-16 14:02:00";120;;120;;;;;;;;;"1";"Involontaire (travaux)";;;;;""
2019;3638;"38";"38452";"Saint-Romain-de-Surieu";"2019-02-16 14:51:00";20000;0;;20000;;;20000;0;0;0;"Estimées";;;;;;;""
2019;10696;"07";"07247";"Saint-Jean-le-Centenier";"2019-02-16 15:10:00";15000;5000;10000;;;;;;;;;"1";"Involontaire (particulier)";;;;;""
2019;5776;"41";"41142";"Valencisse";"2019-02-16 15:21:00";15;0;;15;;;15;0;0;0;"Estimées";;;;;;;""
2019;2595;"24";"24091";"Cénac-et-Saint-Julien";"2019-02-16 15:37:00";100;100;;0;;;0;;;0;;;;;;;;""
2019;13206;"04";"04069";"Demandolx";"2019-02-16 15:54:00";200;;;;;;;;;;;;"Involontaire (particulier)";;;;;""
2019;10156;"2B";"2B047";"Calacuccia";"2019-02-16 16:13:00";5;;;;;;;;;;;;;;;;;""
2019;2196;"64";"64504";"Sare";"2019-02-16 18:38:00";200000;0;;200000;;;200000;;;0;;;"Involontaire (particulier)";;;;;""
2019;2494;"64";"64445";"Pau";"2019-02-16 18:46:00";10;10;;0;;;0;;;0;;;;;;;;""
2019;6419;"13";"13081";"Rognac";"2019-02-17 00:59:00";5;;;;;;;;;;;"1";"Malveillance";;;;;""
2019;6418;"13";"13014";"Berre-l'Étang";"2019-02-17 03:37:00";55;55;;;;;;;;;;"1";"Malveillance";;;;;""
2019;2231;"64";"64218";"Estérençuby";"2019-02-17 07:41:00";50000;50000;;0;;;0;;;0;;;"Involontaire (travaux)";;;;;""
2019;15;"46";"46043";"Cahus";"2019-02-17 12:09:00";300;0;;300;;;300;0;0;0;"Estimées";;"Involontaire (particulier)";;;;;""
2019;14376;"48";"48004";"Altier";"2019-02-17 12:14:00";20000;20000;;;;;;;;;;"4";"Involontaire (travaux)";;;;;""
2019;33;"39";"39306";"Macornay";"2019-02-17 12:17:00";20000;20000;;0;;;0;0;0;0;"Estimées";;;;;;;""
2019;10277;"83";"83050";"Draguignan";"2019-02-17 12:57:00";50;50;;;;;;;;;;"5";"Involontaire (particulier)";;;;;""
2019;92;"03";"03224";"Saint-Clément";"2019-02-17 13:17:00";15000;15000;;0;;;0;0;0;0;"Mesurées";;"Involontaire (particulier)";;;;;""
2019;11263;"04";"04206";"Sigonce";"2019-02-17 13:33:00";40;;;;;;;;;;;;"Involontaire (particulier)";;;;;""
2019;3431;"47";"47267";"Saint-Pierre-de-Buzet";"2019-02-17 13:46:00";2000;2000;;0;;;0;;;0;;;"Accidentelle";;;;;""
2019;2487;"64";"64545";"Urrugne";"2019-02-17 13:51:00";100;100;;0;;;0;;;0;;;;;;;;""
2019;2486;"64";"64336";"Lescun";"2019-02-17 13:56:00";400;0;;200;;;200;;;200;;;;;;;;""
2019;3430;"47";"47023";"Beaugas";"2019-02-17 14:53:00";500;500;;0;;;0;;;0;;;;;;;;""
2019;2245;"64";"64545";"Urrugne";"2019-02-17 15:32:00";100;0;;50;;;50;;;50;;;"Malveillance";;;;;""
2019;609;"88";"88317";"Moussey";"2019-02-17 15:35:00";800;800;;0;;;0;0;0;0;"Estimées";;;;;;;""
2019;1698;"15";"15187";"Saint-Flour";"2019-02-17 16:00:00";10000;0;;10000;;;10000;0;0;0;"Mesurées";;;;;;;""
2019;152;"63";"63383";"Saint-Pierre-Colamine";"2019-02-17 16:22:00";9819;9819;;0;;;0;0;0;0;"Mesurées";;;;;;;""
2019;2194;"64";"64504";"Sare";"2019-02-17 16:30:00";15000;0;;15000;;;15000;;;0;;;"Involontaire (particulier)";;;;;""
2019;1861;"72";"72274";"Saint-Christophe-en-Champagne";"2019-02-17 18:15:00";10;10;;0;;;0;0;0;0;"Estimées";;;;;;;""
2019;5778;"41";"41018";"Blois";"2019-02-17 18:15:00";5;0;;5;;;5;0;0;0;"Estimées";;;;;;;""
2019;2193;"64";"64487";"Saint-Just-Ibarre";"2019-02-17 19:09:00";10;0;;10;;;10;;;0;;;"Involontaire (particulier)";;;;;""
2019;2482;"64";"64545";"Urrugne";"2019-02-17 19:14:00";400;400;;0;;;0;;;0;;;;;;;;""
2019;2481;"64";"64353";"Louvie-Juzon";"2019-02-17 23:26:00";200;0;;100;;;100;;;100;;;;;;;;""
2019;34;"39";"39300";"Lons-le-Saunier";"2019-02-18 12:41:00";10000;10000;;0;;;0;0;0;0;"Estimées";;;;;;;""
2019;11274;"04";"04173";"Saint-André-les-Alpes";"2019-02-18 12:59:00";2000;;;;;;;;;;;;"Involontaire (particulier)";;;;;""
2019;2479;"64";"64405";"Morlaàs";"2019-02-18 13:53:00";200;200;;0;;;0;;;0;;;;;;;;""
2019;8524;"11";"11031";"Belfort-sur-Rebenty";"2019-02-18 15:47:00";20000;;;;;;;;;;;;;;;;;""
2019;13195;"04";"04004";"Allemagne-en-Provence";"2019-02-19 15:15:00";800;;;;;;;;;;;;"Involontaire (particulier)";;;;;""
2019;11561;"04";"04233";"Vaumeilh";"2019-02-19 15:47:00";2600;700;1900;;;;;;;;;"1";"Involontaire (particulier)";;;;;""
2019;8525;"11";"11315";"Rieux-Minervois";"2019-02-19 18:09:00";600;;;;;;;;;;;;;;;;;""
2019;1699;"15";"15107";"Lorcières";"2019-02-19 18:40:00";20000;0;;20000;;;20000;0;0;0;"Estimées";;;;;;;""
2019;6602;"06";"06018";"Biot";"2019-02-20 11:52:00";500;;;;;;;;;;;"1";;;;;;""
2019;10923;"05";"05160";"Salérans";"2019-02-20 13:31:00";8000;;;;;;;;;;;;"Involontaire (particulier)";;;;;""
2019;10913;"05";"05138";"Saint-Disdier";"2019-02-20 14:01:00";23400;;;;;;;;;;;;"Involontaire (particulier)";;;;;""
2019;17;"46";"46083";"Cressensac-Sarrazac";"2019-02-20 14:10:00";2000;0;;2000;;;2000;0;0;0;"Estimées";;"Involontaire (particulier)";;;;;""
2019;11620;"04";"04081";"Esparron-de-Verdon";"2019-02-20 14:25:00";8000;;;;;;;;;;;;"Involontaire (particulier)";;;;;""
2019;3099;"33";"33555";"Marcheprime";"2019-02-20 14:40:00";1500;1500;;0;;;0;;;0;;;"Involontaire (travaux)";;;;;""
2019;6106;"2A";"2A271";"Sarrola-Carcopino";"2019-02-20 17:01:00";800;;800;;;;;;;;;;"Involontaire (particulier)";;;;;""
2019;7039;"2A";"2A271";"Sarrola-Carcopino";"2019-02-20 17:01:00";800;;800;;;;;;;;;;"Involontaire (particulier)";;;;;""
2019;14377;"48";"48170";"Saint-Martin-de-Boubaux";"2019-02-21 13:26:00";11000;11000;;;;;;;;;;"4";"Involontaire (particulier)";;;;;""
2019;14378;"48";"48028";"Les Bondons";"2019-02-21 14:56:00";28400;27800;600;;;;;;;;;"1";;;;;;""
2019;262;"09";"09035";"Balaguères";"2019-02-21 15:35:00";10000;0;;10000;;;10000;0;0;0;"Estimées";;;;;;;""
2019;3428;"47";"47032";"Bon-Encontre";"2019-02-21 15:49:00";50;50;;0;;;0;;;0;;;;;;;;""
2019;5780;"41";"41283";"Villemardy";"2019-02-21 16:30:00";60;0;;60;;;60;0;0;0;"Estimées";;;;;;;""
2019;2017;"12";"12171";"Nauviale";"2019-02-21 16:39:00";10000;10000;;0;;;0;0;0;0;"Estimées";;;;;;;"Données partielles ou non valides"
2019;1700;"15";"15099";"Lavastrie";"2019-02-21 17:00:00";50000;0;;50000;;;50000;0;0;0;"Estimées";;;;;;;""
2019;1701;"15";"15058";"Cros-de-Ronesque";"2019-02-21 20:00:00";2000;0;;2000;;;2000;0;0;0;"Estimées";;;;;;;""
2019;5781;"41";"41228";"Saint-Rimay";"2019-02-21 21:31:00";5;0;;5;;;5;0;0;0;"Estimées";;;;;;;""
2019;8526;"11";"11202";"Leucate";"2019-02-22 10:44:00";200;;;;;;;;;;;;;;;;;""
2019;153;"63";"63077";"Chambon-sur-Lac";"2019-02-22 11:35:00";28100;3800;;0;;;0;0;24300;24300;"Mesurées";;;;;;;""
2019;11045;"05";"05130";"Saint-Apollinaire";"2019-02-22 12:13:00";20000;;;;;;;;;;;;"Involontaire (particulier)";;;;;""
2019;1702;"15";"15205";"Saint-Paul-de-Salers";"2019-02-22 13:00:00";100000;0;;100000;;;100000;0;0;0;"Estimées";;;;;;;""
2019;2592;"24";"24291";"Montignac";"2019-02-22 13:37:00";5000;5000;;0;;;0;;;0;;;;;;;;""
2019;3194;"40";"40272";"Saint-Martin-de-Hinx";"2019-02-22 14:14:00";10000;10000;;0;;;0;;;0;;;"Involontaire (particulier)";;;;;""
2019;2225;"64";"64342";"Licq-Athérey";"2019-02-22 14:59:00";100000;0;;100000;;;100000;;;0;;;"Involontaire (travaux)";;;;;""
2019;3643;"38";"38023";"Avignonet";"2019-02-22 15:17:00";4000;0;;4000;;;4000;0;0;0;"Estimées";;"Involontaire (travaux)";;;;;""
2019;3095;"33";"33012";"Arsac";"2019-02-22 15:18:00";50000;50000;;0;;;0;;;0;;;;;;;;""
2019;8527;"11";"11035";"Belvianes-et-Cavirac";"2019-02-22 16:03:00";100;;;;;;;;;;;;;;;;;""
2019;3427;"47";"47077";"Cuzorn";"2019-02-22 16:49:00";2000;2000;;0;;;0;;;0;;;;;;;;""
2019;37;"46";"46285";"Saint-Pantaléon";"2019-02-22 17:35:00";200;0;;200;;;200;0;0;0;"Estimées";;"Involontaire (particulier)";;;;;""
2019;6678;"34";"34286";"Saint-Privat";"2019-02-22 18:38:00";26643;26643;;;;;;;;;;"3";"Malveillance";;;;;""
2019;38;"46";"46282";"Saint-Médard-Nicourby";"2019-02-22 19:12:00";10000;0;;10000;;;10000;0;0;0;"Estimées";;"Involontaire (particulier)";;;;;""
2019;1703;"15";"15176";"Saint-Chamant";"2019-02-23 07:30:00";20000;0;;20000;;;20000;0;0;0;"Estimées";;;;;;;""
2019;11175;"07";"07315";"La Souche";"2019-02-23 11:31:00";1000;;1000;;;;;;;;;"1";"Involontaire (particulier)";;;;;""
2019;44;"58";"58129";"Gouloux";"2019-02-23 12:11:00";40000;40000;;0;;;0;0;0;0;"Estimées";;"Involontaire (particulier)";;;;;""
2019;13760;"2B";"2B281";"Sisco";"2019-02-23 13:26:00";996300;;996300;;;;;;;;;"1";"Malveillance";;;;;""
2019;3093;"33";"33036";"Bazas";"2019-02-23 13:40:00";40000;40000;;0;;;0;;;0;;;;;;;;""
2019;11088;"05";"05160";"Salérans";"2019-02-23 13:53:00";11000;;;;;;;;;;;;"Involontaire (particulier)";;;;;""
2019;3092;"33";"33527";"Le Teich";"2019-02-23 14:00:00";435300;435300;;0;;;0;;;0;;;;;;;;""
2019;11850;"26";"26300";"Saint-Dizier-en-Diois";"2019-02-23 14:11:00";57300;5000;52300;;;;;;;;;"1";"Malveillance";;;;;""
2019;5783;"41";"41295";"Vineuil";"2019-02-23 14:29:00";60;0;;60;;;60;0;0;0;"Estimées";;;;;;;""
2019;1704;"15";"15095";"Laroquevieille";"2019-02-23 15:00:00";10000;0;;10000;;;10000;0;0;0;"Estimées";;;;;;;""
2019;2469;"64";"64128";"Bilhères";"2019-02-23 15:15:00";20000;20000;;0;;;0;;;0;;;;;;;;""
2019;13084;"04";"04169";"La Rochegiron";"2019-02-23 15:30:00";14400;1100;13300;;;;;;;;;"6";"Involontaire (particulier)";;;;;""
2019;3646;"38";"38138";"Crémieu";"2019-02-23 15:42:00";10000;0;;10000;;;10000;0;0;0;"Estimées";;;;;;;""
2019;84;"31";"31158";"Cuguron";"2019-02-23 15:44:00";50000;0;;50000;;;50000;0;0;0;"Estimées";;;;;;;""
2019;1705;"15";"15265";"Ydes";"2019-02-23 16:00:00";10000;0;;10000;;;10000;0;0;0;"Estimées";;;;;;;""
2019;11861;"26";"26336";"Saou";"2019-02-23 16:54:00";700;700;0;;;;;;;;;"4";"Involontaire (particulier)";;;;;""
2019;7040;"2A";"2A108";"Évisa";"2019-02-23 16:54:00";10;;10;;;;;;;;;;"Involontaire (particulier)";;;;;""
2019;907;"87";"87070";"La Geneytouse";"2019-02-23 16:54:00";500;500;;0;;;0;0;0;0;"Estimées";;;;;;;""
2019;7041;"2A";"2A070";"Casaglione";"2019-02-23 17:19:00";40;;40;;;;;;;;;;"Involontaire (particulier)";;;;;""
2019;11406;"2B";"2B290";"Speloncato";"2019-02-23 17:20:00";3000;;;;;;;;;;;;"Malveillance";;;;;""
2019;32;"39";"39066";"Bornay";"2019-02-23 17:30:00";25000;25000;;0;;;0;0;0;0;"Estimées";;"Malveillance";;;;;""
2019;11416;"2B";"2B145";"Loreto-di-Casinca";"2019-02-23 17:45:00";15000;15000;;;;;;;;;;"2";;;;;;""
2019;3191;"40";"40002";"Amou";"2019-02-23 17:48:00";2500;2500;;0;;;0;;;0;;;"Involontaire (particulier)";;;;;""
2019;12276;"2A";"2A268";"Sampolo";"2019-02-23 18:48:00";286000;193800;80300;;;;;;;11900;;"1";;;;;;""
2019;7044;"2A";"2A090";"Coggia";"2019-02-23 19:18:00";40;;40;;;;;;;;;;"Involontaire (particulier)";;;;;""
2019;12287;"2A";"2A326";"Tolla";"2019-02-23 19:39:00";710000;85500;624500;;;;;;;;;"1";"Involontaire (travaux)";;;;;""
2019;13771;"2B";"2B049";"Calenzana";"2019-02-23 20:03:00";11101600;6349200;4719800;;;;;;;32600;;"1";"Malveillance";;;;;""
2019;909;"87";"87005";"Aureil";"2019-02-23 20:27:00";100;100;;0;;;0;0;0;0;"Estimées";;;;;;;""
2019;11483;"2B";"2B235";"Pioggiola";"2019-02-23 21:54:00";4000;;;;;;;;;;;;;;;;;""
2019;14381;"48";"48053";"Cubières";"2019-02-23 21:58:00";120;;120;;;;;;;;;"1";;;;;;""
2019;49;"09";"09301";"Soulan";"2019-02-23 22:35:00";220000;20000;;0;;;0;200000;0;200000;"Estimées";;;;;;;""
2019;1862;"72";"72223";"Noyen-sur-Sarthe";"2019-02-23 22:51:00";150;150;;0;;;0;0;0;0;"Estimées";;;;;;;""
2019;7045;"2A";"2A362";"Zonza";"2019-02-24 01:55:00";12400;;12400;;;;;;;;;"4";"Involontaire (particulier)";;;;;""
2019;13782;"2B";"2B086";"Centuri";"2019-02-24 06:44:00";5000;;;;;;;;;;;;;;;;;""
2019;7046;"2A";"2A271";"Sarrola-Carcopino";"2019-02-24 10:08:00";400;;400;;;;;;;;;;;;;;;""
2019;11550;"2B";"2B222";"Pie-d'Orezza";"2019-02-24 10:47:00";100000;;100000;;;;;;;;;"1";"Malveillance";;;;;""
2019;11590;"2B";"2B124";"Ghisoni";"2019-02-24 12:00:00";130000;;130000;;;;;;;;;"1";;;;;;""
2019;6107;"2A";"2A092";"Conca";"2019-02-24 12:24:00";5000;;5000;;;;;;;;;"1";"Involontaire (particulier)";;;;;""
2019;3647;"38";"38377";"Saint-Clair-de-la-Tour";"2019-02-24 12:53:00";500;0;;500;;;500;0;0;0;"Estimées";;"Accidentelle";;;;;""
2019;620;"88";"88165";"Étival-Clairefontaine";"2019-02-24 13:21:00";10000;10000;;0;;;0;0;0;0;"Estimées";;;;;;;""
2019;7047;"2A";"2A209";"Peri";"2019-02-24 13:21:00";200;;200;;;;;;;;;;"Involontaire (particulier)";;;;;""
2019;7048;"2A";"2A024";"Aullène";"2019-02-24 13:37:00";400;;400;;;;;;;;;;"Involontaire (particulier)";;;;;""
2019;3091;"33";"33051";"Biganos";"2019-02-24 14:44:00";500;500;;0;;;0;;;0;;;"Involontaire (travaux)";;;;;""
2019;2004;"74";"74278";"Thyez";"2019-02-24 15:27:00";4000;0;;4000;;;4000;0;0;0;"Estimées";;;;;;;""
2019;39;"46";"46325";"Vaillac";"2019-02-24 15:42:00";40000;0;;40000;;;40000;0;0;0;"Estimées";;;;;;;""
2019;2467;"64";"64298";"Lacarry-Arhan-Charritte-de-Haut";"2019-02-24 15:47:00";20000;20000;;0;;;0;;;0;;;;;;;;""
2019;12995;"04";"04139";"Noyers-sur-Jabron";"2019-02-24 15:51:00";200;;;;;;;;;;;;;;;;;""
2019;2466;"64";"64020";"Ance";"2019-02-24 17:04:00";630;0;;600;;;600;;;30;;;;;;;;""
2019;1706;"15";"15243";"Trizac";"2019-02-24 17:45:00";2000;0;;2000;;;2000;0;0;0;"Estimées";;;;;;;""
2019;2587;"24";"24550";"Thenon";"2019-02-24 19:11:00";30000;30000;;0;;;0;;;0;;;;;;;;""
2019;11599;"2B";"2B328";"Tox";"2019-02-24 20:31:00";500;;;;;;;;;;;;;;;;;""
2019;12068;"2B";"2B124";"Ghisoni";"2019-02-25 07:35:00";10000;10000;;;;;;;;;;"2";;;;;;""
2019;14285;"06";"06074";"Lantosque";"2019-02-25 12:04:00";370000;70000;;;;;;;;300000;;"4";"Malveillance";;;;;""
2019;12101;"2B";"2B140";"Lento";"2019-02-25 15:27:00";300;;;;;;;;;;;;;;;;;""
2019;19;"81";"81007";"Alos";"2019-02-25 15:31:00";5300;0;;5300;;;5300;0;0;0;"Estimées";;;;;;;""
2019;11829;"04";"04032";"Braux";"2019-02-25 15:35:00";20800;20800;;;;;;;;;;"5";"Involontaire (travaux)";;;;;""
2019;2586;"24";"24407";"Sainte-Foy-de-Longas";"2019-02-25 15:39:00";25000;25000;;0;;;0;;;0;;;;;;;;""
2019;6108;"2A";"2A358";"Zévaco";"2019-02-25 15:42:00";2000;;2000;;;;;;;;;;;;;;;""
2019;40;"46";"46249";"Saint-Bressou";"2019-02-25 16:20:00";2000;0;;2000;;;2000;0;0;0;"Estimées";;;;;;;""
2019;41;"46";"46087";"Dégagnac";"2019-02-25 17:50:00";5000;0;;5000;;;5000;0;0;0;"Estimées";;;;;;;""
2019;31;"39";"39557";"Vescles";"2019-02-25 17:57:00";50000;50000;;0;;;0;0;0;0;"Estimées";;"Malveillance";;;;;""
2019;2461;"64";"64376";"Meillon";"2019-02-25 21:46:00";100;0;;100;;;100;;;0;;;;;;;;""
2019;3189;"40";"40178";"Mazerolles";"2019-02-26 05:37:00";300;300;;0;;;0;;;0;;;;;;;;""
2019;2585;"24";"24277";"Monfaucon";"2019-02-26 10:45:00";500;500;;0;;;0;;;0;;;"Accidentelle";;;;;""
2019;154;"63";"63440";"Valbeleix";"2019-02-26 11:19:00";19419;0;;1558;;;1558;17861;0;17861;"Mesurées";;;;;;;""
2019;12126;"2A";"2A114";"Figari";"2019-02-26 12:10:00";20;;20;;;;;;;;;"1";"Involontaire (particulier)";;;;;""
2019;3089;"33";"33519";"Le Taillan-Médoc";"2019-02-26 14:14:00";2500;2500;;0;;;0;;;0;;;"Accidentelle";;;;;""
2019;3650;"38";"38023";"Avignonet";"2019-02-26 15:10:00";4000;0;;4000;;;4000;0;0;0;"Estimées";;"Involontaire (particulier)";;;;;""
2019;11872;"07";"07226";"Saint-Clément";"2019-02-26 15:10:00";20000;;20000;;;;;;;;;"1";"Involontaire (travaux)";;;;;""
2019;2584;"24";"24014";"Aubas";"2019-02-26 15:15:00";1000;1000;;0;;;0;;;0;;;;;;;;""
2019;1819;"15";"15045";"Chaudes-Aigues";"2019-02-26 15:20:00";40000;0;;40000;;;40000;0;0;0;"Estimées";;;;;;;""
2019;624;"88";"88244";"La Houssière";"2019-02-26 16:09:00";20000;20000;;0;;;0;0;0;0;"Estimées";;;;;;;""
2019;1820;"15";"15042";"La Chapelle-Laurent";"2019-02-26 16:40:00";5000;0;;5000;;;5000;0;0;0;"Estimées";;;;;;;""
2019;2454;"64";"64302";"Lagos";"2019-02-26 16:45:00";10000;0;;10000;;;10000;;;0;;;;;;;;""
2019;11916;"83";"83043";"Collobrières";"2019-02-26 16:50:00";350;350;;;;;;;;;;"3";"Involontaire (particulier)";;;;;""
2019;1821;"15";"15240";"Trémouille";"2019-02-26 17:00:00";40000;0;;40000;;;40000;0;0;0;"Estimées";;;;;;;""
2019;2583;"24";"24047";"La Boissière-d'Ans";"2019-02-26 17:04:00";500;500;;0;;;0;;;0;;;"Accidentelle";;;;;""
2019;2219;"64";"64218";"Estérençuby";"2019-02-26 17:38:00";100;100;;0;;;0;;;0;;;"Involontaire (travaux)";;;;;""
2019;14382;"48";"48165";"Saint-Laurent-de-Muret";"2019-02-26 17:47:00";14300;;14300;;;;;;;;;"1";"Involontaire (travaux)";;;;;""
2019;12176;"2B";"2B039";"Bisinchi";"2019-02-26 17:56:00";1000;;;;;;;;;;;;;;;;;""
2019;1805;"69";"69253";"Tupin-et-Semons";"2019-02-26 17:57:00";500;0;;500;;;500;0;0;0;"Estimées";;"Involontaire (travaux)";;;;;"Données partielles ou non valides"
2019;1822;"15";"15124";"Menet";"2019-02-26 19:00:00";30000;0;;30000;;;30000;0;0;0;"Estimées";;;;;;;""
2019;911;"87";"87184";"Saint-Symphorien-sur-Couze";"2019-02-26 19:25:00";150;150;;0;;;0;0;0;0;"Estimées";;;;;;;""
2019;8528;"11";"11142";"Festes-et-Saint-André";"2019-02-26 23:30:00";300;;;;;;;;;;;;;;;;;""
2019;6223;"34";"34228";"Rieussec";"2019-02-27 10:33:00";6000;;;;;;;;;;;;"Involontaire (travaux)";;;;;""
2019;14384;"48";"48136";"Saint-André-de-Lancize";"2019-02-27 10:45:00";20200;;20200;;;;;;;;;"1";"Involontaire (particulier)";;;;;""
2019;2217;"64";"64477";"Saint-Étienne-de-Baïgorry";"2019-02-27 11:09:00";190000;0;;190000;;;190000;;;0;;;"Involontaire (travaux)";;;;;""
2019;3423;"47";"47011";"Anthé";"2019-02-27 11:35:00";3000;3000;;0;;;0;;;0;;;;;;;;""
2019;30;"39";"39306";"Macornay";"2019-02-27 12:35:00";15000;15000;;0;;;0;0;0;0;"Estimées";;"Malveillance";;;;;""
2019;9989;"48";"48085";"Laval-du-Tarn";"2019-02-27 13:16:00";4000;2500;;;;;;;;1500;;"5";"Involontaire (travaux)";;;;;""
2019;10725;"04";"04198";"Saint-Vincent-les-Forts";"2019-02-27 13:19:00";900;;;;;;;;;;;;"Malveillance";;;;;""
2019;12653;"04";"04204";"Senez";"2019-02-27 13:26:00";14600;14600;;;;;;;;;;"5";"Involontaire (particulier)";;;;;""
2019;8530;"11";"11221";"Les Martys";"2019-02-27 13:59:00";14430;;;;;;;;;;;;;;;;;""
2019;3479;"82";"82088";"Laguépie";"2019-02-27 14:02:00";40000;0;;40000;;;40000;0;0;0;"Estimées";;"Involontaire (particulier)";;;;;""
2019;1823;"15";"15161";"Rézentières";"2019-02-27 14:10:00";20000;0;;20000;;;20000;0;0;0;"Estimées";;;;;;;""
2019;2026;"12";"12221";"Saint-Félix-de-Lunel";"2019-02-27 14:26:00";200;0;;200;;;200;0;0;0;"Estimées";;;;;;;"Données partielles ou non valides"
2019;1824;"15";"15261";"Le Vigean";"2019-02-27 14:30:00";4000;0;;4000;;;4000;0;0;0;"Estimées";;;;;;;""
2019;14383;"48";"48096";"Meyrueis";"2019-02-27 14:34:00";38500;2000;36500;;;;;;;;;"1";"Involontaire (travaux)";;;;;""
2019;9995;"48";"48065";"Fraissinet-de-Fourques";"2019-02-27 14:41:00";139500;76400;14200;;;;;;;48900;;"2";"Involontaire (travaux)";;;;;""
2019;10035;"48";"48187";"Les Salces";"2019-02-27 14:43:00";500;0;500;;;;;;;;;"1";"Involontaire (travaux)";;;;;""
2019;261;"09";"09138";"L'Herm";"2019-02-27 15:00:00";400000;400000;;0;;;0;0;0;0;"Estimées";;;;;;;""
2019;14385;"48";"48061";"Florac Trois Rivières";"2019-02-27 15:02:00";57700;29000;15700;;;;;;;13000;;"3";"Involontaire (travaux)";;;;;""
2019;14387;"48";"48162";"Saint-Julien-d'Arpaon";"2019-02-27 15:03:00";220000;;220000;;;;;;;;;"1";"Involontaire (travaux)";;;;;""
2019;3088;"33";"33284";"Mios";"2019-02-27 15:04:00";400;400;;0;;;0;;;0;;;;;;;;""
2019;1825;"15";"15065";"Espinasse";"2019-02-27 15:30:00";500000;0;;500000;;;500000;0;0;0;"Estimées";;;;;;;""
2019;12210;"05";"05022";"Bréziers";"2019-02-27 15:44:00";890;;;;;;;;;;;;"Malveillance";;;;;""
2019;2215;"64";"64477";"Saint-Étienne-de-Baïgorry";"2019-02-27 15:55:00";200;0;;200;;;200;;;0;;;"Involontaire (travaux)";;;;;""
2019;11938;"83";"83072";"Lorgues";"2019-02-27 16:12:00";100;100;;;;;;;;;;"5";"Malveillance";;;;;""
2019;11949;"07";"07136";"Laveyrune";"2019-02-27 16:17:00";20000;;20000;;;;;;;;;"1";"Involontaire (particulier)";;;;;""
2019;3188;"40";"40284";"Saint-Vincent-de-Tyrosse";"2019-02-27 16:17:00";1954;1954;;0;;;0;;;0;;;"Involontaire (particulier)";;;;;""
2019;66;"31";"31020";"Aspet";"2019-02-27 16:25:00";40000;0;;40000;;;40000;0;0;0;"Estimées";;"Accidentelle";;;;;""
2019;2581;"24";"24256";"Marsac-sur-l'Isle";"2019-02-27 16:27:00";1500;1500;;0;;;0;;;0;;;"Accidentelle";;;;;""
2019;2446;"64";"64206";"Escot";"2019-02-27 16:35:00";30000;0;;30000;;;30000;;;0;;;;;;;;""
2019;194;"65";"65234";"Jézeau";"2019-02-27 17:26:00";2500000;0;;2500000;;;2500000;0;0;0;"Estimées";;"Accidentelle";;;;;""
2019;12014;"06";"06103";"Roquebillière";"2019-02-27 17:26:00";200;;;;;;;;;;;"1";"Malveillance";;;;;""
2019;1827;"15";"15022";"Bonnac";"2019-02-27 17:30:00";20000;0;;20000;;;20000;0;0;0;"Estimées";;;;;;;""
2019;1826;"15";"15127";"Molompize";"2019-02-27 17:30:00";20000;0;;20000;;;20000;0;0;0;"Estimées";;;;;;;""
2019;1828;"15";"15116";"Marchastel";"2019-02-27 17:50:00";50000;0;;50000;;;50000;0;0;0;"Estimées";;;;;;;""
2019;11959;"07";"07136";"Laveyrune";"2019-02-27 18:21:00";10000;5000;5000;;;;;;;;;"4";"Involontaire (particulier)";;;;;""
2019;1297;"32";"32219";"Lupiac";"2019-02-27 18:27:00";5000;0;;5000;;;5000;0;0;0;"Estimées";;;;;;;""
2019;1830;"15";"15013";"Auriac-l'Église";"2019-02-27 18:30:00";30000;0;;30000;;;30000;0;0;0;"Estimées";;;;;;;""
2019;1829;"15";"15116";"Marchastel";"2019-02-27 18:30:00";10000;0;;10000;;;10000;0;0;0;"Estimées";;;;;;;""
2019;42;"46";"46259";"Saint-Clair";"2019-02-27 18:37:00";60000;0;;60000;;;60000;0;0;0;"Estimées";;;;;;;""
2019;12421;"06";"06074";"Lantosque";"2019-02-27 18:48:00";200;;;;;;;;;;;"5";;;;;;""
2019;2182;"64";"64284";"Jurançon";"2019-02-27 19:01:00";400;0;;400;;;400;;;0;;;"Involontaire (particulier)";;;;;""
2019;2443;"64";"64377";"Mendionde";"2019-02-27 19:07:00";300;0;;300;;;300;;;0;;;;;;;;""
2019;2214;"64";"64256";"Hasparren";"2019-02-27 19:23:00";10;0;;10;;;10;;;0;;;"Involontaire (travaux)";;;;;""
2019;12465;"06";"06103";"Roquebillière";"2019-02-27 19:45:00";300;;;;;;;;;;;"1";"Malveillance";;;;;""
2019;2580;"24";"24025";"Bars";"2019-02-27 19:47:00";3000;3000;;0;;;0;;;0;;;;;;;;""
2019;632;"88";"88463";"Taintrux";"2019-02-27 21:55:00";1;1;;0;;;0;0;0;0;"Estimées";;;;;;;""
2019;13660;"07";"07334";"Les Vans";"2019-02-28 10:28:00";10000;;10000;;;;;;;;;"1";"Involontaire (travaux)";;;;;""
2019;45;"38";"38466";"Saint-Vincent-de-Mercuze";"2019-02-28 11:11:00";40000;40000;;0;;;0;0;0;0;"Estimées";;"Malveillance";;;;;""
2019;634;"88";"88160";"Épinal";"2019-02-28 11:21:00";10;10;;0;;;0;0;0;0;"Estimées";;;;;;;""
2019;13793;"2B";"2B110";"Favalello";"2019-02-28 11:30:00";7000;7000;;;;;;;;;;"3";;;;;;""
2019;3187;"40";"40233";"Pouillon";"2019-02-28 11:38:00";4000;4000;;0;;;0;;;0;;;"Involontaire (particulier)";;;;;""
2019;14148;"26";"26300";"Saint-Dizier-en-Diois";"2019-02-28 12:28:00";1000;;1000;;;;;;;0;;"1";"Involontaire (travaux)";;;;;""
2019;635;"88";"88391";"Rochesson";"2019-02-28 13:13:00";20000;20000;;0;;;0;0;0;0;"Estimées";;;;;;;""
2019;10390;"66";"66214";"Tresserre";"2019-02-28 13:25:00";30000;;30000;;;;;;;;;"1";"Malveillance";;;;;""
2019;13671;"07";"07103";"Saint-Julien-d'Intres";"2019-02-28 14:39:00";12000;2000;10000;;;;;;;;;"3";"Involontaire (particulier)";;;;;""
2019;14386;"48";"48166";"Cans et Cévennes";"2019-02-28 15:03:00";143500;102900;15400;;;;;;;25200;;"3";"Involontaire (travaux)";;;;;""
2019;13682;"07";"07071";"Coucouron";"2019-02-28 15:16:00";20000;;20000;;;;;;;;;"1";"Involontaire (particulier)";;;;;""
2019;2440;"64";"64307";"Lalongue";"2019-02-28 15:24:00";300;0;;300;;;300;;;0;;;;;;;;""
2019;5769;"01";"01037";"Bénonces";"2019-02-28 16:01:00";100000;50000;;50000;;;50000;0;0;0;"Estimées";;"Involontaire (travaux)";;;;;""
2019;12928;"04";"04093";"Gigors";"2019-02-28 16:20:00";900;;900;;;;;;;;;"4";"Involontaire (particulier)";;;;;""
2019;2180;"64";"64393";"Monein";"2019-02-28 16:46:00";400;0;;400;;;400;;;0;;;"Involontaire (particulier)";;;;;""
2019;13328;"04";"04144";"La Palud-sur-Verdon";"2019-02-28 17:00:00";150600;60200;90400;;;;;;;;;"5";"Involontaire (travaux)";;;;;""
2019;13693;"07";"07098";"Gourdon";"2019-02-28 17:57:00";70000;;70000;;;;;;;;;"1";"Involontaire (travaux)";;;;;""
2019;2579;"24";"24104";"Chantérac";"2019-02-28 18:33:00";70000;70000;;0;;;0;;;0;;;;;;;;""
2019;641;"88";"88101";"Cheniménil";"2019-02-28 20:58:00";20;20;;0;;;0;0;0;0;"Estimées";;;;;;;""
2019;3893;"86";"86139";"Lusignan";"2019-03-01 03:33:00";30000;30000;;0;;;0;0;0;0;"Estimées";;;;;;;""
2019;14272;"04";"04204";"Senez";"2019-03-01 09:00:00";197300;150000;47300;;;;;;;;;"5";"Involontaire (travaux)";;;;;""
2019;14394;"04";"04008";"Annot";"2019-03-01 11:00:00";6100;3700;2400;;;;;;;;;"5";;;;;;""
2019;14390;"48";"48155";"Saint-Germain-de-Calberte";"2019-03-01 13:19:00";2300;2300;;;;;;;;;;"3";"Involontaire (particulier)";;;;;""
2019;7179;"2A";"2A345";"Vero";"2019-03-01 13:31:00";500;;500;;;;;;;;;;;;;;;""
2019;156;"63";"63470";"Volvic";"2019-03-01 13:50:00";21714;21714;;0;;;0;0;0;0;"Mesurées";;"Malveillance";;;;;""
2019;8531;"11";"11202";"Leucate";"2019-03-01 14:42:00";5000;;;;;;;;;;;;;;;;;""
2019;195;"65";"65238";"Labassère";"2019-03-01 15:47:00";20000;0;;20000;;;20000;0;0;0;"Estimées";;;;;;;""
2019;3083;"33";"33233";"Laruscade";"2019-03-01 17:21:00";25000;20000;;0;;;0;;;5000;;;"Involontaire (particulier)";;;;;""
2019;13926;"06";"06115";"Saint-Antonin";"2019-03-01 18:46:00";500;;;;;;;;;;;"4";;;;;;""
2019;13937;"06";"06094";"Péone";"2019-03-01 19:23:00";300;;;;;;;;;;;"1";"Involontaire (particulier)";;;;;""
2019;914;"87";"87186";"Saint-Vitte-sur-Briance";"2019-03-01 20:35:00";10000;10000;;0;;;0;0;0;0;"Estimées";;;;;;;""
2019;157;"63";"63084";"Chanonat";"2019-03-01 21:57:00";2738;0;;2738;;;2738;0;0;0;"Mesurées";;;;;;;""
2019;13948;"06";"06037";"Caussols";"2019-03-01 22:38:00";1500;;;;;;;;;;;"1";"Malveillance";;;;;""
2019;13960;"06";"06037";"Caussols";"2019-03-01 23:00:00";1000;;;;;;;;;;;"1";;;;;;""
2019;1831;"15";"15105";"Leyvaux";"2019-03-02 01:15:00";5000;0;;5000;;;5000;0;0;0;"Estimées";;;;;;;""
2019;1832;"15";"15105";"Leyvaux";"2019-03-02 08:00:00";500000;0;;500000;;;500000;0;0;0;"Estimées";;;;;;;""
2019;8789;"11";"11024";"Bages";"2019-03-02 09:44:00";700;;;;;;;;;;;;;;;;;""
2019;10459;"66";"66212";"Torreilles";"2019-03-02 11:39:00";25000;5000;20000;;;;;;;;;"1";"Malveillance";;;;;""
2019;196;"65";"65352";"Ouzous";"2019-03-02 11:45:00";10000;0;;10000;;;10000;0;0;0;"Estimées";;;;;;;""
2019;3080;"33";"33270";"Marimbault";"2019-03-02 13:23:00";18000;18000;;0;;;0;;;0;;;"Malveillance";;;;;""
2019;14397;"04";"04001";"Aiglun";"2019-03-02 14:22:00";1000;;;;;;;;;;;;;;;;;""
2019;7180;"2A";"2A362";"Zonza";"2019-03-02 14:41:00";200;;200;;;;;;;;;"1";"Involontaire (particulier)";;;;;""
2019;7181;"2A";"2A203";"Partinello";"2019-03-02 15:11:00";30;;30;;;;;;;;;;;;;;;""
2019;197;"65";"65039";"Aspin-Aure";"2019-03-02 16:37:00";60000;0;;60000;;;60000;0;0;0;"Estimées";;;;;;;""
2019;198;"65";"65220";"Hibarette";"2019-03-02 17:42:00";20000;0;;20000;;;20000;0;0;0;"Estimées";;;;;;;""
2019;3422;"47";"47213";"Prayssas";"2019-03-02 18:30:00";2000;2000;;0;;;0;;;0;;;;;;;;""
2019;2432;"64";"64436";"Ossès";"2019-03-02 21:57:00";10;0;;10;;;10;;;0;;;;;;;;""
2019;13971;"06";"06022";"Bouyon";"2019-03-03 02:00:00";2500;;;;;;;;;;;"1";;;;;;""
2019;2431;"64";"64160";"Cambo-les-Bains";"2019-03-03 07:56:00";800;0;;800;;;800;;;0;;;;;;;;""
2019;2178;"64";"64124";"Bidarray";"2019-03-03 10:17:00";950000;0;;950000;;;950000;;;0;;;"Involontaire (particulier)";;;;;""
2019;2430;"64";"64064";"Asasp-Arros";"2019-03-03 11:01:00";500;500;;0;;;0;;;0;;;;;;;;""
2019;14237;"2B";"2B315";"Santo-Pietro-di-Venaco";"2019-03-03 11:34:00";600;;;;;;;;;;;;;;;;;""
2019;13804;"2B";"2B311";"Santa-Maria-Poggio";"2019-03-03 13:08:00";50;;;;;;;;;;;;;;;;;""
2019;13815;"2B";"2B354";"Vivario";"2019-03-03 13:41:00";5;;;;;;;;;;;;;;;;;""
2019;2429;"64";"64506";"Sarrance";"2019-03-03 13:47:00";2;0;;2;;;2;;;0;;;;;;;;""
2019;2177;"64";"64276";"Issor";"2019-03-03 14:36:00";80000;0;;80000;;;80000;;;0;;;"Involontaire (particulier)";;;;;""
2019;36;"81";"81043";"Busque";"2019-03-03 14:44:00";400;0;;400;;;400;0;0;0;"Estimées";;;;;;;""
2019;2176;"64";"64255";"Halsou";"2019-03-03 15:09:00";100000;0;;100000;;;100000;;;0;;;"Involontaire (particulier)";;;;;""
2019;2244;"64";"64037";"Arbus";"2019-03-03 15:28:00";10;0;;10;;;10;;;0;;;"Malveillance";;;;;""
2019;10084;"48";"48019";"Barre-des-Cévennes";"2019-03-03 15:56:00";2700;2700;;;;;;;;;;"2";"Involontaire (travaux)";;;;;""
2019;86;"31";"31465";"Saccourvielle";"2019-03-03 16:26:00";2000000;1000000;;0;;;0;1000000;0;1000000;"Mesurées";;;;;;;""
2019;2427;"64";"64506";"Sarrance";"2019-03-03 16:56:00";400000;0;;400000;;;400000;;;0;;;;;;;;""
2019;2248;"64";"64298";"Lacarry-Arhan-Charritte-de-Haut";"2019-03-03 17:00:00";60000;0;;60000;;;60000;;;0;;;"Malveillance";;;;;""
2019;3078;"33";"33046";"Bernos-Beaulac";"2019-03-03 17:06:00";5000;5000;;0;;;0;;;0;;;;;;;;""
2019;43;"46";"46137";"Labastide-Marnhac";"2019-03-03 17:08:00";200;0;;200;;;200;0;0;0;"Estimées";;;;;;;""
2019;14403;"04";"04191";"Saint-Martin-lès-Seyne";"2019-03-03 17:40:00";4000;;;;;;;;;;;;;;;;;""
2019;2426;"64";"64258";"Haux";"2019-03-03 17:57:00";100;0;;100;;;100;;;0;;;;;;;;""
2019;199;"65";"65393";"Saint-Pastous";"2019-03-03 18:56:00";20000;0;;20000;;;20000;0;0;0;"Estimées";;;;;;;""
2019;2425;"64";"64204";"Eaux-Bonnes";"2019-03-03 18:59:00";30000;0;;30000;;;30000;;;0;;;;;;;;""
2019;3077;"33";"33202";"Hostens";"2019-03-03 19:14:00";160000;160000;;0;;;0;;;0;;;;;;;;""
2019;2424;"64";"64342";"Licq-Athérey";"2019-03-03 20:37:00";30000;0;;30000;;;30000;;;0;;;;;;;;""
2019;2423;"64";"64206";"Escot";"2019-03-03 20:49:00";2400;0;;2400;;;2400;;;0;;;;;;;;""
2019;2422;"64";"64506";"Sarrance";"2019-03-03 20:53:00";1000;0;;1000;;;1000;;;0;;;;;;;;""
2019;2420;"64";"64351";"Lourdios-Ichère";"2019-03-03 22:14:00";1;0;;1;;;1;;;0;;;;;;;;""
2019;2419;"64";"64059";"Artigueloutan";"2019-03-03 22:21:00";100;0;;100;;;100;;;0;;;;;;;;""
2019;200;"65";"65349";"Ourdon";"2019-03-03 22:26:00";10000;0;;10000;;;10000;0;0;0;"Estimées";;;;;;;""
2019;2417;"64";"64320";"Laruns";"2019-03-04 01:13:00";20;0;;20;;;20;;;0;;;;;;;;""
2019;2416;"64";"64188";"Chéraute";"2019-03-04 01:25:00";20;0;;20;;;20;;;0;;;;;;;;""
2019;2413;"64";"64320";"Laruns";"2019-03-04 03:47:00";100200;0;;100000;;;100000;;;200;;;;;;;;""
2019;2411;"64";"64353";"Louvie-Juzon";"2019-03-04 07:20:00";10;0;;10;;;10;;;0;;;;;;;;""
2019;2412;"64";"64336";"Lescun";"2019-03-04 07:21:00";1000;0;;1000;;;1000;;;0;;;;;;;;""
2019;2410;"64";"64069";"Aste-Béon";"2019-03-04 10:37:00";100000;0;;100000;;;100000;;;0;;;;;;;;""
2019;5792;"41";"41194";"Romorantin-Lanthenay";"2019-03-04 11:20:00";3000;0;;3000;;;3000;0;0;0;"Estimées";;;;;;;""
2019;14048;"07";"07104";"Issamoulenc";"2019-03-04 11:32:00";10000;;10000;;;;;;;;;"1";"Involontaire (travaux)";;;;;""
2019;14059;"07";"07232";"Saint-Étienne-de-Lugdarès";"2019-03-04 13:30:00";2000;;2000;;;;;;;;;"1";"Involontaire (travaux)";;;;;""
2019;3076;"33";"33436";"Saint-Magne";"2019-03-04 14:49:00";500;500;;0;;;0;;;0;;;;;;;;""
2019;14289;"06";"06153";"Valdeblore";"2019-03-04 15:12:00";342100;100000;242100;;;;;;;;;"1";"Malveillance";;;;;""
2019;14292;"07";"07121";"Lachapelle-Graillouse";"2019-03-04 15:29:00";90000;40000;50000;;;;;;;;;"4";"Malveillance";;;;;""
2019;6730;"34";"34286";"Saint-Privat";"2019-03-04 16:18:00";2682;;2682;;;;;;;;;"1";"Malveillance";;;;;""
2019;14270;"2B";"2B275";"Sermano";"2019-03-05 11:39:00";300;;;;;;;;;;;;;;;;;""
2019;8532;"11";"11407";"Verdun-en-Lauragais";"2019-03-05 12:06:00";30254;;;;;;;;;;;;;;;;;""
2019;2407;"64";"64336";"Lescun";"2019-03-05 12:53:00";20;0;;20;;;20;;;0;;;;;;;;""
2019;14278;"2B";"2B298";"Saint-Florent";"2019-03-05 13:10:00";30;;;;;;;;;;;;"Involontaire (travaux)";;;;;""
2019;2406;"64";"64320";"Laruns";"2019-03-05 13:24:00";500;0;;500;;;500;;;0;;;;;;;;""
2019;3075;"33";"33284";"Mios";"2019-03-05 14:11:00";2500;1500;;0;;;0;;;1000;;;;;;;;""
2019;6239;"34";"34331";"Verreries-de-Moussans";"2019-03-05 14:49:00";2893;2893;;;;;;;;;;"3";"Involontaire (particulier)";;;;;""
2019;6734;"34";"34204";"Plaissan";"2019-03-05 15:34:00";4063;;4063;;;;;;;;;;"Malveillance";;;;;""
2019;2402;"64";"64168";"Carresse-Cassaber";"2019-03-05 16:42:00";10500;0;;500;;;500;;;10000;;;;;;;;""
2019;14281;"2B";"2B227";"Pietricaggio";"2019-03-05 17:49:00";2000;;;;;;;;;;;;;;;;;""
2019;6604;"06";"06042";"Clans";"2019-03-05 18:33:00";1370000;520000;210000;;;;;;;640000;;"1";"Malveillance";;;;;""
2019;2401;"64";"64320";"Laruns";"2019-03-05 19:23:00";80000;0;;80000;;;80000;;;0;;;;;;;;""
2019;201;"65";"65193";"Gembrie";"2019-03-05 20:45:00";30000;0;;30000;;;30000;0;0;0;"Estimées";;;;;;;""
2019;8533;"11";"11386";"Talairan";"2019-03-05 21:31:00";70;;;;;;;;;;;;;;;;;""
2019;202;"65";"65284";"Louey";"2019-03-06 09:59:00";20000;0;;20000;;;20000;0;0;0;"Estimées";;"Involontaire (travaux)";;;;;""
2019;10472;"66";"66096";"Latour-de-France";"2019-03-06 12:44:00";5000;;5000;;;;;;;;;"1";"Malveillance";;;;;""
2019;10479;"66";"66156";"Rabouillet";"2019-03-06 12:46:00";670000;300000;370000;;;;;;;;;"4";"Involontaire (travaux)";;;;;""
2019;14226;"26";"26074";"La Chapelle-en-Vercors";"2019-03-06 12:47:00";10600;1900;;;;;;;;8700;;"3";"Involontaire (particulier)";;;;;""
2019;203;"65";"65033";"Arrodets-ez-Angles";"2019-03-06 13:13:00";40000;0;;40000;;;40000;0;0;0;"Estimées";;;;;;;""
2019;204;"65";"65286";"Lourdes";"2019-03-06 13:28:00";20000;0;;20000;;;20000;0;0;0;"Estimées";;;;;;;""
2019;88;"31";"31431";"Portet-d'Aspet";"2019-03-06 13:49:00";180000;180000;;0;;;0;0;0;0;"Mesurées";;;;;;;""
2019;2396;"64";"64353";"Louvie-Juzon";"2019-03-06 14:08:00";1000;0;;1000;;;1000;;;0;;;;;;;;""
2019;2172;"64";"64393";"Monein";"2019-03-06 14:09:00";300;0;;300;;;300;;;0;;;"Involontaire (particulier)";;;;;""
2019;3186;"40";"40310";"Soustons";"2019-03-06 15:43:00";206900;182500;;0;;;0;;;24400;;;;;;;;""
2019;6109;"2A";"2A330";"Ucciani";"2019-03-06 16:25:00";3000;;3000;;;;;;;;;;;;;;;""
2019;2171;"64";"64393";"Monein";"2019-03-06 16:48:00";600;0;;600;;;600;;;0;;;"Involontaire (particulier)";;;;;""
2019;14291;"07";"07014";"Arlebosc";"2019-03-06 17:56:00";25000;20000;;;;;;;;5000;;"4";"Accidentelle";;;;;""
2019;112;"39";"39013";"Arbois";"2019-03-06 18:37:00";1000;0;;1000;;;1000;0;0;0;"Estimées";;"Involontaire (travaux)";;;;;""
2019;113;"39";"39180";"Cressia";"2019-03-06 18:57:00";2000;2000;;0;;;0;0;0;0;"Estimées";;;;;;;""
2019;14287;"06";"06103";"Roquebillière";"2019-03-06 19:04:00";400;;;;;;;;;;;;;;;;;""
2019;2395;"64";"64353";"Louvie-Juzon";"2019-03-06 22:55:00";1;0;;1;;;1;;;0;;;;;;;;""
2019;3666;"38";"38435";"Saint-Pancrasse";"2019-03-07 03:30:00";4000;0;;4000;;;4000;0;0;0;"Estimées";;;;;;;""
2019;14408;"04";"04081";"Esparron-de-Verdon";"2019-03-07 14:16:00";600;;;;;;;;;;;;"Accidentelle";;;;;""
2019;10734;"04";"04063";"Corbières-en-Provence";"2019-03-07 17:30:00";150;;;;;;;;;;;;"Involontaire (particulier)";;;;;""
2019;14332;"2B";"2B356";"Zalana";"2019-03-08 14:08:00";12000;;;;;;;;;;;;;;;;;""
2019;10523;"66";"66107";"Maury";"2019-03-08 14:40:00";1000;;1000;;;;;;;;;"1";;;;;;""
2019;6412;"13";"13047";"Istres";"2019-03-08 16:05:00";10000;10000;;;;;;;;;;"1";;;;;;""
2019;10524;"66";"66218";"Ur";"2019-03-08 17:58:00";3500;1000;2500;;;;;;;;;"2";"Involontaire (travaux)";;;;;""
2019;8534;"11";"11259";"Moussoulens";"2019-03-08 19:35:00";200;;;;;;;;;;;;;;;;;""
2019;6575;"34";"34079";"Clermont-l'Hérault";"2019-03-09 13:17:00";77;;77;;;;;;;;;"1";"Malveillance";;;;;""
2019;6113;"2A";"2A174";"Murzo";"2019-03-09 17:48:00";2000;;2000;;;;;;;;;;;;;;;""
2019;6413;"13";"13056";"Martigues";"2019-03-09 18:45:00";200;200;;;;;;;;;;"1";"Accidentelle";;;;;""
2019;14339;"2B";"2B097";"Costa";"2019-03-10 09:01:00";1500;;;;;;;;;;;;;;;;;""
2019;14340;"2B";"2B059";"Canavaggia";"2019-03-10 09:29:00";15;;;;;;;;;;;;"Malveillance";;;;;""
2019;14341;"2B";"2B059";"Canavaggia";"2019-03-10 09:55:00";50;;;;;;;;;;;;"Malveillance";;;;;""
2019;14342;"2B";"2B059";"Canavaggia";"2019-03-10 10:19:00";2;;;;;;;;;;;;"Malveillance";;;;;""
2019;14343;"2B";"2B315";"Santo-Pietro-di-Venaco";"2019-03-10 10:58:00";50;;;;;;;;;;;;;;;;;""
2019;14413;"04";"04161";"Méolans-Revel";"2019-03-10 12:55:00";500;;;;;;;;;;;;;;;;;""
2019;14347;"2B";"2B102";"Crocicchia";"2019-03-10 13:48:00";150;;;;;;;;;;;;;;;;;""
2019;14361;"2B";"2B121";"Galéria";"2019-03-10 14:34:00";600;;;;;;;;;;;;"Malveillance";;;;;""
2019;14302;"83";"83030";"Camps-la-Source";"2019-03-10 14:40:00";300;300;;;;;;;;;;"3";"Involontaire (particulier)";;;;;""
2019;14362;"2B";"2B112";"Feliceto";"2019-03-10 15:07:00";20000;20000;;;;;;;;;;"3";"Involontaire (travaux)";;;;;""
2019;6111;"2A";"2A254";"Quenza";"2019-03-10 17:14:00";5000;4500;100;;;;;;;400;;"4";"Involontaire (particulier)";;;;;""
2019;8535;"11";"11269";"Ouveillan";"2019-03-10 23:24:00";3;;;;;;;;;;;;;;;;;""
2019;14348;"06";"06105";"Roquefort-les-Pins";"2019-03-11 12:30:00";2500;;;;;;;;;;;"1";"Involontaire (particulier)";;;;;""
2019;14356;"83";"83072";"Lorgues";"2019-03-11 15:12:00";3800;3800;;;;;;;;;;"4";"Malveillance";;;;;""
2019;7182;"2A";"2A362";"Zonza";"2019-03-11 16:05:00";150;;100;;;;;;;50;;"1";"Involontaire (particulier)";;;;;""
2019;14365;"2B";"2B009";"Aléria";"2019-03-11 16:23:00";20000;20000;;;;;;;;;;"2";"Malveillance";;;;;""
2019;14366;"2B";"2B242";"Poggio-Mezzana";"2019-03-11 17:38:00";3000;;;;;;;;;;;;;;;;;""
2019;7183;"2A";"2A247";"Porto-Vecchio";"2019-03-11 18:06:00";80;;80;;;;;;;;;;;;;;;""
2019;7184;"2A";"2A065";"Cargèse";"2019-03-11 19:11:00";300;;300;;;;;;;;;;;;;;;""
2019;2266;"64";"64445";"Pau";"2019-03-11 20:40:00";12;0;;12;;;12;;;0;;;"Malveillance";;;;;""
2019;14367;"2B";"2B039";"Bisinchi";"2019-03-11 20:56:00";200;;;;;;;;;;;;;;;;;""
2019;14369;"2B";"2B337";"Valle-di-Rostino";"2019-03-11 21:14:00";35000;35000;;;;;;;;;;"3";;;;;;""
2019;14359;"83";"83036";"Cavalaire-sur-Mer";"2019-03-11 21:50:00";1000;1000;;;;;;;;;;"1";"Malveillance";;;;;""
2019;6427;"13";"13081";"Rognac";"2019-03-12 03:15:00";1500;1500;;;;;;;;;;"1";"Malveillance";;;;;""
2019;6057;"06";"06062";"Fontan";"2019-03-12 09:38:00";1800000;1650000;;;;;;;;150000;;"4";"Involontaire (travaux)";;;;;""
2019;14419;"2B";"2B172";"Murato";"2019-03-12 14:07:00";3000;;;;;;;;;;;;"Involontaire (travaux)";;;;;""
2019;6067;"04";"04074";"Entrages";"2019-03-12 14:13:00";99000;4700;94300;;;;;;;;;"4";"Involontaire (travaux)";;;;;""
2019;14439;"07";"07232";"Saint-Étienne-de-Lugdarès";"2019-03-12 16:15:00";40000;;40000;;;;;;;;;"1";"Involontaire (travaux)";;;;;""
2019;6270;"34";"34291";"Saint-Vincent-d'Olargues";"2019-03-12 17:13:00";4265;;4265;;;;;;;;;;"Involontaire (travaux)";;;;;""
2019;2390;"64";"64284";"Jurançon";"2019-03-12 18:22:00";1;0;;1;;;1;;;0;;;;;;;;""
2019;2388;"64";"64148";"Bruges-Capbis-Mifaget";"2019-03-13 06:26:00";1;0;;1;;;1;;;0;;;;;;;;""
2019;8536;"11";"11202";"Leucate";"2019-03-13 11:22:00";100;;;;;;;;;;;;;;;;;""
2019;14433;"83";"83035";"Le Castellet";"2019-03-13 13:38:00";2000;2000;;;;;;;;;;"1";"Malveillance";;;;;""
2019;6074;"04";"04112";"Manosque";"2019-03-13 19:54:00";900;500;400;;;;;;;;;"5";;;;;;""
2019;6078;"04";"04022";"Barrême";"2019-03-14 11:22:00";2000;;;;;;;;;;;;"Involontaire (particulier)";;;;;""
2019;6068;"2B";"2B317";"Santa-Reparata-di-Moriani";"2019-03-14 18:37:00";25000;25000;;;;;;;;;;"1";;;;;;""
2019;14432;"06";"06130";"Saint-Vallier-de-Thiey";"2019-03-14 20:23:00";32700;12700;20000;;;;;;;;;"3";;;;;;""
2019;6430;"13";"13081";"Rognac";"2019-03-15 01:47:00";800;800;;;;;;;;;;"1";"Malveillance";;;;;""
2019;6414;"13";"13077";"Port-de-Bouc";"2019-03-15 11:50:00";1200;1200;;;;;;;;;;"1";"Malveillance";;;;;""
2019;10525;"66";"66205";"Tautavel";"2019-03-15 19:17:00";2000;1000;1000;;;;;;;;;"2";;;;;;""
2019;1921;"15";"15168";"Ruynes-en-Margeride";"2019-03-15 22:00:00";5000;0;;5000;;;5000;0;0;0;"Estimées";;;;;;;""
2019;3420;"47";"47258";"Sainte-Maure-de-Peyriac";"2019-03-16 13:27:00";50;50;;0;;;0;;;0;;;;;;;;""
2019;8537;"11";"11366";"Sainte-Valière";"2019-03-16 13:27:00";250;;;;;;;;;;;;;;;;;""
2019;1833;"15";"15005";"Anglards-de-Saint-Flour";"2019-03-16 13:30:00";4000;0;;4000;;;4000;0;0;0;"Estimées";;;;;;;""
2019;3068;"33";"33019";"Audenge";"2019-03-16 13:46:00";500;500;;0;;;0;;;0;;;;;;;;""
2019;3067;"33";"33019";"Audenge";"2019-03-16 14:10:00";100;100;;0;;;0;;;0;;;;;;;;""
2019;14440;"48";"48061";"Florac Trois Rivières";"2019-03-16 15:27:00";31100;;31100;;;;;;;;;"1";"Involontaire (travaux)";;;;;""
2019;10526;"66";"66030";"Calce";"2019-03-16 15:43:00";1000;;1000;;;;;;;;;"1";;;;;;""
2019;8542;"11";"11296";"Pouzols-Minervois";"2019-03-16 16:23:00";400;;;;;;;;;;;;;;;;;""
2019;2168;"64";"64024";"Anglet";"2019-03-16 18:29:00";5;0;;5;;;5;;;0;;;"Involontaire (particulier)";;;;;""
2019;206;"65";"65032";"Arrens-Marsous";"2019-03-16 21:07:00";100000;0;;100000;;;100000;0;0;0;"Estimées";;"Involontaire (travaux)";;;;;""
2019;2167;"64";"64540";"Urcuit";"2019-03-16 22:24:00";10;0;;10;;;10;;;0;;;"Involontaire (particulier)";;;;;""
2019;6075;"2B";"2B069";"Casabianca";"2019-03-16 22:24:00";60;;;;;;;;;;;;;;;;;""
2019;5796;"41";"41167";"Veuzain-sur-Loire";"2019-03-16 23:18:00";20;0;;20;;;20;0;0;0;"Estimées";;;;;;;""
2019;6102;"07";"07072";"Coux";"2019-03-17 09:11:00";2000;;2000;;;;;;;;;"1";"Involontaire (particulier)";;;;;""
2019;6101;"48";"48119";"Prévenchères";"2019-03-17 11:40:00";72300;1900;70400;;;;;;;;;"1";"Involontaire (travaux)";;;;;""
2019;3066;"33";"33207";"Izon";"2019-03-17 12:34:00";15;15;;0;;;0;;;0;;;;;;;;""
2019;8586;"30";"30133";"Le Grau-du-Roi";"2019-03-17 16:23:00";7000;7000;;;;;;;;;;"4";;;;;;""
2019;6112;"2A";"2A048";"Calcatoggio";"2019-03-17 17:12:00";2500;;2500;;;;;;;;;"1";;;;;;""
2019;6145;"04";"04030";"Blieux";"2019-03-18 12:50:00";15600;15600;;;;;;;;;;"4";"Involontaire (particulier)";;;;;""
2019;8545;"11";"11287";"Peyrolles";"2019-03-18 13:19:00";2500;;;;;;;;;;;;;;;;;""
2019;6146;"04";"04023";"Bayons";"2019-03-18 13:20:00";16700;2500;14200;;;;;;;;;"6";"Involontaire (particulier)";;;;;""
2019;3185;"40";"40031";"Bégaar";"2019-03-18 16:23:00";8000;8000;;0;;;0;;;0;;;"Involontaire (particulier)";;;;;""
2019;5798;"41";"41018";"Blois";"2019-03-18 17:57:00";30;0;;30;;;30;0;0;0;"Estimées";;;;;;;""
2019;6087;"83";"83049";"Cuers";"2019-03-18 20:02:00";100;100;;;;;;;;;;"4";"Involontaire (particulier)";;;;;""
2019;6136;"2B";"2B095";"Corscia";"2019-03-19 10:54:00";5;;;;;;;;;;;;;;;;;""
2019;6803;"34";"34180";"Nébian";"2019-03-19 11:39:00";1855;;;;;;;;;;;;"Involontaire (travaux)";;;;;""
2019;7185;"2A";"2A259";"Rezza";"2019-03-19 14:33:00";100;;100;;;;;;;;;;;;;;;""
2019;6137;"07";"07230";"Saint-Étienne-de-Boulogne";"2019-03-19 19:42:00";40000;;40000;;;;;;;;;"1";"Involontaire (travaux)";;;;;""
2019;7188;"2A";"2A019";"Arbori";"2019-03-20 10:52:00";20;;20;;;;;;;;;;"Involontaire (particulier)";;;;;""
2019;6126;"2B";"2B087";"Cervione";"2019-03-20 12:43:00";5000;;;;;;;;;;;;;;;;;""
2019;6811;"34";"34116";"Grabels";"2019-03-20 13:01:00";218;;;;;;;;;;;;"Malveillance";;;;;""
2019;3485;"82";"82161";"Saint-Étienne-de-Tulmont";"2019-03-20 13:52:00";300;0;;300;;;300;0;0;0;"Estimées";;"Accidentelle";;;;;""
2019;2386;"64";"64366";"Mascaraàs-Haron";"2019-03-20 13:56:00";50;0;;50;;;50;;;0;;;;;;;;""
2019;8546;"11";"11256";"Montséret";"2019-03-20 15:22:00";20003;;;;;;;;;;;;;;;;;""
2019;915;"87";"87135";"Saint-Auvent";"2019-03-20 15:43:00";50000;50000;;0;;;0;0;0;0;"Estimées";;;;;;;""
2019;10086;"48";"48115";"Le Pompidou";"2019-03-20 17:32:00";636;600;36;;;;;;;;;"2";;;;;;""
2019;3063;"33";"33492";"Saint-Yzan-de-Soudiac";"2019-03-21 09:25:00";20;20;;0;;;0;;;0;;;"Accidentelle";;;;;""
2019;10527;"66";"66030";"Calce";"2019-03-21 11:21:00";10000;5000;5000;;;;;;;;;"2";"Involontaire (travaux)";;;;;""
2019;114;"39";"39572";"Villette-lès-Arbois";"2019-03-21 12:21:00";3000;0;;3000;;;3000;0;0;0;"Estimées";;;;;;;""
2019;6319;"26";"26026";"Barret-de-Lioure";"2019-03-21 13:25:00";39990;0;39990;;;;;;;;;"1";"Involontaire (particulier)";;;;;""
2019;6422;"13";"13112";"Velaux";"2019-03-21 14:31:00";15;15;;;;;;;;;;"1";"Malveillance";;;;;""
2019;3419;"47";"47186";"Montesquieu";"2019-03-21 15:24:00";50;50;;0;;;0;;;0;;;"Involontaire (particulier)";;;;;""
2019;6168;"48";"48048";"Cheylard-l'Évêque";"2019-03-21 15:36:00";76300;28200;48100;;;;;;;;;"1";;;;;;""
2019;1834;"15";"15187";"Saint-Flour";"2019-03-21 15:45:00";10000;0;;10000;;;10000;0;0;0;"Estimées";;;;;;;""
2019;6138;"07";"07075";"Cros-de-Géorand";"2019-03-21 15:51:00";10000;;10000;;;;;;;;;"1";"Involontaire (particulier)";;;;;""
2019;6169;"48";"48192";"Trélans";"2019-03-21 16:00:00";27000;;27000;;;;;;;;;"1";"Involontaire (travaux)";;;;;""
2019;6135;"05";"05128";"Saint-André-d'Embrun";"2019-03-21 16:17:00";10000;;;;;;;;;;;;;;;;;""
2019;649;"88";"88160";"Épinal";"2019-03-21 16:44:00";160;160;;0;;;0;0;0;0;"Estimées";;;;;;;""
2019;3418;"47";"47086";"Duras";"2019-03-21 17:37:00";4000;4000;;0;;;0;;;0;;;;;;;;""
2019;6822;"34";"34286";"Saint-Privat";"2019-03-21 20:01:00";9940;9940;;;;;;;;;;"3";"Malveillance";;;;;""
2019;7189;"2A";"2A247";"Porto-Vecchio";"2019-03-22 12:09:00";20;;20;;;;;;;;;;"Malveillance";;;;;""
2019;6825;"34";"34286";"Saint-Privat";"2019-03-22 13:41:00";16058;16058;;;;;;;;;;"2";"Malveillance";;;;;""
2019;98;"46";"46087";"Dégagnac";"2019-03-22 14:13:00";15000;0;;15000;;;15000;0;0;0;"Estimées";;;;;;;""
2019;2164;"64";"64142";"Bougarber";"2019-03-22 14:14:00";1000;0;;1000;;;1000;;;0;;;"Involontaire (particulier)";;;;;""
2019;6302;"34";"34074";"Cessenon-sur-Orb";"2019-03-22 14:22:00";2140;;;;;;;;;;;;"Involontaire (travaux)";;;;;""
2019;3184;"40";"40164";"Retjons";"2019-03-22 14:31:00";4000;4000;;0;;;0;;;0;;;"Involontaire (particulier)";;;;;""
2019;173;"32";"32422";"Scieurac-et-Flourès";"2019-03-22 14:36:00";10000;0;;10000;;;10000;0;0;0;"Estimées";;;;;;;""
2019;3800;"38";"38075";"Chapareillan";"2019-03-22 15:38:00";5000;0;;5000;;;5000;0;0;0;"Estimées";;"Involontaire (particulier)";;;;;""
2019;2036;"12";"12303";"Vimenet";"2019-03-22 15:59:00";900;900;;0;;;0;0;0;0;"Estimées";;;;;;;"Données partielles ou non valides"
2019;6355;"07";"07251";"Saint-Joseph-des-Bancs";"2019-03-22 16:16:00";40000;;40000;;;;;;;;;"1";"Involontaire (travaux)";;;;;""
2019;3486;"82";"82038";"Caylus";"2019-03-22 17:56:00";30000;0;;30000;;;30000;0;0;0;"Estimées";;;;;;;""
2019;6170;"48";"48148";"Saint-Étienne-Vallée-Française";"2019-03-22 18:17:00";7270;;7000;;;;;;;270;;"1";;;;;;""
2019;2381;"64";"64433";"Osse-en-Aspe";"2019-03-22 19:52:00";100;0;;100;;;100;;;0;;;;;;;;""
2019;3417;"47";"47014";"Armillac";"2019-03-23 01:04:00";100;100;;0;;;0;;;0;;;;;;;;""
2019;6431;"13";"13081";"Rognac";"2019-03-23 01:47:00";100;100;;;;;;;;;;"1";"Malveillance";;;;;""
2019;6375;"2B";"2B286";"Sorbo-Ocagnano";"2019-03-23 07:15:00";200000;200000;;;;;;;;;;"2";;;;;;""
2019;2380;"64";"64483";"Saint-Jean-de-Luz";"2019-03-23 07:24:00";10;0;;10;;;10;;;0;;;;;;;;""
2019;6357;"07";"07165";"Belsentes";"2019-03-23 10:57:00";30000;20000;10000;;;;;;;;;"3";"Involontaire (travaux)";;;;;""
2019;2379;"64";"64516";"Sedzère";"2019-03-23 11:11:00";2;0;;2;;;2;;;0;;;;;;;;""
2019;1806;"69";"69253";"Tupin-et-Semons";"2019-03-23 11:44:00";15000;0;;15000;;;15000;0;0;0;"Estimées";;;;;;;"Données partielles ou non valides"
2019;8547;"11";"11110";"Coustouge";"2019-03-23 12:05:00";1000;;;;;;;;;;;;;;;;;""
2019;10461;"66";"66205";"Tautavel";"2019-03-23 12:31:00";10000;10000;;;;;;;;;;"4";"Malveillance";;;;;""
2019;6382;"2B";"2B328";"Tox";"2019-03-23 12:47:00";80;;;;;;;;;;;;;;;;;""
2019;1895;"15";"15066";"Le Falgoux";"2019-03-23 13:00:00";1000;0;;1000;;;1000;0;0;0;"Estimées";;;;;;;""
2019;651;"88";"88188";"Fresse-sur-Moselle";"2019-03-23 13:29:00";300;300;;0;;;0;0;0;0;"Estimées";;;;;;;""
2019;6363;"07";"07182";"Prades";"2019-03-23 13:30:00";3500;;3500;;;;;;;;;"1";"Involontaire (travaux)";;;;;""
2019;1896;"15";"15077";"Gourdièges";"2019-03-23 14:30:00";1000;0;;1000;;;1000;0;0;0;"Estimées";;;;;;;""
2019;6186;"83";"83072";"Lorgues";"2019-03-23 14:34:00";500;500;;;;;;;;;;"4";"Involontaire (particulier)";;;;;""
2019;2163;"64";"64124";"Bidarray";"2019-03-23 14:56:00";150;0;;150;;;150;;;0;;;"Involontaire (particulier)";;;;;""
2019;100;"46";"46015";"Bagnac-sur-Célé";"2019-03-23 15:13:00";4000;0;;4000;;;4000;0;0;0;"Estimées";;;;;;;""
2019;1897;"15";"15068";"Faverolles";"2019-03-23 16:00:00";10000;0;;10000;;;10000;0;0;0;"Estimées";;;;;;;""
2019;8548;"11";"11330";"Rustiques";"2019-03-23 16:21:00";100;;;;;;;;;;;;;;;;;""
2019;917;"87";"87198";"Vaulry";"2019-03-23 16:33:00";50000;50000;;0;;;0;0;0;0;"Estimées";;;;;;;""
2019;101;"46";"46057";"Cardaillac";"2019-03-23 16:39:00";20000;0;;20000;;;20000;0;0;0;"Estimées";;;;;;;""
2019;10203;"48";"48040";"Chasseradès";"2019-03-23 17:00:00";13400;;13400;;;;;;;;;"1";"Involontaire (travaux)";;;;;""
2019;8553;"11";"11040";"Bizanet";"2019-03-23 17:10:00";2500;;;;;;;;;;;;;;;;;""
2019;6378;"2B";"2B058";"Canari";"2019-03-23 17:40:00";5000;;;;;;;;;;;;;;;;;""
2019;8555;"11";"11396";"Trausse";"2019-03-23 18:01:00";22;;;;;;;;;;;;;;;;;""
2019;3416;"47";"47151";"Loubès-Bernac";"2019-03-23 18:19:00";20000;20000;;0;;;0;;;0;;;"Involontaire (particulier)";;;;;""
2019;102;"46";"46256";"Saint-Cirq-Lapopie";"2019-03-23 18:22:00";18000;0;;18000;;;18000;0;0;0;"Estimées";;;;;;;""
2019;7190;"2A";"2A348";"Vico";"2019-03-23 18:24:00";10;;10;;;;;;;;;;"Involontaire (particulier)";;;;;""
2019;3415;"47";"47169";"Moirax";"2019-03-23 19:08:00";1000;1000;;0;;;0;;;0;;;;;;;;""
2019;99;"46";"46013";"Bach";"2019-03-23 19:13:00";40000;0;;40000;;;40000;0;0;0;"Estimées";;;;;;;""
2019;3414;"47";"47143";"Lavardac";"2019-03-23 20:39:00";30;30;;0;;;0;;;0;;;;;;;;""
2019;6415;"07";"07077";"Darbres";"2019-03-24 10:24:00";50000;50000;;;;;;;;;;"3";"Involontaire (travaux)";;;;;""
2019;2006;"74";"74241";"Saint-Jeoire";"2019-03-24 10:30:00";2300;0;;2300;;;2300;0;0;0;"Estimées";;;;;;;""
2019;6852;"34";"34341";"Villeveyrac";"2019-03-24 10:54:00";3584;;3584;;;;;;;;;"1";"Malveillance";;;;;""
2019;6625;"13";"13049";"Lamanon";"2019-03-24 11:33:00";140;140;;;;;;;;;;"1";"Involontaire (travaux)";;;;;""
2019;6504;"04";"04004";"Allemagne-en-Provence";"2019-03-24 11:51:00";50;50;;;;;;;;;;"3";"Involontaire (particulier)";;;;;""
2019;1808;"69";"69231";"Saint-Pierre-la-Palud";"2019-03-24 11:55:00";10000;0;;10000;;;10000;0;0;0;"Estimées";;;;;;;"Données partielles ou non valides"
2019;6420;"07";"07080";"Devesset";"2019-03-24 12:11:00";1000;;1000;;;;;;;;;"1";;;;;;""
2019;159;"63";"63054";"Le Broc";"2019-03-24 14:50:00";14749;0;;14749;;;14749;0;0;0;"Mesurées";;;;;;;""
2019;10468;"66";"66173";"Saint-Féliu-d'Amont";"2019-03-24 15:29:00";30000;;30000;;;;;;;;;"1";;;;;;""
2019;1898;"15";"15205";"Saint-Paul-de-Salers";"2019-03-24 16:00:00";50000;0;;50000;;;50000;0;0;0;"Estimées";;;;;;;""
2019;2373;"64";"64478";"Saint-Faust";"2019-03-24 16:01:00";20000;0;;20000;;;20000;;;0;;;;;;;;""
2019;2576;"24";"24218";"Jumilhac-le-Grand";"2019-03-24 16:01:00";50000;50000;;0;;;0;;;0;;;"Accidentelle";;;;;""
2019;2575;"24";"24388";"Saint-Chamassy";"2019-03-24 16:03:00";80000;80000;;0;;;0;;;0;;;;;;;;""
2019;6336;"04";"04135";"Moustiers-Sainte-Marie";"2019-03-24 16:33:00";40400;40400;;;;;;;;;;"2";"Involontaire (travaux)";;;;;""
2019;6320;"26";"26311";"Saint-Laurent-en-Royans";"2019-03-24 16:40:00";15000;;15000;;;;;;;;;"4";"Involontaire (travaux)";;;;;""
2019;2574;"24";"24511";"Saint-Vincent-Jalmoutiers";"2019-03-24 16:40:00";1000;1000;;0;;;0;;;0;;;;;;;;""
2019;1899;"15";"15231";"Talizat";"2019-03-24 16:40:00";2000;0;;2000;;;2000;0;0;0;"Estimées";;;;;;;""
2019;2573;"24";"24520";"Sarlat-la-Canéda";"2019-03-24 16:53:00";2000;2000;;0;;;0;;;0;;;;;;;;""
2019;103;"46";"46307";"Soturac";"2019-03-24 17:06:00";200;0;;200;;;200;0;0;0;"Estimées";;;;;;;""
2019;6315;"83";"83136";"Le Thoronet";"2019-03-24 17:25:00";800;800;;;;;;;;;;"5";"Involontaire (travaux)";;;;;""
2019;654;"88";"88090";"Charmes";"2019-03-24 19:17:00";2;2;;0;;;0;0;0;0;"Estimées";;;;;;;""
2019;2372;"64";"64453";"Pontacq";"2019-03-24 20:19:00";1;0;;1;;;1;;;0;;;;;;;;""
2019;2162;"64";"64284";"Jurançon";"2019-03-24 22:04:00";2;0;;2;;;2;;;0;;;"Involontaire (particulier)";;;;;""
2019;6432;"13";"13081";"Rognac";"2019-03-24 23:41:00";300;300;;;;;;;;;;"1";"Malveillance";;;;;""
2019;12494;"66";"66069";"Espira-de-l'Agly";"2019-03-25 11:22:00";2000;1000;1000;;;;;;;;;"2";"Involontaire (travaux)";;;;;""
2019;6316;"83";"83145";"Varages";"2019-03-25 12:06:00";8000;8000;;;;;;;;;;"2";"Involontaire (travaux)";;;;;""
2019;2941;"33";"33192";"Gradignan";"2019-03-25 12:34:00";30;30;;0;;;0;;;0;;;"Malveillance";;;;;""
2019;6340;"04";"04155";"Prads-Haute-Bléone";"2019-03-25 12:51:00";1264000;1253600;8800;;;;;;;1600;;"4";"Involontaire (travaux)";;;;;""
2019;2371;"64";"64056";"Arrosès";"2019-03-25 14:13:00";400;0;;400;;;400;;;0;;;;;;;;""
2019;3806;"18";"18088";"Ennordres";"2019-03-25 14:22:00";20000;20000;;0;;;0;0;0;0;"Estimées";;;;;;;""
2019;3674;"38";"38536";"Vernioz";"2019-03-25 14:40:00";1000;0;;1000;;;1000;0;0;0;"Estimées";;"Malveillance";;;;;""
2019;3490;"82";"82154";"Saint-Amans-de-Pellagal";"2019-03-25 14:46:00";10000;0;;10000;;;10000;0;0;0;"Estimées";;;;;;;""
2019;6314;"05";"05061";"Gap";"2019-03-25 15:30:00";800;;;;;;;;;;;;"Involontaire (travaux)";;;;;""
2019;3413;"47";"47160";"Masquières";"2019-03-25 15:55:00";20000;20000;;0;;;0;;;0;;;;;;;;""
2019;8556;"11";"11379";"Sigean";"2019-03-25 16:29:00";40;;;;;;;;;;;;;;;;;""
2019;5804;"41";"41211";"Saint-Georges-sur-Cher";"2019-03-25 16:41:00";3000;0;;3000;;;3000;0;0;0;"Estimées";;;;;;;""
2019;2940;"33";"33233";"Laruscade";"2019-03-25 18:06:00";10;10;;0;;;0;;;0;;;;;;;;""
2019;6388;"2B";"2B194";"Ortale";"2019-03-25 18:15:00";3000;;;;;;;;;;;;;;;;;""
2019;2370;"64";"64519";"Serres-Castet";"2019-03-25 18:40:00";500;0;;500;;;500;;;0;;;;;;;;""
2019;7191;"2A";"2A017";"Appietto";"2019-03-25 19:39:00";1;;;;;;;;;;;;"Involontaire (particulier)";;;;;""
2019;6342;"84";"84003";"Apt";"2019-03-25 20:30:00";5000;5000;;;;;;;;;;"2";"Involontaire (particulier)";;;;;""
2019;3411;"47";"47185";"Montayral";"2019-03-25 23:24:00";20;20;;0;;;0;;;0;;;;;;;;""
2019;6327;"06";"06013";"Belvédère";"2019-03-26 00:24:00";50000;;40000;;;;;;;10000;;"1";"Malveillance";;;;;""
2019;6416;"13";"13112";"Velaux";"2019-03-26 00:54:00";700;700;;;;;;;;;;"1";"Malveillance";;;;;""
2019;6328;"06";"06132";"Saorge";"2019-03-26 01:35:00";200;;;;;;;;;;;;;;;;;""
2019;6330;"06";"06013";"Belvédère";"2019-03-26 07:49:00";300;;;;;;;;;;;"1";"Malveillance";;;;;""
2019;7192;"2A";"2A271";"Sarrola-Carcopino";"2019-03-26 09:37:00";40;;40;;;;;;;;;;"Involontaire (particulier)";;;;;""
2019;10208;"48";"48119";"Prévenchères";"2019-03-26 09:59:00";490;;490;;;;;;;;;"1";"Involontaire (travaux)";;;;;""
2019;6331;"06";"06158";"Villars-sur-Var";"2019-03-26 10:27:00";10000;;;;;;;;;;;"1";"Accidentelle";;;;;""
2019;3410;"47";"47236";"Sainte-Colombe-de-Duras";"2019-03-26 10:53:00";2000;2000;;0;;;0;;;0;;;;;;;;""
2019;1900;"15";"15103";"Leucamp";"2019-03-26 11:40:00";10000;0;;10000;;;10000;0;0;0;"Estimées";;;;;;;""
2019;6660;"34";"34258";"Saint-Geniès-de-Fontedit";"2019-03-26 12:11:00";1641;1641;;;;;;;;;;"3";"Involontaire (travaux)";;;;;""
2019;116;"39";"39310";"Mantry";"2019-03-26 12:28:00";20000;20000;;0;;;0;0;0;0;"Estimées";;;;;;;""
2019;3409;"47";"47217";"Puymirol";"2019-03-26 13:39:00";500;500;;0;;;0;;;0;;;;;;;;""
2019;1901;"15";"15153";"Pleaux";"2019-03-26 14:15:00";40000;0;;40000;;;40000;0;0;0;"Estimées";;;;;;;""
2019;3408;"47";"47016";"Aubiac";"2019-03-26 14:31:00";10000;10000;;0;;;0;;;0;;;;;;;;""
2019;3407;"47";"47288";"Sauvagnas";"2019-03-26 17:02:00";10000;10000;;0;;;0;;;0;;;;;;;;""
2019;6794;"2A";"2A232";"Pila-Canale";"2019-03-26 17:47:00";1000;;1000;;;;;;;;;"1";"Involontaire (travaux)";;;;;""
2019;6325;"05";"05179";"Veynes";"2019-03-26 18:23:00";20;;;;;;;;;;;;;;;;;""
2019;6867;"34";"34143";"Loupian";"2019-03-26 19:49:00";221;;221;;;;;;;;;"1";"Accidentelle";;;;;""
2019;6326;"05";"05128";"Saint-André-d'Embrun";"2019-03-26 23:21:00";2000;;;;;;;;;;;;;;;;;""
2019;6433;"13";"13081";"Rognac";"2019-03-27 03:46:00";3800;3800;;;;;;;;;;"1";"Malveillance";;;;;""
2019;2571;"24";"24067";"Le Bugue";"2019-03-27 11:10:00";10000;10000;;0;;;0;;;0;;;"Involontaire (particulier)";;;;;""
2019;8557;"11";"11036";"Belvis";"2019-03-27 12:15:00";20;;;;;;;;;;;;;;;;;""
2019;2570;"24";"24447";"Sainte-Marie-de-Chignac";"2019-03-27 12:18:00";30000;30000;;0;;;0;;;0;;;;;;;;""
2019;2107;"50";"50403";"Pirou";"2019-03-27 13:25:00";400000;400000;;0;;;0;0;0;0;"Estimées";;"Malveillance";;;;;""
2019;3807;"18";"18165";"Neuvy-sur-Barangeon";"2019-03-27 13:40:00";15000;0;;15000;;;15000;0;0;0;"Estimées";;"Involontaire (particulier)";;;;;""
2019;6578;"34";"34079";"Clermont-l'Hérault";"2019-03-27 14:16:00";47679;;47679;;;;;;;;;"1";"Malveillance";;;;;""
2019;117;"39";"39478";"Saint-Claude";"2019-03-27 14:18:00";200000;200000;;0;;;0;0;0;0;"Estimées";;"Involontaire (travaux)";;;;;""
2019;5807;"41";"41280";"Villefranche-sur-Cher";"2019-03-27 14:19:00";500;0;;500;;;500;0;0;0;"Estimées";;"Accidentelle";;;;;""
2019;1902;"15";"15103";"Leucamp";"2019-03-27 14:30:00";2500;0;;2500;;;2500;0;0;0;"Estimées";;;;;;;""
2019;109;"81";"81233";"Terre-de-Bancalié";"2019-03-27 14:48:00";110000;0;;110000;;;110000;0;0;0;"Estimées";;;;;;;""
2019;118;"39";"39289";"Lect";"2019-03-27 14:55:00";75000;75000;;0;;;0;0;0;0;"Estimées";;"Involontaire (travaux)";;;;;""
2019;293;"35";"35110";"Feins";"2019-03-27 15:17:00";20000;0;;10000;;;10000;10000;0;10000;"Estimées";;;;;;;""
2019;3676;"38";"38449";"Saint-Quentin-Fallavier";"2019-03-27 15:22:00";200;0;;200;;;200;0;0;0;"Estimées";;;;;;;""
2019;2368;"64";"64477";"Saint-Étienne-de-Baïgorry";"2019-03-27 15:38:00";1000;0;;1000;;;1000;;;0;;;;;;;;""
2019;110;"46";"46102";"Figeac";"2019-03-27 16:02:00";500;0;;500;;;500;0;0;0;"Estimées";;"Involontaire (particulier)";;;;;""
2019;3492;"82";"82016";"Belvèze";"2019-03-27 16:32:00";20000;0;;20000;;;20000;0;0;0;"Estimées";;;;;;;""
2019;6873;"34";"34286";"Saint-Privat";"2019-03-27 17:32:00";4967;4967;;;;;;;;;;"3";"Malveillance";;;;;""
2019;660;"88";"88319";"Moyenmoutier";"2019-03-27 18:35:00";200;200;;0;;;0;0;0;0;"Estimées";;;;;;;""
2019;4016;"77";"77339";"Noisy-sur-École";"2019-03-27 19:00:00";27;27;;0;;;0;0;0;0;"Estimées";;"Malveillance";;;;;""
2019;7193;"2A";"2A272";"Sartène";"2019-03-28 03:03:00";2;;2;;;;;;;;;;"Involontaire (particulier)";;;;;""
2019;6466;"07";"07130";"Lanarce";"2019-03-28 11:35:00";3000;;3000;;;;;;;;;"1";"Involontaire (travaux)";;;;;""
2019;2568;"24";"24403";"Saint-Félix-de-Bourdeilles";"2019-03-28 12:20:00";1500;1500;;0;;;0;;;0;;;"Accidentelle";;;;;""
2019;1903;"15";"15200";"Saint-Martin-Cantalès";"2019-03-28 12:30:00";50000;0;;50000;;;50000;0;0;0;"Estimées";;;;;;;""
2019;6476;"07";"07201";"Ruoms";"2019-03-28 13:24:00";1500;;1500;;;;;;;;;"1";;;;;;""
2019;6477;"07";"07207";"Saint-Alban-Auriolles";"2019-03-28 13:41:00";1000;1000;;;;;;;;;;"3";;;;;;""
2019;3894;"86";"86043";"Ceaux-en-Couhé";"2019-03-28 14:27:00";20000;20000;;0;;;0;0;0;0;"Estimées";;;;;;;""
2019;2366;"64";"64491";"Saint-Médard";"2019-03-28 14:39:00";50000;0;;50000;;;50000;;;0;;;;;;;;""
2019;6478;"07";"07149";"Marcols-les-Eaux";"2019-03-28 14:46:00";500;;500;;;;;;;;;"1";;;;;;""
2019;6795;"2A";"2A004";"Ajaccio";"2019-03-28 15:06:00";1000;;1000;;;;;;;;;;"Involontaire (travaux)";;;;;""
2019;111;"46";"46105";"Flaujac-Poujols";"2019-03-28 15:19:00";3500;0;;3500;;;3500;0;0;0;"Estimées";;;;;;;""
2019;2365;"64";"64065";"Ascain";"2019-03-28 15:55:00";120000;0;;120000;;;120000;;;0;;;;;;;;""
2019;250;"23";"23200";"Saint-Goussaud";"2019-03-28 16:15:00";20000;20000;;0;;;0;0;0;0;"Estimées";;"Involontaire (particulier)";;;;;""
2019;10211;"48";"48063";"Fontans";"2019-03-28 16:15:00";300;200;;;;;;;;100;;"1";"Involontaire (travaux)";;;;;""
2019;6482;"07";"07154";"Mazan-l'Abbaye";"2019-03-28 16:15:00";5000;;5000;;;;;;;;;"1";"Involontaire (travaux)";;;;;""
2019;662;"88";"88160";"Épinal";"2019-03-28 16:18:00";50;50;;0;;;0;0;0;0;"Estimées";;;;;;;""
2019;6391;"2B";"2B007";"Albertacce";"2019-03-28 16:27:00";1000;;;;;;;;;;;;;;;;;""
2019;6897;"34";"34286";"Saint-Privat";"2019-03-28 16:35:00";599;599;;;;;;;;;;"3";"Malveillance";;;;;""
2019;2364;"64";"64160";"Cambo-les-Bains";"2019-03-28 17:14:00";200;0;;200;;;200;;;0;;;;;;;;""
2019;2933;"33";"33214";"Lacanau";"2019-03-28 17:26:00";3000;3000;;0;;;0;;;0;;;"Malveillance";;;;;""
2019;2160;"64";"64500";"Salles-Mongiscard";"2019-03-28 17:37:00";10;0;;10;;;10;;;0;;;"Involontaire (particulier)";;;;;""
2019;7194;"2A";"2A056";"Campo";"2019-03-28 17:58:00";200;;200;;;;;;;;;"1";"Accidentelle";;;;;""
2019;3405;"47";"47090";"Espiens";"2019-03-28 18:16:00";800;800;;0;;;0;;;0;;;;;;;;""
2019;3404;"47";"47027";"Bias";"2019-03-28 19:14:00";20;20;;0;;;0;;;0;;;;;;;;""
2019;2363;"64";"64389";"Monassut-Audiracq";"2019-03-28 20:58:00";150;0;;150;;;150;;;0;;;;;;;;""
2019;6677;"34";"34007";"Aigues-Vives";"2019-03-29 11:07:00";256785;;256785;;;;;;;;;"1";"Involontaire (travaux)";;;;;""
2019;3677;"38";"38527";"Vaujany";"2019-03-29 12:12:00";2500;0;;2500;;;2500;0;0;0;"Estimées";;;;;;;""
2019;3182;"40";"40133";"Labenne";"2019-03-29 12:45:00";2500;2500;;0;;;0;;;0;;;;;;;;""
2019;6647;"48";"48150";"Saint-Flour-de-Mercoire";"2019-03-29 13:36:00";9400;;9400;;;;;;;;;"6";;;;;;""
2019;3403;"47";"47039";"Boussès";"2019-03-29 14:11:00";3000;3000;;0;;;0;;;0;;;;;;;;""
2019;6679;"34";"34235";"Rosis";"2019-03-29 14:29:00";78396;78396;;;;;;;;;;"1";"Malveillance";;;;;""
2019;8558;"11";"11117";"Davejean";"2019-03-29 14:31:00";100;;;;;;;;;;;;;;;;;""
2019;923;"87";"87192";"Solignac";"2019-03-29 15:09:00";3000;3000;;0;;;0;0;0;0;"Estimées";;;;;;;""
2019;6916;"34";"34221";"Puéchabon";"2019-03-29 15:20:00";11721;;11721;;;;;;;;;"1";"Involontaire (particulier)";;;;;""
2019;6917;"34";"34286";"Saint-Privat";"2019-03-29 15:32:00";4733;4733;;;;;;;;;;"3";"Malveillance";;;;;""
2019;688;"88";"88275";"Lubine";"2019-03-29 15:32:00";80;80;;0;;;0;0;0;0;"Estimées";;;;;;;""
2019;6684;"34";"34074";"Cessenon-sur-Orb";"2019-03-29 15:48:00";9960;;9960;;;;;;;;;"1";"Involontaire (travaux)";;;;;""
2019;142;"46";"46300";"Saux";"2019-03-29 17:35:00";30000;0;;30000;;;30000;0;0;0;"Estimées";;;;;;;""
2019;2360;"64";"64430";"Orthez";"2019-03-29 18:03:00";2000;0;;2000;;;2000;;;0;;;;;;;;""
2019;2929;"33";"33449";"Saint-Médard-en-Jalles";"2019-03-29 18:13:00";50;50;;0;;;0;;;0;;;;;;;;""
2019;1904;"15";"15231";"Talizat";"2019-03-29 20:15:00";10000;0;;10000;;;10000;0;0;0;"Estimées";;;;;;;""
2019;6796;"2A";"2A062";"Carbuccia";"2019-03-29 20:19:00";9000;;9000;;;;;;;;;;;;;;;""
2019;2928;"33";"33011";"Arès";"2019-03-29 22:06:00";1000;1000;;0;;;0;;;0;;;;;;;;""
2019;6560;"84";"84135";"Uchaux";"2019-03-30 09:33:00";2000;;;;;;;;;;;;;;;;;""
2019;143;"46";"46297";"Salviac";"2019-03-30 10:05:00";500;0;;500;;;500;0;0;0;"Estimées";;;;;;;""
2019;2927;"33";"33351";"Reignac";"2019-03-30 10:09:00";20000;20000;;0;;;0;;;0;;;"Accidentelle";;;;;""
2019;144;"46";"46170";"Leyme";"2019-03-30 10:49:00";200;0;;200;;;200;0;0;0;"Estimées";;;;;;;""
2019;1863;"72";"72311";"Saint-Pierre-de-Chevillé";"2019-03-30 10:50:00";5000;5000;;0;;;0;0;0;0;"Estimées";;;;;;;""
2019;6561;"84";"84145";"Villars";"2019-03-30 10:55:00";1500;;;;;;;;;;;;;;;;;""
2019;924;"87";"87121";"Rancon";"2019-03-30 11:04:00";500;500;;0;;;0;0;0;0;"Estimées";;;;;;;""
2019;7195;"2A";"2A114";"Figari";"2019-03-30 11:15:00";200;;200;;;;;;;;;;"Involontaire (particulier)";;;;;""
2019;119;"81";"81276";"Salvagnac";"2019-03-30 11:19:00";20000;0;;20000;;;20000;0;0;0;"Estimées";;;;;;;""
2019;2566;"24";"24291";"Montignac";"2019-03-30 11:39:00";8000;8000;;0;;;0;;;0;;;;;;;;""
2019;3181;"40";"40134";"Labouheyre";"2019-03-30 11:42:00";300;300;;0;;;0;;;0;;;"Accidentelle";;;;;""
2019;6925;"34";"34243";"Saint-Bauzille-de-Putois";"2019-03-30 12:04:00";1880;;1880;;;;;;;;;"1";"Involontaire (travaux)";;;;;""
2019;6633;"07";"07058";"Chassiers";"2019-03-30 12:30:00";6000;6000;0;;;;;;;;;"4";;;;;;""
2019;7196;"2A";"2A031";"Bastelica";"2019-03-30 12:49:00";200;;200;;;;;;;;;;"Involontaire (particulier)";;;;;""
2019;925;"87";"87130";"Roziers-Saint-Georges";"2019-03-30 13:15:00";20000;20000;;0;;;0;0;0;0;"Estimées";;;;;;;""
2019;6551;"26";"26156";"Larnage";"2019-03-30 13:22:00";9600;7800;1800;;;;;;;;;"3";;;;;;""
2019;141;"43";"43054";"Chanaleilles";"2019-03-30 13:29:00";5469;5469;;0;;;0;0;0;0;"Mesurées";;"Involontaire (travaux)";;;;;""
2019;6634;"07";"07221";"Saint-Cierge-la-Serre";"2019-03-30 13:43:00";10000;;10000;;;;;;;;;"1";"Involontaire (travaux)";;;;;""
2019;294;"35";"35187";"Monterfil";"2019-03-30 13:47:00";70000;0;;30000;;;30000;40000;0;40000;"Estimées";;;;;;;""
2019;7197;"2A";"2A026";"Azilone-Ampaza";"2019-03-30 13:50:00";200;;200;;;;;;;;;"1";"Involontaire (particulier)";;;;;""
2019;2565;"24";"24028";"Beaumontois en Périgord";"2019-03-30 14:00:00";10000;10000;;0;;;0;;;0;;;;;;;;""
2019;6393;"2B";"2B177";"Noceta";"2019-03-30 14:05:00";500;;;;;;;;;;;;;;;;;""
2019;3495;"82";"82022";"Bourg-de-Visa";"2019-03-30 14:12:00";30000;30000;;0;;;0;0;0;0;"Estimées";;"Involontaire (particulier)";;;;;"Données partielles ou non valides"
2019;6403;"06";"06090";"Pégomas";"2019-03-30 14:23:00";1000;;;;;;;;;;;"1";"Involontaire (particulier)";;;;;""
2019;2564;"24";"24204";"Grèzes";"2019-03-30 14:25:00";5000;5000;;0;;;0;;;0;;;;;;;;""
2019;694;"88";"88442";"Sapois";"2019-03-30 14:26:00";1000;1000;;0;;;0;0;0;0;"Estimées";;;;;;;""
2019;174;"32";"32174";"Ladevèze-Rivière";"2019-03-30 14:32:00";15000;0;;15000;;;15000;0;0;0;"Estimées";;;;;;;""
2019;1298;"32";"32155";"Le Houga";"2019-03-30 14:35:00";5000;0;;5000;;;5000;0;0;0;"Estimées";;;;;;;""
2019;3681;"38";"38287";"Oyeu";"2019-03-30 14:53:00";15000;0;;5000;;;5000;0;10000;10000;"Estimées";;"Involontaire (particulier)";;;;;""
2019;6635;"07";"07129";"Lamastre";"2019-03-30 14:56:00";15000;10000;5000;;;;;;;;;"5";"Involontaire (particulier)";;;;;""
2019;3680;"38";"38555";"Villeneuve-de-Marc";"2019-03-30 15:08:00";5000;0;;5000;;;5000;0;0;0;"Estimées";;;;;;;""
2019;2357;"64";"64445";"Pau";"2019-03-30 15:14:00";300;0;;300;;;300;;;0;;;;;;;;""
2019;138;"43";"43262";"Vieille-Brioude";"2019-03-30 15:21:00";106423;106423;;0;;;0;0;0;0;"Mesurées";;;;;;;""
2019;161;"63";"63177";"Isserteaux";"2019-03-30 15:42:00";2621;0;;2621;;;2621;0;0;0;"Mesurées";;;;;;;""
2019;162;"63";"63048";"Bourg-Lastic";"2019-03-30 15:50:00";37050;20742;;0;;;0;0;16308;16308;"Mesurées";;;;;;;""
2019;2926;"33";"33115";"Cazalis";"2019-03-30 16:49:00";1000;1000;;0;;;0;;;0;;;"Involontaire (travaux)";;;;;""
2019;6638;"07";"07080";"Devesset";"2019-03-30 17:06:00";90000;90000;;;;;;;;;;"4";;;;;;""
2019;3682;"38";"38455";"Saint-Savin";"2019-03-30 17:27:00";10000;0;;10000;;;10000;0;0;0;"Estimées";;"Involontaire (particulier)";;;;;""
2019;139;"43";"43012";"Aurec-sur-Loire";"2019-03-30 17:40:00";117175;117175;;0;;;0;0;0;0;"Estimées";;"Involontaire (travaux)";;;;;""
2019;927;"87";"87040";"Châteauneuf-la-Forêt";"2019-03-30 17:44:00";300;300;;0;;;0;0;0;0;"Estimées";;;;;;;""
2019;145;"46";"46086";"Cuzance";"2019-03-30 17:48:00";15000;0;;15000;;;15000;0;0;0;"Estimées";;;;;;;""
2019;5811;"41";"41194";"Romorantin-Lanthenay";"2019-03-30 17:50:00";10000;10000;;0;;;0;0;0;0;"Estimées";;;;;;;""
2019;6639;"07";"07239";"Saint-Genest-Lachamp";"2019-03-30 18:01:00";15000;15000;;;;;;;;;;"3";"Involontaire (travaux)";;;;;""
2019;1864;"72";"72181";"Le Mans";"2019-03-30 18:15:00";10;10;;0;;;0;0;0;0;"Estimées";;;;;;;""
2019;146;"46";"46057";"Cardaillac";"2019-03-30 18:39:00";5000;0;;5000;;;5000;0;0;0;"Estimées";;;;;;;""
2019;2119;"02";"02644";"Retheuil";"2019-03-30 19:02:00";2000;2000;;0;;;0;0;0;0;"Mesurées";;"Involontaire (travaux)";;;;;""
2019;6374;"06";"06151";"Utelle";"2019-03-31 10:56:00";1500;;;;;;;;;;;;;;;;;""
2019;702;"88";"88351";"Plombières-les-Bains";"2019-03-31 11:08:00";50;50;;0;;;0;0;0;0;"Estimées";;;;;;;""
2019;1905;"15";"15038";"Champs-sur-Tarentaine-Marchal";"2019-03-31 11:30:00";10000;0;;10000;;;10000;0;0;0;"Estimées";;;;;;;""
2019;703;"88";"88109";"Cleurie";"2019-03-31 11:47:00";150;150;;0;;;0;0;0;0;"Estimées";;;;;;;""
2019;6411;"83";"83138";"Tourrettes";"2019-03-31 12:20:00";1800;1800;;;;;;;;;;"4";"Involontaire (travaux)";;;;;""
2019;1906;"15";"15219";"Salers";"2019-03-31 13:00:00";10000;0;;10000;;;10000;0;0;0;"Estimées";;;;;;;""
2019;6641;"07";"07318";"Tauriers";"2019-03-31 13:01:00";10000;;10000;;;;;;;;;"1";;;;;;""
2019;151;"63";"63141";"Durtol";"2019-03-31 13:15:00";9212;9001;;0;;;0;0;211;211;"Mesurées";;"Accidentelle";;;;;""
2019;1907;"15";"15127";"Molompize";"2019-03-31 13:30:00";150000;0;;150000;;;150000;0;0;0;"Estimées";;;;;;;""
2019;1294;"16";"16260";"Pillac";"2019-03-31 14:03:00";60000;60000;;0;;;0;0;0;0;"Estimées";;;;;;;""
2019;928;"87";"87035";"Champnétery";"2019-03-31 14:16:00";2000;2000;;0;;;0;0;0;0;"Estimées";;;;;;;""
2019;10731;"04";"04112";"Manosque";"2019-03-31 14:29:00";50;;;;;;;;;;;;"Involontaire (particulier)";;;;;""
2019;4027;"77";"77186";"Fontainebleau";"2019-03-31 14:48:00";7100;7100;;0;;;0;0;0;0;"Estimées";;"Malveillance";;;;;""
2019;6552;"26";"26125";"Eurre";"2019-03-31 15:10:00";2300;2300;;;;;;;;;;"3";;;;;;""
2019;2157;"64";"64315";"Laroin";"2019-03-31 15:14:00";5000;0;;5000;;;5000;;;0;;;"Involontaire (particulier)";;;;;""
2019;931;"87";"87018";"Blond";"2019-03-31 15:19:00";500;0;;500;;;500;0;0;0;"Estimées";;;;;;;""
2019;176;"17";"17243";"Montlieu-la-Garde";"2019-03-31 15:20:00";27700;27700;;0;;;0;0;0;0;"Mesurées";;;;;;;""
2019;2924;"33";"33544";"Le Verdon-sur-Mer";"2019-03-31 15:58:00";100;100;;0;;;0;;;0;;;;;;;;""
2019;147;"46";"46074";"Condat";"2019-03-31 16:13:00";800;0;;800;;;800;0;0;0;"Estimées";;;;;;;""
2019;1908;"15";"15196";"Saint-Mamet-la-Salvetat";"2019-03-31 16:15:00";10000;0;;10000;;;10000;0;0;0;"Estimées";;;;;;;""
2019;1865;"72";"72058";"Changé";"2019-03-31 16:22:00";700;700;;0;;;0;0;0;0;"Estimées";;;;;;;""
2019;2042;"12";"12215";"Saint-Christophe-Vallon";"2019-03-31 17:09:00";50000;0;;50000;;;50000;0;0;0;"Estimées";;;;;;;"Données partielles ou non valides"
2019;5813;"41";"41144";"Monteaux";"2019-03-31 17:34:00";50;0;;50;;;50;0;0;0;"Estimées";;;;;;;""
2019;3685;"38";"38498";"Succieu";"2019-03-31 19:11:00";5000;0;;5000;;;5000;0;0;0;"Estimées";;;;;;;""
2019;1722;"12";"12213";"Saint-Beauzély";"2019-03-31 19:12:00";10000;0;;10000;;;10000;0;0;0;"Estimées";;"Involontaire (travaux)";;;;;"Données partielles ou non valides"
2019;1909;"15";"15268";"Le Rouget-Pers";"2019-03-31 19:15:00";8000;0;;8000;;;8000;0;0;0;"Estimées";;;;;;;""
2019;1910;"15";"15013";"Auriac-l'Église";"2019-03-31 20:15:00";10000;0;;10000;;;10000;0;0;0;"Estimées";;;;;;;""
2019;7325;"2A";"2A362";"Zonza";"2019-04-01 08:28:00";20;;20;;;;;;;;;"1";"Involontaire (travaux)";;;;;""
2019;6405;"06";"06120";"Saint-Étienne-de-Tinée";"2019-04-01 11:33:00";3000;;;;;;;;;;;"1";"Involontaire (particulier)";;;;;""
2019;8559;"11";"11426";"Villegly";"2019-04-01 11:45:00";200;;;;;;;;;;;;;;;;;""
2019;1911;"15";"15267";"Ytrac";"2019-04-01 13:30:00";2000;0;;2000;;;2000;0;0;0;"Estimées";;;;;;;""
2019;121;"81";"81104";"Giroussens";"2019-04-01 13:51:00";5000;0;;5000;;;5000;0;0;0;"Estimées";;;;;;;""
2019;177;"17";"17243";"Montlieu-la-Garde";"2019-04-01 14:17:00";3000;3000;;0;;;0;0;0;0;"Estimées";;;;;;;""
2019;12533;"66";"66149";"Prades";"2019-04-01 15:17:00";20000;10000;10000;;;;;;;;;"2";;;;;;""
2019;217;"39";"39436";"Pont-d'Héry";"2019-04-01 15:22:00";200;50;;150;;;150;0;0;0;"Estimées";;"Accidentelle";;;;;""
2019;6649;"48";"48192";"Trélans";"2019-04-01 15:44:00";23200;14200;;;;;;;;9000;;"1";"Involontaire (travaux)";;;;;""
2019;710;"88";"88426";"Saint-Maurice-sur-Moselle";"2019-04-01 15:57:00";200;200;;0;;;0;0;0;0;"Estimées";;;;;;;""
2019;140;"43";"43136";"Monistrol-d'Allier";"2019-04-01 16:01:00";40622;40622;;0;;;0;0;0;0;"Estimées";;"Involontaire (travaux)";;;;;""
2019;6547;"2B";"2B329";"Tralonca";"2019-04-01 16:09:00";5000;;;;;;;;;;;;;;;;;""
2019;218;"39";"39200";"Dompierre-sur-Mont";"2019-04-01 16:34:00";300;0;;300;;;300;0;0;0;"Estimées";;;;;;;""
2019;2045;"12";"12100";"Firmi";"2019-04-01 16:45:00";10000;0;;10000;;;10000;0;0;0;"Estimées";;"Involontaire (travaux)";;;;;"Données partielles ou non valides"
2019;148;"46";"46045";"Cajarc";"2019-04-01 16:50:00";10000;0;;10000;;;10000;0;0;0;"Estimées";;;;;;;""
2019;1866;"72";"72134";"Flée";"2019-04-01 17:00:00";60;60;;0;;;0;0;0;0;"Estimées";;;;;;;""
2019;149;"46";"46290";"Saint-Projet";"2019-04-01 17:57:00";15000;0;;15000;;;15000;0;0;0;"Estimées";;"Involontaire (particulier)";;;;;""
2019;8562;"11";"11066";"Camurac";"2019-04-01 19:23:00";5000;;;;;;;;;;;;;;;;;""
2019;210;"65";"65320";"Montgaillard";"2019-04-01 19:39:00";40000;0;;40000;;;40000;0;0;0;"Estimées";;;;;;;""
2019;1912;"15";"15068";"Faverolles";"2019-04-01 20:00:00";60000;0;;60000;;;60000;0;0;0;"Estimées";;;;;;;""
2019;2921;"33";"33382";"Saint-Christoly-de-Blaye";"2019-04-01 20:46:00";10000;10000;;0;;;0;;;0;;;;;;;;""
2019;1427;"45";"45084";"Châtenoy";"2019-04-01 23:02:00";20000;20000;;0;;;0;0;0;0;"Estimées";;"Accidentelle";;;;;""
2019;6548;"2B";"2B096";"Corte";"2019-04-02 09:08:00";300;;;;;;;;;;;;;;;;;""
2019;6533;"83";"83026";"Cabasse";"2019-04-02 12:13:00";2;2;;;;;;;;;;"2";"Involontaire (travaux)";;;;;""
2019;12535;"66";"66226";"Villemolaque";"2019-04-02 14:40:00";10005;;10005;;;;;;;;;"1";"Accidentelle";;;;;""
2019;715;"88";"88468";"Le Thillot";"2019-04-02 15:49:00";150000;0;;150000;;;150000;0;0;0;"Estimées";;;;;;;""
2019;135;"39";"39394";"Onoz";"2019-04-02 17:47:00";40000;40000;;0;;;0;0;0;0;"Estimées";;;;;;;""
2019;220;"39";"39394";"Onoz";"2019-04-02 17:47:00";40000;40000;;0;;;0;0;0;0;"Estimées";;;;;;;""
2019;2008;"74";"74250";"Saint-Pierre-en-Faucigny";"2019-04-02 19:19:00";100;100;;0;;;0;0;0;0;"Estimées";;;;;;;""
2019;7326;"2A";"2A018";"Arbellara";"2019-04-02 19:34:00";30;;30;;;;;;;;;"5";;;;;;""
2019;2916;"33";"33225";"Landiras";"2019-04-02 20:00:00";6000;6000;;0;;;0;;;0;;;;;;;;""
2019;7327;"2A";"2A040";"Bocognano";"2019-04-03 19:33:00";200;;200;;;;;;;;;;;;;;;""
2019;2914;"33";"33146";"Cussac-Fort-Médoc";"2019-04-05 08:03:00";100;100;;0;;;0;;;0;;;"Involontaire (travaux)";;;;;""
2019;1867;"72";"72125";"Écorpain";"2019-04-05 14:28:00";21000;21000;;0;;;0;0;0;0;"Estimées";;;;;;;""
2019;6579;"34";"34079";"Clermont-l'Hérault";"2019-04-05 16:25:00";731;;731;;;;;;;;;"1";"Malveillance";;;;;""
2019;7015;"2A";"2A070";"Casaglione";"2019-04-05 20:24:00";1000;;1000;;;;;;;;;;"Involontaire (particulier)";;;;;""
2019;5819;"41";"41135";"Mennetou-sur-Cher";"2019-04-06 11:54:00";60;0;;60;;;60;0;0;0;"Estimées";;;;;;;""
2019;7328;"2A";"2A247";"Porto-Vecchio";"2019-04-06 13:04:00";20;;20;;;;;;;;;;;;;;;""
2019;7014;"2A";"2A090";"Coggia";"2019-04-06 18:24:00";1500;;1500;;;;;;;;;;"Involontaire (particulier)";;;;;""
2019;4021;"77";"77186";"Fontainebleau";"2019-04-07 08:50:00";2196;2196;;0;;;0;0;0;0;"Mesurées";;"Malveillance";;;;;""
2019;150;"46";"46235";"Reilhac";"2019-04-08 09:59:00";200;0;;200;;;200;0;0;0;"Estimées";;"Involontaire (travaux)";;;;;""
2019;1913;"15";"15065";"Espinasse";"2019-04-08 19:00:00";170000;0;;170000;;;170000;0;0;0;"Estimées";;;;;;;""
2019;12545;"66";"66071";"Estagel";"2019-04-08 19:01:00";1000;500;500;;;;;;;;;"2";"Malveillance";;;;;""
2019;6603;"06";"06093";"La Penne";"2019-04-09 18:58:00";1200;;;;;;;;;;;"4";;;;;;""
2019;2562;"24";"24504";"Saint-Sulpice-de-Roumagnac";"2019-04-10 15:50:00";1000;1000;;0;;;0;;;0;;;;;;;;""
2019;6628;"84";"84083";"Mornas";"2019-04-10 16:59:00";800;;;;;;;;;;;;;;;;;""
2019;1295;"16";"16001";"Abzac";"2019-04-11 21:06:00";8000;0;;8000;;;8000;0;0;0;"Estimées";;;;;;;""
2019;1369;"16";"16001";"Abzac";"2019-04-11 21:06:00";8000;0;;8000;;;8000;0;0;0;"Estimées";;"Malveillance";;;;;""
2019;12548;"66";"66134";"Passa";"2019-04-12 11:53:00";50000;;50000;;;;;;;;;;"Malveillance";;;;;""
2019;2561;"24";"24248";"Lussas-et-Nontronneau";"2019-04-12 14:26:00";10000;10000;;0;;;0;;;0;;;;;;;;""
2019;222;"39";"39261";"Graye-et-Charnay";"2019-04-12 14:36:00";800;800;;0;;;0;0;0;0;"Estimées";;;;;;;""
2019;4020;"77";"77244";"Larchant";"2019-04-12 17:20:00";50;50;;0;;;0;0;0;0;"Estimées";;;;;;;""
2019;1914;"15";"15042";"La Chapelle-Laurent";"2019-04-12 17:30:00";1500;0;;1500;;;1500;0;0;0;"Estimées";;;;;;;""
2019;6606;"26";"26185";"Mirmande";"2019-04-12 20:47:00";900;900;0;;;;;;;;;"3";"Involontaire (particulier)";;;;;""
2019;3178;"40";"40043";"Bias";"2019-04-13 12:55:00";4000;4000;;0;;;0;;;0;;;;;;;;""
2019;4017;"77";"77339";"Noisy-sur-École";"2019-04-13 13:30:00";4000;4000;;0;;;0;0;0;0;"Estimées";;;;;;;""
2019;3396;"47";"47205";"Pindères";"2019-04-13 15:05:00";5000;5000;;0;;;0;;;0;;;"Accidentelle";;;;;""
2019;163;"46";"46066";"Cazals";"2019-04-13 16:58:00";15000;0;;15000;;;15000;0;0;0;"Estimées";;"Involontaire (particulier)";;;;;""
2019;5826;"41";"41059";"Le Controis-en-Sologne";"2019-04-13 17:07:00";3000;0;;3000;;;3000;0;0;0;"Estimées";;;;;;;""
2019;5827;"41";"41297";"Yvoy-le-Marron";"2019-04-13 18:19:00";200;0;;200;;;200;0;0;0;"Estimées";;;;;;;""
2019;6650;"48";"48004";"Altier";"2019-04-13 23:40:00";6900;6900;;;;;;;;;;"1";;;;;;""
2019;2911;"33";"33502";"Saugon";"2019-04-14 08:20:00";400;400;;0;;;0;;;0;;;"Accidentelle";;;;;""
2019;6983;"34";"34143";"Loupian";"2019-04-14 12:14:00";14387;14387;;;;;;;;;;"4";"Accidentelle";;;;;""
2019;164;"46";"46297";"Salviac";"2019-04-14 14:44:00";500;0;;500;;;500;0;0;0;"Estimées";;;;;;;""
2019;2560;"24";"24495";"Saint-Romain-de-Monpazier";"2019-04-14 16:12:00";80000;80000;;0;;;0;;;0;;;;;;;;""
2019;251;"23";"23217";"Saint-Martin-Sainte-Catherine";"2019-04-14 16:25:00";1500;0;;1500;;;1500;0;0;0;"Estimées";;"Involontaire (particulier)";;;;;""
2019;2354;"64";"64038";"Arcangues";"2019-04-14 16:55:00";10;0;;10;;;10;;;0;;;;;;;;""
2019;8563;"11";"11129";"Espéraza";"2019-04-14 20:10:00";3000;;;;;;;;;;;;;;;;;""
2019;3688;"38";"38054";"Bouvesse-Quirieu";"2019-04-14 20:40:00";400;0;;400;;;400;0;0;0;"Estimées";;;;;;;""
2019;2559;"24";"24222";"La Force";"2019-04-15 07:00:00";60000;60000;;0;;;0;;;0;;;"Accidentelle";;;;;""
2019;3394;"47";"47008";"Ambrus";"2019-04-15 08:06:00";25000;25000;;0;;;0;;;0;;;"Accidentelle";;;;;""
2019;8564;"11";"11024";"Bages";"2019-04-15 12:04:00";1000;;;;;;;;;;;;;;;;;""
2019;180;"21";"21037";"Auxey-Duresses";"2019-04-15 13:40:00";95448;72248;;0;;;0;23200;0;23200;"Mesurées";;"Involontaire (travaux)";;;;;""
2019;2558;"24";"24420";"Saint-Géry";"2019-04-15 14:10:00";500;500;;0;;;0;;;0;;;;;;;;""
2019;1915;"15";"15101";"Laveissière";"2019-04-15 14:30:00";20000;0;;20000;;;20000;0;0;0;"Estimées";;;;;;;""
2019;935;"87";"87177";"Saint-Priest-sous-Aixe";"2019-04-15 15:15:00";4000;4000;;0;;;0;0;0;0;"Estimées";;;;;;;""
2019;8565;"11";"11261";"Moux";"2019-04-15 15:25:00";5302;;;;;;;;;;;;;;;;;""
2019;2907;"33";"33122";"Cestas";"2019-04-15 15:31:00";5000;5000;;0;;;0;;;0;;;;;;;;""
2019;6953;"07";"07239";"Saint-Genest-Lachamp";"2019-04-15 15:53:00";30000;500;29500;;;;;;;;;"1";"Involontaire (travaux)";;;;;""
2019;166;"46";"46145";"Lachapelle-Auzac";"2019-04-15 16:13:00";30000;0;;30000;;;30000;0;0;0;"Estimées";;;;;;;""
2019;2047;"12";"12061";"Castelnau-de-Mandailles";"2019-04-15 16:30:00";10000;0;;10000;;;10000;0;0;0;"Estimées";;"Malveillance";;;;;"Données partielles ou non valides"
2019;165;"58";"58309";"Villapourçon";"2019-04-15 16:36:00";20000;0;;6670;;;6670;13330;0;13330;"Estimées";;;;;;;""
2019;2906;"33";"33251";"Louchats";"2019-04-15 16:53:00";150000;150000;;0;;;0;;;0;;;"Involontaire (travaux)";;;;;""
2019;3177;"40";"40163";"Lüe";"2019-04-15 17:01:00";31000;31000;;0;;;0;;;0;;;"Involontaire (travaux)";;;;;""
2019;6952;"07";"07284";"Saint-Pierre-Saint-Jean";"2019-04-15 17:17:00";5000;;5000;;;;;;;;;"1";"Involontaire (travaux)";;;;;""
2019;6988;"34";"34320";"Vailhauquès";"2019-04-15 17:21:00";609;;609;;;;;;;;;"1";"Accidentelle";;;;;""
2019;6722;"34";"34245";"Saint-Chinian";"2019-04-15 17:22:00";9571;;;;;;;;;;;;"Involontaire (travaux)";;;;;""
2019;4019;"77";"77186";"Fontainebleau";"2019-04-15 17:30:00";2000;2000;;0;;;0;0;0;0;"Estimées";;;;;;;""
2019;167;"46";"46144";"Lacave";"2019-04-15 17:43:00";1000;0;;1000;;;1000;0;0;0;"Estimées";;;;;;;""
2019;1368;"16";"16086";"Chassenon";"2019-04-15 17:46:00";50000;0;;50000;;;50000;0;0;0;"Estimées";;;;;;;""
2019;3176;"40";"40168";"Magescq";"2019-04-15 18:32:00";2500;2500;;0;;;0;;;0;;;"Naturelle";;;;;""
2019;168;"46";"46270";"Saint-Jean-de-Laur";"2019-04-15 19:30:00";10000;0;;10000;;;10000;0;0;0;"Estimées";;;;;;;""
2019;1916;"15";"15217";"Saint-Victor";"2019-04-15 20:15:00";20000;0;;20000;;;20000;0;0;0;"Estimées";;;;;;;""
2019;2905;"33";"33474";"Saint-Selve";"2019-04-16 15:28:00";85;35;;0;;;0;;;50;;;;;;;;""
2019;223;"39";"39460";"La Rixouse";"2019-04-17 14:39:00";500;500;;0;;;0;0;0;0;"Estimées";;"Accidentelle";;;;;""
2019;1917;"15";"15149";"Paulhenc";"2019-04-17 16:00:00";40000;0;;40000;;;40000;0;0;0;"Estimées";;;;;;;""
2019;6651;"13";"13007";"Auriol";"2019-04-17 16:36:00";200;200;;;;;;;;;;"1";"Accidentelle";;;;;""
2019;7050;"2A";"2A254";"Quenza";"2019-04-17 17:28:00";20000;;20000;;;;;;;;;"1";;;;;;""
2019;3391;"47";"47003";"Agnac";"2019-04-18 08:59:00";50;50;;0;;;0;;;0;;;"Accidentelle";;;;;""
2019;1688;"74";"74185";"Monnetier-Mornex";"2019-04-18 11:05:00";1000;1000;;0;;;0;0;0;0;"Estimées";;;;;;;""
2019;938;"87";"87032";"Châlus";"2019-04-18 14:23:00";60000;60000;;0;;;0;0;0;0;"Estimées";;;;;;;""
2019;1918;"15";"15187";"Saint-Flour";"2019-04-18 18:30:00";2000;0;;2000;;;2000;0;0;0;"Estimées";;;;;;;""
2019;7329;"2A";"2A028";"Balogna";"2019-04-18 20:11:00";100;;100;;;;;;;;;;"Involontaire (particulier)";;;;;""
2019;2009;"74";"74169";"Marnaz";"2019-04-19 09:58:00";2000;2000;;0;;;0;0;0;0;"Estimées";;;;;;;""
2019;171;"46";"46174";"Linac";"2019-04-19 15:01:00";20000;0;;20000;;;20000;0;0;0;"Estimées";;;;;;;""
2019;1813;"69";"69197";"Saint-Étienne-des-Oullières";"2019-04-19 15:01:00";1000;0;;1000;;;1000;0;0;0;"Estimées";;;;;;;"Données partielles ou non valides"
2019;3383;"47";"47219";"Rayet";"2019-04-19 16:17:00";50;50;;0;;;0;;;0;;;;;;;;""
2019;172;"46";"46102";"Figeac";"2019-04-19 16:19:00";10000;0;;10000;;;10000;0;0;0;"Estimées";;;;;;;""
2019;2010;"74";"74127";"Féternes";"2019-04-19 16:20:00";3500;0;;3500;;;3500;0;0;0;"Estimées";;;;;;;""
2019;2898;"33";"33056";"Blanquefort";"2019-04-19 17:46:00";300;300;;0;;;0;;;0;;;"Accidentelle";;;;;""
2019;2897;"33";"33214";"Lacanau";"2019-04-19 17:55:00";40000;40000;;0;;;0;;;0;;;"Malveillance";;;;;""
2019;8566;"11";"11269";"Ouveillan";"2019-04-19 19:24:00";20;;;;;;;;;;;;;;;;;""
2019;940;"87";"87031";"Le Chalard";"2019-04-19 20:49:00";10000;10000;;0;;;0;0;0;0;"Estimées";;;;;;;""
2019;170;"81";"81128";"Lacrouzette";"2019-04-20 11:06:00";300;300;;0;;;0;0;0;0;"Estimées";;;;;;;""
2019;259;"09";"09311";"Tignac";"2019-04-20 15:10:00";30000;0;;30000;;;30000;0;0;0;"Estimées";;;;;;;""
2019;2353;"64";"64316";"Larrau";"2019-04-20 15:20:00";80000;0;;80000;;;80000;;;0;;;;;;;;""
2019;1919;"15";"15043";"Charmensac";"2019-04-20 16:15:00";50000;0;;50000;;;50000;0;0;0;"Estimées";;;;;;;""
2019;5833;"41";"41212";"Saint-Gervais-la-Forêt";"2019-04-20 16:30:00";15000;15000;;0;;;0;0;0;0;"Mesurées";;;;;;;""
2019;178;"17";"17248";"Mortagne-sur-Gironde";"2019-04-20 16:44:00";10000;10000;;0;;;0;0;0;0;"Estimées";;;;;;;""
2019;1689;"74";"74001";"Abondance";"2019-04-20 16:49:00";10000;10000;;0;;;0;0;0;0;"Estimées";;;;;;;""
2019;175;"21";"21485";"Plombières-lès-Dijon";"2019-04-20 16:50:00";37800;35000;;0;;;0;2800;0;2800;"Mesurées";;;;;;;""
2019;5834;"41";"41086";"Fontaines-en-Sologne";"2019-04-20 18:29:00";20000;20000;;0;;;0;0;0;0;"Estimées";;;;;;;""
2019;6928;"26";"26182";"Mirabel-aux-Baronnies";"2019-04-21 11:18:00";1760;1760;0;;;;;;;;;"4";"Involontaire (travaux)";;;;;""
2019;7333;"2A";"2A247";"Porto-Vecchio";"2019-04-21 11:45:00";600;;600;;;;;;;;;;;;;;;""
2019;1868;"72";"72058";"Changé";"2019-04-21 15:32:00";30000;30000;;0;;;0;0;0;0;"Estimées";;;;;;;""
2019;7334;"2A";"2A312";"Santa-Maria-Siché";"2019-04-21 15:35:00";300;;300;;;;;;;;;"1";"Involontaire (particulier)";;;;;""
2019;1869;"72";"72181";"Le Mans";"2019-04-21 16:17:00";2000;2000;;0;;;0;0;0;0;"Estimées";;;;;;;""
2019;6793;"2B";"2B314";"Santo-Pietro-di-Tenda";"2019-04-21 19:27:00";10000;10000;;;;;;;;;;"2";"Involontaire (travaux)";;;;;""
2019;1870;"72";"72213";"Mulsanne";"2019-04-21 20:41:00";10;10;;0;;;0;0;0;0;"Estimées";;;;;;;""
2019;6774;"05";"05106";"Prunières";"2019-04-22 10:50:00";5000;;;;;;;;;;;;"Accidentelle";;;;;""
2019;7049;"2A";"2A041";"Bonifacio";"2019-04-22 12:29:00";1000;;1000;;;;;;;;;"1";"Malveillance";;;;;""
2019;739;"88";"88351";"Plombières-les-Bains";"2019-04-22 12:53:00";8000;8000;;0;;;0;0;0;0;"Estimées";;;;;;;""
2019;740;"88";"88349";"Plainfaing";"2019-04-22 13:12:00";50000;0;;50000;;;50000;0;0;0;"Estimées";;;;;;;""
2019;14129;"83";"83088";"Néoules";"2019-04-22 15:32:00";13000;;;;;;;;;;;;"Accidentelle";;;;;""
2019;1920;"15";"15129";"Montboudif";"2019-04-22 16:00:00";50000;0;;50000;;;50000;0;0;0;"Estimées";;;;;;;""
2019;5760;"71";"71499";"Sanvignes-les-Mines";"2019-04-22 16:42:00";10000;10000;;0;;;0;0;0;0;"Estimées";;;;;;;""
2019;1871;"72";"72046";"Le Breil-sur-Mérize";"2019-04-23 00:53:00";50;50;;0;;;0;0;0;0;"Estimées";;;;;;;""
2019;745;"88";"88160";"Épinal";"2019-04-23 16:00:00";100;100;;0;;;0;0;0;0;"Estimées";;;;;;;""
2019;1726;"12";"12004";"Almont-les-Junies";"2019-04-23 16:09:00";20000;0;;20000;;;20000;0;0;0;"Estimées";;"Malveillance";;;;;"Données partielles ou non valides"
2019;746;"88";"88116";"Cornimont";"2019-04-23 16:17:00";500;0;;500;;;500;0;0;0;"Estimées";;;;;;;""
2019;211;"65";"65099";"Bordères-Louron";"2019-04-23 17:02:00";40000;0;;40000;;;40000;0;0;0;"Estimées";;;;;;;""
2019;8567;"11";"11203";"Lézignan-Corbières";"2019-04-24 15:46:00";100;;;;;;;;;;;;;;;;;""
2019;8568;"11";"11289";"Pieusse";"2019-04-25 17:57:00";50;;;;;;;;;;;;;;;;;""
2019;8569;"11";"11273";"Paraza";"2019-04-27 15:51:00";3000;;;;;;;;;;;;;;;;;""
2019;12574;"66";"66014";"Baixas";"2019-04-28 14:46:00";2500;;2500;;;;;;;;;"1";"Malveillance";;;;;""
2019;7131;"04";"04172";"Roumoules";"2019-04-29 23:56:00";30;;;;;;;;;;;;"Accidentelle";;;;;""
2019;1872;"72";"72306";"Saint-Ouen-en-Belin";"2019-04-30 20:42:00";2000;2000;;0;;;0;0;0;0;"Estimées";;;;;;;""
2019;1873;"72";"72047";"Brette-les-Pins";"2019-05-02 01:35:00";600;600;;0;;;0;0;0;0;"Estimées";;;;;;;""
2019;7127;"34";"34319";"Vailhan";"2019-05-02 15:05:00";634;;634;;;;;;;;;;"Involontaire (particulier)";;;;;""
2019;8575;"11";"11012";"Argeliers";"2019-05-02 15:18:00";13191;;;;;;;;;;;;;;;;;""
2019;7051;"48";"48165";"Saint-Laurent-de-Muret";"2019-05-02 16:36:00";7800;;7800;;;;;;;;;"4";;;;;;""
2019;7502;"2A";"2A200";"Palneca";"2019-05-02 19:23:00";1000;;1000;;;;;;;;;"1";;;;;;""
2019;7103;"83";"83008";"Bagnols-en-Forêt";"2019-05-02 20:07:00";5;5;;;;;;;;;;"5";"Naturelle";;;;;""
2019;7503;"2A";"2A300";"San-Gavino-di-Carbini";"2019-05-03 22:13:00";30;;30;;;;;;;;;"1";"Involontaire (particulier)";;;;;""
2019;7504;"2A";"2A362";"Zonza";"2019-05-04 11:30:00";40;;40;;;;;;;;;"1";"Involontaire (particulier)";;;;;""
2019;7063;"13";"13033";"Ensuès-la-Redonne";"2019-05-04 15:03:00";13800;13800;;;;;;;;;;"1";"Involontaire (travaux)";;;;;""
2019;7064;"13";"13001";"Aix-en-Provence";"2019-05-05 07:22:00";1000;1000;;;;;;;;;;"1";"Accidentelle";;;;;""
2019;7066;"13";"13051";"Lançon-Provence";"2019-05-05 10:38:00";400;400;;;;;;;;;;"1";"Involontaire (particulier)";;;;;""
2019;7067;"13";"13043";"Gignac-la-Nerthe";"2019-05-05 12:35:00";3000;1500;1500;;;;;;;;;"1";"Involontaire (travaux)";;;;;""
2019;7104;"83";"83144";"La Valette-du-Var";"2019-05-05 13:21:00";30000;30000;;;;;;;;;;"4";"Malveillance";;;;;""
2019;7135;"34";"34178";"Murviel-lès-Béziers";"2019-05-05 16:06:00";841;;841;;;;;;;;;"1";"Malveillance";;;;;""
2019;12584;"66";"66038";"Canohès";"2019-05-05 16:40:00";10000;;10000;;;;;;;;;"1";;;;;;""
2019;7068;"13";"13010";"Barbentane";"2019-05-05 17:28:00";230;230;;;;;;;;;;"1";"Accidentelle";;;;;""
2019;7069;"13";"13086";"Roquevaire";"2019-05-05 18:55:00";2000;2000;;;;;;;;;;"1";"Involontaire (travaux)";;;;;""
2019;5842;"41";"41043";"Châtillon-sur-Cher";"2019-05-06 10:13:00";1500;1500;;0;;;0;0;0;0;"Estimées";;;;;;;""
2019;7140;"34";"34178";"Murviel-lès-Béziers";"2019-05-06 13:48:00";15623;;15623;;;;;;;;;"1";"Malveillance";;;;;""
2019;3174;"40";"40332";"Ychoux";"2019-05-06 14:49:00";28000;28000;;0;;;0;;;0;;;"Involontaire (travaux)";;;;;""
2019;3381;"47";"47113";"Grayssas";"2019-05-06 15:05:00";500;500;;0;;;0;;;0;;;;;;;;""
2019;8576;"11";"11194";"Lastours";"2019-05-06 18:17:00";40;;;;;;;;;;;;;;;;;""
2019;942;"87";"87027";"Bussière-Galant";"2019-05-06 18:35:00";200;200;;0;;;0;0;0;0;"Estimées";;;;;;;""
2019;2887;"33";"33226";"Langoiran";"2019-05-06 23:22:00";100;100;;0;;;0;;;0;;;;;;;;""
2019;212;"46";"46201";"Montcuq-en-Quercy-Blanc";"2019-05-07 16:33:00";300;0;;300;;;300;0;0;0;"Estimées";;;;;;;""
2019;7138;"04";"04176";"Sainte-Croix-du-Verdon";"2019-05-07 21:19:00";100;;;;;;;;;;;;;;;;;""
2019;7505;"2A";"2A362";"Zonza";"2019-05-08 15:28:00";40;;40;;;;;;;;;"1";"Involontaire (particulier)";;;;;""
2019;7507;"2A";"2A004";"Ajaccio";"2019-05-08 19:11:00";200;;200;;;;;;;;;;"Involontaire (particulier)";;;;;""
2019;7509;"2A";"2A247";"Porto-Vecchio";"2019-05-09 20:49:00";400;;400;;;;;;;;;;;;;;;""
2019;8577;"11";"11098";"Conilhac-Corbières";"2019-05-10 14:34:00";9250;;;;;;;;;;;;;;;;;""
2019;7148;"34";"34069";"Cazouls-lès-Béziers";"2019-05-10 17:03:00";773;;773;;;;;;;;;"1";"Malveillance";;;;;""
2019;7510;"2A";"2A351";"Villanova";"2019-05-10 21:37:00";1;;1;;;;;;;;;;"Accidentelle";;;;;""
2019;8578;"11";"11069";"Carcassonne";"2019-05-11 19:32:00";8000;;;;;;;;;;;;;;;;;""
2019;8579;"11";"11188";"La Palme";"2019-05-11 19:50:00";20;;;;;;;;;;;;;;;;;""
2019;12624;"66";"66071";"Estagel";"2019-05-11 21:25:00";1000;1000;;;;;;;;;;"4";"Accidentelle";;;;;""
2019;1874;"72";"72346";"La Suze-sur-Sarthe";"2019-05-12 13:32:00";200;200;;0;;;0;0;0;0;"Estimées";;;;;;;""
2019;12628;"66";"66176";"Saint-Hippolyte";"2019-05-12 13:56:00";60000;;60000;;;;;;;;;"1";;;;;;""
2019;7101;"13";"13049";"Lamanon";"2019-05-12 14:35:00";2000;2000;;;;;;;;;;"1";;;;;;""
2019;8580;"11";"11040";"Bizanet";"2019-05-12 16:05:00";1500;;;;;;;;;;;;;;;;;""
2019;7102;"13";"13118";"Coudoux";"2019-05-12 16:48:00";500;500;;;;;;;;;;"1";;;;;;""
2019;7156;"34";"34063";"Caux";"2019-05-12 18:39:00";2680;;2680;;;;;;;;;"1";"Accidentelle";;;;;""
2019;7157;"34";"34300";"Servian";"2019-05-12 20:23:00";277;;;;;;;;;;;;"Involontaire (particulier)";;;;;""
2019;2885;"33";"33255";"Lucmau";"2019-05-12 20:26:00";1600;1600;;0;;;0;;;0;;;"Accidentelle";;;;;""
2019;7511;"2A";"2A062";"Carbuccia";"2019-05-12 21:00:00";400;;400;;;;;;;;;;;;;;;""
2019;8602;"11";"11322";"Roquefort-des-Corbières";"2019-05-13 10:54:00";5273;;;;;;;;;;;;;;;;;""
2019;2350;"64";"64405";"Morlaàs";"2019-05-13 11:09:00";50;0;;50;;;50;;;0;;;;;;;;""
2019;192;"39";"39297";"Longchaumois";"2019-05-13 13:08:00";10750;10750;;0;;;0;0;0;0;"Estimées";;"Accidentelle";;;;;""
2019;190;"39";"39471";"Ruffey-sur-Seille";"2019-05-13 15:15:00";300;0;;300;;;300;0;0;0;"Estimées";;;;;;;""
2019;7158;"34";"34139";"Lieuran-lès-Béziers";"2019-05-13 15:52:00";1663;;;;;;;;;;;;"Involontaire (particulier)";;;;;""
2019;7151;"06";"06013";"Belvédère";"2019-05-13 17:34:00";6000;;;;;;;;;;;"1";;;;;;""
2019;7512;"2A";"2A232";"Pila-Canale";"2019-05-13 17:54:00";20;;20;;;;;;;;;"1";;;;;;""
2019;5844;"41";"41232";"Salbris";"2019-05-13 18:00:00";20000;0;;20000;;;20000;0;0;0;"Estimées";;;;;;;""
2019;7513;"2A";"2A144";"Lopigna";"2019-05-14 13:54:00";2000;;2000;;;;;;;;;;"Involontaire (travaux)";;;;;""
2019;7215;"48";"48155";"Saint-Germain-de-Calberte";"2019-05-14 14:50:00";4700;;4700;;;;;;;;;"3";"Involontaire (particulier)";;;;;""
2019;1875;"72";"72231";"Parigné-l'Évêque";"2019-05-14 15:09:00";65000;65000;;0;;;0;0;0;0;"Estimées";;;;;;;""
2019;1876;"72";"72299";"Saint-Mars-d'Outillé";"2019-05-14 15:32:00";25000;25000;;0;;;0;0;0;0;"Estimées";;;;;;;""
2019;1877;"72";"72231";"Parigné-l'Évêque";"2019-05-14 15:35:00";500;500;;0;;;0;0;0;0;"Estimées";;;;;;;""
2019;213;"46";"46322";"Trespoux-Rassiels";"2019-05-14 16:54:00";100;0;;100;;;100;0;0;0;"Estimées";;;;;;;""
2019;2254;"64";"64238";"Ger";"2019-05-14 17:40:00";500;500;;0;;;0;;;0;;;"Malveillance";;;;;""
2019;2879;"33";"33056";"Blanquefort";"2019-05-14 18:03:00";100;100;;0;;;0;;;0;;;;;;;;""
2019;7514;"2A";"2A276";"Serra-di-Ferro";"2019-05-14 18:59:00";10000;;10000;;;;;;;;;"1";"Involontaire (travaux)";;;;;""
2019;8581;"11";"11126";"Escales";"2019-05-14 20:05:00";250;;;;;;;;;;;;;;;;;""
2019;3376;"47";"47043";"Buzet-sur-Baïse";"2019-05-14 21:40:00";1200;1200;;0;;;0;;;0;;;;;;;;""
2019;2877;"33";"33529";"La Teste-de-Buch";"2019-05-15 02:46:00";1200;1200;;0;;;0;;;0;;;;;;;;""
2019;2347;"64";"64284";"Jurançon";"2019-05-15 08:04:00";10;0;;10;;;10;;;0;;;;;;;;""
2019;10433;"48";"48075";"Ispagnac";"2019-05-15 15:23:00";2300;;2300;;;;;;;;;"1";;;;;;""
2019;2874;"33";"33119";"Cenon";"2019-05-15 16:04:00";20;20;;0;;;0;;;0;;;;;;;;""
2019;12662;"66";"66107";"Maury";"2019-05-15 16:40:00";20000;;20000;;;;;;;;;"1";"Involontaire (travaux)";;;;;""
2019;3372;"47";"47167";"Mézin";"2019-05-15 19:04:00";200;200;;0;;;0;;;0;;;;;;;;""
2019;8582;"11";"11095";"Comigne";"2019-05-15 23:06:00";300;;;;;;;;;;;;;;;;;""
2019;1878;"72";"72231";"Parigné-l'Évêque";"2019-05-16 06:07:00";10;10;;0;;;0;0;0;0;"Estimées";;;;;;;""
2019;7515;"2A";"2A247";"Porto-Vecchio";"2019-05-16 12:33:00";300;;300;;;;;;;;;;"Involontaire (particulier)";;;;;""
2019;7235;"34";"34036";"Le Bosc";"2019-05-16 15:46:00";27200;;;;;;;;;;;"1";"Involontaire (travaux)";;;;;""
2019;7821;"07";"07199";"Rosières";"2019-05-16 16:14:00";10000;10000;;;;;;;;;;"5";;;;;;""
2019;7207;"83";"83068";"Grimaud";"2019-05-16 16:21:00";600;600;;;;;;;;;;"3";"Involontaire (particulier)";;;;;""
2019;8793;"11";"11148";"Fontcouverte";"2019-05-16 16:24:00";6295;;;;;;;;;;;;;;;;;""
2019;3173;"40";"40278";"Saint-Paul-en-Born";"2019-05-16 16:57:00";300;300;;0;;;0;;;0;;;"Involontaire (travaux)";;;;;""
2019;943;"87";"87174";"Saint-Paul";"2019-05-16 20:18:00";3000;0;;3000;;;3000;0;0;0;"Estimées";;;;;;;""
2019;7210;"13";"13062";"Mimet";"2019-05-17 15:40:00";3300;3300;;;;;;;;;;"1";"Involontaire (particulier)";;;;;""
2019;7211;"13";"13067";"Orgon";"2019-05-18 15:47:00";30;30;;;;;;;;;;"1";;;;;;""
2019;7516;"2A";"2A249";"Propriano";"2019-05-19 13:40:00";1;;1;;;;;;;;;;"Involontaire (particulier)";;;;;""
2019;8584;"11";"11203";"Lézignan-Corbières";"2019-05-20 04:49:00";4;;;;;;;;;;;;;;;;;""
2019;12674;"66";"66037";"Canet-en-Roussillon";"2019-05-20 14:20:00";20000;;20000;;;;;;;;;"1";"Malveillance";;;;;""
2019;12672;"66";"66141";"Pia";"2019-05-20 14:23:00";15000;;15000;;;;;;;;;"1";"Involontaire (particulier)";;;;;""
2019;12676;"66";"66037";"Canet-en-Roussillon";"2019-05-20 16:05:00";15000;;15000;;;;;;;;;"1";"Malveillance";;;;;""
2019;12678;"66";"66226";"Villemolaque";"2019-05-20 17:50:00";15000;;15000;;;;;;;;;"1";"Involontaire (travaux)";;;;;""
2019;7517;"2A";"2A041";"Bonifacio";"2019-05-21 11:43:00";30;;30;;;;;;;;;;;;;;;""
2019;7217;"83";"83091";"Pierrefeu-du-Var";"2019-05-22 12:48:00";5000;5000;;;;;;;;;;"3";"Involontaire (particulier)";;;;;""
2019;7518;"2A";"2A139";"Lecci";"2019-05-22 13:53:00";10;;10;;;;;;;;;"1";;;;;;""
2019;7220;"13";"13026";"Châteauneuf-les-Martigues";"2019-05-22 17:45:00";400;400;;;;;;;;;;"1";;;;;;""
2019;8786;"11";"11279";"Pennautier";"2019-05-22 18:41:00";3000;;;;;;;;;;;;;;;;;""
2019;7218;"13";"13077";"Port-de-Bouc";"2019-05-23 07:56:00";200;200;;;;;;;;;;"1";"Malveillance";;;;;""
2019;7520;"2A";"2A300";"San-Gavino-di-Carbini";"2019-05-23 13:42:00";100;;100;;;;;;;;;;"Involontaire (particulier)";;;;;""
2019;7276;"83";"83073";"Le Luc";"2019-05-23 18:26:00";7000;7000;;;;;;;;;;"4";"Involontaire (travaux)";;;;;""
2019;4022;"77";"77186";"Fontainebleau";"2019-05-24 17:45:00";4;4;;0;;;0;0;0;0;"Mesurées";;"Malveillance";;;;;""
2019;7242;"13";"13050";"Lambesc";"2019-05-25 15:43:00";5;5;;;;;;;;;;"1";;;;;;""
2019;8585;"11";"11126";"Escales";"2019-05-25 16:55:00";450;;;;;;;;;;;;;;;;;""
2019;2864;"33";"33417";"Sainte-Hélène";"2019-05-25 20:26:00";2000;2000;;0;;;0;;;0;;;;;;;;""
2019;7234;"2B";"2B305";"San-Martino-di-Lota";"2019-05-26 06:35:00";50;;;;;;;;;;;;"Involontaire (particulier)";;;;;""
2019;7240;"13";"13098";"Saint-Mitre-les-Remparts";"2019-05-26 17:10:00";3800;3800;;;;;;;;;;"1";"Malveillance";;;;;""
2019;7361;"34";"34084";"Corneilhan";"2019-05-26 18:30:00";5661;;;;;;;;;;;;"Involontaire (travaux)";;;;;""
2019;12701;"66";"66136";"Perpignan";"2019-05-28 10:43:00";20000;;20000;;;;;;;;;"1";"Malveillance";;;;;""
2019;7373;"34";"34084";"Corneilhan";"2019-05-28 18:23:00";6569;;6569;;;;;;;;;"1";"Involontaire (travaux)";;;;;""
2019;12716;"66";"66212";"Torreilles";"2019-05-29 00:18:00";25000;;25000;;;;;;;;;"1";"Involontaire (particulier)";;;;;""
2019;7378;"34";"34245";"Saint-Chinian";"2019-05-29 15:28:00";334;;334;;;;;;;;;"1";"Accidentelle";;;;;""
2019;12725;"66";"66044";"Castelnou";"2019-05-29 17:07:00";2000;2000;;;;;;;;;;"2";"Involontaire (travaux)";;;;;""
2019;12728;"66";"66136";"Perpignan";"2019-05-29 20:08:00";10000;;10000;;;;;;;;;"1";;;;;;""
2019;12729;"66";"66124";"Font-Romeu-Odeillo-Via";"2019-05-29 22:04:00";2000;2000;;;;;;;;;;"4";;;;;;""
2019;7284;"83";"83032";"Carcès";"2019-05-30 12:35:00";1000;1000;;;;;;;;;;"5";"Involontaire (particulier)";;;;;""
2019;12733;"66";"66212";"Torreilles";"2019-05-30 13:28:00";150000;;150000;;;;;;;;;"1";"Malveillance";;;;;""
2019;2861;"33";"33151";"Donnezac";"2019-05-30 14:49:00";10000;10000;;0;;;0;;;0;;;;;;;;""
2019;12735;"66";"66182";"Sainte-Marie-la-Mer";"2019-05-30 15:17:00";50000;;50000;;;;;;;;;"1";"Malveillance";;;;;""
2019;7285;"83";"83094";"Le Plan-de-la-Tour";"2019-05-30 17:41:00";25000;25000;;;;;;;;;;"3";"Involontaire (particulier)";;;;;""
2019;7294;"13";"13056";"Martigues";"2019-05-31 00:00:00";2;2;;;;;;;;;;"1";"Malveillance";;;;;""
2019;214;"46";"46334";"Le Vigan";"2019-05-31 02:24:00";100;0;;100;;;100;0;0;0;"Estimées";;;;;;;""
2019;2859;"33";"33214";"Lacanau";"2019-05-31 13:02:00";1000;1000;;0;;;0;;;0;;;;;;;;""
2019;3172;"40";"40006";"Arengosse";"2019-05-31 14:02:00";34000;34000;;0;;;0;;;0;;;"Involontaire (travaux)";;;;;""
2019;7293;"13";"13098";"Saint-Mitre-les-Remparts";"2019-05-31 15:42:00";500;500;;;;;;;;;;"1";"Malveillance";;;;;""
2019;12702;"66";"66174";"Saint-Féliu-d'Avall";"2019-05-31 16:22:00";15000;;15000;;;;;;;;;"1";"Involontaire (travaux)";;;;;""
2019;7269;"26";"26116";"Donzère";"2019-05-31 17:06:00";1170;1170;;;;;;;;;;"3";"Accidentelle";;;;;""
2019;12749;"66";"66205";"Tautavel";"2019-05-31 18:15:00";2000;1000;1000;;;;;;;;;"4";"Malveillance";;;;;""
2019;215;"39";"39201";"Doucier";"2019-05-31 20:04:00";1500;0;;1500;;;1500;0;0;0;"Estimées";;;;;;;""
2019;4024;"77";"77186";"Fontainebleau";"2019-06-01 10:15:00";100;100;;0;;;0;0;0;0;"Estimées";;;;;;;""
2019;7521;"2A";"2A362";"Zonza";"2019-06-01 12:27:00";5;;5;;;;;;;;;"1";;;;;;""
2019;3171;"40";"40287";"Sanguinet";"2019-06-01 15:39:00";10;10;;0;;;0;;;0;;;;;;;;""
2019;2851;"33";"33123";"Cézac";"2019-06-01 20:16:00";700;700;;0;;;0;;;0;;;;;;;;""
2019;8323;"13";"13082";"Rognes";"2019-06-02 02:05:00";5;5;;;;;;;;;;"1";"Accidentelle";;;;;""
2019;2850;"33";"33199";"Gujan-Mestras";"2019-06-02 14:18:00";800;800;;0;;;0;;;0;;;;;;;;""
2019;7291;"83";"83075";"Les Mayons";"2019-06-02 16:27:00";50;50;;;;;;;;;;"3";"Malveillance";;;;;""
2019;3702;"38";"38288";"Oytier-Saint-Oblas";"2019-06-02 19:46:00";200;0;;200;;;200;0;0;0;"Estimées";;;;;;;""
2019;8784;"11";"11085";"Cavanac";"2019-06-02 21:18:00";1690;;;;;;;;;;;;;;;;;""
2019;7298;"83";"83143";"Le Val";"2019-06-03 15:25:00";3000;3000;;;;;;;;;;"2";"Accidentelle";;;;;""
2019;7295;"13";"13007";"Auriol";"2019-06-03 16:02:00";300;300;;;;;;;;;;"1";"Involontaire (travaux)";;;;;""
2019;7522;"2A";"2A345";"Vero";"2019-06-03 17:45:00";100;;100;;;;;;;;;;"Involontaire (particulier)";;;;;""
2019;216;"39";"39406";"Le Pasquier";"2019-06-03 17:58:00";1500;1500;;0;;;0;0;0;0;"Estimées";;"Accidentelle";;;;;""
2019;2845;"33";"33151";"Donnezac";"2019-06-03 19:27:00";10;10;;0;;;0;;;0;;;;;;;;""
2019;8780;"11";"11397";"Trèbes";"2019-06-03 20:21:00";100;;;;;;;;;;;;;;;;;""
2019;8708;"30";"30169";"Milhaud";"2019-06-04 11:29:00";23293;;20000;;;;;;;3293;;"1";"Accidentelle";;;;;""
2019;2844;"33";"33026";"Balizac";"2019-06-04 13:19:00";25000;25000;;0;;;0;;;0;;;;;;;;""
2019;3170;"40";"40307";"Sore";"2019-06-04 16:28:00";1388;1388;;0;;;0;;;0;;;"Involontaire (travaux)";;;;;""
2019;11794;"11";"11276";"Paziols";"2019-06-04 17:02:00";2000;;;;;;;;;;;;;;;;;""
2019;7523;"2A";"2A139";"Lecci";"2019-06-05 13:46:00";6550;;4000;;;;;;;2550;;"1";"Involontaire (particulier)";;;;;""
2019;7842;"07";"07203";"Sagnes-et-Goudoulet";"2019-06-05 13:52:00";18000;;18000;;;;;;;;;"1";;;;;;""
2019;14205;"34";"34165";"Montbazin";"2019-06-05 14:04:00";154537;;154537;;;;;;;;;"1";"Malveillance";;;;;""
2019;7440;"84";"84078";"Mondragon";"2019-06-05 14:45:00";2000;500;;;;;;;;1500;;"5";"Involontaire (particulier)";;;;;""
2019;7442;"84";"84087";"Orange";"2019-06-05 15:34:00";2000;2000;;;;;;;;;;"2";;;;;;""
2019;7403;"34";"34308";"Taussac-la-Billière";"2019-06-05 16:47:00";838;;;;;;;;;;;"1";"Malveillance";;;;;""
2019;5843;"41";"41043";"Châtillon-sur-Cher";"2019-06-05 18:40:00";4000;4000;;0;;;0;0;0;0;"Estimées";;;;;;;""
2019;7524;"2A";"2A271";"Sarrola-Carcopino";"2019-06-06 06:53:00";10;;10;;;;;;;;;;"Involontaire (particulier)";;;;;""
2019;7525;"2A";"2A288";"Sotta";"2019-06-06 08:54:00";10;;10;;;;;;;;;"1";"Involontaire (particulier)";;;;;""
2019;7526;"2A";"2A345";"Vero";"2019-06-06 11:11:00";30;;30;;;;;;;;;;"Involontaire (particulier)";;;;;""
2019;8779;"11";"11280";"Pépieux";"2019-06-06 17:11:00";12287;;;;;;;;;;;;;;;;;""
2019;1743;"12";"12100";"Firmi";"2019-06-06 23:19:00";10000;0;;10000;;;10000;0;0;0;"Estimées";;"Malveillance";;;;;"Données partielles ou non valides"
2019;12837;"66";"66136";"Perpignan";"2019-06-07 08:12:00";20000;;20000;;;;;;;;;"1";"Malveillance";;;;;""
2019;7527;"2A";"2A142";"Levie";"2019-06-07 12:25:00";5;;5;;;;;;;;;;"Involontaire (particulier)";;;;;""
2019;7760;"48";"48084";"Laval-Atger";"2019-06-07 12:57:00";1000;;1000;;;;;;;;;"1";"Accidentelle";;;;;""
2019;225;"39";"39235";"Fraisans";"2019-06-07 14:56:00";200;0;;200;;;200;0;0;0;"Estimées";;;;;;;""
2019;7466;"13";"13028";"La Ciotat";"2019-06-07 15:20:00";3000;3000;;;;;;;;;;"1";"Involontaire (particulier)";;;;;""
2019;3707;"38";"38052";"Le Bourg-d'Oisans";"2019-06-07 22:33:00";5000;0;;5000;;;5000;0;0;0;"Estimées";;;;;;;""
2019;5862;"41";"41185";"Pruniers-en-Sologne";"2019-06-08 04:30:00";500;0;;500;;;500;0;0;0;"Estimées";;;;;;;""
2019;7529;"2A";"2A270";"Sari-d'Orcino";"2019-06-08 11:22:00";100;;100;;;;;;;;;;"Accidentelle";;;;;""
2019;7975;"07";"07099";"Gras";"2019-06-08 11:40:00";1000;;1000;;;;;;;;;"1";"Malveillance";;;;;""
2019;8777;"11";"11421";"Villedaigne";"2019-06-08 15:03:00";8000;;;;;;;;;;;;;;;;;""
2019;3708;"38";"38336";"Reventin-Vaugris";"2019-06-08 15:18:00";500;0;;500;;;500;0;0;0;"Estimées";;;;;;;""
2019;7467;"13";"13088";"Le Rove";"2019-06-08 17:32:00";220;220;;;;;;;;;;"1";"Involontaire (particulier)";;;;;""
2019;7415;"34";"34061";"Causses-et-Veyran";"2019-06-08 17:55:00";19008;;;;;;;;;;;"1";"Malveillance";;;;;""
2019;5761;"71";"71376";"Roussillon-en-Morvan";"2019-06-08 19:37:00";20000;20000;;0;;;0;0;0;0;"Estimées";;;;;;;""
2019;8778;"11";"11037";"Berriac";"2019-06-08 23:41:00";600;;;;;;;;;;;;;;;;;""
2019;9191;"13";"13067";"Orgon";"2019-06-09 08:54:00";290;290;;;;;;;;;;"1";;;;;;""
2019;7417;"05";"05106";"Prunières";"2019-06-09 11:30:00";2000;;;;;;;;;;;;"Naturelle";;;;;""
2019;7531;"2A";"2A130";"Grosseto-Prugna";"2019-06-09 14:24:00";100;;100;;;;;;;;;;;;;;;""
2019;7470;"06";"06021";"Bonson";"2019-06-09 17:09:00";500;;;;;;;;;;;;;;;;;""
2019;7459;"83";"83025";"Brue-Auriac";"2019-06-09 19:08:00";2;2;;;;;;;;;;"2";"Naturelle";;;;;""
2019;11795;"11";"11276";"Paziols";"2019-06-10 12:19:00";2000;;;;;;;;;;;;;;;;;""
2019;7465;"13";"13009";"La Barben";"2019-06-10 13:14:00";500;500;;;;;;;;;;"1";;;;;;""
2019;12856;"66";"66088";"Ille-sur-Têt";"2019-06-10 17:18:00";30000;10000;20000;;;;;;;;;"2";;;;;;""
2019;7532;"2A";"2A065";"Cargèse";"2019-06-11 18:32:00";6;;6;;;;;;;;;;"Involontaire (particulier)";;;;;""
2019;7538;"04";"04005";"Allons";"2019-06-12 13:34:00";20;;;;;;;;;;;;"Naturelle";;;;;""
2019;7539;"04";"04133";"Moriez";"2019-06-12 14:00:00";50;;;;;;;;;;;;"Naturelle";;;;;""
2019;7550;"34";"34031";"Bessan";"2019-06-12 20:18:00";2742;;2742;;;;;;;;;"1";"Malveillance";;;;;""
2019;7599;"34";"34031";"Bessan";"2019-06-13 10:25:00";200;;;;;;;;;;;;"Involontaire (travaux)";;;;;""
2019;7551;"34";"34162";"Montagnac";"2019-06-13 11:02:00";17194;;17194;;;;;;;;;"1";"Accidentelle";;;;;""
2019;7555;"34";"34141";"La Livinière";"2019-06-13 11:03:00";508;;;;;;;;;;;"1";"Involontaire (particulier)";;;;;""
2019;7533;"83";"83148";"Vidauban";"2019-06-13 13:44:00";750;750;;;;;;;;;;"2";"Involontaire (travaux)";;;;;""
2019;7534;"83";"83085";"La Motte";"2019-06-13 14:31:00";20;20;;;;;;;;;;"5";"Involontaire (travaux)";;;;;""
2019;7557;"34";"34141";"La Livinière";"2019-06-13 14:56:00";2000;;;;;;;;;;;;"Involontaire (travaux)";;;;;""
2019;8119;"2A";"2A362";"Zonza";"2019-06-13 15:32:00";300;;300;;;;;;;;;"1";"Involontaire (particulier)";;;;;""
2019;8587;"11";"11295";"Portel-des-Corbières";"2019-06-14 06:03:00";150;;;;;;;;;;;;;;;;;""
2019;8120;"2A";"2A232";"Pila-Canale";"2019-06-14 08:09:00";200;;200;;;;;;;;;"1";"Involontaire (particulier)";;;;;""
2019;8122;"2A";"2A139";"Lecci";"2019-06-14 09:41:00";1;;1;;;;;;;;;"1";"Involontaire (particulier)";;;;;""
2019;8121;"2A";"2A032";"Bastelicaccia";"2019-06-14 09:41:00";1;;1;;;;;;;;;;"Involontaire (particulier)";;;;;""
2019;8123;"2A";"2A272";"Sartène";"2019-06-14 10:17:00";73800;;73800;;;;;;;;;;"Accidentelle";;;;;""
2019;7697;"04";"04133";"Moriez";"2019-06-14 12:04:00";41300;41300;;;;;;;;;;"5";"Involontaire (travaux)";;;;;""
2019;14130;"83";"83070";"Le Lavandou";"2019-06-14 13:16:00";30000;;;;;;;;;;;;"Involontaire (travaux)";;;;;""
2019;7602;"06";"06033";"Carros";"2019-06-14 14:10:00";5000;;;;;;;;;;;"1";;;;;;""
2019;7761;"83";"83069";"Hyères";"2019-06-14 14:15:00";116000;116000;;;;;;;;;;"3";"Malveillance";;;;;""
2019;7837;"2B";"2B007";"Albertacce";"2019-06-14 14:35:00";200;;;;;;;;;;;;;;;;;""
2019;7757;"13";"13055";"Marseille";"2019-06-14 15:22:00";40000;40000;;;;;;;;;;"1";"Accidentelle";;;;;""
2019;8125;"2A";"2A247";"Porto-Vecchio";"2019-06-14 20:09:00";5;;5;;;;;;;;;;"Malveillance";;;;;""
2019;7540;"04";"04172";"Roumoules";"2019-06-14 20:52:00";300;;;;;;;;;;;;"Accidentelle";;;;;""
2019;7567;"34";"34031";"Bessan";"2019-06-15 17:05:00";478;;478;;;;;;;;;"1";"Malveillance";;;;;""
2019;8776;"11";"11145";"Fleury";"2019-06-16 03:42:00";6500;;;;;;;;;;;;;;;;;""
2019;7574;"34";"34031";"Bessan";"2019-06-16 14:13:00";100;;;;;;;;;;;;"Involontaire (travaux)";;;;;""
2019;7575;"13";"13005";"Aubagne";"2019-06-16 14:14:00";40;40;;;;;;;;;;"1";;;;;;""
2019;7601;"34";"34031";"Bessan";"2019-06-16 14:21:00";200;;;;;;;;;;;;"Involontaire (travaux)";;;;;""
2019;7664;"04";"04005";"Allons";"2019-06-16 15:09:00";150;;;;;;;;;;;;"Involontaire (travaux)";;;;;""
2019;7576;"13";"13005";"Aubagne";"2019-06-16 20:18:00";400;400;;;;;;;;;;"1";;;;;;""
2019;7604;"06";"06035";"Castellar";"2019-06-17 13:40:00";150;;;;;;;;;;;;;;;;;""
2019;3169;"40";"40040";"Beylongue";"2019-06-17 17:10:00";20;20;;0;;;0;;;0;;;"Involontaire (travaux)";;;;;""
2019;12909;"66";"66164";"Rivesaltes";"2019-06-17 18:03:00";5000;4000;1000;;;;;;;;;"4";"Involontaire (particulier)";;;;;""
2019;8774;"11";"11332";"Saint-André-de-Roquelongue";"2019-06-17 18:32:00";2687;;;;;;;;;;;;;;;;;""
2019;7994;"34";"34162";"Montagnac";"2019-06-17 18:50:00";250;;250;;;;;;;;;"1";"Malveillance";;;;;""
2019;1879;"72";"72213";"Mulsanne";"2019-06-17 18:53:00";200;200;;0;;;0;0;0;0;"Estimées";;;;;;;""
2019;2556;"24";"24354";"La Roche-Chalais";"2019-06-18 00:20:00";5000;5000;;0;;;0;;;0;;;;;;;;""
2019;8127;"2A";"2A186";"Olivese";"2019-06-18 11:07:00";50;;50;;;;;;;;;"1";"Involontaire (travaux)";;;;;""
2019;7764;"13";"13075";"Plan-de-Cuques";"2019-06-18 15:08:00";10900;10900;0;;;;;;;;;"1";"Malveillance";;;;;""
2019;12912;"66";"66107";"Maury";"2019-06-18 16:18:00";1000;1000;;;;;;;;;;"4";;;;;;""
2019;255;"39";"39366";"Mont-sur-Monnet";"2019-06-18 17:18:00";1000;1000;;0;;;0;0;0;0;"Estimées";;"Involontaire (travaux)";;;;;""
2019;3167;"40";"40316";"Tilh";"2019-06-18 20:56:00";2500;2500;;0;;;0;;;0;;;"Involontaire (particulier)";;;;;""
2019;8128;"2A";"2A249";"Propriano";"2019-06-18 22:13:00";3;;3;;;;;;;;;;"Involontaire (particulier)";;;;;""
2019;8129;"2A";"2A181";"Ocana";"2019-06-19 01:22:00";400;;400;;;;;;;;;"1";"Malveillance";;;;;""
2019;7766;"13";"13046";"Gréasque";"2019-06-19 11:08:00";700;700;;;;;;;;;;"1";;;;;;""
2019;2198;"64";"64090";"Baliracq-Maumusson";"2019-06-19 11:53:00";10;0;;5;;;5;;;5;;;"Involontaire (particulier)";;;;;""
2019;12914;"66";"66179";"Saint-Laurent-de-Cerdans";"2019-06-19 12:18:00";1000;1000;;;;;;;;;;"3";;;;;;""
2019;3166;"40";"40227";"Pissos";"2019-06-19 14:07:00";1000;1000;;0;;;0;;;0;;;;;;;;""
2019;7887;"06";"06088";"Nice";"2019-06-19 14:49:00";500;;;;;;;;;;;"5";"Involontaire (particulier)";;;;;""
2019;8773;"11";"11194";"Lastours";"2019-06-19 15:22:00";2707;;;;;;;;;;;;;;;;;""
2019;8024;"06";"06155";"Vallauris";"2019-06-19 17:45:00";7000;;;;;;;;;;;"1";;;;;;""
2019;8130;"2A";"2A017";"Appietto";"2019-06-19 17:50:00";2;;2;;;;;;;;;;;;;;;""
2019;8004;"34";"34031";"Bessan";"2019-06-19 18:44:00";18;;;;;;;;;;;;"Involontaire (travaux)";;;;;""
2019;3365;"47";"47310";"Tonneins";"2019-06-19 19:28:00";40;40;;0;;;0;;;0;;;;;;;;""
2019;8007;"34";"34031";"Bessan";"2019-06-19 21:21:00";560;;560;;;;;;;;;"1";"Malveillance";;;;;""
2019;2839;"33";"33284";"Mios";"2019-06-20 03:54:00";1000;1000;;0;;;0;;;0;;;"Accidentelle";;;;;""
2019;7888;"06";"06079";"Mandelieu-la-Napoule";"2019-06-20 09:51:00";200;;;;;;;;;;;"1";"Involontaire (particulier)";;;;;""
2019;7889;"06";"06031";"Cantaron";"2019-06-20 10:21:00";300;;;;;;;;;;;"1";"Involontaire (particulier)";;;;;""
2019;7780;"13";"13016";"La Bouilladisse";"2019-06-20 13:10:00";200;200;;;;;;;;;;"1";"Accidentelle";;;;;""
2019;8060;"04";"04020";"Barles";"2019-06-20 15:58:00";1800;1800;;;;;;;;;;;"Involontaire (travaux)";;;;;""
2019;2836;"33";"33144";"Cudos";"2019-06-20 17:04:00";800;800;;0;;;0;;;0;;;;;;;;""
2019;14131;"83";"83053";"Évenos";"2019-06-20 18:23:00";2000;;;;;;;;;;;;"Malveillance";;;;;""
2019;8011;"34";"34031";"Bessan";"2019-06-20 19:20:00";556;;556;;;;;;;;;"1";"Involontaire (particulier)";;;;;""
2019;2834;"33";"33544";"Le Verdon-sur-Mer";"2019-06-21 00:55:00";150;100;;0;;;0;;;50;;;;;;;;""
2019;5871;"41";"41232";"Salbris";"2019-06-21 17:50:00";200;0;;200;;;200;0;0;0;"Estimées";;;;;;;""
2019;8131;"2A";"2A142";"Levie";"2019-06-22 00:08:00";1;;1;;;;;;;;;;;;;;;""
2019;8132;"2A";"2A181";"Ocana";"2019-06-22 04:22:00";1140;;1140;;;;;;;;;"1";"Malveillance";;;;;""
2019;5873;"41";"41232";"Salbris";"2019-06-22 10:42:00";200;0;;200;;;200;0;0;0;"Estimées";;;;;;;""
2019;8742;"34";"34143";"Loupian";"2019-06-22 15:12:00";42532;;42532;;;;;;;;;"1";"Involontaire (travaux)";;;;;""
2019;10179;"26";"26263";"Reilhanette";"2019-06-22 17:56:00";600;600;;;;;;;;;;"4";"Naturelle";;;;;""
2019;8866;"34";"34184";"Nizas";"2019-06-22 20:29:00";32717;;;;;;;;;;;"1";"Accidentelle";;;;;""
2019;1880;"72";"72181";"Le Mans";"2019-06-22 20:58:00";400;400;;0;;;0;0;0;0;"Estimées";;;;;;;""
2019;1881;"72";"72181";"Le Mans";"2019-06-23 01:49:00";100;100;;0;;;0;0;0;0;"Estimées";;;;;;;""
2019;1882;"72";"72300";"Saint-Mars-la-Brière";"2019-06-23 08:22:00";20;20;;0;;;0;0;0;0;"Estimées";;;;;;;""
2019;8023;"06";"06118";"Saint-Cézaire-sur-Siagne";"2019-06-23 11:10:00";200;;;;;;;;;;;;;;;;;""
2019;8063;"13";"13001";"Aix-en-Provence";"2019-06-23 13:07:00";20000;20000;;;;;;;;;;"1";;;;;;""
2019;8041;"13";"13058";"Maussane-les-Alpilles";"2019-06-23 14:30:00";25700;20500;5200;;;;;;;;;"1";"Accidentelle";;;;;""
2019;8028;"2B";"2B333";"Vallecalle";"2019-06-23 15:19:00";300;;;;;;;;;;;;;;;;;""
2019;260;"46";"46185";"Martel";"2019-06-23 16:09:00";500;0;;500;;;500;0;0;0;"Estimées";;;;;;;""
2019;8042;"13";"13084";"La Roque-d'Anthéron";"2019-06-23 16:26:00";2000;2000;;;;;;;;;;"1";"Involontaire (travaux)";;;;;""
2019;8064;"13";"13081";"Rognac";"2019-06-23 17:51:00";2000;2000;;;;;;;;;;"1";"Involontaire (particulier)";;;;;""
2019;1883;"72";"72154";"La Flèche";"2019-06-23 18:59:00";2000;2000;;0;;;0;0;0;0;"Estimées";;;;;;;""
2019;8133;"2A";"2A228";"Pietrosella";"2019-06-23 20:12:00";200;;100;;;;;;;100;;"1";;;;;;""
2019;12923;"66";"66033";"Camélas";"2019-06-24 14:44:00";5000;5000;;;;;;;;;;"2";;;;;;""
2019;8055;"13";"13112";"Velaux";"2019-06-24 16:41:00";5000;5000;;;;;;;;;;"1";"Accidentelle";;;;;""
2019;8052;"83";"83004";"Les Arcs";"2019-06-24 18:56:00";50;50;;;;;;;;;;"1";"Involontaire (particulier)";;;;;""
2019;12926;"66";"66168";"Saint-André";"2019-06-24 20:54:00";1000;1000;;;;;;;;;;"4";;;;;;""
2019;263;"46";"46148";"Lalbenque";"2019-06-24 23:21:00";200;0;;200;;;200;0;0;0;"Estimées";;;;;;;""
2019;8056;"13";"13049";"Lamanon";"2019-06-25 10:06:00";10000;10000;;;;;;;;;;"1";"Involontaire (travaux)";;;;;""
2019;8183;"2B";"2B002";"Aghione";"2019-06-25 10:29:00";165000;165000;;;;;;;;;;"4";"Malveillance";;;;;""
2019;8184;"2B";"2B057";"Canale-di-Verde";"2019-06-25 11:25:00";10000;5000;;;;;;;;5000;;"2";;;;;;""
2019;8066;"83";"83063";"La Garde-Freinet";"2019-06-25 12:55:00";1500;1500;;;;;;;;;;"3";"Involontaire (particulier)";;;;;""
2019;8065;"13";"13004";"Arles";"2019-06-25 15:59:00";1700;1700;;;;;;;;;;"1";;;;;;""
2019;8772;"11";"11122";"Douzens";"2019-06-25 16:20:00";100;;;;;;;;;;;;;;;;;""
2019;3165;"40";"40212";"Orthevielle";"2019-06-25 18:46:00";5000;5000;;0;;;0;;;0;;;"Involontaire (travaux)";;;;;""
2019;5876;"41";"41018";"Blois";"2019-06-25 22:01:00";20;0;;20;;;20;0;0;0;"Estimées";;;;;;;""
2019;1884;"72";"72260";"Ruaudin";"2019-06-26 12:26:00";2000;2000;;0;;;0;0;0;0;"Estimées";;;;;;;""
2019;1885;"72";"72213";"Mulsanne";"2019-06-26 13:41:00";50;50;;0;;;0;0;0;0;"Estimées";;;;;;;""
2019;265;"36";"36159";"Le Poinçonnet";"2019-06-26 14:31:00";800;800;;0;;;0;0;0;0;"Estimées";;;;;;;""
2019;8106;"30";"30210";"Quissac";"2019-06-26 14:45:00";7947;;7947;;;;;;;;;"2";;;;;;""
2019;1886;"72";"72191";"Mayet";"2019-06-26 16:12:00";900;900;;0;;;0;0;0;0;"Estimées";;;;;;;""
2019;1887;"72";"72124";"Écommoy";"2019-06-26 16:30:00";5000;5000;;0;;;0;0;0;0;"Estimées";;;;;;;""
2019;10727;"04";"04197";"Sainte-Tulle";"2019-06-26 16:35:00";28;28;;;;;;;;;;"5";"Accidentelle";;;;;""
2019;9884;"11";"11203";"Lézignan-Corbières";"2019-06-26 17:38:00";500;;;;;;;;;;;;;;;;;""
2019;264;"46";"46063";"Castelnau Montratier-Sainte Alauzie";"2019-06-26 17:50:00";200;0;;200;;;200;0;0;0;"Estimées";;;;;;;""
2019;8102;"06";"06150";"La Turbie";"2019-06-26 20:10:00";200;;;;;;;;;;;"1";"Involontaire (particulier)";;;;;""
2019;266;"36";"36208";"Sainte-Sévère-sur-Indre";"2019-06-26 20:26:00";10000;10000;;0;;;0;0;0;0;"Estimées";;;;;;;""
2019;1888;"72";"72231";"Parigné-l'Évêque";"2019-06-27 13:29:00";1500;1500;;0;;;0;0;0;0;"Estimées";;;;;;;""
2019;8111;"13";"13048";"Jouques";"2019-06-27 15:23:00";1200;1200;;;;;;;;;;"1";"Accidentelle";;;;;""
2019;1922;"15";"15265";"Ydes";"2019-06-27 15:30:00";10000;0;;10000;;;10000;0;0;0;"Estimées";;;;;;;""
2019;2829;"33";"33336";"Préchac";"2019-06-27 15:41:00";30000;30000;;0;;;0;;;0;;;;;;;;""
2019;8493;"34";"34113";"Gigean";"2019-06-27 15:42:00";16366;;16366;;;;;;;;;"1";"Involontaire (particulier)";;;;;""
2019;8225;"07";"07063";"Cheminas";"2019-06-27 15:58:00";1500;1500;;;;;;;;;;"5";;;;;;""
2019;8226;"07";"07073";"Le Crestet";"2019-06-27 16:10:00";3000;3000;;;;;;;;;;"3";"Involontaire (travaux)";;;;;""
2019;1923;"15";"15168";"Ruynes-en-Margeride";"2019-06-27 17:30:00";20000;0;;20000;;;20000;0;0;0;"Estimées";;;;;;;""
2019;8112;"13";"13001";"Aix-en-Provence";"2019-06-27 17:34:00";7200;7200;;;;;;;;;;"1";;;;;;""
2019;8113;"13";"13046";"Gréasque";"2019-06-27 18:16:00";600;600;;;;;;;;;;"1";;;;;;""
2019;8230;"34";"34031";"Bessan";"2019-06-27 19:25:00";2609;;2609;;;;;;;;;"1";;;;;;""
2019;8136;"2A";"2A324";"Tavera";"2019-06-28 07:03:00";800;;800;;;;;;;;;;"Accidentelle";;;;;""
2019;1889;"72";"72231";"Parigné-l'Évêque";"2019-06-28 07:22:00";10;10;;0;;;0;0;0;0;"Estimées";;;;;;;""
2019;12139;"30";"30052";"Bréau-Mars";"2019-06-28 09:26:00";15995;10000;5995;;;;;;;;;"5";;;;;;""
2019;1890;"72";"72047";"Brette-les-Pins";"2019-06-28 13:14:00";2500;2500;;0;;;0;0;0;0;"Estimées";;;;;;;""
2019;12935;"66";"66141";"Pia";"2019-06-28 14:11:00";20000;;20000;;;;;;;;;"1";"Malveillance";;;;;""
2019;8149;"04";"04112";"Manosque";"2019-06-28 14:32:00";2400;500;1900;;;;;;;;;"5";"Accidentelle";;;;;""
2019;8215;"13";"13056";"Martigues";"2019-06-28 15:26:00";1000;1000;;;;;;;;;;"1";;;;;;""
2019;8424;"84";"84051";"Goult";"2019-06-28 17:04:00";18800;1900;16900;;;;;;;;;"5";"Accidentelle";;;;;""
2019;8887;"30";"30125";"Garons";"2019-06-28 17:24:00";1188332;898032;130000;;;;;;;160300;;"4";;;;;;""
2019;8847;"30";"30210";"Quissac";"2019-06-28 17:25:00";10000;10000;;;;;;;;;;"2";;;;;;""
2019;8771;"11";"11255";"Montredon-des-Corbières";"2019-06-28 17:35:00";42049;;;;;;;;;;;;;;;;;""
2019;8888;"30";"30210";"Quissac";"2019-06-28 17:46:00";100;;;;;;;;;;;;;;;;;""
2019;12940;"66";"66055";"Corbère";"2019-06-28 18:49:00";1000;1000;;;;;;;;;;"3";;;;;;""
2019;8199;"13";"13047";"Istres";"2019-06-28 18:58:00";1500;1500;;;;;;;;;;"1";"Accidentelle";;;;;""
2019;8835;"30";"30179";"Montfrin";"2019-06-28 19:42:00";723244;21644;8900;;;;;;;692700;;"2";;;;;;""
2019;1891;"72";"72154";"La Flèche";"2019-06-28 19:43:00";2000;2000;;0;;;0;0;0;0;"Estimées";;;;;;;""
2019;359;"17";"17074";"Bussac-Forêt";"2019-06-28 22:39:00";200;200;;0;;;0;0;0;0;"Mesurées";;"Accidentelle";;;;;""
2019;8503;"34";"34045";"Cabrières";"2019-06-29 00:21:00";5116;;5116;;;;;;;;;"1";"Involontaire (particulier)";;;;;""
2019;2828;"33";"33544";"Le Verdon-sur-Mer";"2019-06-29 05:27:00";15000;15000;;0;;;0;;;0;;;;;;;;""
2019;9244;"2A";"2A181";"Ocana";"2019-06-29 05:36:00";300;;300;;;;;;;;;"1";"Malveillance";;;;;""
2019;1892;"72";"72165";"Lombron";"2019-06-29 07:10:00";250;250;;0;;;0;0;0;0;"Estimées";;;;;;;""
2019;1893;"72";"72231";"Parigné-l'Évêque";"2019-06-29 07:45:00";10;10;;0;;;0;0;0;0;"Estimées";;;;;;;""
2019;11975;"2A";"2A247";"Porto-Vecchio";"2019-06-29 10:05:00";1;;1;;;;;;;;;"1";"Accidentelle";;;;;""
2019;3362;"47";"47196";"Nicole";"2019-06-29 10:20:00";30;30;;0;;;0;;;0;;;;;;;;""
2019;8388;"30";"30034";"Bellegarde";"2019-06-29 11:05:00";20000;;;;;;;;;;;;;;;;;""
2019;8265;"34";"34093";"Dio-et-Valquières";"2019-06-29 12:17:00";124100;;124100;;;;;;;;;"1";"Malveillance";;;;;""
2019;10180;"26";"26295";"Saint-Barthélemy-de-Vals";"2019-06-29 13:11:00";980;980;;;;;;;;0;;"2";;;;;;""
2019;1894;"72";"72299";"Saint-Mars-d'Outillé";"2019-06-29 13:31:00";1500;1500;;0;;;0;0;0;0;"Estimées";;;;;;;""
2019;8769;"11";"11041";"Bize-Minervois";"2019-06-29 15:20:00";1700;;;;;;;;;;;;;;;;;""
2019;8389;"30";"30291";"Saint-Paul-la-Coste";"2019-06-29 15:50:00";400;400;;;;;;;;;;"2";;;;;;""
2019;8204;"13";"13077";"Port-de-Bouc";"2019-06-29 20:17:00";5500;5500;;;;;;;;;;"1";"Malveillance";;;;;""
2019;8732;"34";"34103";"Fontès";"2019-06-29 22:17:00";1477;;;;;;;;;;;;"Malveillance";;;;;""
2019;8736;"34";"34103";"Fontès";"2019-06-29 22:36:00";46;;46;;;;;;;;;"1";"Malveillance";;;;;""
2019;8207;"13";"13077";"Port-de-Bouc";"2019-06-30 05:05:00";20;20;;;;;;;;;;"1";"Malveillance";;;;;""
2019;8228;"07";"07217";"Saint-Barthélemy-le-Plain";"2019-06-30 11:00:00";15000;15000;;;;;;;;;;"5";"Accidentelle";;;;;""
2019;14155;"11";"11041";"Bize-Minervois";"2019-06-30 18:13:00";300;;;;;;;;;;;;;;;;;""
2019;8153;"04";"04233";"Vaumeilh";"2019-06-30 18:59:00";20;;;;;;;;;;;;"Naturelle";;;;;""
2019;1928;"15";"15011";"Arnac";"2019-06-30 22:15:00";20000;0;;20000;;;20000;0;0;0;"Estimées";;;;;;;""
2019;12125;"2A";"2A139";"Lecci";"2019-07-01 12:28:00";5;;5;;;;;;;;;"1";"Accidentelle";;;;;""
2019;8247;"07";"07307";"Sanilhac";"2019-07-01 12:53:00";1700;1700;;;;;;;;;;"5";"Malveillance";;;;;""
2019;8255;"07";"07314";"Silhac";"2019-07-01 13:09:00";3000;3000;;;;;;;;;;"3";;;;;;""
2019;13116;"66";"66030";"Calce";"2019-07-01 14:25:00";3500;;3500;;;;;;;;;"1";"Malveillance";;;;;""
2019;1924;"72";"72299";"Saint-Mars-d'Outillé";"2019-07-01 14:52:00";200;200;;0;;;0;0;0;0;"Estimées";;;;;;;""
2019;9246;"2A";"2A006";"Alata";"2019-07-01 15:05:00";500;;500;;;;;;;;;"1";;;;;;""
2019;11976;"2A";"2A247";"Porto-Vecchio";"2019-07-01 17:52:00";200;;200;;;;;;;;;"1";;;;;;""
2019;8236;"07";"07268";"Saint-Martin-d'Ardèche";"2019-07-01 19:04:00";3000;;3000;;;;;;;;;"1";"Malveillance";;;;;""
2019;9248;"2A";"2A048";"Calcatoggio";"2019-07-01 19:56:00";10;;10;;;;;;;;;;;;;;;""
2019;8191;"06";"06033";"Carros";"2019-07-02 03:16:00";500;;;;;;;;;;;;;;;;;""
2019;8865;"83";"83003";"Ampus";"2019-07-02 11:16:00";380000;380000;;;;;;;;;;"4";"Naturelle";;;;;""
2019;3360;"47";"47205";"Pindères";"2019-07-02 14:15:00";20000;20000;;0;;;0;;;0;;;"Naturelle";;;;;""
2019;10151;"11";"11262";"Narbonne";"2019-07-02 15:09:00";50;;;;;;;;;;;;;;;;;""
2019;8398;"06";"06143";"Touët-sur-Var";"2019-07-02 15:17:00";20;;;;;;;;;;;;;;;;;""
2019;13123;"66";"66014";"Baixas";"2019-07-02 17:11:00";2500;;2500;;;;;;;;;"1";"Malveillance";;;;;""
2019;8427;"34";"34003";"Agde";"2019-07-02 18:27:00";43557;;43557;;;;;;;;;"1";"Malveillance";;;;;""
2019;8322;"13";"13106";"Septèmes-les-Vallons";"2019-07-02 18:40:00";200;200;;;;;;;;;;"1";"Involontaire (particulier)";;;;;""
2019;10181;"26";"26211";"Montségur-sur-Lauzon";"2019-07-03 06:19:00";1830;1830;;;;;;;;;;"5";"Malveillance";;;;;""
2019;8340;"2B";"2B311";"Santa-Maria-Poggio";"2019-07-03 08:00:00";30;;;;;;;;;;;;;;;;;""
2019;8341;"2B";"2B238";"Poggio-di-Venaco";"2019-07-03 13:40:00";500;;;;;;;;;;;;;;;;;""
2019;8336;"13";"13100";"Saint-Rémy-de-Provence";"2019-07-03 14:47:00";500;500;;;;;;;;;;"1";"Involontaire (particulier)";;;;;""
2019;1038;"37";"37170";"Neuvy-le-Roi";"2019-07-03 15:13:00";85000;0;;5000;;;5000;0;80000;80000;"Estimées";;;;;;;""
2019;8335;"13";"13056";"Martigues";"2019-07-03 16:08:00";6400;6400;;;;;;;;;;"1";"Involontaire (particulier)";;;;;""
2019;10182;"26";"26216";"La Motte-de-Galaure";"2019-07-03 16:23:00";400;400;;;;;;;;0;;;;;;;;""
2019;8450;"84";"84014";"Beaumont-de-Pertuis";"2019-07-03 16:51:00";4500;4300;;;;;;;;200;;"2";"Naturelle";;;;;""
2019;8741;"34";"34258";"Saint-Geniès-de-Fontedit";"2019-07-03 16:59:00";15038;;15038;;;;;;;;;"1";"Malveillance";;;;;""
2019;5902;"41";"41212";"Saint-Gervais-la-Forêt";"2019-07-03 16:59:00";30;0;;30;;;30;0;0;0;"Estimées";;;;;;;""
2019;10183;"26";"26318";"Saint-May";"2019-07-03 17:35:00";1130;;1130;;;;;;;0;;"1";;;;;;""
2019;8342;"2B";"2B190";"Olmi-Cappella";"2019-07-03 18:56:00";20;;;;;;;;;;;;;;;;;""
2019;8348;"83";"83046";"Cotignac";"2019-07-03 19:13:00";50;50;;;;;;;;;;"2";"Involontaire (travaux)";;;;;""
2019;8404;"04";"04166";"Riez";"2019-07-03 19:44:00";20;;;;;;;;;;;;"Naturelle";;;;;""
2019;3902;"86";"86197";"Pouant";"2019-07-03 19:44:00";10350;350;;0;;;0;10000;0;10000;"Estimées";;;;;;;""
2019;9251;"2A";"2A181";"Ocana";"2019-07-03 23:12:00";1100;;1100;;;;;;;;;"1";"Malveillance";;;;;""
2019;8740;"34";"34258";"Saint-Geniès-de-Fontedit";"2019-07-04 08:58:00";5;;;;;;;;;;;;"Involontaire (travaux)";;;;;""
2019;304;"39";"39072";"Bracon";"2019-07-04 11:29:00";8000;8000;;0;;;0;0;0;0;"Estimées";;"Involontaire (travaux)";;;;;""
2019;8413;"2B";"2B190";"Olmi-Cappella";"2019-07-04 15:06:00";200;;;;;;;;;;;;;;;;;""
2019;5907;"41";"41275";"La Ville-aux-Clercs";"2019-07-04 15:07:00";190000;70000;;0;;;0;0;120000;120000;"Estimées";;"Involontaire (travaux)";;;;;""
2019;13282;"84";"84107";"Saint-Christol";"2019-07-04 15:07:00";31600;11800;8900;;;;;;;10900;;"4";"Involontaire (travaux)";;;;;""
2019;8349;"13";"13095";"Saint-Marc-Jaumegarde";"2019-07-04 15:21:00";250;250;;;;;;;;;;"1";"Naturelle";;;;;""
2019;9442;"34";"34276";"Saint-Mathieu-de-Tréviers";"2019-07-04 15:40:00";414;;414;;;;;;;;;"1";"Involontaire (particulier)";;;;;""
2019;10439;"48";"48155";"Saint-Germain-de-Calberte";"2019-07-04 15:51:00";520;520;;;;;;;;;;"4";"Naturelle";;;;;""
2019;8399;"06";"06077";"Lucéram";"2019-07-04 16:10:00";4900;4900;;;;;;;;;;"4";"Naturelle";;;;;""
2019;8354;"83";"83116";"Saint-Maximin-la-Sainte-Baume";"2019-07-04 16:37:00";3000;3000;;;;;;;;;;"5";"Naturelle";;;;;""
2019;301;"46";"46251";"Saint-Céré";"2019-07-04 17:27:00";100;0;;100;;;100;0;0;0;"Estimées";;;;;;;""
2019;3164;"40";"40150";"Léon";"2019-07-04 18:01:00";10000;10000;;0;;;0;;;0;;;;;;;;""
2019;3351;"47";"47001";"Agen";"2019-07-04 19:59:00";300;300;;0;;;0;;;0;;;;;;;;""
2019;8411;"04";"04004";"Allemagne-en-Provence";"2019-07-04 20:20:00";2;;;;;;;;;;;;"Naturelle";;;;;""
2019;1925;"72";"72051";"Cérans-Foulletourte";"2019-07-04 23:12:00";20;20;;0;;;0;0;0;0;"Estimées";;;;;;;""
2019;8768;"11";"11069";"Carcassonne";"2019-07-04 23:42:00";300;;;;;;;;;;;;;;;;;""
2019;1926;"72";"72058";"Changé";"2019-07-05 01:09:00";10;10;;0;;;0;0;0;0;"Estimées";;;;;;;""
2019;8403;"06";"06020";"La Bollène-Vésubie";"2019-07-05 10:21:00";3;;;;;;;;;;;;"Naturelle";;;;;""
2019;13134;"66";"66205";"Tautavel";"2019-07-05 14:22:00";80000;;80000;;;;;;;;;"1";"Malveillance";;;;;""
2019;8414;"2B";"2B009";"Aléria";"2019-07-05 14:50:00";40000;;;;;;;;;;;;;;;;;""
2019;8989;"83";"83082";"Montferrat";"2019-07-05 15:18:00";50000;50000;;;;;;;;;;"3";"Involontaire (travaux)";;;;;""
2019;3817;"18";"18015";"Aubigny-sur-Nère";"2019-07-05 15:34:00";350000;50000;;0;;;0;0;300000;300000;"Estimées";;;;;;;""
2019;305;"39";"39534";"La Tour-du-Meix";"2019-07-05 16:03:00";40000;40000;;0;;;0;0;0;0;"Estimées";;;;;;;""
2019;13137;"66";"66019";"Bélesta";"2019-07-05 16:08:00";40000;;40000;;;;;;;;;"1";"Malveillance";;;;;""
2019;287;"81";"81067";"Cestayrols";"2019-07-05 16:47:00";20000;0;;10000;;;10000;10000;0;10000;"Estimées";;"Involontaire (travaux)";;;;;""
2019;8719;"48";"48028";"Les Bondons";"2019-07-05 17:03:00";54300;;54300;;;;;;;;;"1";;;;;;""
2019;10440;"48";"48155";"Saint-Germain-de-Calberte";"2019-07-05 17:03:00";100;100;;;;;;;;;;"4";"Naturelle";;;;;""
2019;3350;"47";"47205";"Pindères";"2019-07-05 17:17:00";10;10;;0;;;0;;;0;;;"Involontaire (travaux)";;;;;""
2019;8512;"83";"83067";"Gonfaron";"2019-07-05 17:19:00";8000;3000;;;;;;;;5000;;"4";"Involontaire (particulier)";;;;;""
2019;1931;"15";"15043";"Charmensac";"2019-07-05 20:00:00";10000;0;;10000;;;10000;0;0;0;"Estimées";;;;;;;""
2019;3163;"40";"40155";"Linxe";"2019-07-05 20:49:00";800;800;;0;;;0;;;0;;;;;;;;""
2019;9156;"06";"06132";"Saorge";"2019-07-05 21:58:00";1100000;80000;900000;;;;;;;120000;;"1";"Naturelle";;;;;""
2019;10187;"26";"26324";"Saint-Paul-Trois-Châteaux";"2019-07-06 01:22:00";10000;10000;;;;;;;;0;;"1";"Malveillance";;;;;""
2019;10188;"26";"26211";"Montségur-sur-Lauzon";"2019-07-06 03:39:00";1000;1000;;;;;;;;0;;"1";"Malveillance";;;;;""
2019;8720;"48";"48098";"Molezon";"2019-07-06 12:41:00";190;;190;;;;;;;;;"6";;;;;;""
2019;8416;"2B";"2B156";"Mausoléo";"2019-07-06 13:16:00";5000;;;;;;;;;;;;;;;;;""
2019;8505;"83";"83019";"Bormes-les-Mimosas";"2019-07-06 13:39:00";7000;7000;;;;;;;;;;"3";"Involontaire (particulier)";;;;;""
2019;2821;"33";"33104";"Castelnau-de-Médoc";"2019-07-06 13:54:00";1500;1500;;0;;;0;;;0;;;"Naturelle";;;;;""
2019;292;"81";"81203";"Paulinet";"2019-07-06 14:14:00";20000;0;;20000;;;20000;0;0;0;"Estimées";;"Involontaire (travaux)";;;;;""
2019;8872;"07";"07193";"Rocher";"2019-07-06 14:34:00";7000;;7000;;;;;;;;;"5";"Involontaire (particulier)";;;;;""
2019;13240;"66";"66233";"Vivès";"2019-07-06 14:51:00";3500;3500;;;;;;;;;;"3";"Malveillance";;;;;""
2019;1934;"15";"15248";"Valuéjols";"2019-07-06 15:00:00";10000;0;;10000;;;10000;0;0;0;"Estimées";;;;;;;""
2019;821;"88";"88470";"Le Tholy";"2019-07-06 15:02:00";30;30;;0;;;0;0;0;0;"Estimées";;;;;;;""
2019;2820;"33";"33122";"Cestas";"2019-07-06 17:31:00";5000;5000;;0;;;0;;;0;;;"Naturelle";;;;;""
2019;10726;"04";"04208";"Simiane-la-Rotonde";"2019-07-06 18:12:00";1000;1000;;;;;;;;;;"3";"Involontaire (particulier)";;;;;""
2019;2819;"33";"33199";"Gujan-Mestras";"2019-07-06 18:13:00";800;800;;0;;;0;;;0;;;;;;;;""
2019;3162;"40";"40284";"Saint-Vincent-de-Tyrosse";"2019-07-06 22:22:00";10;10;;0;;;0;;;0;;;;;;;;""
2019;1927;"72";"72042";"Bouloire";"2019-07-06 23:20:00";20;20;;0;;;0;0;0;0;"Estimées";;;;;;;""
2019;5925;"41";"41031";"Cellettes";"2019-07-06 23:23:00";300;0;;300;;;300;0;0;0;"Estimées";;;;;;;""
2019;8400;"06";"06015";"Berre-les-Alpes";"2019-07-07 09:00:00";20;;;;;;;;;;;"1";"Naturelle";;;;;""
2019;8875;"07";"07018";"Astet";"2019-07-07 12:32:00";5700;0;5700;;;;;;;;;"1";"Accidentelle";;;;;""
2019;322;"36";"36153";"Paulnay";"2019-07-07 13:14:00";300;300;;0;;;0;0;0;0;"Estimées";;;;;;;""
2019;8471;"13";"13087";"Rousset";"2019-07-07 13:18:00";100;100;;;;;;;;;;"1";"Accidentelle";;;;;""
2019;8767;"11";"11106";"Coursan";"2019-07-07 14:42:00";6003;;;;;;;;;;;;;;;;;""
2019;8491;"84";"84091";"Piolenc";"2019-07-07 15:26:00";500;500;;;;;;;;;;"2";;;;;;""
2019;8766;"11";"11292";"La Pomarède";"2019-07-07 16:45:00";59275;;;;;;;;;;;;;;;;;""
2019;8469;"13";"13081";"Rognac";"2019-07-07 17:59:00";20000;20000;;;;;;;;;;"1";;;;;;""
2019;8765;"11";"11262";"Narbonne";"2019-07-07 18:57:00";6000;;;;;;;;;;;;;;;;;""
2019;302;"46";"46118";"Gignac";"2019-07-07 19:03:00";100;0;;100;;;100;0;0;0;"Estimées";;"Accidentelle";;;;;""
2019;1679;"79";"79153";"Loubigné";"2019-07-07 19:16:00";200000;0;;50000;;;50000;150000;0;150000;"Estimées";;"Involontaire (travaux)";;;;;""
2019;8939;"04";"04004";"Allemagne-en-Provence";"2019-07-08 04:00:00";10;;;;;;;;;;;;"Accidentelle";;;;;""
2019;8560;"06";"06058";"Escragnolles";"2019-07-08 10:46:00";500;;;;;;;;;;;"1";"Malveillance";;;;;""
2019;2152;"64";"64198";"Denguin";"2019-07-08 11:21:00";300;0;;300;;;300;;;0;;;"Involontaire (particulier)";;;;;""
2019;8570;"2B";"2B050";"Calvi";"2019-07-08 11:50:00";150000;10000;140000;;;;;;;;;"1";"Involontaire (particulier)";;;;;""
2019;8571;"2B";"2B199";"Palasca";"2019-07-08 12:23:00";2000;;;;;;;;;;;;;;;;;""
2019;308;"49";"49018";"Baugé-en-Anjou";"2019-07-08 14:00:00";20000;20000;;0;;;0;0;0;0;"Estimées";;;;;;;""
2019;10190;"26";"26040";"Beaurières";"2019-07-08 14:55:00";920;920;;;;;;;;0;;"5";"Accidentelle";;;;;""
2019;8730;"83";"83072";"Lorgues";"2019-07-08 15:10:00";100;100;;;;;;;;;;"4";"Naturelle";;;;;""
2019;3161;"40";"40295";"Saugnacq-et-Muret";"2019-07-08 15:22:00";26000;6000;;0;;;0;;;20000;;;;;;;;""
2019;10191;"26";"26010";"Anneyron";"2019-07-08 16:55:00";29300;2000;;;;;;;;27300;;"3";"Involontaire (particulier)";;;;;""
2019;8876;"07";"07209";"Saint-Andéol-de-Fourchades";"2019-07-08 17:08:00";10000;;10000;;;;;;;;;"1";"Naturelle";;;;;""
2019;13253;"66";"66008";"Argelès-sur-Mer";"2019-07-08 17:17:00";20000;;20000;;;;;;;;;"1";"Malveillance";;;;;""
2019;8877;"07";"07307";"Sanilhac";"2019-07-08 18:05:00";1000;1000;;;;;;;;;;"5";;;;;;""
2019;8721;"06";"06153";"Valdeblore";"2019-07-08 18:44:00";500;;;;;;;;;;;;;;;;;""
2019;3154;"40";"40326";"Vielle-Saint-Girons";"2019-07-08 21:50:00";20000;20000;;0;;;0;;;0;;;;;;;;""
2019;8731;"83";"83002";"Aiguines";"2019-07-09 03:51:00";150;150;;;;;;;;;;"3";"Accidentelle";;;;;""
2019;2814;"33";"33449";"Saint-Médard-en-Jalles";"2019-07-09 08:23:00";200;200;;0;;;0;;;0;;;;;;;;""
2019;8733;"83";"83084";"Montmeyan";"2019-07-09 08:37:00";15;15;;;;;;;;;;"5";"Accidentelle";;;;;""
2019;3153;"40";"40046";"Biscarrosse";"2019-07-09 09:53:00";3000;3000;;0;;;0;;;0;;;"Naturelle";;;;;""
2019;8739;"34";"34258";"Saint-Geniès-de-Fontedit";"2019-07-09 13:36:00";10;;;;;;;;;;;;"Involontaire (travaux)";;;;;""
2019;439;"39";"39056";"Bletterans";"2019-07-09 15:02:00";200;200;;0;;;0;0;0;0;"Estimées";;;;;;;""
2019;1929;"72";"72195";"Mézeray";"2019-07-09 15:19:00";2000;2000;;0;;;0;0;0;0;"Estimées";;;;;;;""
2019;3912;"86";"86197";"Pouant";"2019-07-09 16:59:00";20500;200;;300;;;300;0;20000;20000;"Estimées";;;;;;;""
2019;8752;"2B";"2B341";"Venaco";"2019-07-10 00:38:00";10;;;;;;;;;;;;"Accidentelle";;;;;""
2019;10192;"26";"26211";"Montségur-sur-Lauzon";"2019-07-10 04:16:00";1130;780;110;;;;;;;240;;"4";"Malveillance";;;;;""
2019;1930;"72";"72160";"Lavernat";"2019-07-10 10:10:00";1000;1000;;0;;;0;0;0;0;"Estimées";;;;;;;""
2019;8852;"2B";"2B009";"Aléria";"2019-07-10 11:04:00";20;;;;;;;;;;;;;;;;;""
2019;3914;"86";"86086";"Coussay-les-Bois";"2019-07-10 11:21:00";410000;10000;;0;;;0;350000;50000;400000;"Estimées";;;;;;;""
2019;9085;"06";"06151";"Utelle";"2019-07-10 13:20:00";150;;;;;;;;;;;"1";"Naturelle";;;;;""
2019;2809;"33";"33449";"Saint-Médard-en-Jalles";"2019-07-10 14:23:00";100;100;;0;;;0;;;0;;;;;;;;""
2019;8882;"07";"07346";"Viviers";"2019-07-10 14:43:00";5000;;5000;;;;;;;0;;"3";"Involontaire (travaux)";;;;;""
2019;2808;"33";"33122";"Cestas";"2019-07-10 15:14:00";3000;3000;;0;;;0;;;0;;;"Naturelle";;;;;""
2019;2551;"24";"24091";"Cénac-et-Saint-Julien";"2019-07-10 15:39:00";10000;10000;;0;;;0;;;0;;;;;;;;""
2019;8857;"30";"30172";"Monoblet";"2019-07-10 16:04:00";638;;;;;;;;;;;;;;;;;""
2019;3917;"86";"86134";"Linazay";"2019-07-10 16:35:00";30070;70;;0;;;0;0;30000;30000;"Estimées";;;;;;;""
2019;13262;"66";"66065";"Elne";"2019-07-10 18:23:00";15000;10000;5000;;;;;;;;;"3";;;;;;""
2019;8861;"13";"13117";"Vitrolles";"2019-07-10 18:25:00";20000;20000;;;;;;;;;;"1";"Accidentelle";;;;;""
2019;8862;"13";"13117";"Vitrolles";"2019-07-10 18:26:00";80000;80000;;;;;;;;;;"1";"Accidentelle";;;;;""
2019;8863;"13";"13117";"Vitrolles";"2019-07-10 18:30:00";50000;50000;;;;;;;;;;"1";"Accidentelle";;;;;""
2019;8864;"13";"13117";"Vitrolles";"2019-07-10 18:30:00";2300;2300;;;;;;;;;;"1";"Accidentelle";;;;;""
2019;9042;"48";"48130";"Rousses";"2019-07-10 18:33:00";16900;;16900;;;;;;;;;"1";"Naturelle";;;;;""
2019;13266;"66";"66164";"Rivesaltes";"2019-07-10 20:17:00";20000;20000;;;;;;;;;;"4";;;;;;""
2019;8860;"30";"30330";"Tornac";"2019-07-10 20:50:00";645;;;;;;;;;;;;;;;;;""
2019;1605;"45";"45279";"Saint-Germain-des-Prés";"2019-07-11 01:26:00";2000;0;;2000;;;2000;0;0;0;"Estimées";;;;;;;""
2019;5950;"41";"41194";"Romorantin-Lanthenay";"2019-07-11 12:43:00";30000;0;;30000;;;30000;0;0;0;"Estimées";;;;;;;""
2019;1932;"72";"72213";"Mulsanne";"2019-07-11 14:09:00";500;500;;0;;;0;0;0;0;"Estimées";;;;;;;""
2019;3151;"40";"40332";"Ychoux";"2019-07-11 14:31:00";1538800;1487700;;0;;;0;;;51100;;;;;;;;""
2019;2549;"24";"24251";"Manzac-sur-Vern";"2019-07-11 15:32:00";3500;3500;;0;;;0;;;0;;;;;;;;""
2019;2548;"24";"24172";"Les Eyzies";"2019-07-11 16:12:00";100;100;;0;;;0;;;0;;;;;;;;""
2019;8984;"13";"13041";"Gardanne";"2019-07-11 16:28:00";800;800;;;;;;;;;;"1";"Accidentelle";;;;;""
2019;5951;"41";"41097";"Gièvres";"2019-07-11 17:36:00";3000;0;;3000;;;3000;0;0;0;"Estimées";;;;;;;""
2019;846;"88";"88270";"Liffol-le-Grand";"2019-07-11 18:14:00";50;50;;0;;;0;0;0;0;"Estimées";;;;;;;""
2019;3922;"86";"86009";"Archigny";"2019-07-11 19:03:00";20400;0;;400;;;400;0;20000;20000;"Estimées";;;;;;;""
2019;8976;"2B";"2B058";"Canari";"2019-07-11 19:19:00";1500;;;;;;;;;;;;"Malveillance";;;;;""
2019;9883;"11";"11233";"Mirepeisset";"2019-07-12 10:48:00";24117;;;;;;;;;;;;;;;;;""
2019;8971;"83";"83120";"Saint-Zacharie";"2019-07-12 10:57:00";300;0;300;;;;;;;;;"2";"Involontaire (travaux)";;;;;""
2019;8944;"30";"30275";"Saint-Just-et-Vacquières";"2019-07-12 11:06:00";6000;;;;;;;;;;;;;;;;;""
2019;344;"23";"23173";"Soubrebost";"2019-07-12 11:42:00";10000;10000;;0;;;0;0;0;0;"Estimées";;;;;;;""
2019;384;"46";"46122";"Gintrac";"2019-07-12 13:02:00";5000;0;;5000;;;5000;0;0;0;"Estimées";;;;;;;""
2019;5952;"41";"41160";"Neuvy";"2019-07-12 13:20:00";300;0;;300;;;300;0;0;0;"Estimées";;;;;;;""
2019;1312;"12";"12090";"Druelle Balsac";"2019-07-12 15:52:00";90000;0;;20000;;;20000;0;70000;70000;"Estimées";;"Involontaire (travaux)";;;;;""
2019;8985;"13";"13099";"Saint-Paul-lès-Durance";"2019-07-12 17:59:00";800;800;;;;;;;;;;"1";;;;;;""
2019;9161;"07";"07129";"Lamastre";"2019-07-12 18:41:00";80;80;;;;;;;;;;"4";"Naturelle";;;;;""
2019;385;"46";"46062";"Castelfranc";"2019-07-13 01:42:00";100;0;;100;;;100;0;0;0;"Estimées";;;;;;;""
2019;9882;"11";"11262";"Narbonne";"2019-07-13 08:36:00";7400;;;;;;;;;;;;;;;;;""
2019;9043;"48";"48155";"Saint-Germain-de-Calberte";"2019-07-13 12:03:00";1000;1000;;;;;;;;;;"1";"Involontaire (travaux)";;;;;""
2019;10171;"07";"07131";"Lanas";"2019-07-13 13:07:00";1934700;;1934700;;;;;;;;;"1";;;;;;""
2019;8987;"13";"13071";"Les Pennes-Mirabeau";"2019-07-13 14:05:00";200;200;;;;;;;;;;"1";;;;;;""
2019;8988;"13";"13028";"La Ciotat";"2019-07-13 14:40:00";1200;1200;;;;;;;;;;"1";"Involontaire (particulier)";;;;;""
2019;3925;"86";"86070";"Chauvigny";"2019-07-13 14:55:00";60000;30000;;0;;;0;30000;0;30000;"Estimées";;;;;;;""
2019;945;"87";"87089";"Magnac-Laval";"2019-07-13 15:10:00";3000;3000;;0;;;0;0;0;0;"Estimées";;;;;;;""
2019;9086;"06";"06144";"La Tour";"2019-07-13 15:47:00";300;;;;;;;;;;;"5";"Naturelle";;;;;""
2019;5958;"41";"41249";"Souesmes";"2019-07-13 16:01:00";5000;0;;5000;;;5000;0;0;0;"Estimées";;;;;;;""
2019;8990;"13";"13087";"Rousset";"2019-07-13 16:05:00";2000;2000;;;;;;;;;;"1";"Involontaire (travaux)";;;;;""
2019;9069;"04";"04045";"Céreste";"2019-07-13 16:08:00";79700;700;79000;;;;;;;;;"5";"Malveillance";;;;;""
2019;3928;"86";"86248";"Saint-Secondin";"2019-07-13 16:12:00";20000;0;;20000;;;20000;0;0;0;"Estimées";;;;;;;""
2019;13434;"66";"66182";"Sainte-Marie-la-Mer";"2019-07-13 16:29:00";15000;;15000;;;;;;;;;"1";"Malveillance";;;;;""
2019;387;"46";"46296";"Saint-Vincent-Rive-d'Olt";"2019-07-13 18:53:00";25000;0;;25000;;;25000;0;0;0;"Estimées";;;;;;;""
2019;976;"37";"37013";"Avrillé-les-Ponceaux";"2019-07-13 19:26:00";100000;50000;;0;;;0;0;50000;50000;"Estimées";;;;;;;""
2019;8986;"13";"13070";"La Penne-sur-Huveaune";"2019-07-13 19:59:00";1000;1000;;;;;;;;;;"1";"Malveillance";;;;;""
2019;388;"46";"46018";"Le Bastit";"2019-07-13 20:45:00";500;0;;500;;;500;0;0;0;"Estimées";;;;;;;""
2019;13440;"66";"66212";"Torreilles";"2019-07-13 22:10:00";25000;20000;5000;;;;;;;;;"4";"Malveillance";;;;;""
2019;3725;"38";"38320";"Porcieu-Amblagnieu";"2019-07-13 22:22:00";8000;0;;8000;;;8000;0;0;0;"Estimées";;;;;;;""
2019;1933;"72";"72051";"Cérans-Foulletourte";"2019-07-13 22:26:00";200;200;;0;;;0;0;0;0;"Estimées";;;;;;;""
2019;9165;"07";"07215";"Saint-Barthélemy-le-Meil";"2019-07-13 22:52:00";2000;1000;1000;;;;;;;;;"1";"Involontaire (particulier)";;;;;""
2019;342;"81";"81276";"Salvagnac";"2019-07-13 23:04:00";500;0;;500;;;500;0;0;0;"Estimées";;;;;;;""
2019;5959;"41";"41059";"Le Controis-en-Sologne";"2019-07-13 23:28:00";30;0;;30;;;30;0;0;0;"Estimées";;"Involontaire (particulier)";;;;;""
2019;10798;"04";"04057";"Clamensane";"2019-07-13 23:38:00";10;;;;;;;;;;;;"Involontaire (particulier)";;;;;""
2019;5960;"41";"41044";"Châtres-sur-Cher";"2019-07-13 23:42:00";50;0;;50;;;50;0;0;0;"Estimées";;;;;;;""
2019;13442;"66";"66212";"Torreilles";"2019-07-14 00:10:00";22000;;22000;;;;;;;;;"1";"Malveillance";;;;;""
2019;5961;"41";"41249";"Souesmes";"2019-07-14 00:34:00";1000;0;;1000;;;1000;0;0;0;"Estimées";;;;;;;""
2019;13443;"66";"66212";"Torreilles";"2019-07-14 00:36:00";15000;;15000;;;;;;;;;"1";"Malveillance";;;;;""
2019;1935;"72";"72293";"Saint-Jean-du-Bois";"2019-07-14 00:52:00";2300;2300;;0;;;0;0;0;0;"Estimées";;;;;;;""
2019;13444;"66";"66212";"Torreilles";"2019-07-14 01:11:00";15000;;15000;;;;;;;;;"1";"Malveillance";;;;;""
2019;12140;"30";"30073";"Castillon-du-Gard";"2019-07-14 03:09:00";6707;;;;;;;;;;;;;;;;;""
2019;389;"46";"46197";"Le Montat";"2019-07-14 03:51:00";100;0;;100;;;100;0;0;0;"Estimées";;;;;;;""
2019;368;"35";"35168";"Val d'Anast";"2019-07-14 10:15:00";20000;0;;20000;;;20000;0;0;0;"Estimées";;;;;;;""
2019;5963;"41";"41046";"Chaumont-sur-Tharonne";"2019-07-14 11:13:00";100;0;;100;;;100;0;0;0;"Estimées";;;;;;;""
2019;9076;"04";"04209";"Sisteron";"2019-07-14 11:26:00";210;210;;;;;;;;;;"5";"Involontaire (particulier)";;;;;""
2019;578;"21";"21591";"Savigny-le-Sec";"2019-07-14 14:16:00";35687;5687;;10000;;;10000;0;20000;20000;"Mesurées";;;;;;;""
2019;1445;"45";"45275";"Saint-Firmin-des-Bois";"2019-07-14 15:09:00";100000;0;;100000;;;100000;0;0;0;"Estimées";;;;;;;""
2019;3329;"47";"47186";"Montesquieu";"2019-07-14 15:52:00";50000;50000;;0;;;0;;;0;;;"Malveillance";;;;;""
2019;8975;"83";"83019";"Bormes-les-Mimosas";"2019-07-14 16:01:00";100;100;;;;;;;;;;"3";"Involontaire (particulier)";;;;;""
2019;8992;"13";"13047";"Istres";"2019-07-14 17:16:00";500;500;;;;;;;;;;"1";;;;;;""
2019;3148;"40";"40134";"Labouheyre";"2019-07-14 17:17:00";1000;1000;;0;;;0;;;0;;;;;;;;""
2019;13349;"34";"34014";"Assas";"2019-07-14 17:22:00";5858;;5858;;;;;;;;;"1";"Involontaire (travaux)";;;;;""
2019;8993;"13";"13021";"Carry-le-Rouet";"2019-07-14 17:34:00";300;300;;;;;;;;;;"1";;;;;;""
2019;3147;"40";"40163";"Lüe";"2019-07-14 17:46:00";61620;61620;;0;;;0;;;0;;;;;;;;""
2019;9010;"34";"34084";"Corneilhan";"2019-07-14 18:23:00";27195;;27195;;;;;;;;;"1";"Accidentelle";;;;;""
2019;9079;"04";"04077";"Entrevennes";"2019-07-14 18:32:00";212;190;22;;;;;;;;;"4";"Involontaire (particulier)";;;;;""
2019;9012;"34";"34225";"Puisserguier";"2019-07-14 19:44:00";27197;;;;;;;;;;;"1";"Malveillance";;;;;""
2019;8994;"13";"13098";"Saint-Mitre-les-Remparts";"2019-07-14 19:46:00";70;70;;;;;;;;;;"1";;;;;;""
2019;360;"17";"17038";"Bedenac";"2019-07-14 20:30:00";3600;3600;;0;;;0;0;0;0;"Mesurées";;;;;;;""
2019;2795;"33";"33422";"Saint-Jean-d'Illac";"2019-07-14 20:58:00";20000;20000;;0;;;0;;;0;;;"Accidentelle";;;;;""
2019;8995;"13";"13070";"La Penne-sur-Huveaune";"2019-07-14 21:06:00";500;500;;;;;;;;;;"1";;;;;;""
2019;13351;"34";"34103";"Fontès";"2019-07-14 21:17:00";6848;6848;;;;;;;;;;"2";"Malveillance";;;;;""
2019;8996;"13";"13032";"Éguilles";"2019-07-14 22:48:00";100;100;;;;;;;;;;"1";"Involontaire (particulier)";;;;;""
2019;9648;"13";"13055";"Marseille";"2019-07-14 23:00:00";5000;;5000;;;;;;;;;"1";"Accidentelle";;;;;""
2019;13456;"66";"66145";"Ponteilla";"2019-07-15 01:03:00";50000;;50000;;;;;;;;;"1";"Malveillance";;;;;""
2019;9080;"13";"13114";"Ventabren";"2019-07-15 01:26:00";1000;1000;;;;;;;;;;"1";"Malveillance";;;;;""
2019;9649;"13";"13055";"Marseille";"2019-07-15 01:28:00";5000;;5000;;;;;;;;;"1";"Malveillance";;;;;""
2019;3326;"47";"47323";"Villeneuve-sur-Lot";"2019-07-15 02:17:00";12;12;;0;;;0;;;0;;;;;;;;""
2019;13462;"66";"66069";"Espira-de-l'Agly";"2019-07-15 05:28:00";30000;20000;10000;;;;;;;;;"4";"Malveillance";;;;;""
2019;9081;"13";"13114";"Ventabren";"2019-07-15 06:25:00";500;500;;;;;;;;;;"1";"Malveillance";;;;;""
2019;5967;"41";"41149";"Montoire-sur-le-Loir";"2019-07-15 09:15:00";30;0;;30;;;30;0;0;0;"Estimées";;"Involontaire (particulier)";;;;;""
2019;5968;"41";"41249";"Souesmes";"2019-07-15 09:16:00";20000;0;;20000;;;20000;0;0;0;"Estimées";;;;;;;""
2019;9046;"83";"83139";"Tourtour";"2019-07-15 09:33:00";2;2;;;;;;;;;;"4";"Involontaire (particulier)";;;;;""
2019;9013;"34";"34130";"Laurens";"2019-07-15 10:15:00";32556;;;;;;;;;;;"2";"Malveillance";;;;;""
2019;9044;"11";"11132";"Fabrezan";"2019-07-15 10:15:00";2092686;;;;;;;;;;;;;;;;;""
2019;13464;"66";"66141";"Pia";"2019-07-15 10:28:00";15000;10000;5000;;;;;;;;;"4";;;;;;""
2019;13465;"66";"66213";"Toulouges";"2019-07-15 10:35:00";50000;;50000;;;;;;;;;"1";;;;;;""
2019;3933;"86";"86268";"Tercé";"2019-07-15 11:48:00";81500;0;;1500;;;1500;80000;0;80000;"Estimées";;;;;;;""
2019;9170;"07";"07024";"Banne";"2019-07-15 11:58:00";20000;20000;;;;;;;;;;"5";;;;;;""
2019;9881;"11";"11255";"Montredon-des-Corbières";"2019-07-15 13:10:00";400;;;;;;;;;;;;;;;;;""
2019;10034;"2A";"2A276";"Serra-di-Ferro";"2019-07-15 13:12:00";22;;22;;;;;;;;;"1";"Naturelle";;;;;""
2019;13469;"66";"66008";"Argelès-sur-Mer";"2019-07-15 13:27:00";300000;;300000;;;;;;;;;"1";"Malveillance";;;;;""
2019;13471;"66";"66227";"Villeneuve-de-la-Raho";"2019-07-15 13:55:00";365000;;365000;;;;;;;;;"1";"Malveillance";;;;;""
2019;13475;"66";"66174";"Saint-Féliu-d'Avall";"2019-07-15 14:30:00";15000;;15000;;;;;;;;;"1";"Malveillance";;;;;""
2019;9686;"34";"34110";"Galargues";"2019-07-15 14:45:00";1679300;100000;370000;;;;;;;1209300;;"4";"Involontaire (particulier)";;;;;""
2019;13352;"34";"34210";"Le Pouget";"2019-07-15 15:16:00";14871;;14871;;;;;;;;;"1";"Accidentelle";;;;;""
2019;13476;"66";"66069";"Espira-de-l'Agly";"2019-07-15 15:23:00";35000;30000;5000;;;;;;;;;"4";"Malveillance";;;;;""
2019;3993;"86";"86020";"Bellefonds";"2019-07-15 15:27:00";2500;1500;;0;;;0;1000;0;1000;"Estimées";;;;;;;""
2019;2791;"33";"33449";"Saint-Médard-en-Jalles";"2019-07-15 15:52:00";1000;1000;;0;;;0;;;0;;;;;;;;""
2019;9083;"13";"13015";"Bouc-Bel-Air";"2019-07-15 15:57:00";1000;1000;;;;;;;;;;"1";"Accidentelle";;;;;""
2019;415;"23";"23173";"Soubrebost";"2019-07-15 16:24:00";10000;10000;;0;;;0;0;0;0;"Estimées";;"Involontaire (travaux)";;;;;""
2019;1936;"72";"72051";"Cérans-Foulletourte";"2019-07-15 16:28:00";4000;4000;;0;;;0;0;0;0;"Estimées";;;;;;;""
2019;9072;"13";"13063";"Miramas";"2019-07-15 17:40:00";300;300;;;;;;;;;;"1";;;;;;""
2019;3462;"82";"82178";"Savenès";"2019-07-15 18:28:00";120150;150;;0;;;0;120000;0;120000;"Estimées";;;;;;;""
2019;2545;"24";"24466";"Saint-Michel-de-Montaigne";"2019-07-15 19:05:00";1500;1500;;0;;;0;;;0;;;;;;;;""
2019;9142;"34";"34341";"Villeveyrac";"2019-07-15 19:50:00";55253;;55253;;;;;;;;;"1";"Malveillance";;;;;""
2019;10036;"2A";"2A108";"Évisa";"2019-07-15 21:42:00";15;;15;;;;;;;;;"1";"Naturelle";;;;;""
2019;14200;"34";"34010";"Aniane";"2019-07-15 22:26:00";622;;622;;;;;;;;;"1";;;;;;""
2019;9880;"11";"11325";"Rouffiac-d'Aude";"2019-07-15 22:46:00";5000;;;;;;;;;;;;;;;;;""
2019;10152;"11";"11202";"Leucate";"2019-07-15 23:12:00";1000;;;;;;;;;;;;;;;;;""
2019;391;"46";"46094";"Espédaillac";"2019-07-15 23:26:00";500;0;;500;;;500;0;0;0;"Estimées";;;;;;;""
2019;3146;"40";"40094";"Escource";"2019-07-16 07:47:00";100;100;;0;;;0;;;0;;;;;;;;""
2019;9136;"11";"11397";"Trèbes";"2019-07-16 11:27:00";695980;;;;;;;;;;;;;;;;;""
2019;3934;"86";"86207";"La Roche-Posay";"2019-07-16 11:54:00";10000;0;;10000;;;10000;0;0;0;"Estimées";;;;;;;""
2019;9114;"13";"13114";"Ventabren";"2019-07-16 11:55:00";3000;3000;;;;;;;;;;"1";"Malveillance";;;;;""
2019;5977;"41";"41249";"Souesmes";"2019-07-16 12:51:00";5000;5000;;0;;;0;0;0;0;"Estimées";;;;;;;""
2019;558;"52";"52518";"Vesaignes-sur-Marne";"2019-07-16 13:25:00";10000;0;;10000;;;10000;0;0;0;"Estimées";;"Accidentelle";;;;;""
2019;13496;"66";"66168";"Saint-André";"2019-07-16 13:32:00";100000;;100000;;;;;;;;;"2";"Malveillance";;;;;""
2019;9157;"06";"06028";"Caille";"2019-07-16 13:53:00";400;;;;;;;;;;;"1";"Involontaire (particulier)";;;;;""
2019;9115;"13";"13114";"Ventabren";"2019-07-16 14:35:00";200;200;;;;;;;;;;"1";;;;;;""
2019;9118;"34";"34211";"Le Poujol-sur-Orb";"2019-07-16 14:43:00";10300;;;;;;;;;;;"1";"Involontaire (travaux)";;;;;""
2019;13497;"66";"66108";"Millas";"2019-07-16 14:44:00";880000;500000;380000;;;;;;;;;"4";"Involontaire (particulier)";;;;;""
2019;1840;"69";"69006";"Amplepuis";"2019-07-16 14:46:00";500;0;;500;;;500;0;0;0;"Estimées";;"Accidentelle";;;;;"Données partielles ou non valides"
2019;9101;"30";"30067";"La Capelle-et-Masmolène";"2019-07-16 14:52:00";556;;;;;;;;;;;;;;;;;""
2019;13498;"66";"66129";"Ortaffa";"2019-07-16 15:27:00";20000;20000;;;;;;;;;;"2";"Malveillance";;;;;""
2019;444;"39";"39385";"Neublans-Abergement";"2019-07-16 15:32:00";3000;3000;;0;;;0;0;0;0;"Estimées";;"Involontaire (particulier)";;;;;""
2019;9227;"07";"07254";"Saint-Julien-du-Serre";"2019-07-16 16:08:00";3000;;;;;;;;;;;"1";"Malveillance";;;;;""
2019;13499;"66";"66177";"Saint-Jean-Lasseille";"2019-07-16 16:11:00";45000;40000;5000;;;;;;;;;"3";"Malveillance";;;;;""
2019;2785;"33";"33498";"Salles";"2019-07-16 16:11:00";680000;420000;;0;;;0;;;260000;;;;;;;;""
2019;3732;"38";"38294";"Panossas";"2019-07-16 16:14:00";79000;200;;0;;;0;0;78800;78800;"Estimées";;"Involontaire (travaux)";;;;;""
2019;13500;"66";"66024";"Le Boulou";"2019-07-16 16:17:00";350;350;;;;;;;;;;"3";"Malveillance";;;;;""
2019;3144;"40";"40279";"Saint-Paul-lès-Dax";"2019-07-16 16:34:00";30;30;;0;;;0;;;0;;;;;;;;""
2019;419;"36";"36204";"Saint-Michel-en-Brenne";"2019-07-16 17:11:00";120000;0;;120000;;;120000;0;0;0;"Estimées";;;;;;;"Données partielles ou non valides"
2019;9106;"30";"30032";"Beaucaire";"2019-07-16 17:11:00";16380;;16380;;;;;;;;;"1";;;;;;""
2019;394;"46";"46016";"Baladou";"2019-07-16 17:34:00";2500;0;;2500;;;2500;0;0;0;"Mesurées";;;;;;;""
2019;3143;"40";"40046";"Biscarrosse";"2019-07-16 18:07:00";3930;2000;;0;;;0;;;1930;;;"Involontaire (travaux)";;;;;""
2019;9111;"30";"30346";"Vers-Pont-du-Gard";"2019-07-16 18:23:00";5600;;5600;;;;;;;;;"1";;;;;;""
2019;3319;"47";"47169";"Moirax";"2019-07-16 19:02:00";50;50;;0;;;0;;;0;;;;;;;;""
2019;430;"36";"36159";"Le Poinçonnet";"2019-07-16 19:08:00";2000;2000;;0;;;0;0;0;0;"Estimées";;;;;;;""
2019;9650;"13";"13055";"Marseille";"2019-07-16 20:05:00";1000;200;800;;;;;;;;;"5";"Malveillance";;;;;""
2019;5980;"41";"41149";"Montoire-sur-le-Loir";"2019-07-16 20:55:00";10;0;;10;;;10;0;0;0;"Estimées";;"Involontaire (travaux)";;;;;""
2019;1938;"72";"72154";"La Flèche";"2019-07-17 00:04:00";200;200;;0;;;0;0;0;0;"Estimées";;;;;;;""
2019;2781;"33";"33022";"Avensan";"2019-07-17 00:45:00";2000;2000;;0;;;0;;;0;;;;;;;;""
2019;2780;"33";"33449";"Saint-Médard-en-Jalles";"2019-07-17 01:43:00";50;50;;0;;;0;;;0;;;;;;;;""
2019;13281;"84";"84017";"Bédoin";"2019-07-17 03:45:00";1200;1200;;;;;;;;;;"5";"Malveillance";;;;;""
2019;9123;"34";"34291";"Saint-Vincent-d'Olargues";"2019-07-17 08:58:00";1339;1339;;;;;;;;;;"3";"Involontaire (travaux)";;;;;""
2019;13507;"66";"66214";"Tresserre";"2019-07-17 10:47:00";10000;10000;;;;;;;;;;"3";"Malveillance";;;;;""
2019;1108;"31";"31534";"Saussens";"2019-07-17 11:49:00";1000;0;;1000;;;1000;0;0;0;"Mesurées";;"Involontaire (particulier)";;;;;""
2019;13508;"66";"66011";"Bages";"2019-07-17 11:56:00";10000;;10000;;;;;;;;;"2";"Malveillance";;;;;""
2019;445;"39";"39377";"Mutigney";"2019-07-17 11:57:00";110000;110000;;0;;;0;0;0;0;"Estimées";;"Involontaire (travaux)";;;;;""
2019;466;"21";"21309";"Griselles";"2019-07-17 13:00:00";160000;10000;;0;;;0;0;150000;150000;"Mesurées";;"Involontaire (travaux)";;;;;""
2019;14277;"13";"13113";"Venelles";"2019-07-17 13:13:00";20;20;;;;;;;;;;"1";"Malveillance";;;;;""
2019;2053;"12";"12154";"Montlaur";"2019-07-17 13:49:00";500;0;;500;;;500;0;0;0;"Estimées";;;;;;;"Données partielles ou non valides"
2019;10193;"26";"26211";"Montségur-sur-Lauzon";"2019-07-17 14:02:00";400;400;;;;;;;;;;"5";"Malveillance";;;;;""
2019;395;"46";"46083";"Cressensac-Sarrazac";"2019-07-17 14:07:00";8000;0;;8000;;;8000;0;0;0;"Estimées";;;;;;;""
2019;396;"46";"46176";"Livernon";"2019-07-17 14:21:00";100;0;;100;;;100;0;0;0;"Estimées";;;;;;;""
2019;9878;"11";"11122";"Douzens";"2019-07-17 14:37:00";50;;;;;;;;;;;;;;;;;""
2019;398;"46";"46324";"Uzech";"2019-07-17 14:51:00";5000;0;;5000;;;5000;0;0;0;"Estimées";;;;;;;""
2019;397;"46";"46324";"Uzech";"2019-07-17 14:51:00";5000;0;;5000;;;5000;0;0;0;"Estimées";;;;;;;""
2019;399;"46";"46153";"Lanzac";"2019-07-17 15:16:00";500;0;;500;;;500;0;0;0;"Estimées";;;;;;;""
2019;5981;"41";"41085";"La Ferté-Saint-Cyr";"2019-07-17 15:26:00";5000;0;;5000;;;5000;0;0;0;"Estimées";;"Involontaire (travaux)";;;;;""
2019;400;"46";"46308";"Soucirac";"2019-07-17 15:51:00";100;0;;100;;;100;0;0;0;"Estimées";;;;;;;""
2019;5982;"41";"41041";"La Chapelle-Vicomtesse";"2019-07-17 16:16:00";600000;0;;100000;;;100000;0;500000;500000;"Estimées";;"Involontaire (travaux)";;;;;""
2019;10194;"26";"26020";"La Répara-Auriples";"2019-07-17 16:19:00";15000;10000;;;;;;;;5000;;"4";"Malveillance";;;;;""
2019;13514;"66";"66134";"Passa";"2019-07-17 16:54:00";20000;20000;;;;;;;;;;"3";"Malveillance";;;;;""
2019;418;"23";"23048";"Champagnat";"2019-07-17 17:03:00";3000;3000;;0;;;0;0;0;0;"Estimées";;;;;;;""
2019;10195;"26";"26225";"Parnans";"2019-07-17 18:15:00";400;400;;;;;;;;0;;"5";;;;;;""
2019;10197;"26";"26093";"Clansayes";"2019-07-17 19:03:00";200;200;;;;;;;;;;"4";;;;;;""
2019;2775;"33";"33290";"Montagne";"2019-07-17 19:21:00";500;500;;0;;;0;;;0;;;"Involontaire (particulier)";;;;;""
2019;9164;"34";"34038";"Le Bousquet-d'Orb";"2019-07-17 19:43:00";612;612;;;;;;;;;;"3";"Malveillance";;;;;""
2019;3317;"47";"47209";"Pont-du-Casse";"2019-07-17 20:36:00";10000;10000;;0;;;0;;;0;;;;;;;;""
2019;2773;"33";"33310";"Origne";"2019-07-17 21:48:00";6000;6000;;0;;;0;;;0;;;;;;;;""
2019;10153;"11";"11081";"Caunes-Minervois";"2019-07-17 23:45:00";20;;;;;;;;;;;;;;;;;""
2019;13520;"66";"66069";"Espira-de-l'Agly";"2019-07-18 01:12:00";15000;15000;;;;;;;;;;"4";"Accidentelle";;;;;""
2019;13531;"66";"66214";"Tresserre";"2019-07-18 08:46:00";35000;30000;5000;;;;;;;;;"3";"Malveillance";;;;;""
2019;9192;"83";"83137";"Toulon";"2019-07-18 13:09:00";100000;100000;;;;;;;;;;"4";"Malveillance";;;;;""
2019;9618;"34";"34165";"Montbazin";"2019-07-18 14:12:00";51572;;51572;;;;;;;;;"1";;;;;;""
2019;9199;"11";"11116";"Cuxac-d'Aude";"2019-07-18 15:20:00";117685;;;;;;;;;;;;;;;;;""
2019;2121;"03";"03185";"Montluçon";"2019-07-18 15:43:00";60000;10000;;0;;;0;0;50000;50000;"Mesurées";;;;;;;""
2019;5985;"41";"41072";"Crucheray";"2019-07-18 16:15:00";11000;1000;;0;;;0;0;10000;10000;"Estimées";;;;;;;""
2019;9617;"34";"34095";"Fabrègues";"2019-07-18 16:20:00";622900;;622900;;;;;;;;;"1";"Involontaire (particulier)";;;;;""
2019;5986;"41";"41267";"Vallières-les-Grandes";"2019-07-18 16:27:00";1020000;20000;;0;;;0;0;1000000;1000000;"Estimées";;"Involontaire (travaux)";;;;;""
2019;9702;"34";"34344";"La Grande-Motte";"2019-07-18 16:46:00";1776;;1776;;;;;;;;;"1";;;;;;""
2019;10104;"83";"83018";"Besse-sur-Issole";"2019-07-18 16:48:00";200;200;;;;;;;;;;"3";"Accidentelle";;;;;""
2019;1477;"45";"45199";"Melleroy";"2019-07-18 17:15:00";5200;200;;0;;;0;0;5000;5000;"Estimées";;;;;;;""
2019;663;"52";"52497";"Troisfontaines-la-Ville";"2019-07-18 17:41:00";500;500;;0;;;0;0;0;0;"Estimées";;"Involontaire (travaux)";;;;;""
2019;9190;"04";"04141";"Ongles";"2019-07-18 18:54:00";800;700;100;;;;;;;;;"3";"Involontaire (travaux)";;;;;""
2019;9193;"83";"83046";"Cotignac";"2019-07-18 19:29:00";100;100;;;;;;;;;;"5";"Malveillance";;;;;""
2019;401;"46";"46339";"Saint-Jean-Lagineste";"2019-07-18 20:25:00";500;0;;500;;;500;0;0;0;"Estimées";;;;;;;""
2019;13537;"66";"66217";"Trouillas";"2019-07-18 23:37:00";15000;;15000;;;;;;;;;"2";"Malveillance";;;;;""
2019;10198;"26";"26342";"Solérieux";"2019-07-19 04:07:00";300;300;;;;;;;;;;"2";;;;;;""
2019;9197;"34";"34149";"Margon";"2019-07-19 11:07:00";2000;;;;;;;;;;;;;;;;;""
2019;9397;"48";"48075";"Ispagnac";"2019-07-19 11:45:00";330;;330;;;;;;;;;"1";"Involontaire (particulier)";;;;;""
2019;9438;"13";"13047";"Istres";"2019-07-19 12:48:00";50;50;;;;;;;;;;"1";;;;;;""
2019;1937;"15";"15169";"Saignes";"2019-07-19 13:30:00";5000;0;;5000;;;5000;0;0;0;"Estimées";;;;;;;""
2019;1113;"31";"31334";"Mauzac";"2019-07-19 13:35:00";300000;0;;250000;;;250000;50000;0;50000;"Estimées";;"Involontaire (travaux)";;;;;""
2019;448;"39";"39078";"Brevans";"2019-07-19 14:34:00";5000;5000;;0;;;0;0;0;0;"Estimées";;;;;;;""
2019;13545;"66";"66215";"Trévillach";"2019-07-19 14:36:00";5000;;5000;;;;;;;;;"1";"Malveillance";;;;;""
2019;1939;"72";"72244";"Précigné";"2019-07-19 14:37:00";500;500;;0;;;0;0;0;0;"Estimées";;;;;;;""
2019;403;"46";"46201";"Montcuq-en-Quercy-Blanc";"2019-07-19 15:45:00";250;0;;250;;;250;0;0;0;"Estimées";;;;;;;""
2019;467;"21";"21661";"Velars-sur-Ouche";"2019-07-19 15:49:00";165000;5000;;0;;;0;0;160000;160000;"Mesurées";;;;;;;""
2019;9876;"11";"11441";"Vinassan";"2019-07-19 15:53:00";17246;;;;;;;;;;;;;;;;;""
2019;9436;"13";"13081";"Rognac";"2019-07-19 17:16:00";2;2;;;;;;;;;;"1";"Malveillance";;;;;""
2019;9753;"34";"34036";"Le Bosc";"2019-07-19 19:00:00";12877;;12877;;;;;;;;;"1";"Malveillance";;;;;""
2019;1485;"45";"45282";"Saint-Hilaire-Saint-Mesmin";"2019-07-19 19:11:00";15000;5000;;10000;;;10000;0;0;0;"Estimées";;;;;;;""
2019;3939;"86";"86120";"Lathus-Saint-Rémy";"2019-07-19 19:33:00";15000;0;;5000;;;5000;0;10000;10000;"Estimées";;;;;;;""
2019;9841;"06";"06019";"Blausasc";"2019-07-19 23:04:00";5000;;;;;;;;;;;"4";"Involontaire (particulier)";;;;;""
2019;380;"81";"81209";"Pont-de-Larn";"2019-07-20 02:03:00";40000;40000;;0;;;0;0;0;0;"Estimées";;;;;;;""
2019;10154;"11";"11145";"Fleury";"2019-07-20 03:35:00";800;;;;;;;;;;;;;;;;;""
2019;865;"88";"88160";"Épinal";"2019-07-20 05:39:00";10000;10000;;0;;;0;0;0;0;"Estimées";;;;;;;""
2019;1940;"72";"72051";"Cérans-Foulletourte";"2019-07-20 05:40:00";2600;2600;;0;;;0;0;0;0;"Estimées";;;;;;;""
2019;13556;"66";"66127";"Opoul-Périllos";"2019-07-20 06:12:00";20000;20000;;;;;;;;;;"4";"Malveillance";;;;;""
2019;10155;"11";"11379";"Sigean";"2019-07-20 06:54:00";50;;;;;;;;;;;;;;;;;""
2019;949;"87";"87117";"Peyrat-le-Château";"2019-07-20 08:07:00";200;200;;0;;;0;0;0;0;"Estimées";;;;;;;""
2019;10157;"11";"11255";"Montredon-des-Corbières";"2019-07-20 10:52:00";1500;;;;;;;;;;;;;;;;;""
2019;9652;"13";"13055";"Marseille";"2019-07-20 11:37:00";3000;;3000;;;;;;;;;"1";"Malveillance";;;;;""
2019;1843;"69";"69296";"Solaize";"2019-07-20 13:18:00";40000;0;;40000;;;40000;0;0;0;"Estimées";;;;;;;"Données partielles ou non valides"
2019;9319;"30";"30032";"Beaucaire";"2019-07-20 13:38:00";17583;17583;;;;;;;;;;"2";;;;;;""
2019;10158;"11";"11379";"Sigean";"2019-07-20 13:51:00";15;;;;;;;;;;;;;;;;;""
2019;382;"55";"55268";"Lacroix-sur-Meuse";"2019-07-20 14:00:00";1800000;50000;;0;;;0;0;1750000;1750000;"Estimées";;"Involontaire (particulier)";;;;;""
2019;5762;"71";"71430";"Saint-Jean-de-Vaux";"2019-07-20 16:24:00";500;0;;500;;;500;0;0;0;"Estimées";;;;;;;""
2019;10200;"26";"26041";"Beausemblant";"2019-07-20 16:25:00";1350;1350;;;;;;;;;;"2";;;;;;""
2019;442;"39";"39513";"Sermange";"2019-07-20 17:19:00";5000;5000;;0;;;0;0;0;0;"Estimées";;"Involontaire (travaux)";;;;;""
2019;3140;"40";"40105";"Garein";"2019-07-20 19:45:00";1410;1410;;0;;;0;;;0;;;;;;;;""
2019;10159;"11";"11170";"Gruissan";"2019-07-20 20:05:00";100;;;;;;;;;;;;;;;;;""
2019;9476;"34";"34184";"Nizas";"2019-07-20 20:42:00";10000;;;;;;;;;;;;"Malveillance";;;;;""
2019;10039;"2A";"2A181";"Ocana";"2019-07-20 21:04:00";50;;50;;;;;;;;;"1";;;;;;""
2019;9437;"13";"13011";"Les Baux-de-Provence";"2019-07-20 21:54:00";1500;1500;;;;;;;;;;"1";;;;;;""
2019;11977;"2A";"2A092";"Conca";"2019-07-20 22:24:00";200;;200;;;;;;;;;"1";"Malveillance";;;;;""
2019;9509;"07";"07083";"Dunière-sur-Eyrieux";"2019-07-21 10:12:00";6000;;6000;;;;;;;;;"1";;;;;;""
2019;2759;"33";"33255";"Lucmau";"2019-07-21 10:57:00";2000;2000;;0;;;0;;;0;;;;;;;;""
2019;9435;"13";"13077";"Port-de-Bouc";"2019-07-21 13:27:00";2000;2000;;;;;;;;;;"1";"Malveillance";;;;;""
2019;381;"58";"58201";"Oudan";"2019-07-21 13:49:00";4400;2300;;0;;;0;0;2100;2100;"Mesurées";;;;;;;""
2019;9440;"13";"13084";"La Roque-d'Anthéron";"2019-07-21 15:25:00";6000;6000;;;;;;;;;;"1";"Accidentelle";;;;;""
2019;9447;"2B";"2B201";"Pancheraccia";"2019-07-21 16:00:00";41400;41400;;;;;;;;;;"2";"Malveillance";;;;;""
2019;3982;"86";"86141";"Magné";"2019-07-21 16:55:00";5100;100;;5000;;;5000;0;0;0;"Estimées";;;;;;;""
2019;9559;"11";"11374";"Salza";"2019-07-21 17:15:00";115655;;;;;;;;;;;;;;;;;""
2019;9875;"11";"11050";"Brenac";"2019-07-21 19:01:00";2189;;;;;;;;;;;;;;;;;""
2019;10201;"26";"26146";"Grignan";"2019-07-21 20:18:00";80;80;;;;;;;;;;"3";"Malveillance";;;;;""
2019;9439;"13";"13047";"Istres";"2019-07-22 01:06:00";300;300;;;;;;;;;;"1";"Involontaire (particulier)";;;;;""
2019;409;"58";"58309";"Villapourçon";"2019-07-22 11:42:00";4600;2000;;0;;;0;2600;0;2600;"Mesurées";;;;;;;""
2019;9566;"06";"06148";"Tourrettes-sur-Loup";"2019-07-22 11:44:00";50;;;;;;;;;;;"1";"Malveillance";;;;;""
2019;13567;"66";"66111";"Montalba-le-Château";"2019-07-22 12:01:00";1500;;;;;;;;;;;"2";"Malveillance";;;;;""
2019;9757;"34";"34295";"Saussan";"2019-07-22 12:17:00";36253;;36253;;;;;;;;;;"Malveillance";;;;;""
2019;443;"39";"39063";"Bonlieu";"2019-07-22 13:28:00";300;300;;0;;;0;0;0;0;"Estimées";;;;;;;""
2019;405;"35";"35064";"La Chapelle-de-Brain";"2019-07-22 14:18:00";30000;0;;30000;;;30000;0;0;0;"Estimées";;;;;;;""
2019;9567;"06";"06099";"Puget-Théniers";"2019-07-22 14:45:00";300;;;;;;;;;;;"1";"Involontaire (particulier)";;;;;""
2019;410;"46";"46120";"Gindou";"2019-07-22 14:56:00";100;0;;100;;;100;0;0;0;"Estimées";;;;;;;""
2019;6005;"41";"41250";"Sougé";"2019-07-22 15:23:00";82000;10000;;0;;;0;0;72000;72000;"Estimées";;"Involontaire (travaux)";;;;;""
2019;3309;"47";"47323";"Villeneuve-sur-Lot";"2019-07-22 15:32:00";2500;2500;;0;;;0;;;0;;;"Involontaire (travaux)";;;;;""
2019;411;"46";"46128";"Gramat";"2019-07-22 16:13:00";600;0;;600;;;600;0;0;0;"Estimées";;"Involontaire (particulier)";;;;;""
2019;459;"23";"23056";"Châtelus-le-Marcheix";"2019-07-22 16:22:00";1000;0;;1000;;;1000;0;0;0;"Estimées";;;;;;;""
2019;413;"23";"23056";"Châtelus-le-Marcheix";"2019-07-22 16:22:00";1000;1000;;0;;;0;0;0;0;"Estimées";;;;;;;""
2019;10799;"04";"04175";"Sainte-Croix-à-Lauze";"2019-07-22 16:23:00";440;;440;;;;;;;;;"1";"Involontaire (particulier)";;;;;""
2019;6007;"41";"41248";"Couëtron-au-Perche";"2019-07-22 16:25:00";80300;0;;300;;;300;0;80000;80000;"Estimées";;"Involontaire (travaux)";;;;;""
2019;408;"35";"35187";"Monterfil";"2019-07-22 16:45:00";15000;0;;5000;;;5000;10000;0;10000;"Estimées";;;;;;;""
2019;4023;"77";"77186";"Fontainebleau";"2019-07-22 17:00:00";7800;7800;;0;;;0;0;0;0;"Estimées";;;;;;;""
2019;433;"55";"55574";"Vouthon-Bas";"2019-07-22 17:00:00";300000;50000;;0;;;0;0;250000;250000;"Estimées";;"Involontaire (travaux)";;;;;""
2019;4018;"77";"77339";"Noisy-sur-École";"2019-07-22 17:00:00";6500;6500;;0;;;0;0;0;0;"Estimées";;"Accidentelle";;;;;""
2019;3139;"40";"40229";"Pontenx-les-Forges";"2019-07-22 17:46:00";2000;2000;;0;;;0;;;0;;;;;;;;""
2019;1499;"45";"45245";"Ouzouer-sur-Trézée";"2019-07-22 18:07:00";40500;500;;20000;;;20000;0;20000;20000;"Estimées";;;;;;;""
2019;1063;"63";"63157";"Fayet-le-Château";"2019-07-22 18:07:00";3131;3131;;0;;;0;0;0;0;"Mesurées";;;;;;;""
2019;6009;"41";"41016";"Billy";"2019-07-22 19:08:00";30000;30000;;0;;;0;0;0;0;"Estimées";;;;;;;""
2019;9647;"34";"34056";"Castelnau-de-Guers";"2019-07-22 19:09:00";2000;;;;;;;;;;;;;;;;;""
2019;9874;"11";"11099";"Conques-sur-Orbiel";"2019-07-22 21:37:00";150;;;;;;;;;;;;;;;;;""
2019;3306;"47";"47299";"Sérignac-Péboudou";"2019-07-22 23:42:00";10;10;;0;;;0;;;0;;;;;;;;""
2019;10041;"2A";"2A189";"Olmeto";"2019-07-23 03:04:00";20;;20;;;;;;;;;;;;;;;""
2019;678;"23";"23036";"Bussière-Dunoise";"2019-07-23 08:25:00";5000;5000;;0;;;0;0;0;0;"Estimées";;;;;;;""
2019;1114;"31";"31454";"Rieumes";"2019-07-23 10:24:00";10000;10000;;0;;;0;0;0;0;"Mesurées";;;;;;;""
2019;9873;"11";"11365";"Saint-Sernin";"2019-07-23 11:06:00";2045;;;;;;;;;;;;;;;;;""
2019;3941;"86";"86045";"Celle-Lévescault";"2019-07-23 11:23:00";30000;0;;30000;;;30000;0;0;0;"Estimées";;;;;;;""
2019;1043;"37";"37234";"Saint-Quentin-sur-Indrois";"2019-07-23 11:25:00";215000;10000;;0;;;0;0;205000;205000;"Estimées";;;;;;;""
2019;540;"58";"58007";"Annay";"2019-07-23 11:47:00";2200;1100;;0;;;0;0;1100;1100;"Mesurées";;;;;;;""
2019;3747;"38";"38467";"Salagnon";"2019-07-23 11:58:00";35000;0;;35000;;;35000;0;0;0;"Estimées";;;;;;;""
2019;9621;"13";"13077";"Port-de-Bouc";"2019-07-23 12:15:00";5;5;;;;;;;;;;"1";"Malveillance";;;;;""
2019;14132;"83";"83107";"Roquebrune-sur-Argens";"2019-07-23 12:16:00";20000;20000;;;;;;;;;;"3";"Malveillance";;;;;""
2019;9657;"30";"30330";"Tornac";"2019-07-23 12:40:00";1858;;1858;;;;;;;;;"1";;;;;;""
2019;435;"46";"46118";"Gignac";"2019-07-23 12:53:00";500;0;;500;;;500;0;0;0;"Estimées";;;;;;;""
2019;515;"43";"43098";"Freycenet-la-Tour";"2019-07-23 12:58:00";16928;6928;;10000;;;10000;0;0;0;"Mesurées";;;;;;;""
2019;9872;"11";"11262";"Narbonne";"2019-07-23 13:19:00";9426;;;;;;;;;;;;;;;;;""
2019;3942;"86";"86264";"Sommières-du-Clain";"2019-07-23 13:29:00";190000;40000;;0;;;0;150000;0;150000;"Estimées";;;;;;;""
2019;9783;"34";"34188";"Olmet-et-Villecun";"2019-07-23 13:31:00";6653;;6653;;;;;;;;;"1";"Accidentelle";;;;;""
2019;434;"55";"55573";"Void-Vacon";"2019-07-23 14:00:00";800;800;;0;;;0;0;0;0;"Estimées";;"Accidentelle";;;;;""
2019;3137;"40";"40287";"Sanguinet";"2019-07-23 14:51:00";227000;204700;;0;;;0;;;22300;;;;;;;;""
2019;2747;"33";"33527";"Le Teich";"2019-07-23 14:53:00";40000;40000;;0;;;0;;;0;;;"Accidentelle";;;;;""
2019;1064;"63";"63310";"Sainte-Agathe";"2019-07-23 15:01:00";16151;16151;;0;;;0;0;0;0;"Estimées";;"Involontaire (particulier)";;;;;""
2019;881;"88";"88064";"Bois-de-Champ";"2019-07-23 15:04:00";500;0;;500;;;500;0;0;0;"Estimées";;;;;;;""
2019;436;"46";"46200";"Montcléra";"2019-07-23 15:26:00";1000;0;;1000;;;1000;0;0;0;"Estimées";;"Involontaire (travaux)";;;;;""
2019;10668;"84";"84035";"Cavaillon";"2019-07-23 15:45:00";130300;72700;;;;;;;;57600;;"3";"Malveillance";;;;;""
2019;542;"58";"58067";"Chaulgnes";"2019-07-23 15:47:00";204000;2500;;0;;;0;0;201500;201500;"Mesurées";;;;;;;""
2019;510;"21";"21022";"Argilly";"2019-07-23 16:00:00";20375;375;;0;;;0;0;20000;20000;"Mesurées";;"Involontaire (travaux)";;;;;""
2019;3568;"28";"28359";"Saint-Rémy-sur-Avre";"2019-07-23 16:34:00";3000;3000;;0;;;0;0;0;0;"Estimées";;;;;;;""
2019;9620;"13";"13056";"Martigues";"2019-07-23 16:43:00";50;50;;;;;;;;;;"1";"Malveillance";;;;;""
2019;2742;"33";"33284";"Mios";"2019-07-23 17:00:00";500;500;;0;;;0;;;0;;;;;;;;""
2019;3570;"28";"28137";"Écrosnes";"2019-07-23 17:35:00";4000;0;;1000;;;1000;0;3000;3000;"Estimées";;;;;;;""
2019;1941;"72";"72293";"Saint-Jean-du-Bois";"2019-07-23 17:44:00";10000;10000;;0;;;0;0;0;0;"Estimées";;;;;;;""
2019;3136;"40";"40163";"Lüe";"2019-07-23 18:59:00";4000;4000;;0;;;0;;;0;;;;;;;;""
2019;3135;"40";"40152";"Lesperon";"2019-07-23 21:29:00";8000;8000;;0;;;0;;;0;;;"Accidentelle";;;;;""
2019;10043;"2A";"2A247";"Porto-Vecchio";"2019-07-23 22:39:00";500;;500;;;;;;;;;;;;;;;""
2019;9870;"11";"11188";"La Palme";"2019-07-23 22:41:00";5;;;;;;;;;;;;;;;;;""
2019;9869;"11";"11258";"Moussan";"2019-07-23 23:26:00";150;;;;;;;;;;;;;;;;;""
2019;437;"46";"46132";"Issendolus";"2019-07-24 01:08:00";200;0;;200;;;200;0;0;0;"Estimées";;;;;;;""
2019;9622;"13";"13114";"Ventabren";"2019-07-24 01:56:00";100;100;;;;;;;;;;"1";;;;;;""
2019;10202;"26";"26342";"Solérieux";"2019-07-24 02:53:00";160;160;;;;;;;;;;"3";"Malveillance";;;;;""
2019;438;"46";"46305";"Sérignac";"2019-07-24 04:31:00";10000;0;;10000;;;10000;0;0;0;"Estimées";;;;;;;""
2019;10205;"26";"26216";"La Motte-de-Galaure";"2019-07-24 04:38:00";1500;1500;;;;;;;;;;"3";;;;;;""
2019;10207;"26";"26358";"Upie";"2019-07-24 10:51:00";530;530;;;;;;;;;;"5";"Involontaire (particulier)";;;;;""
2019;2737;"33";"33003";"Ambarès-et-Lagrave";"2019-07-24 11:02:00";50;50;;0;;;0;;;0;;;;;;;;""
2019;587;"55";"55350";"Montigny-lès-Vaucouleurs";"2019-07-24 13:00:00";1360000;60000;;0;;;0;0;1300000;1300000;"Mesurées";;"Involontaire (travaux)";;;;;""
2019;2105;"10";"10141";"Essoyes";"2019-07-24 14:33:00";20000;20000;;0;;;0;0;0;0;"Estimées";;;;;;;""
2019;494;"21";"21021";"Arc-sur-Tille";"2019-07-24 14:49:00";51000;1000;;0;;;0;0;50000;50000;"Mesurées";;;;;;;""
2019;9700;"13";"13050";"Lambesc";"2019-07-24 14:56:00";1700;1700;;;;;;;;;;"1";"Involontaire (particulier)";;;;;""
2019;461;"23";"23022";"Bétête";"2019-07-24 15:10:00";5000;0;;5000;;;5000;0;0;0;"Estimées";;;;;;;""
2019;1585;"32";"32334";"Pujaudran";"2019-07-24 15:21:00";100000;30000;;0;;;0;70000;0;70000;"Estimées";;;;;;;""
2019;1942;"72";"72260";"Ruaudin";"2019-07-24 15:59:00";20000;20000;;0;;;0;0;0;0;"Estimées";;;;;;;""
2019;677;"23";"23036";"Bussière-Dunoise";"2019-07-24 16:17:00";20000;20000;;0;;;0;0;0;0;"Estimées";;"Involontaire (travaux)";;;;;""
2019;1977;"15";"15117";"Marcolès";"2019-07-24 17:00:00";10000;0;;10000;;;10000;0;0;0;"Estimées";;;;;;;""
2019;1978;"15";"15165";"Rouffiac";"2019-07-24 17:00:00";10000;0;;10000;;;10000;0;0;0;"Estimées";;;;;;;""
2019;456;"39";"39165";"Conte";"2019-07-24 17:11:00";2000;0;;2000;;;2000;0;0;0;"Estimées";;;;;;;""
2019;2731;"33";"33290";"Montagne";"2019-07-24 21:58:00";200;200;;0;;;0;;;0;;;;;;;;""
2019;985;"36";"36123";"Mézières-en-Brenne";"2019-07-24 22:13:00";10000;0;;10000;;;10000;0;0;0;"Estimées";;;;;;;""
2019;9701;"13";"13009";"La Barben";"2019-07-24 22:15:00";300;300;;;;;;;;;;"1";"Accidentelle";;;;;""
2019;9867;"11";"11099";"Conques-sur-Orbiel";"2019-07-24 22:33:00";2000;;;;;;;;;;;;;;;;;""
2019;455;"81";"81120";"Labruguière";"2019-07-24 23:03:00";50000;50000;;0;;;0;0;0;0;"Estimées";;;;;;;""
2019;9703;"13";"13112";"Velaux";"2019-07-25 01:48:00";80;80;;;;;;;;;;"1";;;;;;""
2019;9704;"13";"13112";"Velaux";"2019-07-25 04:26:00";400;400;;;;;;;;;;"1";;;;;;""
2019;9845;"06";"06155";"Vallauris";"2019-07-25 10:29:00";400;;;;;;;;;;;"3";"Involontaire (travaux)";;;;;""
2019;9735;"2B";"2B049";"Calenzana";"2019-07-25 11:06:00";3000;;;;;;;;;;;;;;;;;""
2019;9855;"13";"13085";"Roquefort-la-Bédoule";"2019-07-25 11:08:00";5;5;;;;;;;;;;"1";"Involontaire (travaux)";;;;;""
2019;950;"87";"87150";"Saint-Hilaire-les-Places";"2019-07-25 11:38:00";5000;5000;;0;;;0;0;0;0;"Estimées";;;;;;;""
2019;464;"21";"21694";"Villeferry";"2019-07-25 11:42:00";74900;74900;;0;;;0;0;0;0;"Mesurées";;"Involontaire (particulier)";;;;;""
2019;1943;"72";"72075";"Chemiré-le-Gaudin";"2019-07-25 11:56:00";3000;3000;;0;;;0;0;0;0;"Estimées";;;;;;;""
2019;1610;"45";"45257";"Pressigny-les-Pins";"2019-07-25 12:19:00";1110000;500000;;0;;;0;610000;0;610000;"Estimées";;;;;;;""
2019;3583;"27";"27524";"Sainte-Colombe-la-Commanderie";"2019-07-25 12:53:00";470000;20000;;0;;;0;450000;0;450000;"Mesurées";;;;;;;""
2019;9857;"04";"04004";"Allemagne-en-Provence";"2019-07-25 13:08:00";527700;72000;455700;;;;;;;;;"5";"Involontaire (travaux)";;;;;""
2019;3584;"27";"27172";"Corneuil";"2019-07-25 13:09:00";170000;140000;;0;;;0;30000;0;30000;"Estimées";;;;;;;""
2019;482;"88";"88189";"Fréville";"2019-07-25 13:16:00";10000;10000;;0;;;0;0;0;0;"Estimées";;;;;;;""
2019;2541;"24";"24294";"Montpon-Ménestérol";"2019-07-25 13:32:00";20000;20000;;0;;;0;;;0;;;;;;;;""
2019;1944;"72";"72047";"Brette-les-Pins";"2019-07-25 13:33:00";35000;35000;;0;;;0;0;0;0;"Estimées";;;;;;;""
2019;1945;"72";"72047";"Brette-les-Pins";"2019-07-25 13:33:00";35000;35000;;0;;;0;0;0;0;"Estimées";;;;;;;""
2019;10457;"07";"07330";"Vallon-Pont-d'Arc";"2019-07-25 13:48:00";312800;312800;;;;;;;;;;"2";;;;;;""
2019;9842;"06";"06084";"Mouans-Sartoux";"2019-07-25 13:54:00";18100;;;;;;;;;;;"2";;;;;;""
2019;591;"55";"55229";"Han-sur-Meuse";"2019-07-25 14:00:00";510000;10000;;0;;;0;0;500000;500000;"Estimées";;;;;;;""
2019;14133;"83";"83012";"Barjols";"2019-07-25 14:03:00";35000;30000;5000;;;;;;;;;"5";"Accidentelle";;;;;""
2019;13580;"66";"66136";"Perpignan";"2019-07-25 14:07:00";15000;;15000;;;;;;;;;"1";"Accidentelle";;;;;""
2019;3839;"18";"18185";"Presly";"2019-07-25 14:14:00";15000;15000;;0;;;0;0;0;0;"Estimées";;;;;;;""
2019;1333;"17";"17104";"Chevanceaux";"2019-07-25 14:23:00";8700;8700;;0;;;0;0;0;0;"Mesurées";;;;;;;""
2019;2114;"76";"76290";"Frichemesnil";"2019-07-25 14:32:00";30000;0;;30000;;;30000;0;0;0;"Estimées";;;;;;;""
2019;1611;"45";"45192";"Manchecourt";"2019-07-25 14:40:00";2500000;300000;;0;;;0;0;2200000;2200000;"Estimées";;;;;;;""
2019;2726;"33";"33474";"Saint-Selve";"2019-07-25 14:48:00";15000;15000;;0;;;0;;;0;;;"Accidentelle";;;;;""
2019;1027;"37";"37200";"Rivarennes";"2019-07-25 15:27:00";20000;0;;20000;;;20000;0;0;0;"Estimées";;;;;;;""
2019;554;"52";"52205";"Foulain";"2019-07-25 15:33:00";600000;100000;;0;;;0;0;500000;500000;"Estimées";;"Involontaire (travaux)";;;;;""
2019;2106;"10";"10119";"Cunfin";"2019-07-25 15:48:00";20000;20000;;0;;;0;0;0;0;"Estimées";;;;;;;""
2019;2724;"33";"33090";"Canéjan";"2019-07-25 15:52:00";3000;3000;;0;;;0;;;0;;;;;;;;""
2019;13581;"66";"66158";"Rasiguères";"2019-07-25 15:54:00";35000;;35000;;;;;;;;;"1";;;;;;""
2019;6025;"41";"41088";"Fontaine-Raoul";"2019-07-25 16:00:00";201000;1000;;0;;;0;0;200000;200000;"Estimées";;"Involontaire (travaux)";;;;;""
2019;465;"21";"21584";"Saulieu";"2019-07-25 16:07:00";64000;14000;;0;;;0;50000;0;50000;"Estimées";;;;;;;""
2019;2110;"76";"76497";"Petit-Couronne";"2019-07-25 16:15:00";70000;70000;;0;;;0;0;0;0;"Mesurées";;;;;;;""
2019;3579;"28";"28415";"Villemeux-sur-Eure";"2019-07-25 16:28:00";70500;0;;70000;;;70000;0;500;500;"Estimées";;;;;;;""
2019;1979;"15";"15169";"Saignes";"2019-07-25 16:30:00";1000;0;;1000;;;1000;0;0;0;"Estimées";;;;;;;""
2019;556;"52";"52489";"Thol-lès-Millières";"2019-07-25 16:41:00";260000;10000;;0;;;0;0;250000;250000;"Estimées";;;;;;;""
2019;10464;"07";"07090";"Flaviac";"2019-07-25 16:44:00";30000;;30000;;;;;;;;;"1";"Involontaire (travaux)";;;;;""
2019;9856;"13";"13001";"Aix-en-Provence";"2019-07-25 17:19:00";1000;1000;;;;;;;;;;"1";"Accidentelle";;;;;""
2019;1396;"16";"16374";"Soyaux";"2019-07-25 17:33:00";6000;6000;;0;;;0;0;0;0;"Estimées";;;;;;;""
2019;3986;"86";"86253";"Sanxay";"2019-07-25 17:43:00";5000;0;;5000;;;5000;0;0;0;"Estimées";;;;;;;""
2019;6027;"41";"41157";"Mur-de-Sologne";"2019-07-25 17:44:00";15000;15000;;0;;;0;0;0;0;"Estimées";;;;;;;""
2019;487;"88";"88029";"La Vôge-les-Bains";"2019-07-25 17:59:00";400;400;;0;;;0;0;0;0;"Estimées";;;;;;;""
2019;3292;"47";"47155";"Madaillan";"2019-07-25 18:08:00";50000;50000;;0;;;0;;;0;;;;;;;;""
2019;952;"87";"87082";"Ladignac-le-Long";"2019-07-25 18:13:00";5000;5000;;0;;;0;0;0;0;"Estimées";;;;;;;""
2019;10209;"26";"26344";"Soyans";"2019-07-25 18:20:00";7000;7000;;;;;;;;;;"3";;;;;;""
2019;676;"23";"23090";"Gentioux-Pigerolles";"2019-07-25 18:33:00";60000;20000;;0;;;0;20000;20000;40000;"Estimées";;;;;;;""
2019;2720;"33";"33192";"Gradignan";"2019-07-25 18:56:00";100;100;;0;;;0;;;0;;;;;;;;""
2019;489;"88";"88460";"Soulosse-sous-Saint-Élophe";"2019-07-25 19:03:00";20000;20000;;0;;;0;0;0;0;"Estimées";;;;;;;""
2019;3134;"40";"40168";"Magescq";"2019-07-25 19:49:00";100;100;;0;;;0;;;0;;;"Accidentelle";;;;;""
2019;3585;"27";"27183";"La Couture-Boussey";"2019-07-25 19:57:00";1570000;70000;;0;;;0;1500000;0;1500000;"Estimées";;;;;;;""
2019;3468;"82";"82168";"Saint-Nazaire-de-Valentane";"2019-07-25 20:41:00";10500;500;;0;;;0;10000;0;10000;"Estimées";;;;;;;""
2019;543;"58";"58113";"Fertrève";"2019-07-25 21:23:00";10000;1000;;0;;;0;0;9000;9000;"Estimées";;"Involontaire (travaux)";;;;;""
2019;1946;"72";"72260";"Ruaudin";"2019-07-25 21:26:00";20;20;;0;;;0;0;0;0;"Estimées";;;;;;;""
2019;3133;"40";"40129";"Josse";"2019-07-25 21:29:00";300;300;;0;;;0;;;0;;;"Naturelle";;;;;""
2019;9764;"30";"30346";"Vers-Pont-du-Gard";"2019-07-25 21:34:00";800;;800;;;;;;;;;"1";;;;;;""
2019;13583;"66";"66024";"Le Boulou";"2019-07-25 21:49:00";20000;;20000;;;;;;;;;"2";"Malveillance";;;;;""
2019;2719;"33";"33449";"Saint-Médard-en-Jalles";"2019-07-25 21:58:00";100;100;;0;;;0;;;0;;;;;;;;""
2019;3131;"40";"40163";"Lüe";"2019-07-25 22:49:00";3000;3000;;0;;;0;;;0;;;"Naturelle";;;;;""
2019;1045;"37";"37145";"Marcé-sur-Esves";"2019-07-25 23:03:00";10000;10000;;0;;;0;0;0;0;"Estimées";;;;;;;""
2019;2718;"33";"33376";"Saint-Aubin-de-Médoc";"2019-07-25 23:18:00";80000;80000;;0;;;0;;;0;;;;;;;;""
2019;1947;"72";"72061";"La Chapelle-d'Aligné";"2019-07-25 23:32:00";3000;3000;;0;;;0;0;0;0;"Estimées";;;;;;;""
2019;9859;"13";"13077";"Port-de-Bouc";"2019-07-26 00:20:00";100;100;;;;;;;;;;"1";;;;;;""
2019;1948;"72";"72293";"Saint-Jean-du-Bois";"2019-07-26 03:17:00";2000;2000;;0;;;0;0;0;0;"Estimées";;;;;;;""
2019;3130;"40";"40075";"Castets";"2019-07-26 06:26:00";3;3;;0;;;0;;;0;;;"Naturelle";;;;;""
2019;9862;"13";"13004";"Arles";"2019-07-26 09:11:00";600;600;;;;;;;;;;"1";"Accidentelle";;;;;""
2019;10474;"07";"07307";"Sanilhac";"2019-07-26 13:43:00";5400;;5400;;;;;;;;;"1";;;;;;""
2019;10044;"2A";"2A308";"Sainte-Lucie-de-Tallano";"2019-07-26 13:44:00";4;;4;;;;;;;;;;;;;;;""
2019;10212;"26";"26295";"Saint-Barthélemy-de-Vals";"2019-07-26 14:59:00";2000;2000;;;;;;;;;;"3";;;;;;""
2019;3763;"38";"38543";"Vézeronce-Curtin";"2019-07-26 15:12:00";600;0;;600;;;600;0;0;0;"Estimées";;;;;;;""
2019;10480;"07";"07024";"Banne";"2019-07-26 15:15:00";4000;;4000;;;;;;;;;"1";;;;;;""
2019;1072;"42";"42051";"La Chapelle-Villars";"2019-07-26 16:31:00";40000;5000;;0;;;0;35000;0;35000;"Estimées";;;;;;;""
2019;9907;"34";"34143";"Loupian";"2019-07-26 17:19:00";121109;;121109;;;;;;;;;"1";"Involontaire (particulier)";;;;;""
2019;14201;"34";"34153";"Les Matelles";"2019-07-26 17:47:00";453;;453;;;;;;;;;"1";;;;;;""
2019;9829;"30";"30310";"Saumane";"2019-07-26 18:19:00";100;;;;;;;;;;;;;;;;;""
2019;9908;"34";"34039";"Bouzigues";"2019-07-26 18:22:00";14954;;14954;;;;;;;;;"1";"Malveillance";;;;;""
2019;10482;"07";"07112";"Labastide-sur-Bésorgues";"2019-07-26 19:35:00";100;;100;;;;;;;;;"1";"Naturelle";;;;;""
2019;11098;"48";"48082";"Laubert";"2019-07-26 19:41:00";60;;60;;;;;;;;;"1";"Naturelle";;;;;""
2019;10488;"07";"07209";"Saint-Andéol-de-Fourchades";"2019-07-26 19:53:00";800;;800;;;;;;;;;"1";"Naturelle";;;;;""
2019;10489;"07";"07117";"Lablachère";"2019-07-26 19:55:00";1200;;1200;;;;;;;;;"1";"Naturelle";;;;;""
2019;14214;"48";"48040";"Chasseradès";"2019-07-26 20:03:00";10;10;;;;;;;;;;;"Naturelle";;;;;""
2019;10045;"2A";"2A345";"Vero";"2019-07-26 20:46:00";20;;20;;;;;;;;;;;;;;;""
2019;10673;"84";"84136";"Vacqueyras";"2019-07-27 00:49:00";700;420;;;;;;;;280;;"4";;;;;;""
2019;9861;"04";"04057";"Clamensane";"2019-07-27 09:08:00";10;;;;;;;;;;;;"Naturelle";;;;;""
2019;10046;"2A";"2A098";"Coti-Chiavari";"2019-07-27 10:28:00";50;;50;;;;;;;;;;"Involontaire (particulier)";;;;;""
2019;9863;"13";"13002";"Allauch";"2019-07-27 14:46:00";100;100;;;;;;;;;;"1";"Naturelle";;;;;""
2019;9843;"06";"06149";"La Trinité";"2019-07-27 15:12:00";4100;;;;;;;;;;;"1";"Naturelle";;;;;""
2019;9864;"13";"13001";"Aix-en-Provence";"2019-07-27 15:13:00";600;600;;;;;;;;;;"1";"Malveillance";;;;;""
2019;9847;"2B";"2B083";"Castirla";"2019-07-27 15:59:00";100;;;;;;;;;;;;"Naturelle";;;;;""
2019;9849;"2B";"2B347";"Vezzani";"2019-07-27 16:40:00";10;;;;;;;;;;;;;;;;;""
2019;10047;"2A";"2A006";"Alata";"2019-07-28 03:56:00";30;;30;;;;;;;;;;;;;;;""
2019;9851;"2B";"2B165";"Moncale";"2019-07-28 06:19:00";10;;;;;;;;;;;;"Naturelle";;;;;""
2019;9852;"2B";"2B229";"Pietroso";"2019-07-28 07:33:00";10;;;;;;;;;;;;"Naturelle";;;;;""
2019;10800;"04";"04076";"Entrevaux";"2019-07-28 10:30:00";10;;;;;;;;;;;;;;;;;""
2019;1949;"72";"72047";"Brette-les-Pins";"2019-07-28 11:29:00";10;10;;0;;;0;0;0;0;"Estimées";;;;;;;""
2019;3129;"40";"40046";"Biscarrosse";"2019-07-28 13:59:00";11000;11000;;0;;;0;;;0;;;"Naturelle";;;;;""
2019;13596;"66";"66212";"Torreilles";"2019-07-28 16:10:00";15000;;15000;;;;;;;;;"1";"Malveillance";;;;;""
2019;9953;"34";"34116";"Grabels";"2019-07-28 17:54:00";1120;;1120;;;;;;;;;"1";"Malveillance";;;;;""
2019;10064;"48";"48194";"Vialas";"2019-07-28 19:56:00";800;;800;;;;;;;;;"1";;;;;;""
2019;9865;"13";"13047";"Istres";"2019-07-28 20:33:00";300;300;;;;;;;;;;"1";;;;;;""
2019;9866;"13";"13047";"Istres";"2019-07-28 21:27:00";50;50;;;;;;;;;;"1";;;;;;""
2019;10676;"84";"84028";"Cairanne";"2019-07-29 02:00:00";190;190;;;;;;;;;;"5";;;;;;""
2019;9877;"13";"13023";"Ceyreste";"2019-07-29 02:53:00";300;300;;;;;;;;;;"1";"Involontaire (particulier)";;;;;""
2019;9871;"13";"13107";"Simiane-Collongue";"2019-07-29 03:57:00";200;200;;;;;;;;;;"1";;;;;;""
2019;6035;"41";"41018";"Blois";"2019-07-29 06:42:00";30;0;;30;;;30;0;0;0;"Estimées";;;;;;;""
2019;10490;"07";"07005";"Alba-la-Romaine";"2019-07-29 08:50:00";20;;20;;;;;;;;;"1";;;;;;""
2019;561;"35";"35152";"Liffré";"2019-07-29 10:57:00";20000;10000;;10000;;;10000;0;0;0;"Estimées";;;;;;;""
2019;9905;"05";"05013";"Barcillonnette";"2019-07-29 12:12:00";3000;;;;;;;;;;;;"Naturelle";;;;;""
2019;2712;"33";"33154";"Les Églisottes-et-Chalaures";"2019-07-29 12:24:00";20000;5000;;0;;;0;;;15000;;;"Accidentelle";;;;;""
2019;10108;"83";"83153";"Saint-Mandrier-sur-Mer";"2019-07-29 12:42:00";175200;170000;;;;;;;;5200;;"5";"Malveillance";;;;;""
2019;1950;"72";"72158";"Lavaré";"2019-07-29 13:29:00";90000;90000;;0;;;0;0;0;0;"Estimées";;;;;;;""
2019;1951;"72";"72213";"Mulsanne";"2019-07-29 14:04:00";1500;1500;;0;;;0;0;0;0;"Estimées";;;;;;;""
2019;1028;"37";"37086";"Courcelles-de-Touraine";"2019-07-29 14:26:00";45000;0;;5000;;;5000;0;40000;40000;"Estimées";;;;;;;""
2019;1952;"72";"72231";"Parigné-l'Évêque";"2019-07-29 15:15:00";10000;10000;;0;;;0;0;0;0;"Estimées";;;;;;;""
2019;10395;"11";"11253";"Montolieu";"2019-07-29 15:30:00";10;;;;;;;;;;;;;;;;;""
2019;3128;"40";"40085";"Commensacq";"2019-07-29 15:38:00";45000;45000;;0;;;0;;;0;;;"Naturelle";;;;;""
2019;9918;"13";"13014";"Berre-l'Étang";"2019-07-29 16:16:00";2000;2000;;;;;;;;;;"1";"Involontaire (travaux)";;;;;""
2019;9919;"13";"13081";"Rognac";"2019-07-29 16:21:00";1500;1500;;;;;;;;;;"1";"Accidentelle";;;;;""
2019;13353;"34";"34320";"Vailhauquès";"2019-07-29 17:35:00";15;;15;;;;;;;;;"1";"Involontaire (particulier)";;;;;""
2019;9893;"30";"30346";"Vers-Pont-du-Gard";"2019-07-29 18:21:00";120;;120;;;;;;;;;"1";;;;;;""
2019;3127;"40";"40046";"Biscarrosse";"2019-07-29 18:25:00";22600;22600;;0;;;0;;;0;;;"Naturelle";;;;;""
2019;9956;"34";"34165";"Montbazin";"2019-07-29 18:28:00";1044;;1044;;;;;;;;;"1";"Malveillance";;;;;""
2019;1953;"72";"72196";"Mézières-sur-Ponthouin";"2019-07-29 18:37:00";500;500;;0;;;0;0;0;0;"Estimées";;;;;;;""
2019;9958;"34";"34045";"Cabrières";"2019-07-29 23:01:00";2702;;2702;;;;;;;;;"1";"Malveillance";;;;;""
2019;13600;"66";"66069";"Espira-de-l'Agly";"2019-07-30 05:25:00";15000;15000;;;;;;;;;;"4";"Malveillance";;;;;""
2019;1954;"72";"72231";"Parigné-l'Évêque";"2019-07-30 07:50:00";15000;15000;;0;;;0;0;0;0;"Estimées";;;;;;;""
2019;9963;"13";"13106";"Septèmes-les-Vallons";"2019-07-30 11:45:00";100;100;;;;;;;;;;"1";;;;;;""
2019;10059;"05";"05013";"Barcillonnette";"2019-07-30 12:47:00";3400;;;;;;;;;;;;"Involontaire (travaux)";;;;;""
2019;10396;"11";"11266";"Port-la-Nouvelle";"2019-07-30 12:54:00";10;;;;;;;;;;;;;;;;;""
2019;12141;"30";"30128";"Générac";"2019-07-30 13:26:00";3090840;1580100;510340;;;;;;;1000400;;"4";;;;;;""
2019;6042;"41";"41042";"Châteauvieux";"2019-07-30 16:49:00";20000;0;;5000;;;5000;0;15000;15000;"Estimées";;"Involontaire (travaux)";;;;;""
2019;1955;"72";"72158";"Lavaré";"2019-07-30 17:58:00";200;200;;0;;;0;0;0;0;"Estimées";;;;;;;""
2019;9927;"30";"30350";"Le Vigan";"2019-07-30 18:41:00";3111;3000;111;;;;;;;;;"2";"Involontaire (particulier)";;;;;""
2019;1068;"58";"58087";"Cossaye";"2019-07-30 19:50:00";86647;0;;2369;;;2369;84278;0;84278;"Mesurées";;"Malveillance";;;;;""
2019;9965;"13";"13091";"Saint-Cannat";"2019-07-30 20:24:00";100;100;;;;;;;;;;"1";"Accidentelle";;;;;""
2019;9959;"34";"34213";"Poussan";"2019-07-30 21:12:00";171261;;171261;;;;;;;;;"1";"Malveillance";;;;;""
2019;13605;"66";"66225";"Villelongue-dels-Monts";"2019-07-31 00:20:00";4000;4000;;;;;;;;;;"3";"Malveillance";;;;;""
2019;9966;"13";"13047";"Istres";"2019-07-31 00:31:00";3000;3000;;;;;;;;;;"1";;;;;;""
2019;13606;"66";"66225";"Villelongue-dels-Monts";"2019-07-31 00:47:00";1000;1000;;;;;;;;;;"3";"Malveillance";;;;;""
2019;9967;"13";"13112";"Velaux";"2019-07-31 03:52:00";1000;1000;;;;;;;;;;"1";"Accidentelle";;;;;""
2019;13609;"66";"66115";"Montesquieu-des-Albères";"2019-07-31 04:02:00";200;200;;;;;;;;;;"3";"Malveillance";;;;;""
2019;9968;"13";"13112";"Velaux";"2019-07-31 04:23:00";1500;1500;;;;;;;;;;"1";"Accidentelle";;;;;""
2019;10679;"84";"84034";"Caumont-sur-Durance";"2019-07-31 04:24:00";400;;;;;;;;;;;;;;;;;""
2019;9962;"34";"34268";"Saint-Jean-de-la-Blaquière";"2019-07-31 07:55:00";277;;277;;;;;;;;;"1";;;;;;""
2019;10027;"34";"34183";"Nissan-lez-Enserune";"2019-07-31 10:09:00";3204;;3204;;;;;;;;;"1";"Involontaire (particulier)";;;;;""
2019;10160;"11";"11262";"Narbonne";"2019-07-31 10:51:00";68755;;;;;;;;;;;;;;;;;""
2019;10011;"13";"13085";"Roquefort-la-Bédoule";"2019-07-31 11:33:00";411;411;;;;;;;;;;"1";"Accidentelle";;;;;""
2019;1067;"58";"58289";"Ternant";"2019-07-31 13:03:00";24900;1708;;7501;;;7501;15691;0;15691;"Estimées";;;;;;;""
2019;10012;"13";"13039";"Fos-sur-Mer";"2019-07-31 13:49:00";3000;3000;;;;;;;;;;"1";"Accidentelle";;;;;""
2019;10016;"30";"30169";"Milhaud";"2019-07-31 13:52:00";100;;;;;;;;;;;;;;;;;""
2019;10065;"48";"48194";"Vialas";"2019-07-31 14:27:00";114270;;105070;;;;;;;9200;;"1";"Involontaire (travaux)";;;;;""
2019;1980;"15";"15250";"Vebret";"2019-07-31 15:15:00";20000;0;;20000;;;20000;0;0;0;"Estimées";;;;;;;""
2019;10141;"06";"06065";"La Gaude";"2019-07-31 16:12:00";100;100;;;;;;;;;;"4";"Involontaire (particulier)";;;;;""
2019;6049;"41";"41231";"Saint-Viâtre";"2019-07-31 17:03:00";10;10;;0;;;0;0;0;0;"Estimées";;;;;;;""
2019;1956;"72";"72239";"Poillé-sur-Vègre";"2019-07-31 17:06:00";200;200;;0;;;0;0;0;0;"Estimées";;;;;;;""
2019;1981;"15";"15188";"Saint-Georges";"2019-07-31 17:15:00";4000;0;;4000;;;4000;0;0;0;"Estimées";;;;;;;""
2019;2703;"33";"33284";"Mios";"2019-07-31 17:23:00";500;500;;0;;;0;;;0;;;;;;;;""
2019;2702;"33";"33029";"Le Barp";"2019-07-31 17:42:00";1800;1800;;0;;;0;;;0;;;"Naturelle";;;;;""
2019;11128;"34";"34069";"Cazouls-lès-Béziers";"2019-08-01 06:37:00";565;;;;;;;;;;;;"Accidentelle";;;;;""
2019;10120;"34";"34036";"Le Bosc";"2019-08-01 06:57:00";30;;30;;;;;;;;;"1";"Malveillance";;;;;""
2019;10161;"11";"11024";"Bages";"2019-08-01 07:15:00";300;;;;;;;;;;;;;;;;;""
2019;3126;"40";"40246";"Sabres";"2019-08-01 07:52:00";1;1;;0;;;0;;;0;;;"Naturelle";;;;;""
2019;10051;"13";"13015";"Bouc-Bel-Air";"2019-08-01 08:08:00";50;50;;;;;;;;;;"1";"Involontaire (particulier)";;;;;""
2019;2249;"64";"64024";"Anglet";"2019-08-01 09:28:00";1;1;;0;;;0;;;0;;;"Naturelle";;;;;""
2019;13355;"34";"34146";"Lunel-Viel";"2019-08-01 10:07:00";22418;;22418;;;;;;;;;"1";"Involontaire (particulier)";;;;;""
2019;14202;"34";"34036";"Le Bosc";"2019-08-01 10:32:00";6323;;6323;;;;;;;;;"1";"Malveillance";;;;;""
2019;10122;"34";"34335";"Villemagne-l'Argentière";"2019-08-01 11:28:00";31;;31;;;;;;;;;"1";"Malveillance";;;;;""
2019;10033;"13";"13007";"Auriol";"2019-08-01 11:38:00";200;200;;;;;;;;;;"1";;;;;;""
2019;10279;"2A";"2A191";"Olmiccia";"2019-08-01 12:47:00";10;;10;;;;;;;;;;"Involontaire (particulier)";;;;;""
2019;10093;"2B";"2B112";"Feliceto";"2019-08-01 12:55:00";2000;;;;;;;;;;;;;;;;;""
2019;10062;"05";"05013";"Barcillonnette";"2019-08-01 13:42:00";3400;;;;;;;;;;;;"Involontaire (travaux)";;;;;""
2019;13356;"34";"34213";"Poussan";"2019-08-01 13:52:00";2;;2;;;;;;;;;"1";"Involontaire (travaux)";;;;;""
2019;10124;"34";"34036";"Le Bosc";"2019-08-01 14:24:00";1493;;1493;;;;;;;;;"1";"Malveillance";;;;;""
2019;13354;"34";"34146";"Lunel-Viel";"2019-08-01 14:45:00";1000;;1000;;;;;;;;;"1";"Involontaire (travaux)";;;;;""
2019;14203;"34";"34163";"Montarnaud";"2019-08-01 14:50:00";168;;168;;;;;;;;;"1";"Accidentelle";;;;;""
2019;10280;"2A";"2A271";"Sarrola-Carcopino";"2019-08-01 15:09:00";40;;40;;;;;;;;;;;;;;;""
2019;1851;"69";"69108";"Lancié";"2019-08-01 15:11:00";900;0;;900;;;900;0;0;0;"Estimées";;;;;;;"Données partielles ou non valides"
2019;13620;"66";"66077";"Fenouillet";"2019-08-01 15:54:00";10000;5000;5000;;;;;;;;;"2";;;;;;""
2019;10405;"30";"30064";"Campestre-et-Luc";"2019-08-01 15:59:00";25000;10000;;;;;;;;15000;;"4";"Involontaire (travaux)";;;;;""
2019;10416;"30";"30142";"Laval-Pradel";"2019-08-01 16:47:00";1000;;;;;;;;;;;;"Involontaire (travaux)";;;;;""
2019;11131;"34";"34184";"Nizas";"2019-08-01 17:01:00";1602;;1602;;;;;;;;;"1";;;;;;""
2019;11135;"34";"34069";"Cazouls-lès-Béziers";"2019-08-01 17:43:00";400;;;;;;;;;;;;"Involontaire (travaux)";;;;;""
2019;3279;"47";"47235";"Saint-Colomb-de-Lauzun";"2019-08-01 18:01:00";50;50;;0;;;0;;;0;;;;;;;;""
2019;2701;"33";"33214";"Lacanau";"2019-08-01 18:56:00";2;2;;0;;;0;;;0;;;"Naturelle";;;;;""
2019;2700;"33";"33214";"Lacanau";"2019-08-01 18:59:00";2;2;;0;;;0;;;0;;;"Naturelle";;;;;""
2019;10052;"13";"13047";"Istres";"2019-08-01 19:14:00";30;30;;;;;;;;;;"1";;;;;;""
2019;1982;"15";"15168";"Ruynes-en-Margeride";"2019-08-01 19:15:00";30000;0;;30000;;;30000;0;0;0;"Estimées";;;;;;;""
2019;10111;"83";"83072";"Lorgues";"2019-08-02 03:52:00";300;300;;;;;;;;;;"5";"Involontaire (particulier)";;;;;""
2019;10281;"2A";"2A142";"Levie";"2019-08-02 12:00:00";20;;20;;;;;;;;;;"Involontaire (particulier)";;;;;""
2019;11137;"34";"34178";"Murviel-lès-Béziers";"2019-08-02 13:27:00";130;;130;;;;;;;;;"1";"Malveillance";;;;;""
2019;2699;"33";"33122";"Cestas";"2019-08-02 13:42:00";12000;12000;;0;;;0;;;0;;;"Naturelle";;;;;""
2019;10413;"30";"30341";"Vauvert";"2019-08-02 13:52:00";1625611;1321511;155100;;;;;;;149000;;"4";;;;;;""
2019;10408;"30";"30128";"Générac";"2019-08-02 13:53:00";3218771;;3218771;;;;;;;;;"1";;;;;;""
2019;2697;"33";"33097";"Carcans";"2019-08-02 14:09:00";1000;1000;;0;;;0;;;0;;;"Naturelle";;;;;""
2019;10162;"11";"11266";"Port-la-Nouvelle";"2019-08-02 14:44:00";417765;;;;;;;;;;;;;;;;;""
2019;10493;"07";"07006";"Albon-d'Ardèche";"2019-08-02 14:51:00";16500;0;16500;;;;;;;;;"1";;;;;;""
2019;10412;"30";"30180";"Montignargues";"2019-08-02 15:06:00";94503;54503;20000;;;;;;;20000;;"4";;;;;;""
2019;2695;"33";"33001";"Abzac";"2019-08-02 15:06:00";5000;1000;;0;;;0;;;4000;;;"Accidentelle";;;;;""
2019;1156;"36";"36128";"Montierchaume";"2019-08-02 15:11:00";120000;120000;;0;;;0;0;0;0;"Estimées";;;;;;;""
2019;3848;"18";"18067";"Clémont";"2019-08-02 15:15:00";40000;40000;;0;;;0;0;0;0;"Estimées";;;;;;;""
2019;10601;"34";"34145";"Lunel";"2019-08-02 16:21:00";52989;;52989;;;;;;;;;"1";"Involontaire (particulier)";;;;;""
2019;2694;"33";"33498";"Salles";"2019-08-02 16:27:00";50000;50000;;0;;;0;;;0;;;"Naturelle";;;;;""
2019;10113;"83";"83087";"Nans-les-Pins";"2019-08-02 16:50:00";10;10;;;;;;;;;;"5";"Malveillance";;;;;""
2019;10130;"34";"34015";"Assignan";"2019-08-02 16:54:00";122869;;122869;;;;;;;;;"1";"Involontaire (travaux)";;;;;""
2019;2693;"33";"33498";"Salles";"2019-08-02 17:06:00";40000;40000;;0;;;0;;;0;;;"Naturelle";;;;;""
2019;3981;"86";"86040";"La Bussière";"2019-08-02 17:35:00";5500;0;;500;;;500;5000;0;5000;"Estimées";;;;;;;""
2019;10060;"05";"05013";"Barcillonnette";"2019-08-02 18:17:00";4100;;;;;;;;;;;;"Involontaire (travaux)";;;;;""
2019;2692;"33";"33214";"Lacanau";"2019-08-02 18:31:00";7000;7000;;0;;;0;;;0;;;"Naturelle";;;;;""
2019;11176;"34";"34165";"Montbazin";"2019-08-02 19:33:00";19;;19;;;;;;;;;"1";"Malveillance";;;;;""
2019;10185;"13";"13055";"Marseille";"2019-08-02 19:35:00";500;500;;;;;;;;;;;"Malveillance";;;;;""
2019;10098;"13";"13075";"Plan-de-Cuques";"2019-08-02 19:59:00";50;50;;;;;;;;;;"1";"Malveillance";;;;;""
2019;2691;"33";"33498";"Salles";"2019-08-02 23:12:00";4000;4000;;0;;;0;;;0;;;"Naturelle";;;;;""
2019;10099;"13";"13039";"Fos-sur-Mer";"2019-08-03 02:30:00";3000;3000;;;;;;;;;;"1";"Malveillance";;;;;""
2019;10100;"13";"13039";"Fos-sur-Mer";"2019-08-03 03:19:00";7000;7000;;;;;;;;;;"1";"Malveillance";;;;;""
2019;10494;"07";"07284";"Saint-Pierre-Saint-Jean";"2019-08-03 06:14:00";500;;500;;;;;;;;;"1";;;;;;""
2019;1641;"45";"45072";"Chanteau";"2019-08-03 11:30:00";53000;53000;;0;;;0;0;0;0;"Estimées";;;;;;;""
2019;1334;"17";"17243";"Montlieu-la-Garde";"2019-08-03 11:40:00";500;500;;0;;;0;0;0;0;"Mesurées";;;;;;;""
2019;10101;"13";"13039";"Fos-sur-Mer";"2019-08-03 11:59:00";4000;4000;;;;;;;;;;"1";"Malveillance";;;;;""
2019;2689;"33";"33122";"Cestas";"2019-08-03 13:20:00";55000;55000;;0;;;0;;;0;;;;;;;;""
2019;10282;"2A";"2A269";"Sari-Solenzara";"2019-08-03 14:51:00";15;;15;;;;;;;;;;"Involontaire (particulier)";;;;;""
2019;11138;"34";"34166";"Montblanc";"2019-08-03 15:02:00";206119;;206119;;;;;;;;;"1";"Involontaire (travaux)";;;;;""
2019;10097;"13";"13098";"Saint-Mitre-les-Remparts";"2019-08-03 16:34:00";50;50;;;;;;;;;;"1";"Malveillance";;;;;""
2019;1957;"72";"72215";"Neufchâtel-en-Saosnois";"2019-08-03 17:38:00";40;40;;0;;;0;0;0;0;"Estimées";;;;;;;""
2019;10071;"30";"30268";"Saint-Jean-de-Valériscle";"2019-08-03 17:43:00";250;250;;;;;;;;;;"1";;;;;;""
2019;1283;"58";"58086";"Cosne-Cours-sur-Loire";"2019-08-03 17:54:00";14619;300;;0;;;0;3917;10402;14319;"Estimées";;;;;;;""
2019;10096;"13";"13094";"Saint-Étienne-du-Grès";"2019-08-03 21:43:00";50;50;;;;;;;;;;"1";;;;;;""
2019;10397;"11";"11262";"Narbonne";"2019-08-03 22:11:00";300;;;;;;;;;;;;;;;;;""
2019;13633;"66";"66134";"Passa";"2019-08-03 22:22:00";2000;2000;;;;;;;;;;"4";"Malveillance";;;;;""
2019;13636;"66";"66115";"Montesquieu-des-Albères";"2019-08-04 02:48:00";1500;1500;;;;;;;;;;"3";"Malveillance";;;;;""
2019;13637;"66";"66115";"Montesquieu-des-Albères";"2019-08-04 03:10:00";2000;2000;;;;;;;;;;"3";"Malveillance";;;;;""
2019;10138;"34";"34047";"Campagnan";"2019-08-04 05:29:00";3000;3000;;;;;;;;;;"3";;;;;;""
2019;13639;"66";"66115";"Montesquieu-des-Albères";"2019-08-04 07:48:00";500;500;;;;;;;;;;"3";"Malveillance";;;;;""
2019;10399;"11";"11099";"Conques-sur-Orbiel";"2019-08-04 08:09:00";5;;;;;;;;;;;;;;;;;""
2019;10283;"2A";"2A362";"Zonza";"2019-08-04 10:24:00";455;;455;;;;;;;;;;"Accidentelle";;;;;""
2019;3851;"18";"18067";"Clémont";"2019-08-04 11:48:00";5000;5000;;0;;;0;0;0;0;"Estimées";;;;;;;""
2019;1854;"69";"69176";"Soucieu-en-Jarrest";"2019-08-04 12:02:00";2000;0;;2000;;;2000;0;0;0;"Estimées";;;;;;;"Données partielles ou non valides"
2019;886;"21";"21223";"Daix";"2019-08-04 12:15:00";6623;6623;;0;;;0;0;0;0;"Mesurées";;"Involontaire (particulier)";;;;;""
2019;883;"21";"21523";"Reulle-Vergy";"2019-08-04 13:00:00";31000;1000;;0;;;0;0;30000;30000;"Mesurées";;;;;;;""
2019;10142;"06";"06092";"Peillon";"2019-08-04 13:09:00";300;300;;;;;;;;;;"4";"Involontaire (particulier)";;;;;""
2019;834;"88";"88462";"Le Syndicat";"2019-08-04 14:10:00";3;3;;0;;;0;0;0;0;"Estimées";;;;;;;""
2019;961;"49";"49154";"Grézillé";"2019-08-04 14:30:00";90000;60000;;0;;;0;30000;0;30000;"Estimées";;"Involontaire (particulier)";;;;;""
2019;2687;"33";"33498";"Salles";"2019-08-04 14:38:00";320000;320000;;0;;;0;;;0;;;"Naturelle";;;;;""
2019;1545;"87";"87112";"Pageas";"2019-08-04 14:54:00";200;200;;0;;;0;0;0;0;"Estimées";;;;;;;""
2019;2685;"33";"33073";"Braud-et-Saint-Louis";"2019-08-04 15:01:00";600;600;;0;;;0;;;0;;;"Involontaire (travaux)";;;;;""
2019;3951;"86";"86280";"Vellèches";"2019-08-04 15:05:00";10099;10099;;0;;;0;0;0;0;"Mesurées";;;;;;;""
2019;1983;"15";"15157";"Quézac";"2019-08-04 15:45:00";5000;0;;5000;;;5000;0;0;0;"Estimées";;;;;;;""
2019;10400;"11";"11037";"Berriac";"2019-08-04 16:07:00";1;;;;;;;;;;;;;;;;;""
2019;13640;"66";"66195";"Le Soler";"2019-08-04 16:11:00";10000;;10000;;;;;;;;;"2";"Malveillance";;;;;""
2019;10502;"07";"07267";"Saint-Martial";"2019-08-04 16:12:00";2000;2000;;;;;;;;;;"5";"Naturelle";;;;;""
2019;10131;"34";"34088";"Cournonterral";"2019-08-04 16:58:00";721;;721;;;;;;;;;"1";"Accidentelle";;;;;""
2019;10401;"11";"11210";"Luc-sur-Orbieu";"2019-08-04 17:28:00";30;;;;;;;;;;;;;;;;;""
2019;10143;"06";"06001";"Aiglun";"2019-08-04 17:37:00";500;;300;;;;;;;200;;"1";"Involontaire (particulier)";;;;;""
2019;1645;"45";"45267";"Saint-Aignan-des-Gués";"2019-08-04 20:03:00";15000;0;;15000;;;15000;0;0;0;"Estimées";;;;;;;""
2019;10600;"34";"34143";"Loupian";"2019-08-04 21:05:00";1935;1935;;;;;;;;;;"4";"Accidentelle";;;;;""
2019;1032;"37";"37212";"Sainte-Catherine-de-Fierbois";"2019-08-05 00:46:00";10000;10000;;0;;;0;0;0;0;"Estimées";;;;;;;"Données partielles ou non valides"
2019;11038;"48";"48122";"Quézac";"2019-08-05 03:56:00";5400;5400;;;;;;;;;;"4";;;;;;""
2019;10091;"13";"13026";"Châteauneuf-les-Martigues";"2019-08-05 05:38:00";50;50;;;;;;;;;;"1";"Accidentelle";;;;;""
2019;10172;"83";"83075";"Les Mayons";"2019-08-05 09:07:00";100;100;;;;;;;;0;;"3";"Involontaire (particulier)";;;;;""
2019;3999;"86";"86024";"Béruges";"2019-08-05 11:40:00";2000;2000;;0;;;0;0;0;0;"Estimées";;;;;;;""
2019;11139;"34";"34069";"Cazouls-lès-Béziers";"2019-08-05 13:57:00";603;;;;;;;;;;;;"Malveillance";;;;;""
2019;3124;"40";"40332";"Ychoux";"2019-08-05 14:43:00";1388;1388;;0;;;0;;;0;;;"Involontaire (travaux)";;;;;""
2019;1054;"39";"39510";"Septmoncel les Molunes";"2019-08-05 15:29:00";10000;10000;;0;;;0;0;0;0;"Estimées";;"Involontaire (particulier)";;;;;""
2019;1066;"63";"63430";"Thiers";"2019-08-05 16:11:00";15815;15815;;0;;;0;0;0;0;"Mesurées";;;;;;;""
2019;10173;"83";"83072";"Lorgues";"2019-08-05 16:21:00";300;300;;;;;;;;;;"5";"Malveillance";;;;;""
2019;11039;"48";"48048";"Cheylard-l'Évêque";"2019-08-05 16:25:00";200;;200;;;;;;;;;"5";;;;;;""
2019;1984;"15";"15204";"Saint-Paul-des-Landes";"2019-08-05 17:00:00";2000;0;;2000;;;2000;0;0;0;"Estimées";;;;;;;""
2019;1985;"15";"15122";"Maurs";"2019-08-05 22:00:00";2000;0;;2000;;;2000;0;0;0;"Estimées";;;;;;;""
2019;1034;"37";"37186";"Pont-de-Ruan";"2019-08-05 23:11:00";15000;5000;;0;;;0;0;10000;10000;"Estimées";;;;;;;""
2019;10403;"11";"11069";"Carcassonne";"2019-08-05 23:55:00";50;;;;;;;;;;;;;;;;;""
2019;1648;"45";"45084";"Châtenoy";"2019-08-06 01:00:00";30000;30000;;0;;;0;0;0;0;"Estimées";;;;;;;""
2019;10286;"34";"34232";"Roquebrun";"2019-08-06 08:50:00";154;154;;;;;;;;;;"2";"Accidentelle";;;;;""
2019;10170;"13";"13050";"Lambesc";"2019-08-06 11:28:00";2700;2700;;;;;;;;;;"1";"Involontaire (travaux)";;;;;""
2019;828;"46";"46173";"Limogne-en-Quercy";"2019-08-06 11:30:00";5000;0;;5000;;;5000;0;0;0;"Estimées";;;;;;;""
2019;13647;"66";"66069";"Espira-de-l'Agly";"2019-08-06 12:52:00";25000;25000;;;;;;;;;;"4";;;;;;""
2019;1736;"45";"45268";"Saint-Aignan-le-Jaillard";"2019-08-06 13:37:00";15000;0;;15000;;;15000;0;0;0;"Estimées";;;;;;;""
2019;10507;"07";"07221";"Saint-Cierge-la-Serre";"2019-08-06 13:41:00";20000;;20000;;;;;;;;;"1";"Naturelle";;;;;""
2019;10510;"07";"07117";"Lablachère";"2019-08-06 13:44:00";865800;865800;;;;;;;;;;"4";;;;;;""
2019;10508;"07";"07037";"Borée";"2019-08-06 15:35:00";1000;;1000;;;;;;;;;"1";"Naturelle";;;;;""
2019;10511;"07";"07247";"Saint-Jean-le-Centenier";"2019-08-06 16:30:00";7000;;;;;;;;;;;"1";;;;;;""
2019;1986;"15";"15141";"Neussargues en Pinatelle";"2019-08-06 17:15:00";50000;0;;50000;;;50000;0;0;0;"Estimées";;;;;;;""
2019;10512;"07";"07006";"Albon-d'Ardèche";"2019-08-06 17:16:00";600;;600;;;;;;;;;"1";;;;;;""
2019;14055;"07";"07053";"Chandolas";"2019-08-06 17:17:00";200;;200;;;;;;;;;"1";;;;;;""
2019;10184;"13";"13071";"Les Pennes-Mirabeau";"2019-08-06 17:35:00";20;20;;;;;;;;;;"1";;;;;;""
2019;10452;"34";"34322";"Valflaunès";"2019-08-06 17:50:00";6928;6928;;;;;;;;;;"4";"Involontaire (particulier)";;;;;""
2019;10407;"30";"30239";"Sainte-Cécile-d'Andorge";"2019-08-06 18:04:00";200;;;;;;;;;;;;;;;;;""
2019;10186;"13";"13056";"Martigues";"2019-08-06 19:54:00";50;50;;;;;;;;;;"1";"Involontaire (particulier)";;;;;""
2019;1988;"15";"15005";"Anglards-de-Saint-Flour";"2019-08-06 22:00:00";30000;0;;30000;;;30000;0;0;0;"Estimées";;;;;;;""
2019;10238;"2B";"2B025";"Avapessa";"2019-08-07 04:21:00";57;;57;;;;;;;;;;"Malveillance";;;;;""
2019;10239;"2B";"2B025";"Avapessa";"2019-08-07 05:07:00";1000;;1000;;;;;;;;;;"Malveillance";;;;;""
2019;10240;"2B";"2B290";"Speloncato";"2019-08-07 05:55:00";15;;15;;;;;;;;;;"Malveillance";;;;;""
2019;10241;"2B";"2B352";"Ville-di-Paraso";"2019-08-07 06:08:00";10;;10;;;;;;;;;;"Malveillance";;;;;""
2019;10455;"34";"34322";"Valflaunès";"2019-08-07 06:34:00";13000;;;;;;;;;;;;"Involontaire (travaux)";;;;;""
2019;11041;"48";"48134";"Saint-Andéol-de-Clerguemort";"2019-08-07 10:27:00";5;5;;;;;;;;;;"5";"Naturelle";;;;;""
2019;11042;"48";"48148";"Saint-Étienne-Vallée-Française";"2019-08-07 11:21:00";20;20;;;;;;;;;;"4";"Naturelle";;;;;""
2019;892;"46";"46152";"Lamothe-Fénelon";"2019-08-07 11:45:00";300;0;;300;;;300;0;0;0;"Estimées";;;;;;;""
2019;12142;"30";"30128";"Générac";"2019-08-07 11:49:00";10;;10;;;;;;;;;"1";"Involontaire (travaux)";;;;;""
2019;10741;"83";"83139";"Tourtour";"2019-08-07 15:03:00";22000;22000;;;;;;;;;;"5";"Malveillance";;;;;""
2019;13279;"84";"84008";"Le Barroux";"2019-08-07 18:00:00";40000;;;;;;;;;;;;;;;;;""
2019;1987;"15";"15080";"Joursac";"2019-08-07 19:15:00";5000;0;;5000;;;5000;0;0;0;"Estimées";;;;;;;""
2019;2678;"33";"33225";"Landiras";"2019-08-07 20:22:00";2000;2000;;0;;;0;;;0;;;;;;;;""
2019;10742;"83";"83039";"Châteauvert";"2019-08-07 22:59:00";100;100;;;;;;;;;;"4";"Accidentelle";;;;;""
2019;3271;"47";"47215";"Pujols";"2019-08-08 10:23:00";10;10;;0;;;0;;;0;;;;;;;;""
2019;11468;"84";"84143";"Venasque";"2019-08-08 11:10:00";3446;430;216;;;;;;;2800;;"1";"Involontaire (travaux)";;;;;""
2019;1547;"87";"87203";"Vicq-sur-Breuilh";"2019-08-08 11:14:00";200;200;;0;;;0;0;0;0;"Estimées";;;;;;;""
2019;10473;"34";"34268";"Saint-Jean-de-la-Blaquière";"2019-08-08 11:27:00";149615;;149615;;;;;;;;;"1";"Malveillance";;;;;""
2019;10274;"13";"13106";"Septèmes-les-Vallons";"2019-08-08 11:46:00";40;40;;;;;;;;;;"1";;;;;;""
2019;10743;"2A";"2A362";"Zonza";"2019-08-08 12:18:00";20;;20;;;;;;;;;;;;;;;""
2019;10599;"34";"34213";"Poussan";"2019-08-08 12:34:00";15240;;15240;;;;;;;;;"1";"Malveillance";;;;;""
2019;10242;"2B";"2B143";"Linguizzetta";"2019-08-08 12:39:00";300;;300;;;;;;;;;;;;;;;""
2019;3061;"33";"33115";"Cazalis";"2019-08-08 13:06:00";40000;40000;;0;;;0;;;0;;;"Naturelle";;;;;""
2019;3060;"33";"33329";"Pompéjac";"2019-08-08 13:54:00";2000;2000;;0;;;0;;;0;;;"Accidentelle";;;;;""
2019;1548;"87";"87150";"Saint-Hilaire-les-Places";"2019-08-08 14:06:00";1000;1000;;0;;;0;0;0;0;"Estimées";;;;;;;""
2019;10572;"26";"26202";"Montjoux";"2019-08-08 14:14:00";12450;11205;1245;;;;;;;;;"2";"Involontaire (travaux)";;;;;""
2019;10744;"83";"83062";"La Garde";"2019-08-08 14:29:00";10000;10000;;;;;;;;;;"4";"Malveillance";;;;;""
2019;10243;"13";"13047";"Istres";"2019-08-08 14:51:00";1000;1000;;;;;;;;;;"1";"Involontaire (particulier)";;;;;""
2019;10404;"11";"11203";"Lézignan-Corbières";"2019-08-08 15:24:00";83281;;;;;;;;;;;;;;;;;""
2019;1335;"17";"17243";"Montlieu-la-Garde";"2019-08-08 16:52:00";1500;1500;;0;;;0;0;0;0;"Mesurées";;;;;;;""
2019;1989;"15";"15004";"Andelat";"2019-08-08 18:00:00";5000;0;;5000;;;5000;0;0;0;"Estimées";;;;;;;""
2019;10745;"2A";"2A351";"Villanova";"2019-08-08 23:18:00";80;;80;;;;;;;;;"1";;;;;;""
2019;10483;"34";"34172";"Montpellier";"2019-08-09 02:38:00";36;;36;;;;;;;;;"1";"Accidentelle";;;;;""
2019;10428;"13";"13004";"Arles";"2019-08-09 10:30:00";20000;20000;;;;;;;;;;"1";;;;;;""
2019;10284;"13";"13056";"Martigues";"2019-08-09 10:35:00";100;100;;;;;;;;;;"1";"Involontaire (particulier)";;;;;""
2019;10497;"2B";"2B049";"Calenzana";"2019-08-09 11:16:00";10;;;;;;;;;;;;"Accidentelle";;;;;""
2019;11589;"34";"34184";"Nizas";"2019-08-09 12:06:00";29;;29;;;;;;;;;"1";"Accidentelle";;;;;""
2019;2312;"64";"64289";"La Bastide-Clairence";"2019-08-09 12:52:00";1;0;;1;;;1;;;0;;;;;;;;""
2019;895;"46";"46310";"Soulomès";"2019-08-09 12:56:00";100;0;;100;;;100;0;0;0;"Estimées";;;;;;;""
2019;1550;"87";"87106";"Nexon";"2019-08-09 14:20:00";3000;3000;;0;;;0;0;0;0;"Estimées";;;;;;;""
2019;896;"46";"46010";"Aujols";"2019-08-09 15:10:00";30000;0;;30000;;;30000;0;0;0;"Estimées";;;;;;;""
2019;1990;"15";"15250";"Vebret";"2019-08-09 16:00:00";60000;0;;60000;;;60000;0;0;0;"Estimées";;;;;;;""
2019;10737;"04";"04112";"Manosque";"2019-08-09 18:41:00";700;;;;;;;;;;;;;;;;;""
2019;11064;"11";"11325";"Rouffiac-d'Aude";"2019-08-09 21:44:00";500;;;;;;;;;;;;;;;;;""
2019;14217;"48";"48095";"Mende";"2019-08-10 08:49:00";300;;300;;;;;;;;;;"Naturelle";;;;;""
2019;10641;"04";"04113";"Marcoux";"2019-08-10 12:42:00";287800;254700;33100;;;;;;;;;"5";"Involontaire (particulier)";;;;;""
2019;14154;"11";"11435";"Villerouge-Termenès";"2019-08-10 16:51:00";4;;;;;;;;;;;;;;;;;""
2019;10425;"13";"13066";"Noves";"2019-08-10 17:42:00";1000;1000;;;;;;;;;;"1";;;;;;""
2019;10710;"2B";"2B124";"Ghisoni";"2019-08-10 17:52:00";1200;;;;;;;;;;;;"Involontaire (particulier)";;;;;""
2019;11065;"11";"11122";"Douzens";"2019-08-10 18:22:00";12882;;;;;;;;;;;;;;;;;""
2019;1035;"37";"37178";"Panzoult";"2019-08-10 19:10:00";10000;10000;;0;;;0;0;0;0;"Estimées";;;;;;;""
2019;10426;"13";"13100";"Saint-Rémy-de-Provence";"2019-08-10 22:13:00";50;50;;;;;;;;;;"1";"Accidentelle";;;;;""
2019;10427;"13";"13100";"Saint-Rémy-de-Provence";"2019-08-10 22:13:00";30;30;;;;;;;;;;"1";"Accidentelle";;;;;""
2019;10448;"30";"30033";"Beauvoisin";"2019-08-11 01:02:00";9200;;;;;;;;;;;;;;;;;""
2019;10432;"13";"13071";"Les Pennes-Mirabeau";"2019-08-11 01:03:00";100;100;;;;;;;;;;"1";"Accidentelle";;;;;""
2019;11067;"11";"11379";"Sigean";"2019-08-11 02:04:00";2390;;;;;;;;;;;;;;;;;""
2019;10746;"2A";"2A142";"Levie";"2019-08-11 10:58:00";20;;20;;;;;;;;;;"Involontaire (particulier)";;;;;""
2019;10582;"34";"34056";"Castelnau-de-Guers";"2019-08-11 11:18:00";602;;602;;;;;;;;;"1";"Malveillance";;;;;""
2019;11174;"34";"34088";"Cournonterral";"2019-08-11 11:20:00";29;29;;;;;;;;;;"4";"Malveillance";;;;;""
2019;10764;"83";"83091";"Pierrefeu-du-Var";"2019-08-11 12:24:00";100;100;;;;;;;;;;"1";"Accidentelle";;;;;""
2019;10444;"13";"13040";"Fuveau";"2019-08-11 15:21:00";100;100;;;;;;;;;;"1";"Accidentelle";;;;;""
2019;10583;"34";"34143";"Loupian";"2019-08-11 17:50:00";11705;;;;;;;;;;;"1";"Involontaire (particulier)";;;;;""
2019;897;"46";"46011";"Autoire";"2019-08-11 18:51:00";100;0;;100;;;100;0;0;0;"Estimées";;"Accidentelle";;;;;""
2019;10584;"34";"34277";"Saint-Maurice-Navacelles";"2019-08-11 20:05:00";19756;;19756;;;;;;;;;"1";;;;;;""
2019;11068;"11";"11212";"Mailhac";"2019-08-12 12:20:00";2500;;;;;;;;;;;;;;;;;""
2019;10644;"04";"04092";"La Garde";"2019-08-12 14:48:00";200;;;;;;;;;;;;"Naturelle";;;;;""
2019;10769;"83";"83113";"Saint-Julien";"2019-08-12 15:42:00";50;50;;;;;;;;;;"2";"Naturelle";;;;;""
2019;3952;"86";"86233";"Valdivienne";"2019-08-12 15:53:00";20000;0;;20000;;;20000;0;0;0;"Estimées";;;;;;;""
2019;10774;"83";"83109";"La Roque-Esclapon";"2019-08-12 16:04:00";100;100;;;;;;;;;;"4";"Naturelle";;;;;""
2019;10521;"13";"13092";"Saint-Chamas";"2019-08-12 16:34:00";150;150;;;;;;;;;;"1";;;;;;""
2019;10898;"34";"34056";"Castelnau-de-Guers";"2019-08-12 17:47:00";85000;;85000;;;;;;;;;"1";"Involontaire (travaux)";;;;;""
2019;11069;"11";"11188";"La Palme";"2019-08-12 17:59:00";4;;;;;;;;;;;;;;;;;""
2019;12143;"30";"30071";"Cassagnoles";"2019-08-12 18:17:00";29381;29381;;;;;;;;;;"3";;;;;;""
2019;10900;"34";"34032";"Béziers";"2019-08-12 19:53:00";52;;52;;;;;;;;;"1";"Malveillance";;;;;""
2019;10775;"83";"83035";"Le Castellet";"2019-08-12 20:13:00";20;20;;;;;;;;;;"6";"Malveillance";;;;;""
2019;10903;"34";"34032";"Béziers";"2019-08-12 21:18:00";17;;17;;;;;;;;;"1";"Malveillance";;;;;""
2019;10592;"34";"34322";"Valflaunès";"2019-08-12 22:35:00";884;884;;;;;;;;;;"4";"Malveillance";;;;;""
2019;13657;"66";"66016";"Banyuls-sur-Mer";"2019-08-12 22:43:00";2000;2000;;;;;;;;;;"4";"Involontaire (particulier)";;;;;""
2019;10518;"13";"13056";"Martigues";"2019-08-12 23:21:00";300;300;;;;;;;;;;"1";"Malveillance";;;;;""
2019;11071;"11";"11286";"Peyriac-Minervois";"2019-08-12 23:48:00";389;;;;;;;;;;;;;;;;;""
2019;11070;"11";"11286";"Peyriac-Minervois";"2019-08-12 23:48:00";120;;;;;;;;;;;;;;;;;""
2019;10519;"13";"13051";"Lançon-Provence";"2019-08-12 23:53:00";38700;38700;;;;;;;;;;"1";;;;;;""
2019;11072;"11";"11396";"Trausse";"2019-08-13 00:23:00";165;;;;;;;;;;;;;;;;;""
2019;11073;"11";"11081";"Caunes-Minervois";"2019-08-13 00:23:00";3248;;;;;;;;;;;;;;;;;""
2019;10776;"83";"83035";"Le Castellet";"2019-08-13 02:52:00";600;600;;;;;;;;;;"6";"Malveillance";;;;;""
2019;11478;"84";"84017";"Bédoin";"2019-08-13 04:54:00";500;500;;;;;;;;;;"4";"Malveillance";;;;;""
2019;10777;"83";"83048";"La Croix-Valmer";"2019-08-13 08:27:00";470;470;;;;;;;;;;"4";"Malveillance";;;;;""
2019;10522;"13";"13004";"Arles";"2019-08-13 09:45:00";300;300;;;;;;;;;;"1";;;;;;""
2019;10575;"30";"30071";"Cassagnoles";"2019-08-13 13:42:00";200;200;;;;;;;;;;"3";"Involontaire (travaux)";;;;;""
2019;10624;"30";"30176";"Montdardier";"2019-08-13 13:42:00";4191;;;;;;;;;;;;"Involontaire (travaux)";;;;;""
2019;10780;"83";"83104";"Rians";"2019-08-13 15:59:00";2200;2200;;;;;;;;;;"5";"Accidentelle";;;;;""
2019;13658;"66";"66182";"Sainte-Marie-la-Mer";"2019-08-13 16:47:00";5000;;5000;;;;;;;;;"1";"Malveillance";;;;;""
2019;14206;"07";"07024";"Banne";"2019-08-13 17:25:00";30000;30000;;;;;;;;;;"4";;;;;;""
2019;14207;"07";"07024";"Banne";"2019-08-13 17:25:00";30000;30000;;;;;;;;;;"4";;;;;;""
2019;10573;"13";"13106";"Septèmes-les-Vallons";"2019-08-13 18:40:00";20;20;;;;;;;;;;"1";;;;;;""
2019;10750;"2A";"2A247";"Porto-Vecchio";"2019-08-13 19:00:00";70;;70;;;;;;;;;"1";;;;;;""
2019;13659;"66";"66212";"Torreilles";"2019-08-13 19:15:00";5000;;5000;;;;;;;;;"1";"Malveillance";;;;;""
2019;1958;"72";"72094";"Coudrecieux";"2019-08-13 20:20:00";20;20;;0;;;0;0;0;0;"Estimées";;;;;;;""
2019;13280;"84";"84119";"Saint-Saturnin-lès-Avignon";"2019-08-13 20:26:00";8100;8100;;;;;;;;;;"4";"Involontaire (particulier)";;;;;""
2019;10621;"07";"07156";"Meyras";"2019-08-13 21:58:00";100;;100;;;;;;;;;"1";;;;;;""
2019;13661;"66";"66224";"Villelongue-de-la-Salanque";"2019-08-13 22:45:00";20000;;20000;;;;;;;;;"1";"Malveillance";;;;;""
2019;10626;"30";"30176";"Montdardier";"2019-08-14 01:02:00";42676;;42676;;;;;;;;;"1";;;;;;""
2019;12146;"30";"30176";"Montdardier";"2019-08-14 01:02:00";100;;100;;;;;;;;;"2";"Involontaire (travaux)";;;;;""
2019;11074;"11";"11037";"Berriac";"2019-08-14 01:17:00";1000;;;;;;;;;;;;;;;;;""
2019;11076;"11";"11081";"Caunes-Minervois";"2019-08-14 03:34:00";500;;;;;;;;;;;;;;;;;""
2019;11078;"11";"11081";"Caunes-Minervois";"2019-08-14 03:34:00";1;;;;;;;;;;;;;;;;;""
2019;11075;"11";"11081";"Caunes-Minervois";"2019-08-14 03:34:00";120;;;;;;;;;;;;;;;;;""
2019;10752;"2A";"2A276";"Serra-di-Ferro";"2019-08-14 03:50:00";50;;50;;;;;;;;;;;;;;;""
2019;11479;"84";"84017";"Bédoin";"2019-08-14 04:17:00";1100;1100;;;;;;;;;;"2";"Malveillance";;;;;""
2019;11480;"84";"84030";"Caromb";"2019-08-14 04:21:00";500;;;;;;;;;;;;;;;;;""
2019;11048;"05";"05123";"La Roche-des-Arnauds";"2019-08-14 05:48:00";70400;70400;;;;;;;;;;"5";"Naturelle";;;;;""
2019;10713;"2B";"2B079";"Castello-di-Rostino";"2019-08-14 11:48:00";120000;50000;70000;;;;;;;;;"1";"Malveillance";;;;;""
2019;962;"49";"49180";"Longué-Jumelles";"2019-08-14 12:00:00";70000;60000;;0;;;0;10000;0;10000;"Estimées";;"Involontaire (travaux)";;;;;""
2019;10784;"83";"83063";"La Garde-Freinet";"2019-08-14 12:14:00";100;100;;;;;;;;;;"5";"Involontaire (particulier)";;;;;""
2019;10738;"34";"34163";"Montarnaud";"2019-08-14 12:49:00";238;;;;;;;;;;;"1";"Accidentelle";;;;;""
2019;1991;"15";"15092";"Lanobre";"2019-08-14 14:45:00";10000;0;;10000;;;10000;0;0;0;"Estimées";;;;;;;""
2019;13662;"66";"66212";"Torreilles";"2019-08-14 15:37:00";20000;;20000;;;;;;;;;"1";"Malveillance";;;;;""
2019;10698;"11";"11248";"Montirat";"2019-08-14 15:57:00";11028800;;;;;;;;;;;;;;;;;""
2019;3856;"18";"18105";"Gron";"2019-08-14 16:04:00";5000;0;;5000;;;5000;0;0;0;"Estimées";;;;;;;""
2019;11173;"34";"34163";"Montarnaud";"2019-08-14 16:07:00";100;;;;;;;;;;;;"Involontaire (travaux)";;;;;""
2019;4026;"77";"77006";"Arbonne-la-Forêt";"2019-08-14 16:20:00";4800;4800;;0;;;0;0;0;0;"Estimées";;"Malveillance";;;;;""
2019;11950;"11";"11196";"Laurac";"2019-08-14 16:30:00";5;;;;;;;;;;;;;;;;;""
2019;10916;"34";"34226";"Quarante";"2019-08-14 16:44:00";1717700;;1717700;;;;;;;;;"1";"Involontaire (travaux)";;;;;""
2019;13663;"66";"66224";"Villelongue-de-la-Salanque";"2019-08-14 17:01:00";180000;;180000;;;;;;;;;"1";"Malveillance";;;;;""
2019;11333;"13";"13001";"Aix-en-Provence";"2019-08-14 17:53:00";1395;395;1000;;;;;;;;;"1";"Involontaire (particulier)";;;;;""
2019;13664;"66";"66226";"Villemolaque";"2019-08-14 18:25:00";40000;30000;10000;;;;;;;;;"4";"Accidentelle";;;;;""
2019;1993;"15";"15015";"Auzers";"2019-08-14 18:45:00";10000;0;;10000;;;10000;0;0;0;"Estimées";;;;;;;""
2019;1992;"15";"15250";"Vebret";"2019-08-14 19:15:00";2500;0;;2500;;;2500;0;0;0;"Estimées";;;;;;;""
2019;10917;"34";"34291";"Saint-Vincent-d'Olargues";"2019-08-14 19:27:00";124;;;;;;;;;;;"1";;;;;;""
2019;10755;"34";"34337";"Villeneuve-lès-Maguelone";"2019-08-14 20:50:00";1132;;;;;;;;;;;"1";"Malveillance";;;;;""
2019;3049;"33";"33090";"Canéjan";"2019-08-14 21:19:00";600;600;;0;;;0;;;0;;;;;;;;""
2019;11331;"13";"13103";"Salon-de-Provence";"2019-08-14 22:09:00";82100;80000;2100;;;;;;;;;"1";"Involontaire (particulier)";;;;;""
2019;13665;"66";"66115";"Montesquieu-des-Albères";"2019-08-15 00:38:00";15000;10000;5000;;;;;;;;;"3";"Malveillance";;;;;""
2019;10646;"30";"30108";"L'Estréchure";"2019-08-15 04:37:00";10000;10000;;;;;;;;;;"3";;;;;;""
2019;13666;"66";"66143";"Planèzes";"2019-08-15 05:19:00";3000;3000;;;;;;;;;;"2";"Malveillance";;;;;""
2019;13667;"66";"66084";"Fourques";"2019-08-15 05:35:00";5000;5000;;;;;;;;;;"2";"Malveillance";;;;;""
2019;11195;"34";"34178";"Murviel-lès-Béziers";"2019-08-15 13:24:00";35093;;;;;;;;;;;"1";"Malveillance";;;;;""
2019;11332;"13";"13118";"Coudoux";"2019-08-15 13:28:00";11000;10000;1000;;;;;;;;;"1";"Involontaire (particulier)";;;;;""
2019;12144;"30";"30108";"L'Estréchure";"2019-08-15 13:47:00";1000;1000;;;;;;;;;;"3";"Involontaire (travaux)";;;;;""
2019;10754;"2A";"2A062";"Carbuccia";"2019-08-15 15:09:00";15;;15;;;;;;;;;;;;;;;""
2019;10789;"83";"83115";"Sainte-Maxime";"2019-08-15 17:40:00";50;50;;;;;;;;;;"5";"Involontaire (particulier)";;;;;""
2019;11043;"48";"48122";"Quézac";"2019-08-15 17:45:00";10;;10;;;;;;;;;"1";"Malveillance";;;;;""
2019;11760;"26";"26099";"Colonzelle";"2019-08-15 18:57:00";2000;2000;;;;;;;;0;;"2";;;;;;""
2019;10766;"34";"34114";"Gignac";"2019-08-16 02:10:00";4600;;4600;;;;;;;;;"1";"Malveillance";;;;;""
2019;11172;"34";"34114";"Gignac";"2019-08-16 02:10:00";254;;;;;;;;;;;"1";"Malveillance";;;;;""
2019;13357;"34";"34114";"Gignac";"2019-08-16 02:10:00";358;;358;;;;;;;;;"1";"Malveillance";;;;;""
2019;11335;"13";"13101";"Saint-Savournin";"2019-08-16 02:12:00";500;250;250;;;;;;;;;"1";;;;;;""
2019;1959;"72";"72181";"Le Mans";"2019-08-16 03:31:00";20;20;;0;;;0;0;0;0;"Estimées";;;;;;;""
2019;10699;"06";"06130";"Saint-Vallier-de-Thiey";"2019-08-16 15:55:00";300;;;;;;;;;;;"1";"Accidentelle";;;;;""
2019;11079;"11";"11426";"Villegly";"2019-08-16 17:56:00";7600;;;;;;;;;;;;;;;;;""
2019;11334;"13";"13081";"Rognac";"2019-08-16 18:44:00";2000;500;1500;;;;;;;;;"1";"Involontaire (particulier)";;;;;""
2019;3047;"33";"33018";"Val de Virvée";"2019-08-16 18:55:00";2000;2000;;0;;;0;;;0;;;;;;;;""
2019;10949;"34";"34107";"Fraisse-sur-Agout";"2019-08-17 12:01:00";2303;;;;;;;;;;;"1";;;;;;""
2019;10793;"83";"83025";"Brue-Auriac";"2019-08-17 13:10:00";13000;13000;;;;;;;;;;"2";"Involontaire (travaux)";;;;;""
2019;12147;"30";"30085";"Collias";"2019-08-17 13:39:00";300;;300;;;;;;;;;"1";;;;;;""
2019;11080;"11";"11069";"Carcassonne";"2019-08-17 13:51:00";1000;;;;;;;;;;;;;;;;;""
2019;11761;"26";"26247";"Ponsas";"2019-08-17 14:36:00";39700;39700;;;;;;;;0;;"2";"Accidentelle";;;;;""
2019;10954;"34";"34260";"Saint-Gervais-sur-Mare";"2019-08-17 14:47:00";1814;1814;;;;;;;;;;"2";"Malveillance";;;;;""
2019;12148;"30";"30085";"Collias";"2019-08-17 15:00:00";20;0;20;;;;;;;;;"1";;;;;;""
2019;12355;"30";"30085";"Collias";"2019-08-17 15:59:00";10;;;;;;;;;;;"1";;;;;;""
2019;11081;"11";"11262";"Narbonne";"2019-08-17 16:03:00";1350;;;;;;;;;;;;;;;;;""
2019;10796;"13";"13055";"Marseille";"2019-08-17 16:53:00";2000;;2000;;;;;;;;;"1";;;;;;""
2019;11762;"26";"26022";"Ballons";"2019-08-17 17:01:00";26000;26000;;;;;;;;0;;"6";"Involontaire (travaux)";;;;;""
2019;12356;"30";"30085";"Collias";"2019-08-17 17:02:00";30;;;;;;;;;;;"1";;;;;;""
2019;11491;"84";"84046";"Flassan";"2019-08-17 17:40:00";900;900;;;;;;;;;;"4";;;;;;""
2019;12149;"30";"30176";"Montdardier";"2019-08-17 23:34:00";100;;100;;;;;;;;;"2";"Involontaire (travaux)";;;;;""
2019;11765;"26";"26377";"Vinsobres";"2019-08-18 01:56:00";3000;3000;;;;;;;;;;;;;;;;""
2019;11082;"11";"11099";"Conques-sur-Orbiel";"2019-08-18 06:08:00";300;;;;;;;;;;;;;;;;;""
2019;3045;"33";"33190";"Goualade";"2019-08-18 08:28:00";4000;4000;;0;;;0;;;0;;;;;;;;""
2019;13668;"66";"66217";"Trouillas";"2019-08-18 12:31:00";24000;24000;;;;;;;;;;"2";"Malveillance";;;;;""
2019;10756;"2A";"2A066";"Cargiaca";"2019-08-18 13:57:00";1265;;1265;;;;;;;;;"1";"Involontaire (particulier)";;;;;""
2019;11774;"07";"07236";"Saint-Félicien";"2019-08-18 17:23:00";3000;;3000;;;;;;;;;"1";"Involontaire (travaux)";;;;;""
2019;11083;"11";"11099";"Conques-sur-Orbiel";"2019-08-18 18:37:00";1000;;;;;;;;;;;;;;;;;""
2019;3043;"33";"33090";"Canéjan";"2019-08-18 20:20:00";20;20;;0;;;0;;;0;;;;;;;;""
2019;11493;"84";"84047";"Gargas";"2019-08-19 03:31:00";500;500;;;;;;;;;;"4";"Malveillance";;;;;""
2019;10801;"04";"04209";"Sisteron";"2019-08-19 13:14:00";20000;5200;14800;;;;;;;;;"3";"Involontaire (travaux)";;;;;""
2019;11305;"83";"83107";"Roquebrune-sur-Argens";"2019-08-19 14:47:00";50000;5000;;;;;;;;45000;;"1";"Involontaire (particulier)";;;;;""
2019;10803;"06";"06074";"Lantosque";"2019-08-19 15:53:00";500;;;;;;;;;;;"1";"Naturelle";;;;;""
2019;12111;"07";"07212";"Saint-André-en-Vivarais";"2019-08-19 15:55:00";200;;200;;;;;;;;;"1";;;;;;""
2019;11352;"2A";"2A006";"Alata";"2019-08-19 16:41:00";54;;54;;;;;;;;;"1";;;;;;""
2019;1006;"88";"88160";"Épinal";"2019-08-19 17:49:00";10;10;;0;;;0;0;0;0;"Estimées";;;;;;;""
2019;2145;"64";"64317";"Larressore";"2019-08-19 20:04:00";5;0;;5;;;5;;;0;;;"Involontaire (particulier)";;;;;""
2019;11084;"11";"11370";"Salles-d'Aude";"2019-08-19 22:47:00";150;;;;;;;;;;;;;;;;;""
2019;10843;"06";"06072";"Ilonse";"2019-08-20 13:05:00";100;;;;;;;;;;;"1";"Involontaire (particulier)";;;;;""
2019;3953;"86";"86202";"La Puye";"2019-08-20 18:26:00";20000;0;;20000;;;20000;0;0;0;"Estimées";;;;;;;""
2019;13669;"66";"66115";"Montesquieu-des-Albères";"2019-08-21 00:08:00";20000;20000;;;;;;;;;;"3";"Malveillance";;;;;""
2019;13670;"66";"66115";"Montesquieu-des-Albères";"2019-08-21 00:25:00";2000;;2000;;;;;;;;;"1";"Malveillance";;;;;""
2019;11353;"2A";"2A070";"Casaglione";"2019-08-21 01:00:00";3000;;3000;;;;;;;;;;"Accidentelle";;;;;""
2019;3039;"33";"33310";"Origne";"2019-08-21 08:21:00";30000;30000;;0;;;0;;;0;;;;;;;;""
2019;12150;"30";"30140";"Lasalle";"2019-08-21 11:29:00";20;20;;;;;;;;;;"1";"Accidentelle";;;;;""
2019;1960;"72";"72158";"Lavaré";"2019-08-21 12:43:00";10000;10000;;0;;;0;0;0;0;"Estimées";;;;;;;""
2019;2126;"03";"03205";"Périgny";"2019-08-21 13:17:00";31500;1500;;0;;;0;15000;15000;30000;"Mesurées";;;;;;;""
2019;997;"46";"46063";"Castelnau Montratier-Sainte Alauzie";"2019-08-21 13:28:00";150;0;;150;;;150;0;0;0;"Estimées";;;;;;;""
2019;1057;"37";"37221";"Saint-Hippolyte";"2019-08-21 14:39:00";65000;0;;15000;;;15000;0;50000;50000;"Estimées";;;;;;;""
2019;998;"46";"46117";"Gagnac-sur-Cère";"2019-08-21 15:48:00";1000;0;;1000;;;1000;0;0;0;"Estimées";;;;;;;""
2019;11336;"13";"13032";"Éguilles";"2019-08-21 15:50:00";200;100;100;;;;;;;;;"1";"Involontaire (particulier)";;;;;""
2019;11339;"13";"13113";"Venelles";"2019-08-21 17:34:00";350;250;100;;;;;;;;;"1";;;;;;""
2019;12151;"30";"30189";"Nîmes";"2019-08-21 18:04:00";20;20;;;;;;;;;;"4";"Involontaire (particulier)";;;;;""
2019;3266;"47";"47089";"Esclottes";"2019-08-21 18:46:00";15000;15000;;0;;;0;;;0;;;;;;;;""
2019;3035;"33";"33501";"Saucats";"2019-08-21 19:34:00";150;150;;0;;;0;;;0;;;"Accidentelle";;;;;""
2019;11085;"11";"11262";"Narbonne";"2019-08-21 21:56:00";800;;;;;;;;;;;;;;;;;""
2019;11086;"11";"11145";"Fleury";"2019-08-22 01:01:00";2;;;;;;;;;;;;;;;;;""
2019;3034;"33";"33310";"Origne";"2019-08-22 06:17:00";10000;10000;;0;;;0;;;0;;;;;;;;""
2019;13672;"66";"66014";"Baixas";"2019-08-22 06:30:00";35000;;35000;;;;;;;;;"1";"Malveillance";;;;;""
2019;11046;"30";"30176";"Montdardier";"2019-08-22 09:09:00";5;;;;;;;;;;;"1";;;;;;""
2019;3033;"33";"33333";"Le Porge";"2019-08-22 11:01:00";10;10;;0;;;0;;;0;;;;;;;;""
2019;11340;"13";"13030";"Cuges-les-Pins";"2019-08-22 11:38:00";200;200;;;;;;;;;;"1";;;;;;""
2019;1014;"88";"88011";"Arches";"2019-08-22 11:54:00";1;1;;0;;;0;0;0;0;"Estimées";;;;;;;""
2019;11057;"04";"04040";"Le Castellard-Mélan";"2019-08-22 12:00:00";4600;1300;;;;;;;;3300;;;"Involontaire (travaux)";;;;;""
2019;13772;"66";"66088";"Ille-sur-Têt";"2019-08-22 12:16:00";50000;;50000;;;;;;;;;"1";"Involontaire (travaux)";;;;;""
2019;1552;"87";"87019";"Boisseuil";"2019-08-22 14:01:00";10000;0;;10000;;;10000;0;0;0;"Estimées";;;;;;;""
2019;11354;"2A";"2A100";"Cristinacce";"2019-08-22 14:54:00";400;;400;;;;;;;;;;"Naturelle";;;;;""
2019;11355;"2A";"2A362";"Zonza";"2019-08-22 14:58:00";20;;20;;;;;;;;;;"Naturelle";;;;;""
2019;1286;"58";"58276";"Sémelay";"2019-08-22 15:03:00";43300;43300;;0;;;0;0;0;0;"Mesurées";;;;;;;""
2019;11050;"30";"30090";"Concoules";"2019-08-22 15:14:00";10;;;;;;;;;;;;"Involontaire (travaux)";;;;;""
2019;11142;"2B";"2B007";"Albertacce";"2019-08-22 15:57:00";10;;;;;;;;;;;;"Naturelle";;;;;""
2019;11151;"2B";"2B153";"Manso";"2019-08-22 16:18:00";10;;;;;;;;;;;;"Naturelle";;;;;""
2019;1994;"15";"15038";"Champs-sur-Tarentaine-Marchal";"2019-08-22 16:30:00";20000;0;;20000;;;20000;0;0;0;"Estimées";;;;;;;""
2019;11059;"04";"04070";"Digne-les-Bains";"2019-08-22 16:35:00";8;;;;;;;;;;;;"Naturelle";;;;;""
2019;3030;"33";"33322";"Le Pian-Médoc";"2019-08-22 17:07:00";50;50;;0;;;0;;;0;;;;;;;;""
2019;11052;"30";"30319";"Serviers-et-Labaume";"2019-08-22 17:10:00";1035;;1035;;;;;;;;;"1";"Involontaire (particulier)";;;;;""
2019;11356;"2A";"2A198";"Ota";"2019-08-22 17:23:00";50;50;;;;;;;;;;"4";"Naturelle";;;;;""
2019;11341;"13";"13110";"Trets";"2019-08-22 17:32:00";50;50;;;;;;;;;;"1";"Naturelle";;;;;""
2019;11342;"13";"13073";"Peypin";"2019-08-22 17:56:00";200;200;;;;;;;;;;"1";"Naturelle";;;;;""
2019;11343;"13";"13107";"Simiane-Collongue";"2019-08-22 18:23:00";200;200;;;;;;;;;;"1";"Naturelle";;;;;""
2019;11345;"13";"13075";"Plan-de-Cuques";"2019-08-22 18:53:00";300;300;;;;;;;;;;"1";"Naturelle";;;;;""
2019;11145;"06";"06086";"Moulinet";"2019-08-22 19:13:00";100;;;;;;;;;;;"1";"Naturelle";;;;;""
2019;11344;"13";"13087";"Rousset";"2019-08-22 19:53:00";500;500;;;;;;;;;;"1";"Naturelle";;;;;""
2019;3026;"33";"33097";"Carcans";"2019-08-22 22:22:00";30000;30000;;0;;;0;;;0;;;;;;;;""
2019;11346;"13";"13047";"Istres";"2019-08-22 23:16:00";150;150;;;;;;;;;;"1";"Malveillance";;;;;""
2019;3954;"86";"86052";"Champagné-Saint-Hilaire";"2019-08-23 10:46:00";10000;0;;10000;;;10000;0;0;0;"Estimées";;;;;;;""
2019;11146;"06";"06003";"Andon";"2019-08-23 11:42:00";20;;;;;;;;;;;"4";"Naturelle";;;;;""
2019;11112;"83";"83072";"Lorgues";"2019-08-23 11:50:00";50;50;;;;;;;;;;"4";"Malveillance";;;;;""
2019;11357;"2A";"2A017";"Appietto";"2019-08-23 13:01:00";92;;92;;;;;;;;;"1";"Involontaire (particulier)";;;;;""
2019;11358;"2A";"2A024";"Aullène";"2019-08-23 14:36:00";100;;100;;;;;;;;;"1";"Naturelle";;;;;""
2019;11105;"30";"30128";"Générac";"2019-08-23 14:43:00";400;400;;;;;;;;;;"4";"Involontaire (travaux)";;;;;""
2019;11094;"30";"30230";"Saint-André-de-Roquepertuis";"2019-08-23 15:47:00";2709;709;;;;;;;;2000;;"2";"Involontaire (particulier)";;;;;""
2019;11359;"2A";"2A211";"Petreto-Bicchisano";"2019-08-23 16:07:00";200;;200;;;;;;;;;;"Naturelle";;;;;""
2019;3116;"40";"40217";"Parentis-en-Born";"2019-08-23 16:26:00";10300;10300;;0;;;0;;;0;;;"Naturelle";;;;;""
2019;3263;"47";"47237";"Sainte-Colombe-de-Villeneuve";"2019-08-23 16:26:00";30000;30000;;0;;;0;;;0;;;;;;;;""
2019;11113;"83";"83037";"La Celle";"2019-08-23 16:44:00";10;10;;;;;;;;;;"5";"Naturelle";;;;;""
2019;13673;"66";"66193";"Serdinya";"2019-08-23 16:52:00";6000;;6000;;;;;;;;;"2";;;;;;""
2019;12357;"30";"30319";"Serviers-et-Labaume";"2019-08-23 18:13:00";10;;;;;;;;;;;;;;;;;""
2019;11147;"06";"06010";"Le Bar-sur-Loup";"2019-08-23 18:39:00";25;;;;;;;;;;;"3";"Naturelle";;;;;""
2019;3262;"47";"47089";"Esclottes";"2019-08-23 19:29:00";1500;1500;;0;;;0;;;0;;;;;;;;""
2019;3024;"33";"33214";"Lacanau";"2019-08-23 19:48:00";2200;2200;;0;;;0;;;0;;;"Accidentelle";;;;;""
2019;11171;"34";"34036";"Le Bosc";"2019-08-24 11:38:00";957;;957;;;;;;;;;"1";"Malveillance";;;;;""
2019;11134;"34";"34036";"Le Bosc";"2019-08-24 11:38:00";19076;;;;;;;;;;;"1";"Malveillance";;;;;""
2019;11154;"06";"06015";"Berre-les-Alpes";"2019-08-24 12:36:00";1000;;;;;;;;;;;"1";"Naturelle";;;;;""
2019;11106;"30";"30174";"Montaren-et-Saint-Médiers";"2019-08-24 15:10:00";1901;1901;;;;;;;;;;"4";"Involontaire (particulier)";;;;;""
2019;3022;"33";"33095";"Captieux";"2019-08-24 15:25:00";8000;8000;;0;;;0;;;0;;;;;;;;""
2019;1083;"23";"23036";"Bussière-Dunoise";"2019-08-24 15:45:00";20000;20000;;0;;;0;0;0;0;"Estimées";;"Involontaire (travaux)";;;;;""
2019;3260;"47";"47246";"Saint-Hilaire-de-Lusignan";"2019-08-24 16:23:00";20000;20000;;0;;;0;;;0;;;"Involontaire (travaux)";;;;;""
2019;1557;"87";"87173";"Saint-Pardoux";"2019-08-24 16:28:00";10000;10000;;0;;;0;0;0;0;"Estimées";;;;;;;""
2019;5763;"71";"71440";"Saint-Léger-sous-Beuvray";"2019-08-24 16:56:00";40000;40000;;0;;;0;0;0;0;"Estimées";;;;;;;""
2019;3862;"18";"18116";"Jalognes";"2019-08-24 17:25:00";30250;0;;250;;;250;0;30000;30000;"Estimées";;;;;;;""
2019;3020;"33";"33026";"Balizac";"2019-08-24 18:04:00";15000;15000;;0;;;0;;;0;;;;;;;;""
2019;1673;"79";"79134";"Glénay";"2019-08-24 18:15:00";2000;2000;;0;;;0;0;0;0;"Estimées";;;;;;;""
2019;3017;"33";"33547";"Villandraut";"2019-08-24 20:43:00";10000;10000;;0;;;0;;;0;;;;;;;;""
2019;1687;"19";"19152";"Nonards";"2019-08-24 21:11:00";5000;5000;;0;;;0;0;0;0;"Estimées";;;;;;;""
2019;1961;"72";"72334";"Sillé-le-Guillaume";"2019-08-24 21:52:00";20;20;;0;;;0;0;0;0;"Estimées";;;;;;;""
2019;1403;"16";"16396";"Ventouse";"2019-08-24 22:43:00";10000;10000;;0;;;0;0;0;0;"Estimées";;;;;;;""
2019;11108;"30";"30331";"Tresques";"2019-08-24 23:48:00";1303;;;;;;;;;;;"4";"Naturelle";;;;;""
2019;3016;"33";"33026";"Balizac";"2019-08-25 10:21:00";50;50;;0;;;0;;;0;;;;;;;;""
2019;11361;"2A";"2A359";"Zicavo";"2019-08-25 10:31:00";1500;;1500;;;;;;;;;;;;;;;""
2019;3015;"33";"33039";"Bègles";"2019-08-25 11:39:00";100;100;;0;;;0;;;0;;;"Accidentelle";;;;;""
2019;11149;"06";"06088";"Nice";"2019-08-25 12:32:00";1000;;;;;;;;;;;"3";;;;;;""
2019;14134;"83";"83007";"Aups";"2019-08-25 15:27:00";1000;1000;;;;;;;;;;"3";"Involontaire (particulier)";;;;;""
2019;2125;"03";"03055";"La Chapelaude";"2019-08-25 15:38:00";121000;0;;1000;;;1000;120000;0;120000;"Mesurées";;;;;;;""
2019;1285;"58";"58057";"Chantenay-Saint-Imbert";"2019-08-25 15:59:00";31265;1130;;5091;;;5091;25044;0;25044;"Estimées";;;;;;;""
2019;11110;"04";"04094";"Gréoux-les-Bains";"2019-08-25 16:12:00";16300;6500;9800;;;;;;;;;"5";"Involontaire (particulier)";;;;;""
2019;3014;"33";"33260";"Lugos";"2019-08-25 17:14:00";80000;80000;;0;;;0;;;0;;;;;;;;""
2019;3013;"33";"33122";"Cestas";"2019-08-25 18:41:00";2000;2000;;0;;;0;;;0;;;;;;;;""
2019;13674;"66";"66015";"Banyuls-dels-Aspres";"2019-08-25 21:53:00";3000;;;;;;;;;;;"4";"Malveillance";;;;;""
2019;11264;"11";"11099";"Conques-sur-Orbiel";"2019-08-25 22:03:00";10;;;;;;;;;;;;;;;;;""
2019;13675;"66";"66214";"Tresserre";"2019-08-25 22:19:00";2500;1500;1000;;;;;;;;;"4";"Malveillance";;;;;""
2019;2308;"64";"64436";"Ossès";"2019-08-25 23:06:00";50;0;;50;;;50;;;0;;;;;;;;""
2019;3012;"33";"33026";"Balizac";"2019-08-26 00:17:00";1500;1500;;0;;;0;;;0;;;;;;;;""
2019;11348;"13";"13084";"La Roque-d'Anthéron";"2019-08-26 06:49:00";200;100;100;;;;;;;;;"1";;;;;;""
2019;1995;"15";"15153";"Pleaux";"2019-08-26 09:30:00";2000;0;;2000;;;2000;0;0;0;"Estimées";;;;;;;""
2019;11265;"11";"11191";"Laroque-de-Fa";"2019-08-26 10:48:00";2094;;;;;;;;;;;;;;;;;""
2019;11360;"2A";"2A041";"Bonifacio";"2019-08-26 12:20:00";20;;20;;;;;;;;;;;;;;;""
2019;1531;"46";"46064";"Catus";"2019-08-26 13:45:00";50000;0;;50000;;;50000;0;0;0;"Estimées";;;;;;;""
2019;1290;"21";"21280";"Fontangy";"2019-08-26 14:20:00";60500;0;;500;;;500;0;60000;60000;"Mesurées";;;;;;;""
2019;11219;"04";"04209";"Sisteron";"2019-08-26 14:29:00";2500;2500;;;;;;;;;;"5";"Malveillance";;;;;""
2019;11266;"11";"11025";"Bagnoles";"2019-08-26 15:05:00";50;;;;;;;;;;;;;;;;;""
2019;1962;"72";"72176";"Le Lude";"2019-08-26 15:05:00";30;30;;0;;;0;0;0;0;"Estimées";;;;;;;""
2019;11347;"13";"13084";"La Roque-d'Anthéron";"2019-08-26 15:09:00";200;100;100;;;;;;;;;"1";;;;;;""
2019;11272;"05";"05142";"Saint-Firmin";"2019-08-26 15:09:00";84800;71500;12500;;;;;;;800;;"5";;;;;;""
2019;11261;"11";"11361";"Saint-Papoul";"2019-08-26 15:12:00";75788;;;;;;;;;;;;;;;;;""
2019;1559;"87";"87011";"Bellac";"2019-08-26 15:47:00";10000;0;;10000;;;10000;0;0;0;"Estimées";;;;;;;""
2019;11141;"05";"05080";"Montbrand";"2019-08-26 17:23:00";1500;;;;;;;;;;;;"Involontaire (particulier)";;;;;""
2019;1780;"45";"45208";"Montargis";"2019-08-26 19:44:00";2000;0;;2000;;;2000;0;0;0;"Estimées";;;;;;;""
2019;1177;"31";"31451";"Revel";"2019-08-26 21:50:00";50000;0;;50000;;;50000;0;0;0;"Mesurées";;"Involontaire (particulier)";;;;;""
2019;11177;"30";"30350";"Le Vigan";"2019-08-27 01:47:00";2788;2788;;;;;;;;;;"2";;;;;;""
2019;12152;"30";"30350";"Le Vigan";"2019-08-27 01:47:00";151;151;;;;;;;;;;"2";;;;;;""
2019;2307;"64";"64452";"Ponson-Dessus";"2019-08-27 06:19:00";30;0;;30;;;30;;;0;;;;;;;;""
2019;5764;"71";"71474";"Sainte-Radegonde";"2019-08-27 11:04:00";500;0;;500;;;500;0;0;0;"Estimées";;"Involontaire (particulier)";;;;;""
2019;12153;"30";"30350";"Le Vigan";"2019-08-27 13:18:00";50;50;;;;;;;;;;"2";"Involontaire (travaux)";;;;;""
2019;11190;"06";"06090";"Pégomas";"2019-08-27 13:30:00";10;;;;;;;;;;;"1";;;;;;""
2019;11159;"30";"30330";"Tornac";"2019-08-27 14:07:00";1589;1589;;;;;;;;;;;;;;;;""
2019;3006;"33";"33022";"Avensan";"2019-08-27 15:30:00";8000;8000;;0;;;0;;;0;;;;;;;;""
2019;2306;"64";"64358";"Lucgarier";"2019-08-27 16:09:00";5;0;;5;;;5;;;0;;;;;;;;""
2019;11160;"30";"30232";"Saint-André-d'Olérargues";"2019-08-27 17:09:00";10000;;;;;;;;;;;;;;;;;""
2019;13277;"84";"84017";"Bédoin";"2019-08-28 08:57:00";1;1;;;;;;;;;;"4";"Malveillance";;;;;""
2019;11782;"07";"07024";"Banne";"2019-08-28 13:43:00";30000;30000;;;;;;;;;;"3";;;;;;""
2019;11363;"2A";"2A284";"Sollacaro";"2019-08-28 17:21:00";5000;1000;4000;;;;;;;;;"5";"Naturelle";;;;;""
2019;11364;"2A";"2A247";"Porto-Vecchio";"2019-08-28 19:01:00";20;;;;;;;;;;;;"Malveillance";;;;;""
2019;11308;"2B";"2B143";"Linguizzetta";"2019-08-28 20:18:00";41000;1000;;;;;;;;40000;;"5";"Malveillance";;;;;""
2019;11309;"2B";"2B320";"Tallone";"2019-08-28 21:21:00";1300;;;;;;;;;;;;"Malveillance";;;;;""
2019;13802;"66";"66115";"Montesquieu-des-Albères";"2019-08-29 00:20:00";1500;1500;;;;;;;;;;"3";"Malveillance";;;;;""
2019;13805;"66";"66115";"Montesquieu-des-Albères";"2019-08-29 01:43:00";400;400;;;;;;;;;;"3";"Malveillance";;;;;""
2019;13803;"66";"66115";"Montesquieu-des-Albères";"2019-08-29 01:43:00";500;500;;;;;;;;;;"3";"Malveillance";;;;;""
2019;11262;"11";"11397";"Trèbes";"2019-08-29 01:44:00";6727;;;;;;;;;;;;;;;;;""
2019;2531;"24";"24115";"Château-l'Évêque";"2019-08-29 10:44:00";240;240;;0;;;0;;;0;;;;;;;;""
2019;11281;"13";"13001";"Aix-en-Provence";"2019-08-29 11:54:00";100;100;;;;;;;;;;"1";;;;;;""
2019;11237;"83";"83072";"Lorgues";"2019-08-29 12:14:00";1200;1200;;;;;;;;;;"4";"Involontaire (particulier)";;;;;""
2019;2530;"24";"24098";"Champcevinel";"2019-08-29 12:53:00";60;60;;0;;;0;;;0;;;;;;;;""
2019;1088;"63";"63151";"Escoutoux";"2019-08-29 13:44:00";16557;16557;;0;;;0;0;0;0;"Mesurées";;;;;;;""
2019;2529;"24";"24248";"Lussas-et-Nontronneau";"2019-08-29 13:52:00";8000;8000;;0;;;0;;;0;;;;;;;;""
2019;2124;"03";"03072";"Chazemais";"2019-08-29 14:40:00";89000;9000;;0;;;0;80000;0;80000;"Mesurées";;;;;;;""
2019;12154;"30";"30324";"Souvignargues";"2019-08-29 14:48:00";206981;;46081;;;;;;;160900;;"1";;;;;;""
2019;2528;"24";"24451";"Saint-Martial-de-Valette";"2019-08-29 15:47:00";30000;30000;;0;;;0;;;0;;;;;;;;""
2019;4009;"86";"86082";"Valence-en-Poitou";"2019-08-29 15:51:00";1000;0;;1000;;;1000;0;0;0;"Estimées";;;;;;;""
2019;11784;"07";"07210";"Saint-Andéol-de-Vals";"2019-08-29 16:17:00";9000;9000;;;;;;;;;;"3";;;;;;""
2019;11282;"13";"13097";"Saint-Martin-de-Crau";"2019-08-29 16:41:00";800;800;;;;;;;;;;"1";;;;;;""
2019;11280;"13";"13063";"Miramas";"2019-08-29 17:50:00";200;200;;;;;;;;;;"1";;;;;;""
2019;2527;"24";"24068";"Le Buisson-de-Cadouin";"2019-08-29 18:04:00";10000;10000;;0;;;0;;;0;;;;;;;;""
2019;12155;"30";"30121";"Gailhan";"2019-08-29 18:22:00";17170;17170;;;;;;;;;;"4";;;;;;""
2019;13358;"34";"34113";"Gigean";"2019-08-29 18:40:00";2307;;2307;;;;;;;;;"1";"Malveillance";;;;;""
2019;12157;"30";"30121";"Gailhan";"2019-08-29 19:11:00";16;;16;;;;;;;;;"1";;;;;;""
2019;11365;"2A";"2A247";"Porto-Vecchio";"2019-08-29 19:33:00";5;;5;;;;;;;;;;"Malveillance";;;;;""
2019;2999;"33";"33214";"Lacanau";"2019-08-29 19:43:00";500;500;;0;;;0;;;0;;;;;;;;""
2019;2998;"33";"33214";"Lacanau";"2019-08-29 20:30:00";1200;1200;;0;;;0;;;0;;;;;;;;""
2019;2997;"33";"33214";"Lacanau";"2019-08-29 20:56:00";1000;1000;;0;;;0;;;0;;;;;;;;""
2019;2996;"33";"33214";"Lacanau";"2019-08-29 21:06:00";50;50;;0;;;0;;;0;;;;;;;;""
2019;2995;"33";"33417";"Sainte-Hélène";"2019-08-29 21:20:00";1000;1000;;0;;;0;;;0;;;;;;;;""
2019;11260;"11";"11095";"Comigne";"2019-08-29 21:20:00";3504;;;;;;;;;;;;;;;;;""
2019;2994;"33";"33417";"Sainte-Hélène";"2019-08-29 21:54:00";2000;2000;;0;;;0;;;0;;;;;;;;""
2019;2993;"33";"33214";"Lacanau";"2019-08-29 22:02:00";50;50;;0;;;0;;;0;;;;;;;;""
2019;14157;"11";"11037";"Berriac";"2019-08-30 01:57:00";2;;;;;;;;;;;;;;;;;""
2019;11194;"34";"34097";"Félines-Minervois";"2019-08-30 02:36:00";260;;;;;;;;;;;"1";"Involontaire (particulier)";;;;;""
2019;11225;"04";"04140";"Les Omergues";"2019-08-30 07:51:00";7800;7800;;;;;;;;;;"4";"Naturelle";;;;;""
2019;11786;"07";"07347";"Vocance";"2019-08-30 09:21:00";1000;1000;;;;;;;;;;"3";"Naturelle";;;;;""
2019;2991;"33";"33417";"Sainte-Hélène";"2019-08-30 10:25:00";10;10;;0;;;0;;;0;;;;;;;;""
2019;11541;"11";"11202";"Leucate";"2019-08-30 11:22:00";750;;;;;;;;;;;;;;;;;""
2019;11766;"26";"26131";"Eyzahut";"2019-08-30 14:18:00";15560;11660;3900;;;;;;;;;"4";;;;;;""
2019;11785;"07";"07289";"Saint-Privat";"2019-08-30 14:39:00";22000;;22000;;;;;;;;;"1";"Involontaire (particulier)";;;;;""
2019;11284;"34";"34266";"Saint-Jean-de-Cuculles";"2019-08-30 15:29:00";118;;118;;;;;;;;;"1";;;;;;""
2019;3958;"86";"86042";"Buxeuil";"2019-08-30 15:36:00";10000;0;;10000;;;10000;0;0;0;"Estimées";;;;;;;""
2019;1963;"72";"72131";"Fercé-sur-Sarthe";"2019-08-30 15:42:00";2500;2500;;0;;;0;0;0;0;"Estimées";;;;;;;""
2019;11214;"05";"05168";"Sigoyer";"2019-08-30 15:47:00";700;;;;;;;;;;;;"Accidentelle";;;;;""
2019;11797;"11";"11140";"Ferrals-les-Corbières";"2019-08-30 16:14:00";40;;;;;;;;;;;;;;;;;""
2019;1189;"23";"23104";"Lavaufranche";"2019-08-30 16:31:00";1500;0;;1500;;;1500;0;0;0;"Estimées";;;;;;;""
2019;11366;"2A";"2A324";"Tavera";"2019-08-30 16:44:00";1;;1;;;;;;;;;"1";"Naturelle";;;;;""
2019;11228;"04";"04230";"Valensole";"2019-08-30 17:59:00";700;;700;;;;;;;;;"5";"Naturelle";;;;;""
2019;1336;"17";"17074";"Bussac-Forêt";"2019-08-30 18:27:00";1500;1500;;0;;;0;0;0;0;"Mesurées";;;;;;;""
2019;11229;"04";"04059";"Clumanc";"2019-08-30 18:30:00";20;;;;;;;;;;;;"Naturelle";;;;;""
2019;11251;"83";"83121";"Salernes";"2019-08-30 19:44:00";250;250;;;;;;;;;;"4";"Naturelle";;;;;""
2019;2987;"33";"33388";"Saint-Ciers-de-Canesse";"2019-08-30 20:55:00";20;20;;0;;;0;;;0;;;;;;;;""
2019;11210;"30";"30331";"Tresques";"2019-08-30 21:24:00";1500;;1500;;;;;;;;;"1";"Naturelle";;;;;""
2019;11536;"13";"13055";"Marseille";"2019-08-31 01:41:00";8000;;8000;;;;;;;;;"1";"Accidentelle";;;;;""
2019;13814;"66";"66014";"Baixas";"2019-08-31 11:41:00";20000;;20000;;;;;;;;;"1";"Malveillance";;;;;""
2019;1087;"49";"49370";"Verrie";"2019-08-31 13:00:00";10000;10000;;0;;;0;0;0;0;"Estimées";;;;;;;""
2019;4010;"86";"86116";"Jazeneuil";"2019-08-31 13:11:00";1000;0;;1000;;;1000;0;0;0;"Estimées";;;;;;;""
2019;2120;"03";"03055";"La Chapelaude";"2019-08-31 13:20:00";740000;170000;;0;;;0;0;570000;570000;"Mesurées";;"Accidentelle";;;;;""
2019;2986;"33";"33109";"Castres-Gironde";"2019-08-31 15:26:00";3000;3000;;0;;;0;;;0;;;;;;;;""
2019;1224;"88";"88334";"Oëlleville";"2019-08-31 15:27:00";200;0;;200;;;200;0;0;0;"Estimées";;;;;;;""
2019;11371;"48";"48051";"Le Collet-de-Dèze";"2019-08-31 15:40:00";300;;300;;;;;;;;;"1";"Naturelle";;;;;""
2019;11367;"2A";"2A362";"Zonza";"2019-08-31 15:41:00";100;;100;;;;;;;;;;"Involontaire (particulier)";;;;;""
2019;1086;"63";"63181";"Jozerand";"2019-08-31 15:43:00";13828;12876;;0;;;0;0;952;952;"Mesurées";;"Involontaire (particulier)";;;;;""
2019;11787;"07";"07287";"Saint-Pons";"2019-08-31 15:56:00";12200;0;12200;;;;;;;;;"3";"Naturelle";;;;;""
2019;11224;"30";"30093";"Conqueyrac";"2019-08-31 16:51:00";74723;;74723;;;;;;;;;"1";"Naturelle";;;;;""
2019;11278;"13";"13050";"Lambesc";"2019-08-31 16:59:00";1000;1000;;;;;;;;;;"1";;;;;;""
2019;1964;"72";"72334";"Sillé-le-Guillaume";"2019-08-31 17:15:00";10;10;;0;;;0;0;0;0;"Estimées";;;;;;;""
2019;11374;"48";"48115";"Le Pompidou";"2019-08-31 17:41:00";4;4;;;;;;;;;;"4";"Naturelle";;;;;""
2019;11738;"34";"34281";"Saint-Pargoire";"2019-08-31 18:09:00";27683;;;;;;;;;;;"1";"Malveillance";;;;;""
2019;2985;"33";"33519";"Le Taillan-Médoc";"2019-08-31 18:25:00";60;60;;0;;;0;;;0;;;;;;;;""
2019;2984;"33";"33259";"Lugon-et-l'Île-du-Carnay";"2019-08-31 19:04:00";3000;3000;;0;;;0;;;0;;;;;;;;""
2019;11327;"04";"04244";"Volonne";"2019-09-01 03:48:00";200;;;;;;;;;;;;;;;;;""
2019;12158;"30";"30291";"Saint-Paul-la-Coste";"2019-09-01 07:24:00";18950;18950;;;;;;;;;;"4";"Naturelle";;;;;""
2019;3114;"40";"40169";"Maillas";"2019-09-01 07:28:00";44700;44700;;0;;;0;;;0;;;"Malveillance";;;;;""
2019;1337;"17";"17240";"Montendre";"2019-09-01 08:00:00";200;200;;0;;;0;0;0;0;"Estimées";;;;;;;""
2019;11257;"83";"83072";"Lorgues";"2019-09-01 09:34:00";2;2;;;;;;;;;;"4";"Malveillance";;;;;""
2019;13951;"66";"66050";"Claira";"2019-09-01 09:50:00";40000;;40000;;;;;;;;;"1";;;;;;""
2019;13952;"66";"66205";"Tautavel";"2019-09-01 10:15:00";2000;2000;;;;;;;;;;"4";;;;;;""
2019;11258;"83";"83032";"Carcès";"2019-09-01 10:50:00";2;2;;;;;;;;;;"5";"Involontaire (particulier)";;;;;""
2019;13276;"84";"84086";"Oppède";"2019-09-01 12:10:00";10;10;;;;;;;;;;;;;;;;""
2019;12012;"2A";"2A300";"San-Gavino-di-Carbini";"2019-09-01 12:52:00";1;;1;;;;;;;;;;"Involontaire (particulier)";;;;;""
2019;12159;"30";"30189";"Nîmes";"2019-09-01 16:29:00";109039;109039;;;;;;;;;;"4";;;;;;""
2019;11788;"07";"07293";"Saint-Romain-de-Lerps";"2019-09-01 18:08:00";3500;500;3000;;;;;;;;;"3";;;;;;""
2019;11298;"34";"34247";"Saint-Clément-de-Rivière";"2019-09-01 20:10:00";7734;;;;;;;;;;;"1";"Malveillance";;;;;""
2019;11299;"34";"34341";"Villeveyrac";"2019-09-01 22:28:00";37772;;;;;;;;;;;"1";;;;;;""
2019;11279;"13";"13056";"Martigues";"2019-09-02 01:12:00";200;200;;;;;;;;;;"1";"Malveillance";;;;;""
2019;1965;"72";"72131";"Fercé-sur-Sarthe";"2019-09-02 08:09:00";20;20;;0;;;0;0;0;0;"Estimées";;;;;;;""
2019;11825;"34";"34296";"Saussines";"2019-09-02 08:30:00";22060;;;;;;;;;;;"1";"Malveillance";;;;;""
2019;11978;"11";"11008";"Alet-les-Bains";"2019-09-02 13:33:00";1;;;;;;;;;;;;;;;;;""
2019;11306;"30";"30133";"Le Grau-du-Roi";"2019-09-02 13:44:00";25789;;25789;;;;;;;;;"1";;;;;;""
2019;2980;"33";"33513";"Sillas";"2019-09-02 14:28:00";200;200;;0;;;0;;;0;;;;;;;;""
2019;2979;"33";"33207";"Izon";"2019-09-02 15:06:00";35000;35000;;0;;;0;;;0;;;;;;;;""
2019;1560;"87";"87150";"Saint-Hilaire-les-Places";"2019-09-02 15:12:00";500;500;;0;;;0;0;0;0;"Estimées";;;;;;;""
2019;14208;"07";"07183";"Pradons";"2019-09-02 15:13:00";140000;140000;;;;;;;;;;"2";;;;;;""
2019;11566;"34";"34147";"Magalas";"2019-09-02 15:16:00";7772;;;;;;;;;;;"1";"Involontaire (particulier)";;;;;""
2019;11789;"07";"07117";"Lablachère";"2019-09-02 15:33:00";309500;;309500;;;;;;;;;"1";;;;;;""
2019;11314;"2B";"2B283";"Solaro";"2019-09-02 15:34:00";100;;;;;;;;;;;;"Naturelle";;;;;""
2019;11804;"11";"11202";"Leucate";"2019-09-02 17:00:00";1;;;;;;;;;;;;;;;;;""
2019;11368;"2A";"2A300";"San-Gavino-di-Carbini";"2019-09-02 17:12:00";600;600;;;;;;;;;;"4";"Naturelle";;;;;""
2019;3113;"40";"40229";"Pontenx-les-Forges";"2019-09-02 17:16:00";8000;4000;;0;;;0;;;4000;;;"Involontaire (travaux)";;;;;""
2019;2975;"33";"33236";"Lège-Cap-Ferret";"2019-09-02 18:04:00";200;200;;0;;;0;;;0;;;"Involontaire (travaux)";;;;;""
2019;11369;"2A";"2A362";"Zonza";"2019-09-02 18:06:00";5400;5400;;;;;;;;;;"4";"Naturelle";;;;;""
2019;11277;"13";"13001";"Aix-en-Provence";"2019-09-02 18:06:00";300;300;;;;;;;;;;"1";;;;;;""
2019;1530;"46";"46070";"Cieurac";"2019-09-02 18:53:00";800;0;;800;;;800;0;0;0;"Estimées";;;;;;;""
2019;11316;"2B";"2B190";"Olmi-Cappella";"2019-09-02 18:58:00";30;;;;;;;;;;;;"Naturelle";;;;;""
2019;3253;"47";"47077";"Cuzorn";"2019-09-02 20:00:00";3000;3000;;0;;;0;;;0;;;;;;;;""
2019;11767;"26";"26121";"Espeluche";"2019-09-02 22:13:00";3000;3000;;;;;;;;;;"3";;;;;;""
2019;14156;"11";"11037";"Berriac";"2019-09-02 23:03:00";15;;;;;;;;;;;;;;;;;""
2019;11375;"48";"48066";"Fraissinet-de-Lozère";"2019-09-03 07:04:00";2500;;2500;;;;;;;;;"1";"Malveillance";;;;;""
2019;11320;"2B";"2B320";"Tallone";"2019-09-03 12:47:00";10;;;;;;;;;;;;;;;;;""
2019;11321;"2B";"2B143";"Linguizzetta";"2019-09-03 12:50:00";100;;;;;;;;;;;;;;;;;""
2019;11323;"06";"06046";"Colomars";"2019-09-03 13:14:00";5000;;;;;;;;;;;"1";;;;;;""
2019;12358;"30";"30189";"Nîmes";"2019-09-03 14:12:00";50;;;;;;;;;;;;;;;;;""
2019;1529;"46";"46023";"Belfort-du-Quercy";"2019-09-03 14:17:00";10000;0;;10000;;;10000;0;0;0;"Estimées";;;;;;;""
2019;1338;"17";"17074";"Bussac-Forêt";"2019-09-03 14:23:00";14200;14200;;0;;;0;0;0;0;"Mesurées";;;;;;;""
2019;3963;"86";"86064";"Château-Garnier";"2019-09-03 15:07:00";30000;30000;;0;;;0;0;0;0;"Estimées";;;;;;;""
2019;11798;"11";"11022";"Azille";"2019-09-03 15:32:00";2000;;;;;;;;;;;;;;;;;""
2019;11329;"13";"13112";"Velaux";"2019-09-03 15:45:00";230;230;;;;;;;;;;"1";;;;;;""
2019;2525;"24";"24502";"Saint-Séverin-d'Estissac";"2019-09-03 16:28:00";60000;60000;;0;;;0;;;0;;;;;;;;""
2019;13953;"66";"66171";"Saint-Cyprien";"2019-09-03 16:56:00";20000;;20000;;;;;;;;;"1";"Involontaire (particulier)";;;;;""
2019;4011;"86";"86268";"Tercé";"2019-09-03 17:24:00";1000;0;;1000;;;1000;0;0;0;"Estimées";;;;;;;""
2019;3112;"40";"40210";"Onesse-Laharie";"2019-09-03 17:41:00";20;20;;0;;;0;;;0;;;;;;;;""
2019;1094;"21";"21485";"Plombières-lès-Dijon";"2019-09-03 17:58:00";87000;87000;;0;;;0;0;0;0;"Mesurées";;;;;;;""
2019;11542;"11";"11077";"Castelnau-d'Aude";"2019-09-03 18:12:00";30219;;;;;;;;;;;;;;;;;""
2019;11543;"11";"11258";"Moussan";"2019-09-03 18:49:00";61068;;;;;;;;;;;;;;;;;""
2019;2968;"33";"33376";"Saint-Aubin-de-Médoc";"2019-09-03 20:31:00";200;200;;0;;;0;;;0;;;;;;;;""
2019;11370;"2A";"2A048";"Calcatoggio";"2019-09-03 21:24:00";5400;;5400;;;;;;;;;;;;;;;""
2019;3249;"47";"47130";"Lagruère";"2019-09-03 21:55:00";20;20;;0;;;0;;;0;;;;;;;;""
2019;1187;"21";"21569";"Saint-Romain";"2019-09-03 22:03:00";20000;0;;20000;;;20000;0;0;0;"Mesurées";;;;;;;""
2019;11768;"26";"26339";"Savasse";"2019-09-04 02:58:00";400;400;;;;;;;;;;"3";;;;;;""
2019;11349;"13";"13084";"La Roque-d'Anthéron";"2019-09-04 03:28:00";50;;;;;;;;;;;"1";;;;;;""
2019;2967;"33";"33382";"Saint-Christoly-de-Blaye";"2019-09-04 08:27:00";30000;30000;;0;;;0;;;0;;;;;;;;""
2019;11871;"07";"07204";"Saint-Agrève";"2019-09-04 13:05:00";4000;;4000;;;;;;;;;"1";"Involontaire (particulier)";;;;;""
2019;3868;"18";"18147";"Ménétréol-sur-Sauldre";"2019-09-04 13:29:00";210000;0;;50000;;;50000;160000;0;160000;"Estimées";;;;;;;""
2019;1528;"46";"46326";"Valprionde";"2019-09-04 14:08:00";1000;0;;1000;;;1000;0;0;0;"Estimées";;;;;;;""
2019;3964;"86";"86164";"Monthoiron";"2019-09-04 14:25:00";30000;30000;;0;;;0;0;0;0;"Estimées";;;;;;;""
2019;1562;"87";"87105";"Neuvic-Entier";"2019-09-04 14:38:00";1000;1000;;0;;;0;0;0;0;"Estimées";;;;;;;""
2019;11845;"34";"34205";"Les Plans";"2019-09-04 14:40:00";112742;;12742;;;;;;;100000;;"1";"Accidentelle";;;;;""
2019;11847;"34";"34205";"Les Plans";"2019-09-04 14:45:00";15498;;;;;;;;;;;"1";"Accidentelle";;;;;""
2019;1412;"16";"16093";"Chazelles";"2019-09-04 15:14:00";20000;0;;20000;;;20000;0;0;0;"Estimées";;;;;;;""
2019;1339;"17";"17038";"Bedenac";"2019-09-04 15:29:00";1450000;1450000;;0;;;0;0;0;0;"Mesurées";;;;;;;""
2019;11383;"2B";"2B205";"Patrimonio";"2019-09-04 15:41:00";51000;;51000;;;;;;;;;"1";;;;;;""
2019;2521;"24";"24558";"Trémolat";"2019-09-04 16:30:00";10000;10000;;0;;;0;;;0;;;;;;;;""
2019;11544;"11";"11372";"Salsigne";"2019-09-04 16:32:00";861419;;;;;;;;;;;;;;;;;""
2019;1790;"45";"45051";"Bray-Saint-Aignan";"2019-09-04 16:40:00";100000;40000;;60000;;;60000;0;0;0;"Estimées";;;;;;;""
2019;11578;"34";"34329";"Vendres";"2019-09-04 16:50:00";55176;;55176;;;;;;;;;"1";"Involontaire (travaux)";;;;;""
2019;2960;"33";"33493";"Saint-Yzans-de-Médoc";"2019-09-04 17:03:00";20000;20000;;0;;;0;;;0;;;;;;;;""
2019;12160;"30";"30339";"Val-d'Aigoual";"2019-09-04 17:11:00";6722;6722;;;;;;;;;;"2";"Malveillance";;;;;""
2019;11379;"30";"30339";"Val-d'Aigoual";"2019-09-04 17:11:00";1786;1786;;;;;;;;;;"2";"Malveillance";;;;;""
2019;1413;"16";"16087";"Chassiecq";"2019-09-04 17:25:00";10000;0;;10000;;;10000;0;0;0;"Estimées";;;;;;;""
2019;2300;"64";"64512";"Sauvelade";"2019-09-04 18:10:00";600;0;;600;;;600;;;0;;;;;;;;""
2019;1340;"17";"17074";"Bussac-Forêt";"2019-09-04 19:53:00";1500;1500;;0;;;0;0;0;0;"Mesurées";;;;;;;""
2019;11545;"11";"11007";"Albières";"2019-09-04 20:14:00";5000;;;;;;;;;;;;;;;;;""
2019;2952;"33";"33422";"Saint-Jean-d'Illac";"2019-09-04 20:17:00";300;300;;0;;;0;;;0;;;;;;;;""
2019;13954;"66";"66136";"Perpignan";"2019-09-04 20:45:00";30000;;30000;;;;;;;;;"1";;;;;;""
2019;11546;"11";"11024";"Bages";"2019-09-05 00:29:00";7500;;;;;;;;;;;;;;;;;""
2019;1341;"17";"17110";"Clérac";"2019-09-05 05:29:00";100;100;;0;;;0;0;0;0;"Estimées";;;;;;;""
2019;13955;"66";"66016";"Banyuls-sur-Mer";"2019-09-05 05:40:00";330000;100000;230000;;;;;;;;;"5";"Malveillance";;;;;""
2019;11580;"34";"34329";"Vendres";"2019-09-05 05:53:00";1000;;;;;;;;;;;;"Involontaire (travaux)";;;;;""
2019;12161;"30";"30339";"Val-d'Aigoual";"2019-09-05 09:31:00";20;20;;;;;;;;;;"2";"Involontaire (travaux)";;;;;""
2019;12022;"48";"48066";"Fraissinet-de-Lozère";"2019-09-05 11:22:00";14300;;14300;;;;;;;;;"1";;;;;;""
2019;11581;"34";"34200";"Pézènes-les-Mines";"2019-09-05 11:34:00";7446;;;;;;;;;;;"1";;;;;;""
2019;11583;"34";"34291";"Saint-Vincent-d'Olargues";"2019-09-05 12:20:00";834;;;;;;;;;;;"2";"Malveillance";;;;;""
2019;13956;"66";"66182";"Sainte-Marie-la-Mer";"2019-09-05 12:30:00";5000;1000;4000;;;;;;;;;"2";"Malveillance";;;;;""
2019;12029;"30";"30190";"Notre-Dame-de-la-Rouvière";"2019-09-05 12:35:00";1226;1226;;;;;;;;;;"2";"Malveillance";;;;;""
2019;11547;"11";"11113";"Cucugnan";"2019-09-05 12:46:00";20000;;;;;;;;;;;;;;;;;""
2019;11389;"13";"13066";"Noves";"2019-09-05 13:00:00";700;350;350;;;;;;;;;"1";;;;;;""
2019;12028;"30";"30190";"Notre-Dame-de-la-Rouvière";"2019-09-05 13:13:00";87701;87701;;;;;;;;;;"4";"Malveillance";;;;;""
2019;11390;"05";"05174";"Val-des-Prés";"2019-09-05 13:18:00";1400;;;;;;;;;;;;"Naturelle";;;;;""
2019;2950;"33";"33452";"Saint-Michel-de-Rieufret";"2019-09-05 13:20:00";3000;3000;;0;;;0;;;0;;;;;;;;""
2019;12359;"30";"30291";"Saint-Paul-la-Coste";"2019-09-05 13:52:00";5000;;;;;;;;;;;;;;;;;""
2019;11873;"07";"07328";"Vagnas";"2019-09-05 14:04:00";298300;130200;100;;;;;;;168000;;"1";;;;;;""
2019;11874;"07";"07304";"Salavas";"2019-09-05 14:28:00";5600;;5600;;;;;;;;;"1";;;;;;""
2019;11392;"13";"13112";"Velaux";"2019-09-05 14:45:00";3500;3500;;;;;;;;;;"1";"Malveillance";;;;;""
2019;11393;"13";"13112";"Velaux";"2019-09-05 14:45:00";3500;3500;;;;;;;;;;"1";"Malveillance";;;;;""
2019;11391;"13";"13112";"Velaux";"2019-09-05 14:45:00";3500;3500;;;;;;;;;;"1";"Malveillance";;;;;""
2019;11394;"13";"13077";"Port-de-Bouc";"2019-09-05 15:06:00";4200;4200;;;;;;;;;;"1";"Malveillance";;;;;""
2019;11946;"11";"11087";"Cazalrenoux";"2019-09-05 15:30:00";4247;;;;;;;;;;;;;;;;;""
2019;11820;"83";"83069";"Hyères";"2019-09-05 16:02:00";2000;2000;;;;;;;;;;"6";"Malveillance";;;;;""
2019;11396;"13";"13042";"Gémenos";"2019-09-05 16:20:00";50;50;;;;;;;;;;"1";"Involontaire (particulier)";;;;;""
2019;12030;"30";"30351";"Villeneuve-lès-Avignon";"2019-09-05 16:42:00";20;;;;;;;;;;;;;;;;;""
2019;11397;"13";"13030";"Cuges-les-Pins";"2019-09-05 16:47:00";5;5;;;;;;;;;;"1";"Accidentelle";;;;;""
2019;1342;"17";"17054";"Boresse-et-Martron";"2019-09-05 17:18:00";21000;21000;;0;;;0;0;0;0;"Mesurées";;;;;;;""
2019;11398;"13";"13106";"Septèmes-les-Vallons";"2019-09-05 17:25:00";104400;53200;51200;;;;;;;;;"1";"Involontaire (particulier)";;;;;""
2019;11857;"34";"34281";"Saint-Pargoire";"2019-09-05 17:39:00";326900;;326900;;;;;;;;;"1";"Malveillance";;;;;""
2019;11399;"13";"13002";"Allauch";"2019-09-05 17:45:00";2000;2000;;;;;;;;;;"1";;;;;;""
2019;2949;"33";"33236";"Lège-Cap-Ferret";"2019-09-05 19:04:00";200;200;;0;;;0;;;0;;;;;;;;""
2019;11400;"13";"13027";"Châteaurenard";"2019-09-05 19:26:00";400;400;;;;;;;;;;"1";;;;;;""
2019;3111;"40";"40155";"Linxe";"2019-09-05 19:57:00";1000;1000;;0;;;0;;;0;;;;;;;;""
2019;11862;"34";"34184";"Nizas";"2019-09-05 20:32:00";6635;;;;;;;;;;;"1";"Malveillance";;;;;""
2019;1966;"72";"72231";"Parigné-l'Évêque";"2019-09-05 20:45:00";500;500;;0;;;0;0;0;0;"Estimées";;;;;;;""
2019;11401;"13";"13063";"Miramas";"2019-09-05 22:05:00";500;500;;;;;;;;;;"1";;;;;;""
2019;12162;"30";"30189";"Nîmes";"2019-09-05 23:08:00";6622;6622;;;;;;;;;;"4";;;;;;""
2019;11405;"04";"04112";"Manosque";"2019-09-06 01:14:00";20;;;;;;;;;;;;;;;;;""
2019;11867;"34";"34268";"Saint-Jean-de-la-Blaquière";"2019-09-06 05:55:00";1408661;;1408661;;;;;;;;;"1";"Malveillance";;;;;""
2019;13359;"34";"34281";"Saint-Pargoire";"2019-09-06 06:27:00";388500;;388500;;;;;;;;;"1";"Malveillance";;;;;""
2019;11434;"05";"05174";"Val-des-Prés";"2019-09-06 07:22:00";60;;;;;;;;;;;;"Involontaire (travaux)";;;;;""
2019;11403;"13";"13004";"Arles";"2019-09-06 10:02:00";500;500;;;;;;;;;;"1";;;;;;""
2019;11402;"13";"13004";"Arles";"2019-09-06 10:02:00";500;500;;;;;;;;;;"1";;;;;;""
2019;12163;"30";"30339";"Val-d'Aigoual";"2019-09-06 12:00:00";412;412;;;;;;;;;;"2";"Involontaire (travaux)";;;;;""
2019;11875;"07";"07263";"Saint-Laurent-sous-Coiron";"2019-09-06 12:51:00";500;;500;;;;;;;;;"1";;;;;;""
2019;2519;"24";"24040";"Beynac-et-Cazenac";"2019-09-06 13:17:00";40000;40000;;0;;;0;;;0;;;"Accidentelle";;;;;""
2019;11587;"34";"34184";"Nizas";"2019-09-06 13:45:00";465;465;;;;;;;;;;"2";"Malveillance";;;;;""
2019;11548;"11";"11384";"Soulatgé";"2019-09-06 14:30:00";5000;;;;;;;;;;;;;;;;;""
2019;11979;"11";"11384";"Soulatgé";"2019-09-06 14:30:00";1000;;;;;;;;;;;;;;;;;""
2019;11421;"2B";"2B195";"Ortiporio";"2019-09-06 15:03:00";15000;15000;;;;;;;;;;"2";;;;;;""
2019;11897;"34";"34205";"Les Plans";"2019-09-06 15:17:00";441;;;;;;;;;;;"1";"Involontaire (travaux)";;;;;""
2019;2676;"33";"33473";"Saint-Savin";"2019-09-06 15:22:00";2000;2000;;0;;;0;;;0;;;;;;;;""
2019;1791;"45";"45082";"Châteauneuf-sur-Loire";"2019-09-06 15:47:00";10000;10000;;0;;;0;0;0;0;"Estimées";;;;;;;""
2019;3110;"40";"40158";"Losse";"2019-09-06 16:04:00";39000;39000;;0;;;0;;;0;;;;;;;;""
2019;12164;"30";"30266";"Saint-Jean-de-Maruéjols-et-Avéjan";"2019-09-06 16:15:00";10000;;;;;;;;;;;;;;;;;""
2019;1563;"87";"87173";"Saint-Pardoux";"2019-09-06 16:24:00";100000;100000;;0;;;0;0;0;0;"Estimées";;;;;;;""
2019;11430;"13";"13107";"Simiane-Collongue";"2019-09-06 16:38:00";200;200;;;;;;;;;;"1";;;;;;""
2019;11906;"34";"34247";"Saint-Clément-de-Rivière";"2019-09-06 16:48:00";28143;;28143;;;;;;;;;"1";"Malveillance";;;;;""
2019;2674;"33";"33202";"Hostens";"2019-09-06 16:53:00";3000;3000;;0;;;0;;;0;;;;;;;;""
2019;11549;"11";"11041";"Bize-Minervois";"2019-09-06 16:54:00";1239230;780068;60016;;;;;;;399146;;;;;;;;""
2019;11816;"06";"06046";"Colomars";"2019-09-06 17:02:00";20;;;;;;;;;;;"1";"Naturelle";;;;;""
2019;11551;"11";"11261";"Moux";"2019-09-06 17:07:00";103000;;;;;;;;;;;;;;;;;""
2019;11460;"13";"13084";"La Roque-d'Anthéron";"2019-09-06 17:09:00";30;30;;;;;;;;;;"1";;;;;;""
2019;11588;"34";"34070";"Cébazan";"2019-09-06 17:48:00";758;758;;;;;;;;;;"4";"Involontaire (particulier)";;;;;""
2019;3245;"47";"47201";"Le Passage";"2019-09-06 17:49:00";1000;1000;;0;;;0;;;0;;;;;;;;""
2019;11433;"13";"13051";"Lançon-Provence";"2019-09-06 17:53:00";100;100;;;;;;;;;;"1";;;;;;""
2019;11907;"34";"34308";"Taussac-la-Billière";"2019-09-06 17:56:00";52731;;52731;;;;;;;;;"1";"Malveillance";;;;;""
2019;1967;"72";"72359";"Torcé-en-Vallée";"2019-09-06 18:51:00";2000;2000;;0;;;0;0;0;0;"Estimées";;;;;;;""
2019;11435;"13";"13047";"Istres";"2019-09-07 03:34:00";4200;4200;;;;;;;;;;"1";;;;;;""
2019;12023;"48";"48095";"Mende";"2019-09-07 05:34:00";800;;800;;;;;;;;;"1";"Accidentelle";;;;;""
2019;11910;"34";"34168";"Montesquieu";"2019-09-07 06:58:00";111935;;111935;;;;;;;;;"1";"Malveillance";;;;;""
2019;1564;"87";"87104";"Nedde";"2019-09-07 13:54:00";200;0;;200;;;200;0;0;0;"Estimées";;;;;;;""
2019;2669;"33";"33056";"Blanquefort";"2019-09-07 14:06:00";1500;1500;;0;;;0;;;0;;;;;;;;""
2019;13985;"66";"66014";"Baixas";"2019-09-07 14:10:00";10000;10000;;;;;;;;;;"2";;;;;;""
2019;11410;"30";"30239";"Sainte-Cécile-d'Andorge";"2019-09-07 14:29:00";4000;;;;;;;;;;;;;;;;;""
2019;11876;"07";"07315";"La Souche";"2019-09-07 14:57:00";2000;;2000;;;;;;;;;"1";"Involontaire (particulier)";;;;;""
2019;11595;"34";"34170";"Montouliers";"2019-09-07 15:58:00";1123;1123;;;;;;;;;;"4";"Accidentelle";;;;;""
2019;1996;"15";"15255";"Vézac";"2019-09-07 16:00:00";10000;0;;10000;;;10000;0;0;0;"Estimées";;;;;;;""
2019;3968;"86";"86089";"Cuhon";"2019-09-07 17:34:00";10000;0;;10000;;;10000;0;0;0;"Estimées";;;;;;;""
2019;11879;"07";"07147";"Malarce-sur-la-Thines";"2019-09-07 17:36:00";3000;3000;;;;;;;;;;"4";;;;;;""
2019;11552;"11";"11325";"Rouffiac-d'Aude";"2019-09-07 17:39:00";6500;;;;;;;;;;;;;;;;;""
2019;11436;"13";"13056";"Martigues";"2019-09-07 18:05:00";1455;1455;;;;;;;;;;"1";;;;;;""
2019;11415;"05";"05113";"Rambaud";"2019-09-07 18:47:00";10;;;;;;;;;;;;"Involontaire (particulier)";;;;;""
2019;11736;"83";"83045";"Correns";"2019-09-07 19:01:00";3200;3200;;;;;;;;;;"5";"Involontaire (travaux)";;;;;""
2019;11553;"11";"11040";"Bizanet";"2019-09-07 19:08:00";133474;;;;;;;;;;;;;;;;;""
2019;11799;"11";"11353";"Saint-Marcel-sur-Aude";"2019-09-07 19:15:00";3021;;;;;;;;;;;;;;;;;""
2019;11911;"34";"34095";"Fabrègues";"2019-09-07 21:53:00";12086;;;;;;;;;;;"1";"Malveillance";;;;;""
2019;11462;"13";"13056";"Martigues";"2019-09-07 22:27:00";5;5;;;;;;;;;;"1";;;;;;""
2019;11437;"13";"13001";"Aix-en-Provence";"2019-09-08 07:40:00";3000;3000;;;;;;;;;;"1";"Accidentelle";;;;;""
2019;2665;"33";"33034";"Bayas";"2019-09-08 10:10:00";45000;20000;;0;;;0;;;25000;;;;;;;;""
2019;11912;"34";"34090";"Le Crès";"2019-09-08 10:20:00";842;;842;;;;;;;;;"1";;;;;;""
2019;11423;"2B";"2B290";"Speloncato";"2019-09-08 11:18:00";2000;;;;;;;;;;;;"Accidentelle";;;;;""
2019;11424;"2B";"2B185";"Oletta";"2019-09-08 12:43:00";50000;20000;30000;;;;;;;;;"1";"Malveillance";;;;;""
2019;11881;"07";"07153";"Mayres";"2019-09-08 13:39:00";215900;;215900;;;;;;;;;"1";;;;;;""
2019;1968;"72";"72244";"Précigné";"2019-09-08 13:46:00";100;100;;0;;;0;0;0;0;"Estimées";;;;;;;""
2019;3241;"47";"47086";"Duras";"2019-09-08 13:53:00";300;300;;0;;;0;;;0;;;;;;;;""
2019;12166;"30";"30048";"Bouquet";"2019-09-08 14:01:00";12519;;;;;;;;;;;;;;;;;""
2019;11714;"30";"30048";"Bouquet";"2019-09-08 14:01:00";46033;;;;;;;;;;;;;;;;;""
2019;11425;"2B";"2B002";"Aghione";"2019-09-08 14:20:00";17900;5900;12000;;;;;;;;;"2";"Malveillance";;;;;""
2019;11715;"30";"30122";"Gajan";"2019-09-08 14:28:00";22369;;;;;;;;;;;;;;;;;""
2019;11554;"11";"11267";"Ornaisons";"2019-09-08 14:32:00";200;;;;;;;;;;;;;;;;;""
2019;11913;"34";"34143";"Loupian";"2019-09-08 14:37:00";2370200;;2370200;;;;;;;;;"1";"Involontaire (particulier)";;;;;""
2019;11880;"07";"07122";"Lachapelle-sous-Aubenas";"2019-09-08 14:38:00";500;;500;;;;;;;;;"1";;;;;;""
2019;11800;"11";"11203";"Lézignan-Corbières";"2019-09-08 14:40:00";26728;;;;;;;;;;;;;;;;;""
2019;11441;"13";"13102";"Saint-Victoret";"2019-09-08 14:41:00";6000;6000;;;;;;;;;;"1";;;;;;""
2019;11814;"11";"11225";"Mas-Saintes-Puelles";"2019-09-08 14:42:00";6526;;;;;;;;;;;;;;;;;""
2019;11565;"06";"06158";"Villars-sur-Var";"2019-09-08 15:01:00";1000;;;;;;;;;;;"1";"Naturelle";;;;;""
2019;13278;"84";"84089";"Pertuis";"2019-09-08 16:30:00";212100;96200;5500;;;;;;;110400;;"4";"Accidentelle";;;;;""
2019;1997;"15";"15038";"Champs-sur-Tarentaine-Marchal";"2019-09-08 16:30:00";60000;0;;60000;;;60000;0;0;0;"Estimées";;;;;;;""
2019;11446;"13";"13113";"Venelles";"2019-09-08 16:34:00";5000;5000;;;;;;;;;;"1";"Accidentelle";;;;;""
2019;11602;"34";"34017";"Aumes";"2019-09-08 16:42:00";252400;252400;;;;;;;;;;"4";"Malveillance";;;;;""
2019;2663;"33";"33051";"Biganos";"2019-09-08 16:48:00";50;50;;0;;;0;;;0;;;;;;;;""
2019;11564;"06";"06005";"Ascros";"2019-09-08 17:15:00";400;;;;;;;;;;;"1";"Naturelle";;;;;""
2019;11426;"2B";"2B143";"Linguizzetta";"2019-09-08 17:18:00";21800;21800;;;;;;;;;;"2";"Malveillance";;;;;""
2019;12167;"30";"30122";"Gajan";"2019-09-08 17:21:00";10087;;;;;;;;;;;;;;;;;""
2019;11448;"13";"13077";"Port-de-Bouc";"2019-09-08 18:17:00";30;30;;;;;;;;;;"1";"Malveillance";;;;;""
2019;2661;"33";"33527";"Le Teich";"2019-09-08 18:18:00";2000;2000;;0;;;0;;;0;;;;;;;;""
2019;11429;"2B";"2B290";"Speloncato";"2019-09-08 18:28:00";1500;;;;;;;;;;;;;;;;;""
2019;11454;"13";"13077";"Port-de-Bouc";"2019-09-08 18:47:00";30000;30000;;;;;;;;;;"1";"Malveillance";;;;;""
2019;3240;"47";"47052";"Casteljaloux";"2019-09-08 19:09:00";300;300;;0;;;0;;;0;;;;;;;;""
2019;11463;"13";"13056";"Martigues";"2019-09-08 19:58:00";300;300;;;;;;;;;;"1";"Malveillance";;;;;""
2019;11459;"13";"13001";"Aix-en-Provence";"2019-09-08 21:19:00";10000;10000;;;;;;;;;;"1";"Involontaire (particulier)";;;;;""
2019;11868;"2A";"2A247";"Porto-Vecchio";"2019-09-08 22:14:00";800;;800;;;;;;;;;"1";;;;;;""
2019;11801;"11";"11262";"Narbonne";"2019-09-08 23:48:00";1169;;;;;;;;;;;;;;;;;""
2019;12168;"30";"30176";"Montdardier";"2019-09-09 00:43:00";1403;;;;;;;;;;;;;;;;;""
2019;11514;"30";"30176";"Montdardier";"2019-09-09 00:43:00";5316;;;;;;;;;;;;;;;;;""
2019;11802;"11";"11262";"Narbonne";"2019-09-09 01:49:00";10;;;;;;;;;;;;;;;;;""
2019;11921;"34";"34247";"Saint-Clément-de-Rivière";"2019-09-09 09:30:00";306;;;;;;;;;;;"1";"Involontaire (travaux)";;;;;""
2019;11521;"13";"13103";"Salon-de-Provence";"2019-09-09 10:33:00";100;100;;;;;;;;;;"1";;;;;;""
2019;11980;"11";"11381";"Sougraigne";"2019-09-09 10:35:00";8;;;;;;;;;;;;;;;;;""
2019;11882;"07";"07187";"Prunet";"2019-09-09 10:53:00";8000;;8000;;;;;;;;;"1";;;;;;""
2019;11612;"34";"34147";"Magalas";"2019-09-09 11:15:00";2573;;;;;;;;;;;"1";"Involontaire (travaux)";;;;;""
2019;11519;"30";"30106";"Durfort-et-Saint-Martin-de-Sossenac";"2019-09-09 11:34:00";20000;;;;;;;;;;;;"Involontaire (travaux)";;;;;""
2019;2660;"33";"33422";"Saint-Jean-d'Illac";"2019-09-09 12:51:00";6000;6000;;0;;;0;;;0;;;;;;;;""
2019;11803;"11";"11269";"Ouveillan";"2019-09-09 12:54:00";4270;;;;;;;;;;;;;;;;;""
2019;11512;"2B";"2B147";"Lozzi";"2019-09-09 14:17:00";200;;;;;;;;;;;;;;;;;""
2019;11522;"13";"13056";"Martigues";"2019-09-09 15:12:00";200;200;;;;;;;;;;"1";;;;;;""
2019;11466;"13";"13056";"Martigues";"2019-09-09 15:20:00";250;250;;;;;;;;;;"1";;;;;;""
2019;11917;"34";"34088";"Cournonterral";"2019-09-09 15:24:00";2764;;2764;;;;;;;;;"1";"Malveillance";;;;;""
2019;11563;"04";"04034";"La Brillanne";"2019-09-09 15:25:00";390;;390;;;;;;;;;;"Involontaire (particulier)";;;;;""
2019;11523;"13";"13019";"Cabriès";"2019-09-09 16:02:00";200;200;;;;;;;;;;"1";;;;;;""
2019;11524;"13";"13035";"Eyguières";"2019-09-09 16:53:00";20;20;;;;;;;;;;"1";;;;;;""
2019;11805;"11";"11269";"Ouveillan";"2019-09-09 17:10:00";6728;;;;;;;;;;;;;;;;;""
2019;11815;"11";"11165";"Ginoles";"2019-09-09 17:49:00";5000;;;;;;;;;;;;;;;;;""
2019;11806;"11";"11397";"Trèbes";"2019-09-09 18:25:00";1700;;;;;;;;;;;;;;;;;""
2019;2659;"33";"33473";"Saint-Savin";"2019-09-09 18:43:00";3000;3000;;0;;;0;;;0;;;"Involontaire (travaux)";;;;;""
2019;11869;"2A";"2A247";"Porto-Vecchio";"2019-09-09 19:20:00";1470;;1470;;;;;;;;;"1";;;;;;""
2019;11615;"34";"34162";"Montagnac";"2019-09-09 20:26:00";260;;;;;;;;;;;;"Malveillance";;;;;""
2019;2658;"33";"33314";"Pauillac";"2019-09-09 21:16:00";50;50;;0;;;0;;;0;;;"Malveillance";;;;;""
2019;2657;"33";"33473";"Saint-Savin";"2019-09-09 21:42:00";300;300;;0;;;0;;;0;;;;;;;;""
2019;11953;"2A";"2A048";"Calcatoggio";"2019-09-10 11:26:00";83000;;83000;;;;;;;;;"1";"Malveillance";;;;;""
2019;11870;"2A";"2A048";"Calcatoggio";"2019-09-10 11:26:00";12000;;12000;;;;;;;;;"1";;;;;;""
2019;3969;"86";"86255";"Savigné";"2019-09-10 15:44:00";80250;0;;250;;;250;80000;0;80000;"Estimées";;;;;;;""
2019;1969;"72";"72025";"Bazouges Cré sur Loir";"2019-09-10 18:16:00";50;50;;0;;;0;0;0;0;"Estimées";;;;;;;""
2019;11954;"2A";"2A004";"Ajaccio";"2019-09-10 19:05:00";70;;70;;;;;;;;;"1";;;;;;""
2019;11540;"05";"05174";"Val-des-Prés";"2019-09-11 11:10:00";70;;;;;;;;;;;;"Involontaire (travaux)";;;;;""
2019;11808;"11";"11266";"Port-la-Nouvelle";"2019-09-11 13:10:00";30;;;;;;;;;;;;;;;;;""
2019;11719;"2B";"2B039";"Bisinchi";"2019-09-11 13:30:00";43000;;43000;;;;;;;;;"1";"Malveillance";;;;;""
2019;11556;"04";"04162";"Revest-des-Brousses";"2019-09-11 14:07:00";1400;;;;;;;;;;;;;;;;;""
2019;11956;"2A";"2A276";"Serra-di-Ferro";"2019-09-11 14:30:00";100;;100;;;;;;;;;;;;;;;""
2019;2655;"33";"33527";"Le Teich";"2019-09-11 15:15:00";2500;2500;;0;;;0;;;0;;;;;;;;""
2019;11957;"2A";"2A247";"Porto-Vecchio";"2019-09-11 15:35:00";1019;;1019;;;;;;;;;"1";"Involontaire (particulier)";;;;;""
2019;1795;"45";"45187";"Lorris";"2019-09-11 15:35:00";13000;10000;;0;;;0;0;3000;3000;"Estimées";;;;;;;""
2019;11981;"11";"11169";"Greffeil";"2019-09-11 16:08:00";300;;;;;;;;;;;;;;;;;""
2019;2654;"33";"33236";"Lège-Cap-Ferret";"2019-09-11 16:31:00";500;500;;0;;;0;;;0;;;;;;;;""
2019;1353;"37";"37173";"Nouans-les-Fontaines";"2019-09-11 18:17:00";25000;5000;;0;;;0;0;20000;20000;"Estimées";;;;;;;""
2019;4002;"86";"86214";"Saint-Benoît";"2019-09-11 19:21:00";1500;0;;1500;;;1500;0;0;0;"Estimées";;;;;;;""
2019;2653;"33";"33527";"Le Teich";"2019-09-11 20:09:00";2000;2000;;0;;;0;;;0;;;;;;;;""
2019;11830;"34";"34021";"Babeau-Bouldoux";"2019-09-11 23:30:00";3705;;;;;;;;;;;"1";"Malveillance";;;;;""
2019;11831;"34";"34021";"Babeau-Bouldoux";"2019-09-11 23:30:00";100;;;;;;;;;;;"1";"Involontaire (travaux)";;;;;""
2019;11832;"34";"34201";"Pierrerue";"2019-09-12 01:00:00";10650;;;;;;;;;;;"1";"Malveillance";;;;;""
2019;11833;"34";"34021";"Babeau-Bouldoux";"2019-09-12 09:55:00";10000;;;;;;;;;;;;"Involontaire (travaux)";;;;;""
2019;11925;"34";"34221";"Puéchabon";"2019-09-12 12:33:00";1319;;1319;;;;;;;;;"1";"Malveillance";;;;;""
2019;1193;"23";"23036";"Bussière-Dunoise";"2019-09-12 14:31:00";1000;1000;;0;;;0;0;0;0;"Estimées";;"Involontaire (travaux)";;;;;""
2019;1565;"87";"87111";"Oradour-sur-Vayres";"2019-09-12 15:38:00";10000;0;;10000;;;10000;0;0;0;"Estimées";;;;;;;""
2019;1566;"87";"87191";"Séreilhac";"2019-09-12 15:41:00";7000;7000;;0;;;0;0;0;0;"Estimées";;;;;;;""
2019;1185;"39";"39285";"Lavans-lès-Dole";"2019-09-12 16:00:00";300;0;;300;;;300;0;0;0;"Estimées";;;;;;;""
2019;11769;"26";"26282";"Romeyer";"2019-09-12 16:15:00";400;400;;;;;;;;0;;"2";;;;;;""
2019;12024;"48";"48112";"Pierrefiche";"2019-09-12 16:38:00";2200;;2200;;;;;;;;;"1";;;;;;""
2019;11809;"11";"11026";"Baraigne";"2019-09-12 16:44:00";976;;;;;;;;;;;;;;;;;""
2019;11810;"11";"11203";"Lézignan-Corbières";"2019-09-12 18:01:00";3550;;;;;;;;;;;;;;;;;""
2019;11721;"2B";"2B320";"Tallone";"2019-09-13 12:06:00";500;;;;;;;;;;;;"Malveillance";;;;;""
2019;1998;"15";"15208";"Saint-Projet-de-Salers";"2019-09-13 12:45:00";30000;0;;30000;;;30000;0;0;0;"Estimées";;;;;;;""
2019;2122;"03";"03138";"Lapalisse";"2019-09-13 13:27:00";30000;25000;;0;;;0;0;5000;5000;"Mesurées";;;;;;;""
2019;1180;"43";"43145";"Ouides";"2019-09-13 13:36:00";8000;500;;7500;;;7500;0;0;0;"Estimées";;;;;;;""
2019;11723;"2B";"2B143";"Linguizzetta";"2019-09-13 14:16:00";219200;700;;;;;;;;218500;;"2";"Malveillance";;;;;""
2019;3876;"18";"18261";"Thaumiers";"2019-09-13 14:23:00";70300;0;;300;;;300;70000;0;70000;"Estimées";;;;;;;""
2019;11724;"2B";"2B143";"Linguizzetta";"2019-09-13 15:48:00";20;;;;;;;;;;;;;;;;;""
2019;11958;"2A";"2A004";"Ajaccio";"2019-09-13 15:55:00";100;;100;;;;;;;;;"1";"Involontaire (particulier)";;;;;""
2019;12026;"48";"48146";"Gorges du Tarn Causses";"2019-09-13 16:05:00";200;;200;;;;;;;;;"1";;;;;;""
2019;1512;"46";"46151";"Lamothe-Cassel";"2019-09-13 16:45:00";50000;0;;50000;;;50000;0;0;0;"Estimées";;;;;;;""
2019;11960;"2A";"2A103";"Cuttoli-Corticchiato";"2019-09-13 16:47:00";300;;300;;;;;;;;;;;;;;;""
2019;1525;"46";"46001";"Albas";"2019-09-13 17:02:00";500;0;;500;;;500;0;0;0;"Estimées";;;;;;;""
2019;12089;"07";"07122";"Lachapelle-sous-Aubenas";"2019-09-13 17:57:00";4500;;4500;;;;;;;;;"1";;;;;;""
2019;3231;"47";"47032";"Bon-Encontre";"2019-09-13 18:04:00";40000;40000;;0;;;0;;;0;;;"Accidentelle";;;;;""
2019;1524;"46";"46182";"Luzech";"2019-09-13 23:48:00";500;0;;500;;;500;0;0;0;"Estimées";;;;;;;""
2019;2510;"24";"24411";"Saint-Front-sur-Nizonne";"2019-09-14 04:57:00";30000;30000;;0;;;0;;;0;;;;;;;;""
2019;1182;"81";"81016";"Arfons";"2019-09-14 08:57:00";6000;0;;6000;;;6000;0;0;0;"Estimées";;;;;;;""
2019;2649;"33";"33529";"La Teste-de-Buch";"2019-09-14 10:08:00";20;20;;0;;;0;;;0;;;;;;;;""
2019;2648;"33";"33284";"Mios";"2019-09-14 13:36:00";2500;2500;;0;;;0;;;0;;;;;;;;""
2019;11934;"34";"34172";"Montpellier";"2019-09-14 14:39:00";8693;8693;;;;;;;;;;"3";"Malveillance";;;;;""
2019;3880;"18";"18204";"Saint-Denis-de-Palin";"2019-09-14 15:40:00";20000;0;;20000;;;20000;0;0;0;"Estimées";;;;;;;""
2019;1799;"45";"45072";"Chanteau";"2019-09-14 16:29:00";1000;1000;;0;;;0;0;0;0;"Estimées";;;;;;;""
2019;1569;"87";"87079";"La Jonchère-Saint-Maurice";"2019-09-14 22:14:00";20000;20000;;0;;;0;0;0;0;"Mesurées";;;;;;;""
2019;11731;"2B";"2B286";"Sorbo-Ocagnano";"2019-09-14 22:16:00";3000;;;;;;;;;;;;"Involontaire (particulier)";;;;;""
2019;11811;"11";"11012";"Argeliers";"2019-09-15 00:51:00";500;;;;;;;;;;;;;;;;;""
2019;1188;"81";"81016";"Arfons";"2019-09-15 05:35:00";120000;120000;;0;;;0;0;0;0;"Estimées";;"Malveillance";;;;;""
2019;11732;"2B";"2B343";"Venzolasca";"2019-09-15 07:28:00";5000;;;;;;;;;;;;;;;;;""
2019;1513;"46";"46197";"Le Montat";"2019-09-15 07:40:00";8000;0;;8000;;;8000;0;0;0;"Estimées";;;;;;;""
2019;2644;"33";"33213";"La Brède";"2019-09-15 09:49:00";1000;1000;;0;;;0;;;0;;;;;;;;""
2019;11846;"34";"34052";"Capestang";"2019-09-15 10:27:00";1904;;1904;;;;;;;;;"1";"Malveillance";;;;;""
2019;1251;"88";"88447";"Saulxures-sur-Moselotte";"2019-09-15 12:04:00";10;10;;0;;;0;0;0;0;"Estimées";;;;;;;""
2019;11851;"34";"34235";"Rosis";"2019-09-15 12:24:00";189162;;189162;;;;;;;;;"1";"Malveillance";;;;;""
2019;1356;"37";"37117";"Hommes";"2019-09-15 12:42:00";10000;10000;;0;;;0;0;0;0;"Estimées";;;;;;;""
2019;11733;"2B";"2B265";"Rutali";"2019-09-15 13:24:00";200;;;;;;;;;;;;;;;;;""
2019;12093;"34";"34095";"Fabrègues";"2019-09-15 13:53:00";9677;;;;;;;;;;;"1";"Involontaire (travaux)";;;;;""
2019;11937;"34";"34138";"Lieuran-Cabrières";"2019-09-15 13:54:00";3959;;3959;;;;;;;;;"1";"Involontaire (particulier)";;;;;""
2019;3228;"47";"47068";"Cocumont";"2019-09-15 14:46:00";4000;4000;;0;;;0;;;0;;;;;;;;""
2019;11812;"11";"11181";"Labécède-Lauragais";"2019-09-15 14:57:00";198500;;;;;;;;;;;;;;;;;""
2019;1999;"15";"15178";"Saint-Cirgues-de-Jordanne";"2019-09-15 15:00:00";20000;0;;20000;;;20000;0;0;0;"Estimées";;;;;;;""
2019;11961;"2A";"2A232";"Pila-Canale";"2019-09-15 15:10:00";300;;300;;;;;;;;;"1";;;;;;""
2019;11854;"34";"34052";"Capestang";"2019-09-15 16:12:00";2;;;;;;;;;;;;"Involontaire (travaux)";;;;;""
2019;11710;"13";"13060";"Meyreuil";"2019-09-15 16:48:00";1000;1000;;;;;;;;;;"1";"Involontaire (particulier)";;;;;""
2019;11813;"11";"11368";"Sallèles-Cabardès";"2019-09-15 17:06:00";50;;;;;;;;;;;;;;;;;""
2019;1201;"63";"63113";"Clermont-Ferrand";"2019-09-15 17:55:00";27724;0;;2000;;;2000;25724;0;25724;"Mesurées";;;;;;;""
2019;1522;"46";"46148";"Lalbenque";"2019-09-15 18:45:00";450;0;;450;;;450;0;0;0;"Estimées";;;;;;;""
2019;12092;"07";"07185";"Préaux";"2019-09-15 18:48:00";4000;;4000;;;;;;;;;"1";"Involontaire (particulier)";;;;;""
2019;1574;"87";"87199";"Vayres";"2019-09-16 07:55:00";300;300;;0;;;0;0;0;0;"Estimées";;;;;;;""
2019;1195;"23";"23200";"Saint-Goussaud";"2019-09-16 10:49:00";15000;15000;;0;;;0;0;0;0;"Estimées";;"Involontaire (particulier)";;;;;""
2019;1800;"45";"45187";"Lorris";"2019-09-16 11:39:00";1500;0;;1500;;;1500;0;0;0;"Estimées";;;;;;;""
2019;12273;"07";"07006";"Albon-d'Ardèche";"2019-09-16 13:47:00";235300;;235300;;;;;;;;;"1";;;;;;""
2019;12095;"07";"07131";"Lanas";"2019-09-16 14:40:00";20000;;20000;;;;;;;;;"1";;;;;;""
2019;1200;"63";"63396";"Saint-Saturnin";"2019-09-16 14:50:00";6812;6812;;0;;;0;0;0;0;"Mesurées";;;;;;;""
2019;12099;"07";"07031";"Berrias-et-Casteljau";"2019-09-16 16:02:00";15000;;15000;;;;;;;;;"1";"Involontaire (travaux)";;;;;""
2019;1196;"23";"23067";"La Courtine";"2019-09-16 16:13:00";100000;100000;;0;;;0;0;0;0;"Estimées";;"Accidentelle";;;;;""
2019;1514;"46";"46204";"Montfaucon";"2019-09-16 19:17:00";500;0;;500;;;500;0;0;0;"Estimées";;;;;;;""
2019;1571;"87";"87183";"Saint-Sylvestre";"2019-09-16 19:47:00";450000;450000;;0;;;0;0;0;0;"Estimées";;;;;;;""
2019;1253;"88";"88078";"Bruyères";"2019-09-16 21:17:00";30000;30000;;0;;;0;0;0;0;"Estimées";;;;;;;""
2019;12107;"07";"07310";"Savas";"2019-09-16 22:23:00";500;;500;;;;;;;;;"1";;;;;;""
2019;11759;"30";"30350";"Le Vigan";"2019-09-16 23:08:00";402;;;;;;;;;;;;;;;;;""
2019;11821;"30";"30325";"Sumène";"2019-09-17 00:10:00";9;;;;;;;;;;;;;;;;;""
2019;12169;"30";"30040";"Blandas";"2019-09-17 00:10:00";104;;;;;;;;;;;;;;;;;""
2019;12172;"30";"30176";"Montdardier";"2019-09-17 01:00:00";48;;48;;;;;;;;;"1";;;;;;""
2019;12171;"30";"30219";"Rogues";"2019-09-17 01:00:00";84;;;;;;;;;;;;;;;;;""
2019;12170;"30";"30040";"Blandas";"2019-09-17 01:00:00";141;;;;;;;;;;;;;;;;;""
2019;2637;"33";"33159";"Étauliers";"2019-09-17 09:58:00";800;800;;0;;;0;;;0;;;"Accidentelle";;;;;""
2019;11898;"2B";"2B105";"Erbajolo";"2019-09-17 12:42:00";71400;41400;30000;;;;;;;;;"1";"Malveillance";;;;;""
2019;1199;"63";"63423";"Sugères";"2019-09-17 13:28:00";2906;2906;;0;;;0;0;0;0;"Mesurées";;;;;;;""
2019;11899;"2B";"2B292";"Sant'Andréa-di-Bozio";"2019-09-17 13:42:00";9500;;;;;;;;;;;;;;;;;""
2019;12005;"04";"04224";"Ubraye";"2019-09-17 14:43:00";28600;28600;;;;;;;;;;"4";"Involontaire (travaux)";;;;;""
2019;1254;"88";"88270";"Liffol-le-Grand";"2019-09-17 15:11:00";300;0;;300;;;300;0;0;0;"Estimées";;;;;;;""
2019;11826;"30";"30269";"Saint-Jean-du-Gard";"2019-09-17 15:42:00";350;;;;;;;;;;;;;;;;;""
2019;1575;"87";"87092";"Marval";"2019-09-17 16:09:00";5000;5000;;0;;;0;0;0;0;"Estimées";;;;;;;""
2019;1521;"46";"46189";"Mayrinhac-Lentour";"2019-09-17 16:09:00";150;0;;150;;;150;0;0;0;"Estimées";;;;;;;""
2019;3975;"86";"86009";"Archigny";"2019-09-17 16:42:00";70000;0;;20000;;;20000;0;50000;50000;"Mesurées";;;;;;;""
2019;2635;"33";"33005";"Andernos-les-Bains";"2019-09-17 17:15:00";20;20;;0;;;0;;;0;;;;;;;;""
2019;11902;"83";"83131";"Solliès-Toucas";"2019-09-17 17:36:00";50;50;;;;;;;;;;"4";"Malveillance";;;;;""
2019;2634;"33";"33214";"Lacanau";"2019-09-17 17:49:00";2500;2500;;0;;;0;;;0;;;;;;;;""
2019;2000;"15";"15202";"Saint-Martin-Valmeroux";"2019-09-17 18:30:00";10000;0;;10000;;;10000;0;0;0;"Estimées";;;;;;;""
2019;11983;"11";"11325";"Rouffiac-d'Aude";"2019-09-17 19:47:00";2140;;;;;;;;;;;;;;;;;""
2019;1417;"16";"16046";"Coteaux-du-Blanzacais";"2019-09-17 22:34:00";10000;0;;10000;;;10000;0;0;0;"Estimées";;;;;;;""
2019;14153;"11";"11075";"Castans";"2019-09-18 06:25:00";36;;;;;;;;;;;;;;;;;""
2019;1202;"19";"19186";"Saint-Bonnet-Elvert";"2019-09-18 11:02:00";25000;0;;25000;;;25000;0;0;0;"Estimées";;"Involontaire (travaux)";;;;;""
2019;12037;"26";"26342";"Solérieux";"2019-09-18 11:29:00";300;300;;;;;;;;;;"3";"Malveillance";;;;;""
2019;3891;"86";"86118";"Journet";"2019-09-18 11:44:00";360000;0;;180000;;;180000;0;180000;180000;"Mesurées";;;;;;;""
2019;12100;"34";"34045";"Cabrières";"2019-09-18 12:58:00";57257;;57257;;;;;;;;;"1";"Involontaire (particulier)";;;;;""
2019;1970;"72";"72299";"Saint-Mars-d'Outillé";"2019-09-18 13:44:00";500;500;;0;;;0;0;0;0;"Estimées";;;;;;;""
2019;2632;"33";"33376";"Saint-Aubin-de-Médoc";"2019-09-18 13:45:00";10000;10000;;0;;;0;;;0;;;;;;;;""
2019;12036;"26";"26125";"Eurre";"2019-09-18 13:57:00";5000;5000;;;;;;;;;;"3";"Malveillance";;;;;""
2019;1419;"16";"16255";"Parzac";"2019-09-18 13:59:00";25000;5000;;0;;;0;0;20000;20000;"Estimées";;;;;;;""
2019;1971;"72";"72231";"Parigné-l'Évêque";"2019-09-18 14:01:00";20000;20000;;0;;;0;0;0;0;"Estimées";;;;;;;""
2019;11931;"30";"30330";"Tornac";"2019-09-18 14:02:00";4447;;;;;;;;;;;;;;;;;""
2019;3388;"47";"47076";"Cuq";"2019-09-18 15:09:00";40000;40000;;0;;;0;;;0;;;"Involontaire (particulier)";;;;;""
2019;2508;"24";"24558";"Trémolat";"2019-09-18 15:10:00";1000;1000;;0;;;0;;;0;;;;;;;;""
2019;1972;"72";"72213";"Mulsanne";"2019-09-18 15:27:00";2000;2000;;0;;;0;0;0;0;"Estimées";;;;;;;""
2019;2631;"33";"33262";"Macau";"2019-09-18 16:35:00";4000;4000;;0;;;0;;;0;;;;;;;;""
2019;3976;"86";"86293";"Vivonne";"2019-09-18 17:05:00";50000;50000;;0;;;0;0;0;0;"Estimées";;;;;;;""
2019;1973;"72";"72244";"Précigné";"2019-09-18 17:38:00";1000;1000;;0;;;0;0;0;0;"Estimées";;;;;;;""
2019;5765;"71";"71223";"La Grande-Verrière";"2019-09-18 18:46:00";35000;0;;5000;;;5000;30000;0;30000;"Estimées";;;;;;;""
2019;3386;"47";"47027";"Bias";"2019-09-18 19:05:00";50;50;;0;;;0;;;0;;;;;;;;""
2019;12278;"07";"07126";"Lagorce";"2019-09-18 22:10:00";868900;128000;642900;;;;;;;98000;;"1";;;;;;""
2019;1359;"37";"37243";"Savonnières";"2019-09-19 03:49:00";40000;0;;40000;;;40000;0;0;0;"Estimées";;;;;;;""
2019;1974;"72";"72260";"Ruaudin";"2019-09-19 07:38:00";100;100;;0;;;0;0;0;0;"Estimées";;;;;;;""
2019;2627;"33";"33019";"Audenge";"2019-09-19 10:26:00";30000;30000;;0;;;0;;;0;;;;;;;;""
2019;12038;"26";"26342";"Solérieux";"2019-09-19 11:29:00";400;400;;;;;;;;;;"3";"Malveillance";;;;;""
2019;1520;"46";"46221";"Planioles";"2019-09-19 13:01:00";10000;0;;10000;;;10000;0;0;0;"Estimées";;;;;;;""
2019;3977;"86";"86068";"Chaunay";"2019-09-19 14:01:00";100000;0;;100000;;;100000;0;0;0;"Estimées";;;;;;;""
2019;1975;"72";"72047";"Brette-les-Pins";"2019-09-19 14:06:00";3000;3000;;0;;;0;0;0;0;"Estimées";;;;;;;""
2019;3886;"18";"18058";"Châteauneuf-sur-Cher";"2019-09-19 14:18:00";50000;0;;30000;;;30000;20000;0;20000;"Estimées";;;;;;;""
2019;1278;"23";"23132";"Montaigut-le-Blanc";"2019-09-19 14:19:00";20800;20000;;0;;;0;0;800;800;"Estimées";;"Involontaire (travaux)";;;;;""
2019;5766;"71";"71014";"Autun";"2019-09-19 15:18:00";20000;20000;;0;;;0;0;0;0;"Estimées";;;;;;;""
2019;12013;"2A";"2A211";"Petreto-Bicchisano";"2019-09-19 16:40:00";50;;50;;;;;;;;;"1";;;;;;""
2019;3978;"86";"86170";"Moulismes";"2019-09-19 17:05:00";50000;0;;50000;;;50000;0;0;0;"Estimées";;;;;;;""
2019;11973;"83";"83007";"Aups";"2019-09-19 17:13:00";400;400;;;;;;;;;;"4";"Naturelle";;;;;""
2019;1515;"46";"46195";"Molières";"2019-09-19 18:42:00";150;0;;150;;;150;0;0;0;"Estimées";;;;;;;""
2019;2619;"33";"33484";"Saint-Symphorien";"2019-09-19 19:08:00";1500;1500;;0;;;0;;;0;;;;;;;;""
2019;12362;"30";"30294";"Saint-Privat-des-Vieux";"2019-09-19 20:29:00";200;;;;;;;;;;;;;;;;;""
2019;2618;"33";"33423";"Saint-Julien-Beychevelle";"2019-09-19 20:47:00";3000;3000;;0;;;0;;;0;;;;;;;;""
2019;12363;"30";"30294";"Saint-Privat-des-Vieux";"2019-09-19 23:47:00";200;;;;;;;;;;;;;;;;;""
2019;11999;"83";"83135";"Tavernes";"2019-09-20 00:34:00";2;2;;;;;;;;;;"2";"Naturelle";;;;;""
2019;12113;"2A";"2A103";"Cuttoli-Corticchiato";"2019-09-20 03:14:00";40;;40;;;;;;;;;;;;;;;""
2019;12015;"2A";"2A181";"Ocana";"2019-09-20 04:01:00";1000;;1000;;;;;;;;;;;;;;;""
2019;1275;"49";"49045";"La Breille-les-Pins";"2019-09-20 04:30:00";60000;60000;;0;;;0;0;0;0;"Estimées";;;;;;;""
2019;12114;"2A";"2A189";"Olmeto";"2019-09-20 13:16:00";20;;20;;;;;;;;;;;;;;;""
2019;1287;"58";"58226";"Saint-Agnan";"2019-09-20 14:24:00";97104;47255;;0;;;0;49849;0;49849;"Mesurées";;"Accidentelle";;;;;""
2019;3223;"47";"47145";"Layrac";"2019-09-20 15:04:00";50;50;;0;;;0;;;0;;;;;;;;""
2019;1259;"19";"19125";"Marcillac-la-Croisille";"2019-09-20 15:52:00";10000;10000;;0;;;0;0;0;0;"Estimées";;;;;;;""
2019;12302;"07";"07093";"Genestelle";"2019-09-20 15:57:00";81000;0;71000;;;;;;;10000;;"3";;;;;;""
2019;2001;"15";"15038";"Champs-sur-Tarentaine-Marchal";"2019-09-20 16:00:00";30000;0;;30000;;;30000;0;0;0;"Estimées";;;;;;;""
2019;3888;"18";"18037";"Brinon-sur-Sauldre";"2019-09-20 18:35:00";10000;0;;10000;;;10000;0;0;0;"Estimées";;;;;;;""
2019;2285;"64";"64230";"Gan";"2019-09-20 20:01:00";1;0;;1;;;1;;;0;;;;;;;;""
2019;1343;"17";"17033";"La Barde";"2019-09-21 05:03:00";5200;5200;;0;;;0;0;0;0;"Mesurées";;;;;;;""
2019;4025;"77";"77333";"Nemours";"2019-09-21 10:00:00";4200;4200;;0;;;0;0;0;0;"Estimées";;"Malveillance";;;;;""
2019;12039;"26";"26124";"Étoile-sur-Rhône";"2019-09-21 10:33:00";1500;1500;;;;;;;;;;"3";"Accidentelle";;;;;""
2019;1858;"69";"69257";"Vaux-en-Beaujolais";"2019-09-21 11:14:00";1000;1000;;0;;;0;0;0;0;"Estimées";;;;;;;""
2019;12010;"2B";"2B007";"Albertacce";"2019-09-21 12:18:00";1000;;;;;;;;;;;;;;;;;""
2019;1423;"16";"16076";"Champagne-Mouton";"2019-09-21 12:52:00";75000;0;;35000;;;35000;0;40000;40000;"Estimées";;;;;;;""
2019;3220;"47";"47207";"Pompiey";"2019-09-21 13:20:00";20000;20000;;0;;;0;;;0;;;"Involontaire (particulier)";;;;;""
2019;5767;"71";"71234";"Huilly-sur-Seille";"2019-09-21 14:06:00";15000;0;;15000;;;15000;0;0;0;"Estimées";;;;;;;""
2019;1284;"23";"23067";"La Courtine";"2019-09-21 14:23:00";50000;50000;;0;;;0;0;0;0;"Estimées";;"Accidentelle";;;;;""
2019;1801;"45";"45187";"Lorris";"2019-09-21 14:40:00";1000;1000;;0;;;0;0;0;0;"Estimées";;;;;;;""
2019;1425;"16";"16382";"Torsac";"2019-09-21 14:53:00";10000;0;;10000;;;10000;0;0;0;"Estimées";;;;;;;""
2019;4014;"86";"86039";"Brux";"2019-09-21 14:57:00";1000;0;;1000;;;1000;0;0;0;"Estimées";;;;;;;""
2019;1271;"88";"88409";"Saint-Amé";"2019-09-21 14:57:00";1;1;;0;;;0;0;0;0;"Estimées";;;;;;;""
2019;1264;"63";"63191";"Lastic";"2019-09-21 15:00:00";40100;5213;;0;;;0;34887;0;34887;"Mesurées";;;;;;;""
2019;2123;"03";"03292";"Tronget";"2019-09-21 17:02:00";14200;14200;;0;;;0;0;0;0;"Mesurées";;;;;;;""
2019;1289;"21";"21360";"Lusigny-sur-Ouche";"2019-09-21 17:06:00";18000;18000;;0;;;0;0;0;0;"Mesurées";;;;;;;""
2019;1976;"72";"72213";"Mulsanne";"2019-09-21 18:05:00";200;200;;0;;;0;0;0;0;"Estimées";;;;;;;""
2019;3217;"47";"47307";"Thézac";"2019-09-21 18:55:00";8000;8000;;0;;;0;;;0;;;;;;;;""
2019;5768;"71";"71411";"Saint-Eugène";"2019-09-21 21:14:00";10000;0;;10000;;;10000;0;0;0;"Estimées";;;;;;;""
2019;3889;"18";"18159";"Nançay";"2019-09-21 21:25:00";1000;0;;1000;;;1000;0;0;0;"Estimées";;;;;;;""
2019;12115;"2A";"2A181";"Ocana";"2019-09-21 23:06:00";2500;;2500;;;;;;;;;;"Naturelle";;;;;""
2019;3979;"86";"86019";"Beaumont Saint-Cyr";"2019-09-22 06:21:00";30000;30000;;0;;;0;0;0;0;"Estimées";;;;;;;""
2019;14158;"11";"11386";"Talairan";"2019-09-23 13:48:00";3;;;;;;;;;;;;;;;;;""
2019;12116;"2A";"2A276";"Serra-di-Ferro";"2019-09-23 15:35:00";100;;100;;;;;;;;;"1";;;;;;""
2019;12075;"05";"05006";"L'Argentière-la-Bessée";"2019-09-24 12:37:00";3;;;;;;;;;;;;"Naturelle";;;;;""
2019;12088;"13";"13050";"Lambesc";"2019-09-24 14:35:00";4700;4700;;;;;;;;;;"1";"Involontaire (particulier)";;;;;""
2019;12118;"2A";"2A362";"Zonza";"2019-09-25 12:25:00";1;;1;;;;;;;;;;"Involontaire (particulier)";;;;;""
2019;12119;"2A";"2A001";"Afa";"2019-09-25 15:43:00";10;;10;;;;;;;;;;"Involontaire (particulier)";;;;;""
2019;12065;"2B";"2B320";"Tallone";"2019-09-25 19:39:00";15000;;15000;;;;;;;0;;"1";"Malveillance";;;;;""
2019;12121;"2A";"2A247";"Porto-Vecchio";"2019-09-27 15:06:00";420;;400;;;;;;;20;;"1";"Malveillance";;;;;""
2019;3213;"47";"47323";"Villeneuve-sur-Lot";"2019-09-28 03:00:00";10;10;;0;;;0;;;0;;;;;;;;""
2019;14160;"11";"11396";"Trausse";"2019-09-28 10:54:00";50;;;;;;;;;;;;;;;;;""
2019;12072;"2B";"2B046";"Cagnano";"2019-09-28 14:01:00";4000;;;;;;;;;;;;;;;;;""
2019;12073;"2B";"2B016";"Antisanti";"2019-09-28 15:23:00";800;;;;;;;;;;;;;;;;;""
2019;12233;"26";"26203";"Montjoyer";"2019-09-28 16:15:00";1000;1000;;;;;;;;0;;"3";"Malveillance";;;;;""
2019;2610;"33";"33422";"Saint-Jean-d'Illac";"2019-09-29 14:45:00";400;400;;0;;;0;;;0;;;;;;;;""
2019;3107;"40";"40133";"Labenne";"2019-09-29 16:05:00";150;150;;0;;;0;;;0;;;;;;;;""
2019;1516;"46";"46128";"Gramat";"2019-09-29 16:34:00";15000;0;;15000;;;15000;0;0;0;"Estimées";;;;;;;""
2019;12999;"2A";"2A204";"Pastricciola";"2019-09-29 22:55:00";3000;1000;2000;;;;;;;;;;;;;;;""
2019;12087;"2B";"2B007";"Albertacce";"2019-09-30 12:07:00";10000;10000;0;;;;;;;;;"4";;;;;;""
2019;12085;"2B";"2B073";"Casamaccioli";"2019-09-30 12:07:00";15000;15000;;;;;;;;;;"4";;;;;;""
2019;12082;"04";"04143";"Oraison";"2019-09-30 13:22:00";2;;;;;;;;;;;;"Accidentelle";;;;;""
2019;12122;"2A";"2A247";"Porto-Vecchio";"2019-09-30 16:30:00";2000;;2000;;;;;;;;;"1";"Involontaire (travaux)";;;;;""
2019;12313;"07";"07305";"Les Salelles";"2019-09-30 22:02:00";700;;;;;;;;;;;"5";;;;;;""
2019;12285;"34";"34121";"Joncels";"2019-10-01 12:22:00";6025;;6025;;;;;;;;;"1";"Accidentelle";;;;;""
2019;12127;"83";"83011";"Bargemon";"2019-10-01 13:16:00";1500;1500;;;;;;;;;;"2";"Accidentelle";;;;;""
2019;2002;"15";"15262";"Villedieu";"2019-10-01 14:15:00";5000;0;;5000;;;5000;0;0;0;"Estimées";;;;;;;""
2019;12129;"2B";"2B049";"Calenzana";"2019-10-02 10:47:00";20;;;;;;;;;;;;;;;;;""
2019;12315;"07";"07334";"Les Vans";"2019-10-02 19:01:00";800;800;;;;;;;;;;"3";;;;;;""
2019;12366;"2A";"2A018";"Arbellara";"2019-10-03 00:05:00";10;;10;;;;;;;;;;"Accidentelle";;;;;""
2019;12200;"30";"30341";"Vauvert";"2019-10-03 06:00:00";200;;;;;;;;;;;;;;;;;""
2019;14161;"11";"11269";"Ouveillan";"2019-10-03 11:12:00";1000;;;;;;;;;;;;;;;;;""
2019;12222;"04";"04070";"Digne-les-Bains";"2019-10-03 16:12:00";3240;3100;140;;;;;;;;;"4";"Naturelle";;;;;""
2019;12202;"30";"30341";"Vauvert";"2019-10-03 17:53:00";100;;;;;;;;;;;;;;;;;""
2019;12258;"2B";"2B355";"Volpajola";"2019-10-04 10:29:00";566000;;566000;;;;;;;;;"1";"Malveillance";;;;;""
2019;12223;"04";"04121";"Mézel";"2019-10-06 13:03:00";250;;;;;;;;;;;;;;;;;""
2019;12364;"2A";"2A031";"Bastelica";"2019-10-06 15:07:00";35000;;35000;;;;;;;;;;"Involontaire (travaux)";;;;;""
2019;12228;"2B";"2B292";"Sant'Andréa-di-Bozio";"2019-10-06 16:03:00";15000;15000;;;;;;;;;;"5";"Malveillance";;;;;""
2019;12951;"34";"34210";"Le Pouget";"2019-10-06 17:04:00";56401;;26401;;;;;;;30000;;"1";"Accidentelle";;;;;""
2019;1518;"46";"46127";"Gourdon";"2019-10-08 13:26:00";300;0;;300;;;300;0;0;0;"Estimées";;;;;;;""
2019;13159;"30";"30159";"Le Martinet";"2019-10-08 15:13:00";1000;;;;;;;;;;;;;;;;;""
2019;2280;"64";"64072";"Aubertin";"2019-10-08 17:19:00";100;0;;100;;;100;;;0;;;;;;;;""
2019;12963;"34";"34172";"Montpellier";"2019-10-08 17:47:00";332;;332;;;;;;;;;"1";"Malveillance";;;;;""
2019;13400;"48";"48117";"Pourcharesses";"2019-10-09 12:05:00";300;;300;;;;;;;;;"1";;;;;;""
2019;12368;"2A";"2A272";"Sartène";"2019-10-09 14:26:00";208000;;208000;;;;;;;;;;"Accidentelle";;;;;""
2019;14162;"11";"11269";"Ouveillan";"2019-10-10 16:35:00";2194;;;;;;;;;;;;;;;;;""
2019;2279;"64";"64138";"Bordes";"2019-10-11 09:48:00";200;0;;200;;;200;;;0;;;;;;;;""
2019;3106;"40";"40142";"Laluque";"2019-10-11 14:21:00";2000;2000;;0;;;0;;;0;;;"Involontaire (travaux)";;;;;""
2019;3208;"47";"47266";"Saint-Pé-Saint-Simon";"2019-10-11 17:32:00";100;100;;0;;;0;;;0;;;;;;;;""
2019;2606;"33";"33273";"Martignas-sur-Jalle";"2019-10-11 17:51:00";100;100;;0;;;0;;;0;;;;;;;;""
2019;3207;"47";"47323";"Villeneuve-sur-Lot";"2019-10-11 23:27:00";10;10;;0;;;0;;;0;;;;;;;;""
2019;2278;"64";"64282";"Jatxou";"2019-10-12 03:43:00";50;0;;50;;;50;;;0;;;;;;;;""
2019;12263;"2B";"2B343";"Venzolasca";"2019-10-12 13:30:00";3000;;;;;;;;;;;;;;;;;""
2019;3105;"40";"40108";"Gastes";"2019-10-12 17:44:00";4800;4800;;0;;;0;;;0;;;"Naturelle";;;;;""
2019;3205;"47";"47323";"Villeneuve-sur-Lot";"2019-10-12 23:17:00";30;30;;0;;;0;;;0;;;;;;;;""
2019;3204;"47";"47202";"Paulhiac";"2019-10-13 01:36:00";40000;40000;;0;;;0;;;0;;;;;;;;""
2019;2605;"33";"33284";"Mios";"2019-10-13 12:00:00";550000;550000;;0;;;0;;;0;;;;;;;;""
2019;12264;"2B";"2B095";"Corscia";"2019-10-13 12:36:00";200;;;;;;;;;;;;;;;;;""
2019;12268;"2B";"2B047";"Calacuccia";"2019-10-13 12:36:00";2000;;;;;;;;;;;;;;;;;""
2019;3203;"47";"47310";"Tonneins";"2019-10-13 13:24:00";20;20;;0;;;0;;;0;;;"Involontaire (particulier)";;;;;""
2019;3738;"82";"82033";"Castelsarrasin";"2019-10-13 15:20:00";12000;2000;;0;;;0;10000;0;10000;"Estimées";;;;;;;""
2019;14269;"84";"84023";"Buoux";"2019-10-13 15:35:00";2000;2000;;;;;;;;;;;;;;;;""
2019;3202;"47";"47097";"Feugarolles";"2019-10-13 16:29:00";600;100;;0;;;0;;;500;;;;;;;;""
2019;3201;"47";"47203";"Penne-d'Agenais";"2019-10-13 16:34:00";5000;5000;;0;;;0;;;0;;;"Accidentelle";;;;;""
2019;3200;"47";"47069";"Colayrac-Saint-Cirq";"2019-10-13 17:27:00";225;25;;0;;;0;;;200;;;;;;;;""
2019;2003;"15";"15250";"Vebret";"2019-10-13 19:15:00";60000;0;;60000;;;60000;0;0;0;"Estimées";;;;;;;""
2019;3198;"47";"47080";"Dévillac";"2019-10-13 22:57:00";100;100;;0;;;0;;;0;;;;;;;;""
2019;3197;"47";"47323";"Villeneuve-sur-Lot";"2019-10-13 23:49:00";15;15;;0;;;0;;;0;;;;;;;;""
2019;12352;"04";"04070";"Digne-les-Bains";"2019-10-14 18:37:00";15;;;;;;;;;;;;;;;;;""
2019;12346;"34";"34209";"Portiragnes";"2019-10-15 10:57:00";16129;16129;;;;;;;;;;"1";"Involontaire (particulier)";;;;;""
2019;12369;"2A";"2A090";"Coggia";"2019-10-15 15:39:00";1;;1;;;;;;;;;;"Involontaire (particulier)";;;;;""
2019;12370;"2A";"2A006";"Alata";"2019-10-16 15:17:00";1;;1;;;;;;;;;;;;;;;""
2019;14163;"11";"11015";"Arques";"2019-10-16 22:55:00";50;;;;;;;;;;;;;;;;;""
2019;12371;"2A";"2A041";"Bonifacio";"2019-10-17 10:08:00";600;;600;;;;;;;;;;"Involontaire (particulier)";;;;;""
2019;12372;"2A";"2A348";"Vico";"2019-10-17 10:47:00";5;;5;;;;;;;;;;;;;;;""
2019;14164;"11";"11269";"Ouveillan";"2019-10-18 03:10:00";1000;;;;;;;;;;;;;;;;;""
2019;14165;"11";"11269";"Ouveillan";"2019-10-18 03:10:00";5;;;;;;;;;;;;;;;;;""
2019;12456;"2A";"2A065";"Cargèse";"2019-10-19 10:23:00";200;;200;;;;;;;;;;"Involontaire (particulier)";;;;;""
2019;12458;"2A";"2A348";"Vico";"2019-10-19 15:53:00";1000;;1000;;;;;;;;;;"Involontaire (particulier)";;;;;""
2019;12459;"2A";"2A349";"Viggianello";"2019-10-19 16:14:00";300;;300;;;;;;;;;;"Involontaire (particulier)";;;;;""
2019;12460;"2A";"2A065";"Cargèse";"2019-10-20 10:32:00";8000;;8000;;;;;;;;;;"Involontaire (particulier)";;;;;""
2019;12414;"2B";"2B290";"Speloncato";"2019-10-20 10:37:00";5000;;;;;;;;;;;;;;;;;""
2019;12461;"2A";"2A004";"Ajaccio";"2019-10-20 12:16:00";3000;;3000;;;;;;;;;;;;;;;""
2019;12462;"2A";"2A004";"Ajaccio";"2019-10-20 18:13:00";500;;500;;;;;;;;;;;;;;;""
2019;12463;"2A";"2A300";"San-Gavino-di-Carbini";"2019-10-20 18:36:00";500;;500;;;;;;;;;;;;;;;""
2019;12464;"2A";"2A004";"Ajaccio";"2019-10-21 13:19:00";500;;500;;;;;;;;;;"Involontaire (particulier)";;;;;""
2019;12466;"2A";"2A130";"Grosseto-Prugna";"2019-10-21 18:57:00";10;;10;;;;;;;;;;;;;;;""
2019;12872;"2A";"2A181";"Ocana";"2019-10-22 12:51:00";1;;1;;;;;;;;;;"Involontaire (particulier)";;;;;""
2019;12873;"2A";"2A008";"Albitreccia";"2019-10-22 13:38:00";300;;300;;;;;;;;;;"Involontaire (particulier)";;;;;""
2019;12875;"2A";"2A181";"Ocana";"2019-10-22 23:32:00";3000;;3000;;;;;;;;;;"Involontaire (particulier)";;;;;""
2019;12876;"2A";"2A103";"Cuttoli-Corticchiato";"2019-10-23 01:36:00";1;;1;;;;;;;;;;"Involontaire (particulier)";;;;;""
2019;12877;"2A";"2A130";"Grosseto-Prugna";"2019-10-23 04:35:00";1;;1;;;;;;;;;;"Involontaire (travaux)";;;;;""
2019;12418;"2B";"2B178";"Nonza";"2019-10-23 06:30:00";50000;50000;;;;;;;;;;"2";;;;;;""
2019;12878;"2A";"2A228";"Pietrosella";"2019-10-23 07:10:00";1;;1;;;;;;;;;;"Accidentelle";;;;;""
2019;12879;"2A";"2A004";"Ajaccio";"2019-10-23 12:29:00";3000;;3000;;;;;;;;;;"Involontaire (particulier)";;;;;""
2019;12880;"2A";"2A285";"Sorbollano";"2019-10-23 13:40:00";10;;10;;;;;;;;;;"Involontaire (particulier)";;;;;""
2019;12881;"2A";"2A209";"Peri";"2019-10-23 14:20:00";30;;30;;;;;;;;;;"Involontaire (particulier)";;;;;""
2019;12882;"2A";"2A004";"Ajaccio";"2019-10-23 14:37:00";20;;20;;;;;;;;;;"Involontaire (particulier)";;;;;""
2019;12883;"2A";"2A232";"Pila-Canale";"2019-10-23 14:50:00";200;;200;;;;;;;;;"1";"Involontaire (particulier)";;;;;""
2019;12884;"2A";"2A209";"Peri";"2019-10-23 15:22:00";300;;300;;;;;;;;;;"Involontaire (particulier)";;;;;""
2019;12885;"2A";"2A130";"Grosseto-Prugna";"2019-10-23 15:56:00";1000;;1000;;;;;;;;;;"Involontaire (particulier)";;;;;""
2019;12886;"2A";"2A271";"Sarrola-Carcopino";"2019-10-23 16:32:00";200;;200;;;;;;;;;;"Involontaire (travaux)";;;;;""
2019;14166;"11";"11358";"Saint-Martin-Lys";"2019-10-26 15:47:00";10;;;;;;;;;;;;;;;;;""
2019;12887;"2A";"2A284";"Sollacaro";"2019-10-27 14:20:00";400;;400;;;;;;;;;"1";"Involontaire (particulier)";;;;;""
2019;12985;"2A";"2A017";"Appietto";"2019-10-28 13:58:00";1;;1;;;;;;;;;;"Involontaire (travaux)";;;;;""
2019;12987;"2A";"2A006";"Alata";"2019-10-28 15:39:00";500;;500;;;;;;;;;;"Involontaire (particulier)";;;;;""
2019;12989;"2A";"2A114";"Figari";"2019-10-29 16:49:00";1500;;1500;;;;;;;;;;;;;;;""
2019;12990;"2A";"2A032";"Bastelicaccia";"2019-10-31 12:09:00";1;;1;;;;;;;;;;"Involontaire (travaux)";;;;;""
2019;12992;"2A";"2A308";"Sainte-Lucie-de-Tallano";"2019-10-31 15:21:00";1;;1;;;;;;;;;;"Accidentelle";;;;;""
2019;12994;"2A";"2A048";"Calcatoggio";"2019-10-31 18:36:00";50;;50;;;;;;;;;;"Involontaire (particulier)";;;;;""
2019;12996;"2A";"2A247";"Porto-Vecchio";"2019-11-01 17:30:00";50;;50;;;;;;;;;;"Involontaire (particulier)";;;;;""
2019;12998;"2A";"2A114";"Figari";"2019-11-01 18:09:00";200;;200;;;;;;;;;;"Involontaire (particulier)";;;;;""
2019;14167;"11";"11269";"Ouveillan";"2019-11-01 19:45:00";5;;;;;;;;;;;;;;;;;""
2019;13910;"66";"66071";"Estagel";"2019-11-10 16:00:00";1000;1000;;;;;;;;;;"2";;;;;;""
2019;13271;"83";"83017";"Belgentier";"2019-11-30 12:17:00";600;600;;;;;;;;;;"2";"Involontaire (travaux)";;;;;""
2019;14168;"11";"11361";"Saint-Papoul";"2019-11-30 17:45:00";3750;;;;;;;;;;;;;;;;;""
2019;14169;"11";"11188";"La Palme";"2019-12-01 07:36:00";50;;;;;;;;;;;;;;;;;""
2019;14171;"11";"11262";"Narbonne";"2019-12-09 16:55:00";10;;;;;;;;;;;;;;;;;""
2019;13313;"06";"06068";"Gourdon";"2019-12-10 12:11:00";600;;;;;;;;;;;;"Involontaire (particulier)";;;;;""
2019;13314;"06";"06046";"Colomars";"2019-12-10 16:21:00";100;;;;;;;;;;;;"Involontaire (particulier)";;;;;""
2019;13399;"2B";"2B314";"Santo-Pietro-di-Tenda";"2019-12-13 18:00:00";30;;30;;;;;;;;;"1";;;;;;""
2019;14172;"11";"11164";"Ginestas";"2019-12-16 17:47:00";300;;;;;;;;;;;;;;;;;""
2019;14199;"2A";"2A228";"Pietrosella";"2019-12-17 17:48:00";1;;1;;;;;;;;;;"Involontaire (particulier)";;;;;""
2019;2130;"64";"64213";"Espelette";"2019-12-19 13:04:00";200;0;;200;;;200;;;0;;;"Involontaire (particulier)";;;;;""
2019;13526;"06";"06074";"Lantosque";"2019-12-24 16:19:00";2000;;2000;;;;;;;;;"1";"Malveillance";;;;;""
2019;14128;"66";"66205";"Tautavel";"2019-12-26 11:42:00";1500;500;1000;;;;;;;;;"4";;;;;;""
2019;13687;"06";"06050";"Coursegoules";"2019-12-27 14:22:00";5000;;;;;;;;;;;;;;;;;""
2019;13688;"06";"06151";"Utelle";"2019-12-27 14:53:00";4000;;;;;;;;;;;;;;;;;""
2019;2268;"40";"40225";"Philondenx";"2019-12-28 17:36:00";5;0;;5;;;5;;;0;;;;;;;;""
2019;14073;"83";"83044";"Comps-sur-Artuby";"2019-12-30 17:05:00";500;;;;;;;;;;;;;;;;;""
2019;13747;"2B";"2B112";"Feliceto";"2019-12-30 18:16:00";400;;;;;;;;;;;;;;;;;""
2020;15839;"2A";"2A300";"San-Gavino-di-Carbini";"2020-01-01 06:10:00";1;;1;;;;;;;;;;;;;;;""
2020;12854;"11";"11370";"Salles-d'Aude";"2020-01-02 14:11:00";50;;;;;;;;;;;;;;;;;""
2020;15127;"04";"04043";"Val-de-Chalvagne";"2020-01-04 13:55:00";19900;19900;;;;;;;;;;"3";"Involontaire (travaux)";;;;;""
2020;15868;"2A";"2A041";"Bonifacio";"2020-01-04 14:58:00";100;;100;;;;;;;;;;"Involontaire (particulier)";;;;;""
2020;3938;"74";"74070";"Chens-sur-Léman";"2020-01-04 18:38:00";10;0;;10;;;10;0;0;0;"Estimées";;;;;;;""
2020;15878;"2A";"2A247";"Porto-Vecchio";"2020-01-04 19:18:00";1;;1;;;;;;;;;;"Involontaire (travaux)";;;;;""
2020;12771;"2B";"2B265";"Rutali";"2020-01-05 11:13:00";40000;;40000;;;;;;;;;"1";;;;;;""
2020;17929;"06";"06096";"Pierlas";"2020-01-05 14:00:00";150;;;;;;;;;;;"4";;;;;;""
2020;14365;"06";"06058";"Escragnolles";"2020-01-07 17:32:00";500;;;;;;;;;;;"1";;;;;;""
2020;15599;"30";"30175";"Montclus";"2020-01-08 11:04:00";1454;;;;;;;;;;;;;;;;;""
2020;15923;"2A";"2A272";"Sartène";"2020-01-08 15:28:00";1;;1;;;;;;;;;"1";;;;;;""
2020;12855;"11";"11125";"Embres-et-Castelmaure";"2020-01-08 17:11:00";700;;;;;;;;;;;;;;;;;""
2020;32;"88";"88256";"Jussarupt";"2020-01-08 18:51:00";5;5;;0;;;0;0;0;0;"Estimées";;;;;;;""
2020;18874;"04";"04084";"Estoublon";"2020-01-09 14:59:00";10300;10300;;;;;;;;;;"2";"Involontaire (particulier)";;;;;""
2020;3843;"70";"70575";"Voray-sur-l'Ognon";"2020-01-09 22:41:00";30;0;;30;;;30;0;0;0;"Estimées";;;;;;;""
2020;16758;"2B";"2B314";"Santo-Pietro-di-Tenda";"2020-01-11 15:30:00";5000;;5000;;;;;;;;;"1";;;;;;""
2020;13383;"07";"07058";"Chassiers";"2020-01-11 19:53:00";20;20;;;;;;;;;;"5";;;;;;""
2020;16022;"2A";"2A323";"Tavaco";"2020-01-12 12:45:00";1;;1;;;;;;;;;"1";;;;;;""
2020;16088;"2A";"2A031";"Bastelica";"2020-01-12 15:30:00";56038;;56038;;;;;;;;;;"Involontaire (travaux)";;;;;""
2020;16975;"2B";"2B307";"Santa-Lucia-di-Moriani";"2020-01-12 15:50:00";3000;;;;;;;;;;;;;;;;;""
2020;18642;"2A";"2A330";"Ucciani";"2020-01-13 10:43:00";10000;;10000;;;;;;;;;"1";;;;;;""
2020;18681;"2B";"2B354";"Vivario";"2020-01-15 09:26:00";100;;;;;;;;;;;;;;;;;""
2020;18776;"2B";"2B329";"Tralonca";"2020-01-15 14:15:00";5000;;;;;;;;;;;;;;;;;""
2020;3579;"57";"57089";"Bitche";"2020-01-15 15:01:00";200000;200000;;0;;;0;0;0;0;"Estimées";;;;;;;""
2020;18788;"2B";"2B274";"Scolca";"2020-01-15 15:23:00";1000;;;;;;;;;;;;;;;;;""
2020;15257;"66";"66146";"Porta";"2020-01-15 16:02:00";15000;;15000;;;;;;;;;"1";"Malveillance";;;;;""
2020;18798;"2B";"2B342";"Ventiseri";"2020-01-15 18:49:00";5;;;;;;;;;;;;;;;;;""
2020;16189;"2A";"2A142";"Levie";"2020-01-16 17:44:00";50;;50;;;;;;;;;;"Involontaire (particulier)";;;;;""
2020;12080;"41";"41204";"Saint-Claude-de-Diray";"2020-01-17 14:53:00";100;0;;100;;;100;0;0;0;"Estimées";;"Involontaire (particulier)";;;;;""
2020;3661;"70";"70045";"Avrigney-Virey";"2020-01-18 11:50:00";10;0;;10;;;10;0;0;0;"Estimées";;;;;;;""
2020;18885;"2B";"2B329";"Tralonca";"2020-01-18 14:14:00";1500;;;;;;;;;;;;;;;;;""
2020;16673;"48";"48194";"Vialas";"2020-01-19 13:50:00";900;900;;;;;;;;;;"2";;;;;;""
2020;15273;"66";"66095";"Latour-de-Carol";"2020-01-19 23:26:00";500;500;;;;;;;;;;"4";"Involontaire (particulier)";;;;;""
2020;12564;"06";"06023";"Breil-sur-Roya";"2020-01-20 23:06:00";16000;;;;;;;;;;;"3";;;;;;""
2020;12729;"06";"06002";"Amirat";"2020-01-21 12:33:00";1000;;;;;;;;;;;"1";;;;;;""
2020;12856;"11";"11435";"Villerouge-Termenès";"2020-01-21 15:58:00";20;;;;;;;;;;;;;;;;;""
2020;3962;"90";"90041";"Étueffont";"2020-01-21 19:32:00";20;0;;20;;;20;0;0;0;"Estimées";;"Involontaire (travaux)";;;;;""
2020;12575;"06";"06049";"Courmes";"2020-01-22 15:53:00";10000;;;;;;;;;;;"1";"Malveillance";;;;;""
2020;12499;"04";"04176";"Sainte-Croix-du-Verdon";"2020-01-22 17:22:00";1000;;1000;;;;;;;;;;"Involontaire (particulier)";;;;;""
2020;16284;"2A";"2A186";"Olivese";"2020-01-23 17:51:00";30000;;30000;;;;;;;;;"1";;;;;;""
2020;12542;"2B";"2B354";"Vivario";"2020-01-26 15:38:00";10;;;;;;;;;;;;;;;;;""
2020;16373;"2A";"2A271";"Sarrola-Carcopino";"2020-01-28 14:24:00";1;;1;;;;;;;;;;"Involontaire (travaux)";;;;;""
2020;12849;"2B";"2B281";"Sisco";"2020-01-30 13:17:00";10000;;10000;;;;;;;;;"1";;;;;;""
2020;13726;"2B";"2B224";"Pietracorbara";"2020-01-30 15:10:00";10000;;10000;;;;;;;;;"1";"Malveillance";;;;;""
2020;12857;"11";"11144";"Fitou";"2020-02-01 00:48:00";1;;;;;;;;;;;;;;;;;""
2020;12860;"2B";"2B315";"Santo-Pietro-di-Venaco";"2020-02-02 11:17:00";110000;;110000;;;;;;;;;"1";"Malveillance";;;;;""
2020;13174;"2B";"2B095";"Corscia";"2020-02-03 07:32:00";300;;;;;;;;;;;;;;;;;""
2020;12858;"11";"11210";"Luc-sur-Orbieu";"2020-02-03 14:48:00";4500;;;;;;;;;;;;;;;;;""
2020;5816;"64";"64476";"Saint-Esteben";"2020-02-03 18:31:00";1;0;;1;;;1;;;0;;;;;;;;""
2020;12560;"2A";"2A254";"Quenza";"2020-02-04 05:30:00";31392900;30381100;707300;;;;;;;304500;;"5";"Involontaire (particulier)";;;;;""
2020;17353;"2A";"2A300";"San-Gavino-di-Carbini";"2020-02-04 11:54:00";3000;1000;2000;;;;;;;;;"5";;;;;;""
2020;13097;"04";"04012";"Aubenas-les-Alpes";"2020-02-04 13:13:00";6300;6300;;;;;;;;;;"5";"Accidentelle";;;;;""
2020;13108;"04";"04230";"Valensole";"2020-02-04 14:07:00";1100;100;;;;;;;;1000;;"3";"Involontaire (travaux)";;;;;""
2020;17363;"2A";"2A348";"Vico";"2020-02-04 14:35:00";80;;80;;;;;;;;;;"Involontaire (particulier)";;;;;""
2020;13163;"83";"83063";"La Garde-Freinet";"2020-02-04 15:17:00";2;2;;;;;;;;;;"3";"Accidentelle";;;;;""
2020;13329;"2B";"2B314";"Santo-Pietro-di-Tenda";"2020-02-04 15:25:00";1000;;;;;;;;;;;;;;;;;""
2020;17762;"2A";"2A271";"Sarrola-Carcopino";"2020-02-04 17:14:00";1;1;0;;;;;;;;;"3";;;;;;""
2020;17773;"2A";"2A276";"Serra-di-Ferro";"2020-02-04 18:59:00";50;;50;;;;;;;;;;"Involontaire (particulier)";;;;;""
2020;17784;"2A";"2A114";"Figari";"2020-02-05 00:30:00";5;;5;;;;;;;;;;"Malveillance";;;;;""
2020;14075;"04";"04039";"Castellane";"2020-02-05 13:30:00";12300;12300;;;;;;;;;;"4";"Involontaire (travaux)";;;;;""
2020;13835;"06";"06093";"La Penne";"2020-02-05 13:33:00";35000;10000;25000;;;;;;;;;"4";;;;;;""
2020;17795;"2A";"2A041";"Bonifacio";"2020-02-05 14:21:00";30;;30;;;;;;;;;;;;;;;""
2020;16714;"48";"48022";"Bédouès";"2020-02-05 15:55:00";17800;10900;6900;;;;;;;;;"2";"Involontaire (particulier)";;;;;""
2020;17806;"2A";"2A288";"Sotta";"2020-02-05 16:31:00";1;;1;;;;;;;;;;"Involontaire (particulier)";;;;;""
2020;12859;"11";"11203";"Lézignan-Corbières";"2020-02-05 16:45:00";96;;;;;;;;;;;;;;;;;""
2020;5983;"33";"33229";"Lanton";"2020-02-05 16:53:00";3000;3000;;0;;;0;;;0;;;"Naturelle";;;;;""
2020;17817;"2A";"2A247";"Porto-Vecchio";"2020-02-05 16:54:00";1;;1;;;;;;;;;;"Involontaire (particulier)";;;;;""
2020;15606;"34";"34286";"Saint-Privat";"2020-02-05 17:16:00";9903;;9903;;;;;;;;;"1";"Malveillance";;;;;""
2020;14816;"06";"06022";"Bouyon";"2020-02-05 23:20:00";165000;25000;140000;;;;;;;;;"3";;;;;;""
2020;13560;"06";"06023";"Breil-sur-Roya";"2020-02-06 00:25:00";15000;;;;;;;;;;;"1";;;;;;""
2020;18207;"2A";"2A276";"Serra-di-Ferro";"2020-02-06 09:31:00";1;;1;;;;;;;;;;"Involontaire (particulier)";;;;;""
2020;13578;"83";"83063";"La Garde-Freinet";"2020-02-06 10:59:00";100;100;;;;;;;;;;"3";"Involontaire (particulier)";;;;;""
2020;13715;"2B";"2B043";"Brando";"2020-02-06 15:49:00";1500;;;;;;;;;;;;;;;;;""
2020;13683;"2B";"2B120";"Furiani";"2020-02-06 17:14:00";10000;;;;;;;;;;;;;;;;;""
2020;12861;"11";"11386";"Talairan";"2020-02-06 17:26:00";11722;;;;;;;;;;;;;;;;;""
2020;13694;"2B";"2B190";"Olmi-Cappella";"2020-02-06 17:48:00";1000;;;;;;;;;;;;;;;;;""
2020;5629;"64";"64065";"Ascain";"2020-02-06 23:58:00";800;0;;800;;;800;;;0;;;;;;;;""
2020;14097;"04";"04072";"Draix";"2020-02-07 12:57:00";11700;11700;;;;;;;;;;"3";"Involontaire (travaux)";;;;;""
2020;16923;"04";"04170";"La Rochette";"2020-02-07 14:20:00";58800;58800;;;;;;;;;;"4";"Involontaire (travaux)";;;;;""
2020;13672;"83";"83146";"La Verdière";"2020-02-07 16:44:00";3000;3000;;;;;;;;;;"2";"Accidentelle";;;;;""
2020;18240;"2A";"2A189";"Olmeto";"2020-02-08 14:51:00";10;;10;;;;;;;;;"1";;;;;;""
2020;18251;"2A";"2A348";"Vico";"2020-02-08 16:55:00";8000;;8000;;;;;;;;;"1";"Involontaire (travaux)";;;;;""
2020;18262;"2A";"2A017";"Appietto";"2020-02-08 18:24:00";10;;10;;;;;;;;;;"Involontaire (particulier)";;;;;""
2020;18273;"2A";"2A247";"Porto-Vecchio";"2020-02-09 19:44:00";1;;1;;;;;;;;;;"Involontaire (particulier)";;;;;""
2020;14270;"04";"04008";"Annot";"2020-02-10 12:01:00";44300;44300;;;;;;;;;;"1";"Accidentelle";;;;;""
2020;14805;"06";"06116";"Saint-Auban";"2020-02-10 12:47:00";64000;14000;50000;;;;;;;;;"4";;;;;;""
2020;13932;"06";"06017";"Bézaudun-les-Alpes";"2020-02-10 12:55:00";10000;;10000;;;;;;;;;"1";;;;;;""
2020;14333;"04";"04039";"Castellane";"2020-02-10 13:48:00";600;600;;;;;;;;;;"4";;;;;;""
2020;14793;"06";"06050";"Coursegoules";"2020-02-10 13:52:00";8000;;;;;;;;;;;"1";"Malveillance";;;;;""
2020;14936;"06";"06050";"Coursegoules";"2020-02-10 14:00:00";1000;;;;;;;;;;;"1";"Malveillance";;;;;""
2020;15128;"2B";"2B224";"Pietracorbara";"2020-02-10 14:01:00";741300;306400;434900;;;;;;;0;;"5";"Malveillance";;;;;""
2020;14185;"2B";"2B346";"Vescovato";"2020-02-10 14:57:00";20000;;;;;;;;;;;;;;;;;""
2020;14247;"2B";"2B265";"Rutali";"2020-02-10 18:40:00";20000;;;;;;;;;;;;;;;;;""
2020;14259;"2B";"2B242";"Poggio-Mezzana";"2020-02-10 18:49:00";196800;195300;;;;;;;;1500;;"2";"Malveillance";;;;;""
2020;15150;"2B";"2B188";"Olmeta-di-Tuda";"2020-02-10 22:30:00";3439400;509400;2930000;;;;;;;;;"1";"Involontaire (particulier)";;;;;""
2020;14485;"06";"06130";"Saint-Vallier-de-Thiey";"2020-02-11 06:17:00";392700;22700;370000;;;;;;;;;"1";"Accidentelle";;;;;""
2020;15161;"2B";"2B192";"Olmo";"2020-02-11 08:31:00";200000;200000;0;;;;;;;;;"1";"Accidentelle";;;;;""
2020;14292;"2B";"2B314";"Santo-Pietro-di-Tenda";"2020-02-11 09:32:00";1000;;;;;;;;;;;;;;;;;""
2020;14496;"06";"06070";"Gréolières";"2020-02-11 11:06:00";195400;115400;80000;;;;;;;;;"3";"Accidentelle";;;;;""
2020;18284;"2A";"2A114";"Figari";"2020-02-11 12:38:00";90;;90;;;;;;;;;;"Involontaire (particulier)";;;;;""
2020;18296;"2A";"2A247";"Porto-Vecchio";"2020-02-11 13:34:00";1;;1;;;;;;;;;;"Involontaire (particulier)";;;;;""
2020;14314;"2B";"2B045";"Bustanico";"2020-02-11 15:42:00";10;;;;;;;;;;;;;;;;;""
2020;14507;"06";"06116";"Saint-Auban";"2020-02-11 16:07:00";31000;;;;;;;;;;;"1";"Accidentelle";;;;;""
2020;15302;"66";"66205";"Tautavel";"2020-02-11 17:42:00";5000;5000;;;;;;;;;;"4";"Malveillance";;;;;""
2020;14354;"2B";"2B077";"Castellare-di-Casinca";"2020-02-11 19:23:00";300;;;;;;;;;;;;;;;;;""
2020;14377;"2B";"2B214";"Piano";"2020-02-12 09:28:00";300;;;;;;;;;;;;;;;;;""
2020;15982;"06";"06105";"Roquefort-les-Pins";"2020-02-12 10:30:00";1500;;;;;;;;;;;"1";"Accidentelle";;;;;""
2020;12862;"11";"11081";"Caunes-Minervois";"2020-02-12 11:34:00";300;;;;;;;;;;;;;;;;;""
2020;3954;"74";"74073";"Chevenoz";"2020-02-12 11:45:00";100;100;;0;;;0;0;0;0;"Estimées";;"Involontaire (travaux)";;;;;""
2020;14529;"06";"06116";"Saint-Auban";"2020-02-12 12:10:00";52000;10000;42000;;;;;;;;;"1";;;;;;""
2020;12863;"11";"11060";"Cailla";"2020-02-12 12:21:00";50;;;;;;;;;;;;;;;;;""
2020;18307;"2A";"2A247";"Porto-Vecchio";"2020-02-12 13:17:00";1;;1;;;;;;;;;;"Involontaire (particulier)";;;;;""
2020;5317;"47";"47127";"Lafitte-sur-Lot";"2020-02-12 15:26:00";10;10;;0;;;0;;;0;;;;;;;;""
2020;5318;"47";"47012";"Anzex";"2020-02-12 15:35:00";1000;1000;;0;;;0;;;0;;;"Involontaire (particulier)";;;;;""
2020;18318;"2A";"2A028";"Balogna";"2020-02-12 18:24:00";100;;100;;;;;;;;;"1";"Involontaire (particulier)";;;;;""
2020;18329;"2A";"2A114";"Figari";"2020-02-13 09:12:00";50;;50;;;;;;;;;;"Involontaire (particulier)";;;;;""
2020;18340;"2A";"2A114";"Figari";"2020-02-13 09:48:00";5;;5;;;;;;;;;;"Accidentelle";;;;;""
2020;18351;"2A";"2A114";"Figari";"2020-02-13 10:26:00";50;;50;;;;;;;;;;"Involontaire (travaux)";;;;;""
2020;15750;"34";"34286";"Saint-Privat";"2020-02-13 12:33:00";2690;;2690;;;;;;;;;"1";"Involontaire (travaux)";;;;;""
2020;18373;"2A";"2A091";"Cognocoli-Monticchi";"2020-02-13 17:12:00";20;;20;;;;;;;;;;"Accidentelle";;;;;""
2020;18707;"84";"84031";"Carpentras";"2020-02-14 19:58:00";44000;;;;;;;;;;;;;;;;;""
2020;15846;"34";"34229";"Riols";"2020-02-15 11:06:00";14626;4626;;;;;;;;10000;;"2";"Malveillance";;;;;""
2020;15095;"07";"07170";"Pailharès";"2020-02-15 15:08:00";20000;;20000;;;;;;;;;"1";;;;;;""
2020;18362;"2A";"2A362";"Zonza";"2020-02-15 15:47:00";5;;5;;;;;;;;;;"Involontaire (particulier)";;;;;""
2020;14729;"06";"06103";"Roquebillière";"2020-02-15 17:08:00";6500;;;;;;;;;;;"4";;;;;;""
2020;15857;"34";"34042";"Brissac";"2020-02-15 19:24:00";82;;82;;;;;;;;;"1";"Malveillance";;;;;""
2020;14979;"07";"07315";"La Souche";"2020-02-15 20:37:00";200000;;200000;;;;;;;;;"1";"Involontaire (travaux)";;;;;""
2020;5845;"64";"64504";"Sare";"2020-02-16 03:27:00";100000;0;;100000;;;100000;;;0;;;;;;;;""
2020;286;"65";"65192";"Gavarnie-Gèdre";"2020-02-16 14:56:00";20000;0;;20000;;;20000;0;0;0;"Estimées";;;;;;;""
2020;4880;"72";"72051";"Cérans-Foulletourte";"2020-02-16 15:28:00";1500;1500;;0;;;0;0;0;0;"Estimées";;;;;;;""
2020;3963;"90";"90039";"Essert";"2020-02-16 19:23:00";30;0;;30;;;30;0;0;0;"Estimées";;;;;;;""
2020;15981;"06";"06042";"Clans";"2020-02-17 16:00:00";50;;;;;;;;;;;"1";"Malveillance";;;;;""
2020;15336;"2B";"2B096";"Corte";"2020-02-17 17:47:00";115;115;;;;;;;;;;"4";"Malveillance";;;;;""
2020;15314;"2B";"2B096";"Corte";"2020-02-17 17:47:00";72;72;;;;;;;;;;"4";"Malveillance";;;;;""
2020;15325;"2B";"2B096";"Corte";"2020-02-17 17:47:00";10;10;;;;;;;;;;"4";"Malveillance";;;;;""
2020;14827;"06";"06138";"Théoule-sur-Mer";"2020-02-17 22:28:00";500;;;;;;;;;;;"4";;;;;;""
2020;18384;"2A";"2A181";"Ocana";"2020-02-18 16:48:00";1;;1;;;;;;;;;"1";"Involontaire (travaux)";;;;;""
2020;447;"85";"85146";"Montaigu-Vendée";"2020-02-18 17:10:00";1;0;;1;;;1;0;0;0;"Mesurées";;;;;;;""
2020;15912;"83";"83003";"Ampus";"2020-02-19 11:22:00";311000;301000;10000;;;;;;;;;"5";"Involontaire (travaux)";;;;;""
2020;448;"85";"85114";"Jard-sur-Mer";"2020-02-19 18:30:00";12;0;;12;;;12;0;0;0;"Estimées";;"Involontaire (travaux)";;;;;""
2020;14990;"83";"83136";"Le Thoronet";"2020-02-19 18:34:00";100;100;;;;;;;;;;"5";"Accidentelle";;;;;""
2020;16901;"04";"04112";"Manosque";"2020-02-20 11:12:00";25000;25000;;;;;;;;;;"6";"Involontaire (particulier)";;;;;""
2020;18708;"84";"84067";"Loriol-du-Comtat";"2020-02-20 14:09:00";10100;;;;;;;;;;;;;;;;;""
2020;18709;"84";"84142";"Velleron";"2020-02-20 14:17:00";10100;;;;;;;;;;;;;;;;;""
2020;5319;"47";"47254";"Saint-Martin-Curton";"2020-02-20 15:29:00";40000;40000;;0;;;0;;;0;;;;;;;;""
2020;15105;"05";"05040";"Chorges";"2020-02-20 16:18:00";10000;;;;;;;;;;;;"Involontaire (travaux)";;;;;""
2020;15318;"66";"66130";"Osséja";"2020-02-20 16:32:00";5000;2000;3000;;;;;;;;;"4";"Involontaire (travaux)";;;;;""
2020;4293;"12";"12235";"Saint-Just-sur-Viaur";"2020-02-20 19:02:00";20000;0;;20000;;;20000;0;0;0;"Estimées";;;;;;;""
2020;16099;"83";"83154";"Saint-Antonin-du-Var";"2020-02-21 11:07:00";1000;1000;;;;;;;;;;"5";"Involontaire (particulier)";;;;;""
2020;15139;"06";"06020";"La Bollène-Vésubie";"2020-02-21 16:44:00";17000;;;;;;;;;;;"1";;;;;;""
2020;18395;"2A";"2A254";"Quenza";"2020-02-21 19:48:00";5000;;5000;;;;;;;;;;"Malveillance";;;;;""
2020;12864;"11";"11069";"Carcassonne";"2020-02-22 13:18:00";400;;;;;;;;;;;;;;;;;""
2020;18644;"11";"11317";"Rodome";"2020-02-22 13:21:00";5000;;;;;;;;;;;;;;;;;""
2020;17985;"07";"07322";"Thueyts";"2020-02-22 13:48:00";1000;;1000;;;;;;;;;"1";"Involontaire (travaux)";;;;;""
2020;17996;"07";"07153";"Mayres";"2020-02-22 13:50:00";710600;41400;669200;;;;;;;;;"1";;;;;;""
2020;4065;"38";"38075";"Chapareillan";"2020-02-22 14:09:00";10000;0;;10000;;;10000;0;0;0;"Estimées";;;;;;;""
2020;4066;"38";"38241";"Monestier-d'Ambel";"2020-02-22 15:00:00";100;0;;100;;;100;0;0;0;"Estimées";;;;;;;""
2020;16605;"30";"30079";"Chambon";"2020-02-22 15:13:00";3000;3000;;;;;;;;;;"5";;;;;;""
2020;12865;"11";"11367";"Saissac";"2020-02-22 16:34:00";1100;;;;;;;;;;;;;;;;;""
2020;16675;"48";"48075";"Ispagnac";"2020-02-22 16:36:00";30200;14400;;;;;;;;15800;;"4";"Involontaire (travaux)";;;;;""
2020;3776;"70";"70343";"Mersuay";"2020-02-22 18:05:00";20;0;;20;;;20;0;0;0;"Estimées";;;;;;;""
2020;16725;"48";"48115";"Le Pompidou";"2020-02-23 12:22:00";260;;260;;;;;;;;;"1";"Involontaire (particulier)";;;;;""
2020;5765;"64";"64404";"Montory";"2020-02-23 12:25:00";20000;0;;20000;;;20000;;;0;;;;;;;;""
2020;18029;"07";"07253";"Saint-Julien-du-Gua";"2020-02-23 12:55:00";500;;500;;;;;;;;;"1";"Involontaire (travaux)";;;;;""
2020;16627;"30";"30339";"Val-d'Aigoual";"2020-02-23 13:10:00";104450;20000;84450;;;;;;;;;"1";"Involontaire (travaux)";;;;;""
2020;16746;"48";"48172";"Saint-Maurice-de-Ventalon";"2020-02-23 14:44:00";41000;35700;5300;;;;;;;;;"2";"Malveillance";;;;;""
2020;16676;"48";"48172";"Saint-Maurice-de-Ventalon";"2020-02-23 14:44:00";30900;;30900;;;;;;;;;"1";"Malveillance";;;;;""
2020;16770;"48";"48173";"Saint-Michel-de-Dèze";"2020-02-23 14:59:00";3500;3500;;;;;;;;;;"2";"Malveillance";;;;;""
2020;12867;"11";"11269";"Ouveillan";"2020-02-23 15:52:00";1000;;;;;;;;;;;;;;;;;""
2020;783;"74";"74201";"Neydens";"2020-02-23 16:21:00";3000;0;;3000;;;3000;0;0;0;"Estimées";;;;;;;""
2020;5985;"33";"33051";"Biganos";"2020-02-23 16:44:00";2000;2000;;0;;;0;;;0;;;"Naturelle";;;;;""
2020;5748;"64";"64364";"Macaye";"2020-02-23 16:45:00";40000;0;;40000;;;40000;;;0;;;;;;;;""
2020;18542;"48";"48116";"Pont de Montvert - Sud Mont Lozère";"2020-02-23 17:00:00";819600;365900;453700;;;;;;;;;"1";"Malveillance";;;;;""
2020;12866;"11";"11351";"Saint-Laurent-de-la-Cabrerisse";"2020-02-23 17:29:00";1500;;;;;;;;;;;;;;;;;""
2020;5320;"47";"47221";"Réaup-Lisse";"2020-02-23 17:50:00";500;500;;0;;;0;;;0;;;;;;;;""
2020;16936;"13";"13033";"Ensuès-la-Redonne";"2020-02-23 18:00:00";10;10;;;;;;;;;;"1";"Malveillance";;;;;""
2020;16638;"30";"30231";"Saint-André-de-Valborgne";"2020-02-23 18:53:00";7422;;;;;;;;;;;;;;;;;""
2020;16660;"83";"83031";"Le Cannet-des-Maures";"2020-02-24 09:00:00";100;100;;;;;;;;;;"4";"Involontaire (particulier)";;;;;""
2020;18040;"07";"07045";"Burzet";"2020-02-24 12:08:00";800;800;;;;;;;;;;"3";"Involontaire (travaux)";;;;;""
2020;15330;"66";"66119";"Mosset";"2020-02-24 12:13:00";150000;50000;100000;;;;;;;;;"2";"Involontaire (travaux)";;;;;""
2020;784;"74";"74167";"Val de Chaise";"2020-02-24 12:35:00";1500;0;;1500;;;1500;0;0;0;"Estimées";;;;;;;""
2020;17951;"06";"06144";"La Tour";"2020-02-24 13:18:00";18000;10000;8000;;;;;;;;;"3";;;;;;""
2020;5703;"64";"64223";"Etsaut";"2020-02-24 14:26:00";700000;0;;700000;;;700000;;;0;;;"Involontaire (travaux)";;;;;""
2020;785;"74";"74216";"Présilly";"2020-02-24 15:16:00";1;1;;0;;;0;0;0;0;"Estimées";;"Involontaire (travaux)";;;;;""
2020;5986;"33";"33449";"Saint-Médard-en-Jalles";"2020-02-24 15:22:00";10;10;;0;;;0;;;0;;;"Naturelle";;;;;""
2020;16759;"48";"48115";"Le Pompidou";"2020-02-24 15:23:00";17700;17700;0;;;;;;;;;"2";"Involontaire (particulier)";;;;;""
2020;15840;"30";"30339";"Val-d'Aigoual";"2020-02-24 15:36:00";663168;576000;87168;;;;;;;;;"1";"Involontaire (travaux)";;;;;""
2020;16671;"2B";"2B007";"Albertacce";"2020-02-24 16:44:00";10;;;;;;;;;;;;;;;;;""
2020;5883;"40";"40134";"Labouheyre";"2020-02-24 17:21:00";300;300;;0;;;0;;;0;;;;;;;;""
2020;16692;"2B";"2B296";"Sant'Antonino";"2020-02-24 18:37:00";30;;;;;;;;;;;;;;;;;""
2020;18655;"34";"34286";"Saint-Privat";"2020-02-24 19:11:00";9042;5000;;;;;;;;4042;;"2";"Involontaire (travaux)";;;;;""
2020;16594;"30";"30105";"Dourbies";"2020-02-24 19:21:00";9000;;9000;;;;;;;;;"1";;;;;;""
2020;18407;"2A";"2A090";"Coggia";"2020-02-25 11:43:00";520;;520;;;;;;;;;;"Involontaire (particulier)";;;;;""
2020;16934;"06";"06127";"Saint-Martin-Vésubie";"2020-02-25 12:01:00";1000;;;;;;;;;;;"3";;;;;;""
2020;18616;"34";"34282";"Saint-Paul-et-Valmalle";"2020-02-25 12:57:00";4832;4832;;;;;;;;;;"1";"Involontaire (travaux)";;;;;""
2020;17940;"06";"06071";"Guillaumes";"2020-02-25 13:41:00";1000;;;;;;;;;;;"4";"Malveillance";;;;;""
2020;16945;"06";"06130";"Saint-Vallier-de-Thiey";"2020-02-25 15:02:00";10000;10000;;;;;;;;;;"3";;;;;;""
2020;16836;"2B";"2B020";"Aregno";"2020-02-25 15:45:00";200;;;;;;;;;;;;;;;;;""
2020;16857;"2B";"2B286";"Sorbo-Ocagnano";"2020-02-25 18:04:00";3000;;;;;;;;;;;;;;;;;""
2020;12868;"11";"11262";"Narbonne";"2020-02-25 18:58:00";1500;;;;;;;;;;;;;;;;;""
2020;17321;"05";"05017";"La Bâtie-Neuve";"2020-02-25 19:43:00";400;;;;;;;;;;;;"Involontaire (particulier)";;;;;""
2020;17374;"06";"06041";"Cipières";"2020-02-25 21:39:00";22000;;;;;;;;;;;"1";"Accidentelle";;;;;""
2020;17062;"2B";"2B257";"Rapale";"2020-02-26 01:10:00";30000;;;;;;;;;;;;;;;;;""
2020;16868;"2B";"2B303";"San-Giuliano";"2020-02-26 03:55:00";500;;;;;;;;;;;;;;;;;""
2020;15980;"06";"06105";"Roquefort-les-Pins";"2020-02-26 04:45:00";150;;;;;;;;;;;"1";"Involontaire (particulier)";;;;;""
2020;16879;"2B";"2B238";"Poggio-di-Venaco";"2020-02-26 06:41:00";800;;;;;;;;;;;;;;;;;""
2020;16956;"2B";"2B016";"Antisanti";"2020-02-26 06:44:00";1000;;;;;;;;;;;;;;;;;""
2020;18418;"2A";"2A247";"Porto-Vecchio";"2020-02-26 07:03:00";5;;5;;;;;;;;;;"Involontaire (travaux)";;;;;""
2020;16967;"2B";"2B229";"Pietroso";"2020-02-26 07:20:00";100;;;;;;;;;;;;;;;;;""
2020;17096;"2B";"2B265";"Rutali";"2020-02-26 08:29:00";10;;;;;;;;;;;;;;;;;""
2020;17385;"06";"06130";"Saint-Vallier-de-Thiey";"2020-02-26 10:42:00";1000;;;;;;;;;;;"5";;;;;;""
2020;3940;"74";"74068";"Chêne-en-Semine";"2020-02-26 11:00:00";30;0;;30;;;30;0;0;0;"Estimées";;"Accidentelle";;;;;""
2020;17673;"2B";"2B063";"Carcheto-Brustico";"2020-02-26 11:37:00";250000;100000;150000;;;;;;;;;"3";"Malveillance";;;;;""
2020;17430;"83";"83073";"Le Luc";"2020-02-26 12:30:00";100;100;;;;;;;;;;"4";"Involontaire (particulier)";;;;;""
2020;17396;"06";"06088";"Nice";"2020-02-26 12:51:00";8000;;;;;;;;;;;"3";;;;;;""
2020;17408;"06";"06110";"Roubion";"2020-02-26 15:24:00";200;;;;;;;;;;;"4";;;;;;""
2020;17684;"2B";"2B005";"Alando";"2020-02-26 16:20:00";9200;;;;;;;;;;;;;;;;;""
2020;18662;"34";"34103";"Fontès";"2020-02-26 16:42:00";1087;;1087;;;;;;;;;"1";"Malveillance";;;;;""
2020;17041;"2B";"2B049";"Calenzana";"2020-02-26 17:16:00";500;;;;;;;;;;;;;;;;;""
2020;18129;"07";"07019";"Aubenas";"2020-02-27 06:03:00";2500;2500;;;;;;;;;;"4";;;;;;""
2020;12870;"11";"11170";"Gruissan";"2020-02-28 23:22:00";100;;;;;;;;;;;;;;;;;""
2020;15342;"66";"66024";"Le Boulou";"2020-02-29 18:59:00";5000;1000;4000;;;;;;;;;"2";"Malveillance";;;;;""
2020;5987;"33";"33029";"Le Barp";"2020-03-01 15:24:00";125500;125500;;0;;;0;;;0;;;"Naturelle";;;;;""
2020;5640;"64";"64084";"Aydie";"2020-03-01 19:11:00";5;0;;5;;;5;;;0;;;;;;;;""
2020;12871;"11";"11322";"Roquefort-des-Corbières";"2020-03-02 08:51:00";1;;;;;;;;;;;;;;;;;""
2020;12122;"41";"41059";"Le Controis-en-Sologne";"2020-03-04 19:59:00";20;0;;20;;;20;0;0;0;"Estimées";;;;;;;""
2020;12121;"41";"41295";"Vineuil";"2020-03-06 15:42:00";20;0;;20;;;20;0;0;0;"Estimées";;;;;;;""
2020;18539;"83";"83056";"Figanières";"2020-03-08 13:18:00";1000;1000;;;;;;;;;;"4";"Involontaire (particulier)";;;;;""
2020;18823;"06";"06068";"Gourdon";"2020-03-08 13:30:00";500;;500;;;;;;;;;"3";"Malveillance";;;;;""
2020;12120;"41";"41195";"Rougeou";"2020-03-08 19:37:00";10;0;;10;;;10;0;0;0;"Estimées";;;;;;;""
2020;18704;"06";"06103";"Roquebillière";"2020-03-09 15:58:00";5000;;5000;;;;;;;;;"4";;;;;;""
2020;18684;"34";"34092";"Cruzy";"2020-03-09 16:19:00";15320;;15320;;;;;;;;;"1";"Malveillance";;;;;""
2020;12872;"11";"11086";"Caves";"2020-03-10 22:50:00";15;;;;;;;;;;;;;;;;;""
2020;18711;"83";"83137";"Toulon";"2020-03-11 13:39:00";200;200;;;;;;;;;;"4";"Malveillance";;;;;""
2020;18733;"34";"34237";"Roujan";"2020-03-11 15:21:00";4963;;4963;;;;;;;;;"1";"Involontaire (particulier)";;;;;""
2020;12873;"11";"11276";"Paziols";"2020-03-11 17:58:00";300;;;;;;;;;;;;;;;;;""
2020;15756;"66";"66014";"Baixas";"2020-03-11 18:23:00";2000;1000;1000;;;;;;;;;"2";"Malveillance";;;;;""
2020;18736;"34";"34302";"Siran";"2020-03-11 18:46:00";15599;;15599;;;;;;;;;"1";"Involontaire (travaux)";;;;;""
2020;15759;"66";"66069";"Espira-de-l'Agly";"2020-03-13 00:05:00";50000;20000;30000;;;;;;;;;"2";"Malveillance";;;;;""
2020;5321;"47";"47195";"Nérac";"2020-03-13 12:48:00";20;20;;0;;;0;;;0;;;"Involontaire (travaux)";;;;;""
2020;18748;"83";"83147";"Vérignon";"2020-03-13 14:57:00";10;10;;;;;;;;;;"4";"Accidentelle";;;;;""
2020;18979;"2A";"2A041";"Bonifacio";"2020-03-14 06:08:00";100;;100;;;;;;;;;;"Involontaire (particulier)";;;;;""
2020;18810;"07";"07187";"Prunet";"2020-03-14 10:35:00";20000;20000;;;;;;;;;;"5";"Involontaire (travaux)";;;;;""
2020;18980;"2A";"2A345";"Vero";"2020-03-14 13:32:00";1;;1;;;;;;;;;;;;;;;""
2020;18749;"48";"48172";"Saint-Maurice-de-Ventalon";"2020-03-14 17:31:00";3000;;3000;;;;;;;;;"1";"Malveillance";;;;;""
2020;18981;"2A";"2A031";"Bastelica";"2020-03-15 12:43:00";60000;;60000;;;;;;;;;;;;;;;""
2020;4068;"38";"38095";"Chatte";"2020-03-15 12:50:00";10000;0;;10000;;;10000;0;0;0;"Estimées";;;;;;;""
2020;18978;"13";"13055";"Marseille";"2020-03-15 14:45:00";350;350;;;;;;;;;;"4";"Malveillance";;;;;""
2020;12117;"41";"41059";"Le Controis-en-Sologne";"2020-03-15 15:45:00";10;10;;0;;;0;0;0;0;"Estimées";;;;;;;""
2020;3168;"31";"31375";"Montesquieu-Volvestre";"2020-03-15 16:05:00";30000;0;;30000;;;30000;0;0;0;"Estimées";;"Involontaire (travaux)";;;;;""
2020;12874;"11";"11012";"Argeliers";"2020-03-15 17:02:00";5;;;;;;;;;;;;;;;;;""
2020;1483;"19";"19124";"Mansac";"2020-03-15 18:00:00";1;0;;1;;;1;0;0;0;"Estimées";;"Accidentelle";;;;;""
2020;3961;"90";"90033";"Delle";"2020-03-15 19:36:00";10;0;;10;;;10;0;0;0;"Estimées";;"Involontaire (particulier)";;;;;""
2020;18757;"04";"04121";"Mézel";"2020-03-16 14:59:00";1500;;;;;;;;;;;;"Involontaire (travaux)";;;;;""
2020;18982;"2A";"2A070";"Casaglione";"2020-03-16 18:36:00";125;;125;;;;;;;;;"1";;;;;;""
2020;3966;"90";"90089";"Rougemont-le-Château";"2020-03-16 19:13:00";10;0;;10;;;10;0;0;0;"Estimées";;;;;;;""
2020;18804;"83";"83007";"Aups";"2020-03-17 14:29:00";10500;10000;500;;;;;;;;;"5";"Involontaire (particulier)";;;;;""
2020;18794;"06";"06049";"Courmes";"2020-03-17 14:56:00";21000;5000;;;;;;;;16000;;"1";"Involontaire (particulier)";;;;;""
2020;18825;"83";"83139";"Tourtour";"2020-03-18 10:31:00";5000;5000;;;;;;;;;;"5";"Involontaire (travaux)";;;;;""
2020;18820;"48";"48178";"Saint-Privat-de-Vallongue";"2020-03-18 12:03:00";77400;77400;;;;;;;;;;"5";"Involontaire (particulier)";;;;;""
2020;12578;"84";"84026";"Cadenet";"2020-03-18 12:04:00";2600;2600;;;;;;;;;;"4";"Involontaire (particulier)";;;;;""
2020;18984;"2A";"2A031";"Bastelica";"2020-03-18 14:17:00";2000;;2000;;;;;;;;;;"Involontaire (travaux)";;;;;""
2020;18821;"48";"48168";"Saint-Léger-de-Peyre";"2020-03-18 14:33:00";30000;;30000;;;;;;;;;"1";"Involontaire (travaux)";;;;;""
2020;37;"39";"39478";"Saint-Claude";"2020-03-18 15:20:00";1000;0;;600;;;600;400;0;400;"Estimées";;;;;;;""
2020;4069;"38";"38075";"Chapareillan";"2020-03-18 16:56:00";2000;0;;2000;;;2000;0;0;0;"Estimées";;;;;;;""
2020;18818;"34";"34181";"Neffiès";"2020-03-18 17:14:00";173;;173;;;;;;;;;"1";"Involontaire (travaux)";;;;;""
2020;18812;"07";"07144";"Loubaresse";"2020-03-18 19:30:00";20000;;20000;;;;;;;;;"1";"Involontaire (travaux)";;;;;""
2020;18838;"06";"06157";"Vence";"2020-03-18 20:17:00";48000;20000;28000;;;;;;;;;"5";"Malveillance";;;;;""
2020;12115;"41";"41242";"Selles-sur-Cher";"2020-03-19 11:47:00";20;0;;20;;;20;0;0;0;"Estimées";;;;;;;""
2020;3363;"71";"71378";"Rully";"2020-03-19 11:48:00";40000;40000;;0;;;0;0;0;0;"Estimées";;;;;;;""
2020;18985;"2A";"2A004";"Ajaccio";"2020-03-19 13:20:00";2000;;2000;;;;;;;;;;;;;;;""
2020;18892;"07";"07345";"Vion";"2020-03-19 13:20:00";20000;20000;;;;;;;;;;"3";"Involontaire (travaux)";;;;;""
2020;18893;"07";"07041";"Boulieu-lès-Annonay";"2020-03-19 13:25:00";30000;30000;;;;;;;;;;"5";;;;;;""
2020;18831;"83";"83008";"Bagnols-en-Forêt";"2020-03-19 14:58:00";100;100;;;;;;;;;;"5";"Involontaire (particulier)";;;;;""
2020;18986;"2A";"2A154";"Marignana";"2020-03-19 15:11:00";50;;50;;;;;;;;;;"Accidentelle";;;;;""
2020;5772;"64";"64417";"Nay";"2020-03-19 18:43:00";5;0;;5;;;5;;;0;;;"Malveillance";;;;;""
2020;117;"88";"88408";"Rupt-sur-Moselle";"2020-03-20 11:41:00";1;1;;0;;;0;0;0;0;"Estimées";;;;;;;""
2020;18824;"06";"06048";"Contes";"2020-03-20 12:21:00";1500;;1500;;;;;;;;;"5";"Involontaire (particulier)";;;;;""
2020;12114;"41";"41226";"Saint-Ouen";"2020-03-20 14:35:00";30;0;;30;;;30;0;0;0;"Estimées";;;;;;;""
2020;118;"88";"88061";"Bleurville";"2020-03-20 14:40:00";1;0;;1;;;1;0;0;0;"Estimées";;;;;;;""
2020;3;"46";"46103";"Saint-Paul-Flaugnac";"2020-03-20 14:59:00";10000;0;;10000;;;10000;0;0;0;"Estimées";;;;;;;""
2020;9;"82";"82090";"Lamothe-Capdeville";"2020-03-20 15:39:00";500;500;;0;;;0;0;0;0;"Estimées";;;;;;;"Données partielles ou non valides"
2020;168;"21";"21060";"Belleneuve";"2020-03-20 16:30:00";40;0;;40;;;40;0;0;0;"Mesurées";;"Accidentelle";;;;;""
2020;4;"46";"46115";"Frayssinhes";"2020-03-20 17:05:00";500;0;;500;;;500;0;0;0;"Estimées";;;;;;;""
2020;4070;"38";"38214";"Lumbin";"2020-03-21 17:31:00";2000;0;;2000;;;2000;0;0;0;"Estimées";;;;;;;""
2020;18881;"06";"06103";"Roquebillière";"2020-03-22 11:54:00";95000;;80000;;;;;;;15000;;"4";"Malveillance";;;;;""
2020;18882;"06";"06103";"Roquebillière";"2020-03-22 13:02:00";112000;12000;100000;;;;;;;;;"4";"Malveillance";;;;;""
2020;5;"46";"46186";"Masclat";"2020-03-22 18:57:00";4700;0;;4700;;;4700;0;0;0;"Estimées";;;;;;;""
2020;18868;"04";"04143";"Oraison";"2020-03-23 08:17:00";20;;;;;;;;;;;;"Involontaire (particulier)";;;;;""
2020;206;"77";"77186";"Fontainebleau";"2020-03-23 13:25:00";15000;15000;;0;;;0;0;0;0;"Mesurées";;;;;;;""
2020;77;"81";"81322";"Virac";"2020-03-23 14:52:00";1500;0;;1500;;;1500;0;0;0;"Estimées";;;;;;;""
2020;4072;"38";"38554";"Villemoirieu";"2020-03-23 14:58:00";3000;0;;3000;;;3000;0;0;0;"Estimées";;;;;;;""
2020;12112;"41";"41018";"Blois";"2020-03-23 16:57:00";5;0;;5;;;5;0;0;0;"Estimées";;;;;;;""
2020;18870;"04";"04189";"Saint-Martin-de-Brômes";"2020-03-23 17:00:00";300;;;;;;;;;;;;"Involontaire (particulier)";;;;;""
2020;170;"21";"21037";"Auxey-Duresses";"2020-03-23 17:17:00";500;0;;500;;;500;0;0;0;"Mesurées";;"Accidentelle";;;;;""
2020;169;"21";"21412";"Meursault";"2020-03-23 18:08:00";100;100;;0;;;0;0;0;0;"Mesurées";;;;;;;""
2020;15774;"66";"66008";"Argelès-sur-Mer";"2020-03-23 20:20:00";30000;;30000;;;;;;;;;"1";"Malveillance";;;;;""
2020;12875;"11";"11360";"Saint-Nazaire-d'Aude";"2020-03-24 12:00:00";6000;;;;;;;;;;;;;;;;;""
2020;5322;"47";"47145";"Layrac";"2020-03-24 12:51:00";10;10;;0;;;0;;;0;;;;;;;;""
2020;397;"76";"76484";"Oissel";"2020-03-24 14:27:00";5000;0;;5000;;;5000;0;0;0;"Estimées";;;;;;;""
2020;4073;"38";"38027";"Barraux";"2020-03-24 14:34:00";4500;0;;4500;;;4500;0;0;0;"Estimées";;;;;;;""
2020;12;"46";"46103";"Saint-Paul-Flaugnac";"2020-03-24 16:09:00";150;0;;150;;;150;0;0;0;"Estimées";;;;;;;""
2020;4074;"38";"38563";"Voiron";"2020-03-24 18:24:00";5000;5000;;0;;;0;0;0;0;"Estimées";;;;;;;""
2020;13856;"13";"13082";"Rognes";"2020-03-25 10:33:00";750;430;;;;;;;;320;;"1";"Involontaire (travaux)";;;;;""
2020;18880;"06";"06021";"Bonson";"2020-03-25 16:48:00";5000;1000;4000;;;;;;;;;"1";"Involontaire (particulier)";;;;;""
2020;5992;"33";"33240";"Lesparre-Médoc";"2020-03-25 19:10:00";300;300;;0;;;0;;;0;;;"Naturelle";;;;;""
2020;13;"46";"46096";"Espeyroux";"2020-03-25 19:25:00";200;0;;200;;;200;0;0;0;"Estimées";;;;;;;""
2020;2418;"87";"87002";"Ambazac";"2020-03-25 20:23:00";100;0;;100;;;100;0;0;0;"Mesurées";;;;;;;""
2020;18949;"06";"06116";"Saint-Auban";"2020-03-26 10:34:00";30000;10000;20000;;;;;;;;;"5";;;;;;""
2020;12110;"41";"41157";"Mur-de-Sologne";"2020-03-26 14:23:00";50;50;;0;;;0;0;0;0;"Estimées";;;;;;;""
2020;12109;"41";"41161";"Nouan-le-Fuzelier";"2020-03-26 14:30:00";20000;20000;;0;;;0;0;0;0;"Estimées";;"Accidentelle";;;;;""
2020;2473;"16";"16029";"Bardenac";"2020-03-26 14:40:00";20000;20000;;0;;;0;0;0;0;"Estimées";;;;;;;""
2020;207;"77";"77386";"Recloses";"2020-03-26 15:52:00";34000;34000;;0;;;0;0;0;0;"Mesurées";;;;;;;""
2020;787;"74";"74117";"Étercy";"2020-03-26 15:56:00";40;0;;40;;;40;0;0;0;"Estimées";;;;;;;""
2020;127;"88";"88165";"Étival-Clairefontaine";"2020-03-26 20:30:00";1;1;;0;;;0;0;0;0;"Estimées";;;;;;;""
2020;3642;"70";"70002";"Aboncourt-Gesincourt";"2020-03-27 13:07:00";50;0;;50;;;50;0;0;0;"Estimées";;;;;;;""
2020;61;"88";"88500";"Ventron";"2020-03-27 13:31:00";10300;3300;;0;;;0;7000;0;7000;"Mesurées";;"Involontaire (particulier)";;;;;""
2020;1835;"37";"37266";"Veigné";"2020-03-27 13:32:00";300;0;;300;;;300;0;0;0;"Estimées";;;;;;;""
2020;14;"43";"43186";"Saint-Front";"2020-03-27 13:34:00";20000;0;;10000;;;10000;10000;0;10000;"Estimées";;"Involontaire (particulier)";;;;;""
2020;5230;"24";"24102";"Chancelade";"2020-03-27 15:07:00";3000;3000;;0;;;0;;;0;;;;;;;;""
2020;2474;"16";"16078";"Champniers";"2020-03-27 15:08:00";10000;8000;;0;;;0;2000;0;2000;"Estimées";;;;;;;""
2020;18969;"83";"83019";"Bormes-les-Mimosas";"2020-03-28 03:33:00";10;10;;;;;;;;;;"1";"Involontaire (travaux)";;;;;""
2020;5231;"24";"24147";"Cubjac-Auvézère-Val d'Ans";"2020-03-28 12:16:00";10000;10000;;0;;;0;;;0;;;;;;;;""
2020;16;"46";"46263";"Barguelonne-en-Quercy";"2020-03-28 13:07:00";1000;0;;1000;;;1000;0;0;0;"Estimées";;;;;;;""
2020;18937;"04";"04039";"Castellane";"2020-03-28 14:14:00";4400;4400;;;;;;;;;;"4";"Involontaire (particulier)";;;;;""
2020;5323;"47";"47310";"Tonneins";"2020-03-28 14:35:00";10;10;;0;;;0;;;0;;;;;;;;""
2020;3165;"31";"31535";"Sauveterre-de-Comminges";"2020-03-28 14:55:00";1000;0;;1000;;;1000;0;0;0;"Estimées";;;;;;;""
2020;5184;"15";"15103";"Leucamp";"2020-03-28 15:21:00";35000;35000;;0;;;0;0;0;0;"Estimées";;"Malveillance";;;;;""
2020;25;"81";"81279";"La Sauzière-Saint-Jean";"2020-03-28 15:29:00";3000;0;;3000;;;3000;0;0;0;"Estimées";;;;;;;""
2020;18951;"06";"06148";"Tourrettes-sur-Loup";"2020-03-28 15:35:00";3000;;1000;;;;;;;2000;;"1";"Involontaire (particulier)";;;;;""
2020;3167;"31";"31079";"Bouloc";"2020-03-28 16:20:00";1000;0;;1000;;;1000;0;0;0;"Mesurées";;"Involontaire (particulier)";;;;;""
2020;5232;"24";"24259";"Eyraud-Crempse-Maurens";"2020-03-28 17:16:00";30000;30000;;0;;;0;;;0;;;"Accidentelle";;;;;""
2020;17;"46";"46262";"Lendou-en-Quercy";"2020-03-28 18:39:00";5000;0;;5000;;;5000;0;0;0;"Estimées";;;;;;;""
2020;4881;"72";"72175";"Luché-Pringé";"2020-03-28 20:54:00";20;20;;0;;;0;0;0;0;"Estimées";;;;;;;""
2020;12105;"41";"41136";"Mer";"2020-03-28 21:57:00";5;0;;5;;;5;0;0;0;"Estimées";;;;;;;""
2020;2419;"87";"87092";"Marval";"2020-03-29 12:22:00";100;0;;100;;;100;0;0;0;"Estimées";;;;;;;""
2020;4075;"38";"38098";"Chélieu";"2020-03-29 15:21:00";100;0;;100;;;100;0;0;0;"Estimées";;;;;;;""
2020;16937;"13";"13048";"Jouques";"2020-03-29 16:26:00";5000;5000;;;;;;;;;;"1";;;;;;""
2020;21;"46";"46094";"Espédaillac";"2020-03-29 17:33:00";1500;0;;1500;;;1500;0;0;0;"Estimées";;;;;;;""
2020;3941;"74";"74153";"Lucinges";"2020-03-29 19:17:00";400;0;;400;;;400;0;0;0;"Estimées";;;;;;;""
2020;12102;"41";"41242";"Selles-sur-Cher";"2020-03-30 14:34:00";200;0;;200;;;200;0;0;0;"Estimées";;;;;;;""
2020;130;"88";"88253";"Jeuxey";"2020-03-30 16:08:00";1;1;;0;;;0;0;0;0;"Estimées";;;;;;;""
2020;18996;"48";"48039";"Chanac";"2020-03-30 16:45:00";500;500;;;;;;;;;;"4";"Malveillance";;;;;""
2020;173;"21";"21178";"Valforêt";"2020-03-30 17:25:00";800;800;;0;;;0;0;0;0;"Mesurées";;"Involontaire (particulier)";;;;;""
2020;396;"76";"76319";"Grand-Couronne";"2020-03-30 17:45:00";10000;0;;10000;;;10000;0;0;0;"Estimées";;;;;;;""
2020;12876;"11";"11262";"Narbonne";"2020-03-30 19:53:00";300;;;;;;;;;;;;;;;;;""
2020;18987;"2B";"2B333";"Vallecalle";"2020-03-31 12:05:00";3000;;;;;;;;;;;;;;;;;""
2020;2420;"87";"87070";"La Geneytouse";"2020-03-31 13:57:00";40000;0;;40000;;;40000;0;0;0;"Mesurées";;;;;;;""
2020;2421;"87";"87076";"Jabreilles-les-Bordes";"2020-03-31 14:17:00";20000;0;;20000;;;20000;0;0;0;"Mesurées";;;;;;;""
2020;12810;"26";"26112";"Curnier";"2020-03-31 15:56:00";10000;0;0;;;;;;;10000;;"3";"Accidentelle";;;;;""
2020;31;"39";"39423";"Plaisia";"2020-03-31 19:14:00";8000;0;;8000;;;8000;0;0;0;"Estimées";;;;;;;""
2020;3703;"70";"70194";"Cuve";"2020-03-31 20:11:00";50;0;;50;;;50;0;0;0;"Estimées";;;;;;;""
2020;66;"88";"88140";"Dombrot-le-Sec";"2020-03-31 21:26:00";20;20;;0;;;0;0;0;0;"Estimées";;;;;;;""
2020;2010;"63";"63006";"Anzat-le-Luguet";"2020-04-01 00:00:00";69171;8000;;61171;;;61171;0;0;0;"Mesurées";;;;;;;""
2020;12155;"41";"41122";"Maray";"2020-04-01 13:22:00";20;0;;20;;;20;0;0;0;"Estimées";;;;;;;""
2020;4076;"38";"38347";"Roybon";"2020-04-01 15:23:00";1500;0;;1500;;;1500;0;0;0;"Estimées";;;;;;;""
2020;16939;"13";"13037";"La Fare-les-Oliviers";"2020-04-02 02:09:00";1000;1000;;;;;;;;;;"1";"Accidentelle";;;;;""
2020;12484;"07";"07147";"Malarce-sur-la-Thines";"2020-04-02 07:14:00";2;2;;;;;;;;;;"3";;;;;;""
2020;176;"21";"21492";"Pommard";"2020-04-02 09:35:00";500;0;;500;;;500;0;0;0;"Estimées";;;;;;;""
2020;1841;"37";"37003";"Amboise";"2020-04-02 14:42:00";20000;0;;20000;;;20000;0;0;0;"Estimées";;;;;;;""
2020;16938;"13";"13091";"Saint-Cannat";"2020-04-02 17:41:00";1200;1200;;;;;;;;;;"1";"Involontaire (particulier)";;;;;""
2020;134;"88";"88361";"Provenchères-et-Colroy";"2020-04-02 19:40:00";1;1;;0;;;0;0;0;0;"Estimées";;;;;;;""
2020;12877;"11";"11014";"Armissan";"2020-04-02 23:28:00";300;;;;;;;;;;;;;;;;;""
2020;3170;"31";"31320";"Marquefave";"2020-04-03 11:56:00";10000;0;;10000;;;10000;0;0;0;"Mesurées";;"Involontaire (travaux)";;;;;""
2020;12502;"48";"48176";"Saint-Pierre-des-Tripiers";"2020-04-03 12:00:00";21700;5200;;;;;;;;16500;;"4";;;;;;""
2020;18;"21";"21582";"Santenay";"2020-04-03 12:23:00";7760;7760;;0;;;0;0;0;0;"Mesurées";;"Involontaire (travaux)";;;;;""
2020;1843;"37";"37003";"Amboise";"2020-04-03 14:35:00";35000;0;;35000;;;35000;0;0;0;"Estimées";;;;;;;""
2020;12494;"07";"07156";"Meyras";"2020-04-03 15:03:00";20000;20000;;;;;;;;;;"3";;;;;;""
2020;12811;"26";"26146";"Grignan";"2020-04-03 16:31:00";3000;;;;;;;;;;;"3";"Malveillance";;;;;""
2020;3822;"70";"70489";"Servance-Miellin";"2020-04-03 16:48:00";5;0;;5;;;5;0;0;0;"Estimées";;;;;;;""
2020;789;"74";"74010";"Annecy";"2020-04-03 18:39:00";5050;0;;5050;;;5050;0;0;0;"Mesurées";;"Malveillance";;;;;""
2020;2422;"87";"87014";"Bessines-sur-Gartempe";"2020-04-03 20:27:00";500;0;;500;;;500;0;0;0;"Mesurées";;;;;;;""
2020;3690;"70";"70155";"Citers";"2020-04-03 20:40:00";400;0;;400;;;400;0;0;0;"Estimées";;;;;;;""
2020;5325;"47";"47323";"Villeneuve-sur-Lot";"2020-04-03 20:50:00";50;50;;0;;;0;;;0;;;;;;;;""
2020;1036;"29";"29237";"La Roche-Maurice";"2020-04-04 10:41:00";200;0;;200;;;200;0;0;0;"Estimées";;;;;;;""
2020;12501;"06";"06066";"Gilette";"2020-04-04 13:33:00";500;;500;;;;;;;;;"1";;;;;;""
2020;2962;"67";"67401";"Rimsdorf";"2020-04-04 14:00:00";400;400;;0;;;0;0;0;0;"Estimées";;;;;;;""
2020;178;"21";"21014";"Antheuil";"2020-04-04 14:08:00";2100;0;;2100;;;2100;0;0;0;"Mesurées";;;;;;;""
2020;3779;"70";"70122";"Champlitte";"2020-04-04 14:28:00";150000;0;;150000;;;150000;0;0;0;"Estimées";;;;;;;""
2020;42;"39";"39283";"Lavancia-Epercy";"2020-04-04 15:15:00";400;0;;400;;;400;0;0;0;"Estimées";;;;;;;""
2020;5326;"47";"47300";"Sérignac-sur-Garonne";"2020-04-04 15:19:00";30;30;;0;;;0;;;0;;;;;;;;""
2020;6003;"33";"33290";"Montagne";"2020-04-04 15:36:00";3000;3000;;0;;;0;;;0;;;;;;;;""
2020;1292;"19";"19102";"Lamazière-Basse";"2020-04-04 16:11:00";50000;50000;;0;;;0;0;0;0;"Estimées";;;;;;;""
2020;1294;"19";"19094";"Juillac";"2020-04-04 16:24:00";1000;0;;1000;;;1000;0;0;0;"Estimées";;;;;;;""
2020;3942;"74";"74208";"Passy";"2020-04-04 16:34:00";250;0;;250;;;250;0;0;0;"Estimées";;;;;;;""
2020;4077;"38";"38389";"Saint-Georges-d'Espéranche";"2020-04-04 16:41:00";800;0;;800;;;800;0;0;0;"Estimées";;;;;;;""
2020;12812;"26";"26377";"Vinsobres";"2020-04-04 17:12:00";15300;15300;;;;;;;;;;"4";"Involontaire (travaux)";;;;;""
2020;6004;"33";"33501";"Saucats";"2020-04-04 18:58:00";67000;67000;;0;;;0;;;0;;;;;;;;""
2020;3943;"74";"74183";"Mieussy";"2020-04-04 19:00:00";100;0;;100;;;100;0;0;0;"Estimées";;"Accidentelle";;;;;""
2020;72;"88";"88321";"Neufchâteau";"2020-04-04 19:27:00";1000;1000;;0;;;0;0;0;0;"Estimées";;;;;;;""
2020;12813;"26";"26021";"Autichamp";"2020-04-04 20:43:00";11000;11000;;;;;;;;;;"3";"Involontaire (travaux)";;;;;""
2020;3967;"90";"90102";"Vescemont";"2020-04-04 21:08:00";100;0;;100;;;100;0;0;0;"Estimées";;"Involontaire (travaux)";;;;;""
2020;6005;"33";"33498";"Salles";"2020-04-05 01:23:00";400;400;;0;;;0;;;0;;;;;;;;""
2020;2423;"87";"87063";"Eyjeaux";"2020-04-05 10:28:00";3000;0;;3000;;;3000;0;0;0;"Mesurées";;;;;;;""
2020;3171;"31";"31042";"Bagnères-de-Luchon";"2020-04-05 11:29:00";10000;0;;10000;;;10000;0;0;0;"Estimées";;"Accidentelle";;;;;""
2020;12150;"41";"41185";"Pruniers-en-Sologne";"2020-04-05 11:45:00";20;0;;20;;;20;0;0;0;"Estimées";;;;;;;""
2020;12149;"41";"41097";"Gièvres";"2020-04-05 12:12:00";100;100;;0;;;0;0;0;0;"Estimées";;;;;;;""
2020;12532;"2B";"2B002";"Aghione";"2020-04-05 13:11:00";20000;;;;;;;;;;;;;;;;;""
2020;23;"46";"46148";"Lalbenque";"2020-04-05 13:12:00";30000;0;;30000;;;30000;0;0;0;"Estimées";;;;;;;""
2020;12521;"34";"34293";"La Salvetat-sur-Agout";"2020-04-05 13:17:00";2736;1000;;;;;;;;1736;;"4";"Involontaire (travaux)";;;;;""
2020;180;"21";"21601";"Semezanges";"2020-04-05 14:08:00";500;500;;0;;;0;0;0;0;"Mesurées";;"Involontaire (particulier)";;;;;""
2020;24;"46";"46137";"Labastide-Marnhac";"2020-04-05 14:29:00";3500;0;;3500;;;3500;0;0;0;"Estimées";;"Involontaire (particulier)";;;;;""
2020;187;"89";"89364";"Saint-Père";"2020-04-05 15:23:00";30000;30000;;0;;;0;0;0;0;"Estimées";;;;;;;""
2020;13026;"2A";"2A198";"Ota";"2020-04-05 15:25:00";100;;100;;;;;;;;;;"Accidentelle";;;;;""
2020;288;"65";"65220";"Hibarette";"2020-04-05 15:52:00";20000;20000;;0;;;0;0;0;0;"Estimées";;;;;;;""
2020;5186;"15";"15088";"Lacapelle-Viescamp";"2020-04-05 15:55:00";5000;5000;;0;;;0;0;0;0;"Estimées";;;;;;;""
2020;1356;"19";"19059";"Concèze";"2020-04-05 16:27:00";500;0;;500;;;500;0;0;0;"Estimées";;;;;;;""
2020;3944;"74";"74313";"Vovray-en-Bornes";"2020-04-05 16:31:00";250;0;;250;;;250;0;0;0;"Estimées";;;;;;;""
2020;1357;"19";"19017";"Bassignac-le-Bas";"2020-04-05 16:33:00";30000;0;;30000;;;30000;0;0;0;"Estimées";;;;;;;""
2020;4079;"38";"38448";"Saint-Prim";"2020-04-05 16:46:00";1500;0;;1500;;;1500;0;0;0;"Estimées";;;;;;;""
2020;293;"35";"35236";"Redon";"2020-04-05 18:39:00";25000;0;;25000;;;25000;0;0;0;"Estimées";;;;;;;""
2020;12665;"07";"07286";"Saint-Pierreville";"2020-04-06 11:25:00";500;;500;;;;;;;;;"1";"Involontaire (particulier)";;;;;""
2020;3838;"70";"70537";"Velleminfroy";"2020-04-06 13:10:00";10000;10000;;0;;;0;0;0;0;"Estimées";;;;;;;""
2020;12503;"48";"48176";"Saint-Pierre-des-Tripiers";"2020-04-06 14:12:00";10000;10000;;;;;;;;;;"4";"Involontaire (travaux)";;;;;""
2020;45;"39";"39131";"La Chaux-du-Dombief";"2020-04-06 15:25:00";20000;0;;20000;;;20000;0;0;0;"Estimées";;;;;;;""
2020;27;"46";"46069";"Cézac";"2020-04-06 15:58:00";5000;0;;5000;;;5000;0;0;0;"Estimées";;"Involontaire (particulier)";;;;;""
2020;12756;"13";"13055";"Marseille";"2020-04-06 16:27:00";500;100;400;;;;;;;;;"1";;;;;;""
2020;4298;"12";"12258";"La Salvetat-Peyralès";"2020-04-06 16:59:00";20000;20000;;0;;;0;0;0;0;"Estimées";;;;;;;""
2020;26;"58";"58079";"Clamecy";"2020-04-06 17:05:00";12760;12760;;0;;;0;0;0;0;"Estimées";;"Accidentelle";;;;;""
2020;28;"46";"46219";"Peyrilles";"2020-04-06 17:05:00";48000;0;;48000;;;48000;0;0;0;"Mesurées";;;;;;;""
2020;12536;"2B";"2B172";"Murato";"2020-04-06 17:29:00";1000;;;;;;;;;;;;;;;;;""
2020;13027;"2A";"2A322";"Tasso";"2020-04-06 19:31:00";1;;1;;;;;;;;;;;;;;;""
2020;224;"88";"88095";"Châtenois";"2020-04-07 09:31:00";1;1;;0;;;0;0;0;0;"Estimées";;;;;;;""
2020;1381;"19";"19203";"Sainte-Fortunade";"2020-04-07 11:06:00";5;0;;5;;;5;0;0;0;"Estimées";;"Involontaire (particulier)";;;;;""
2020;12559;"83";"83055";"Fayence";"2020-04-07 12:19:00";6000;4500;;;;;;;;1500;;"5";"Involontaire (particulier)";;;;;""
2020;6008;"33";"33179";"Galgon";"2020-04-07 13:07:00";30;15;;0;;;0;;;15;;;;;;;;""
2020;5233;"24";"24330";"Plazac";"2020-04-07 13:41:00";3000;3000;;0;;;0;;;0;;;;;;;;""
2020;2424;"87";"87105";"Neuvic-Entier";"2020-04-07 14:17:00";15000;0;;15000;;;15000;0;0;0;"Mesurées";;;;;;;""
2020;4082;"38";"38403";"Saint-Jean-d'Hérans";"2020-04-07 16:28:00";500;0;;500;;;500;0;0;0;"Estimées";;;;;;;""
2020;4080;"38";"38488";"Siccieu-Saint-Julien-et-Carisieu";"2020-04-07 16:51:00";3000;0;;3000;;;3000;0;0;0;"Estimées";;;;;;;""
2020;16248;"13";"13063";"Miramas";"2020-04-07 17:12:00";2800;1500;1300;;;;;;;;;"1";;;;;;""
2020;1384;"19";"19251";"Sarran";"2020-04-07 18:00:00";200;200;;0;;;0;0;0;0;"Estimées";;;;;;;""
2020;15794;"66";"66096";"Latour-de-France";"2020-04-07 18:37:00";5000;;5000;;;;;;;;;"1";"Involontaire (travaux)";;;;;""
2020;12765;"34";"34125";"Lagamas";"2020-04-07 19:45:00";7092;2000;;;;;;;;5092;;"4";"Involontaire (travaux)";;;;;""
2020;12669;"07";"07153";"Mayres";"2020-04-08 11:33:00";500;500;;;;;;;;;;"5";;;;;;""
2020;927;"43";"43133";"Mercœur";"2020-04-08 12:30:00";14200;14200;;0;;;0;0;0;0;"Mesurées";;"Involontaire (particulier)";;;;;""
2020;12581;"84";"84044";"Entrechaux";"2020-04-08 12:53:00";2800;;1500;;;;;;;1300;;"1";;;;;;""
2020;213;"68";"68375";"Wittelsheim";"2020-04-08 14:55:00";2000;0;;2000;;;2000;0;0;0;"Estimées";;;;;;;""
2020;225;"88";"88116";"Cornimont";"2020-04-08 15:03:00";10000;10000;;0;;;0;0;0;0;"Estimées";;;;;;;""
2020;4083;"38";"38109";"Chozeau";"2020-04-08 15:14:00";1500;1500;;0;;;0;0;0;0;"Estimées";;;;;;;""
2020;790;"74";"74123";"Faverges-Seythenex";"2020-04-08 15:15:00";500;0;;500;;;500;0;0;0;"Estimées";;;;;;;""
2020;2425;"87";"87024";"Bujaleuf";"2020-04-08 15:38:00";1500;0;;1500;;;1500;0;0;0;"Estimées";;;;;;;""
2020;3477;"08";"08203";"Guignicourt-sur-Vence";"2020-04-08 16:21:00";10000;10000;;0;;;0;0;0;0;"Estimées";;;;;;;""
2020;12144;"41";"41211";"Saint-Georges-sur-Cher";"2020-04-08 16:24:00";20;20;;0;;;0;0;0;0;"Estimées";;;;;;;""
2020;791;"74";"74282";"Fillière";"2020-04-08 16:31:00";500;500;;0;;;0;0;0;0;"Estimées";;;;;;;""
2020;4507;"12";"12300";"Villefranche-de-Rouergue";"2020-04-08 17:25:00";1500;1500;;0;;;0;0;0;0;"Estimées";;;;;;;""
2020;4883;"72";"72195";"Mézeray";"2020-04-08 17:55:00";6000;6000;;0;;;0;0;0;0;"Estimées";;;;;;;""
2020;12605;"2B";"2B096";"Corte";"2020-04-08 18:26:00";200;;;;;;;;;;;;;;;;;""
2020;5328;"47";"47080";"Dévillac";"2020-04-08 19:58:00";5000;5000;;0;;;0;;;0;;;;;;;;""
2020;227;"88";"88177";"La Forge";"2020-04-09 01:29:00";20;20;;0;;;0;0;0;0;"Estimées";;;;;;;""
2020;3645;"70";"70006";"Aillevillers-et-Lyaumont";"2020-04-09 10:12:00";10;0;;10;;;10;0;0;0;"Estimées";;;;;;;""
2020;1296;"19";"19263";"Soudeilles";"2020-04-09 12:08:00";600;0;;600;;;600;0;0;0;"Estimées";;;;;;;""
2020;12671;"07";"07130";"Lanarce";"2020-04-09 12:33:00";10000;;10000;;;;;;;;;"1";"Involontaire (travaux)";;;;;""
2020;15188;"13";"13093";"Saint-Estève-Janson";"2020-04-09 13:05:00";3000;;1500;;;;;;;1500;;"1";;;;;;""
2020;211;"77";"77186";"Fontainebleau";"2020-04-09 13:53:00";500;0;;500;;;500;0;0;0;"Mesurées";;;;;;;""
2020;12739;"06";"06071";"Guillaumes";"2020-04-09 13:58:00";202000;72000;130000;;;;;;;;;"4";;;;;;""
2020;3758;"70";"70283";"Haut-du-Them-Château-Lambert";"2020-04-09 14:50:00";47000;47000;;0;;;0;0;0;0;"Mesurées";;"Involontaire (particulier)";;;;;""
2020;4884;"72";"72195";"Mézeray";"2020-04-09 14:51:00";6000;6000;;0;;;0;0;0;0;"Estimées";;;;;;;""
2020;12878;"11";"11203";"Lézignan-Corbières";"2020-04-09 15:09:00";250;;;;;;;;;;;;;;;;;""
2020;3796;"70";"70410";"Pin";"2020-04-09 15:37:00";2500;0;;2500;;;2500;0;0;0;"Estimées";;"Accidentelle";;;;;""
2020;12773;"34";"34266";"Saint-Jean-de-Cuculles";"2020-04-09 16:35:00";12673;;12673;;;;;;;;;"1";"Involontaire (travaux)";;;;;""
2020;12879;"11";"11315";"Rieux-Minervois";"2020-04-09 17:05:00";11792;;;;;;;;;;;;;;;;;""
2020;82;"81";"81122";"Lacapelle-Pinet";"2020-04-09 17:25:00";8000;0;;8000;;;8000;0;0;0;"Estimées";;"Malveillance";;;;;""
2020;1303;"19";"19097";"Lafage-sur-Sombre";"2020-04-09 18:13:00";10000;10000;;0;;;0;0;0;0;"Estimées";;;;;;;""
2020;5187;"15";"15034";"Chaliers";"2020-04-09 18:19:00";3000;3000;;0;;;0;0;0;0;"Mesurées";;"Involontaire (travaux)";;;;;""
2020;12561;"48";"48160";"Saint-Jean-la-Fouillouse";"2020-04-09 19:20:00";30000;30000;;;;;;;;;;"4";;;;;;""
2020;4885;"72";"72045";"Brains-sur-Gée";"2020-04-09 20:08:00";16;16;;0;;;0;0;0;0;"Estimées";;;;;;;""
2020;3734;"70";"70267";"Gevigney-et-Mercey";"2020-04-09 23:26:00";40;0;;40;;;40;0;0;0;"Estimées";;;;;;;""
2020;2477;"16";"16260";"Pillac";"2020-04-10 12:14:00";550000;550000;;0;;;0;0;0;0;"Estimées";;;;;;;""
2020;90;"21";"21599";"Selongey";"2020-04-10 13:43:00";15000;15000;;0;;;0;0;0;0;"Estimées";;"Involontaire (particulier)";;;;;""
2020;2965;"67";"67522";"Weislingen";"2020-04-10 13:57:00";15000;15000;;0;;;0;0;0;0;"Estimées";;;;;;;""
2020;5188;"15";"15117";"Marcolès";"2020-04-10 14:21:00";5000;5000;;0;;;0;0;0;0;"Mesurées";;"Involontaire (travaux)";;;;;""
2020;5189;"15";"15188";"Saint-Georges";"2020-04-10 14:38:00";500;500;;0;;;0;0;0;0;"Mesurées";;"Involontaire (travaux)";;;;;""
2020;12614;"2B";"2B352";"Ville-di-Paraso";"2020-04-10 14:49:00";2000;;;;;;;;;;;;;;;;;""
2020;12678;"06";"06094";"Péone";"2020-04-10 15:35:00";800;;;;;;;;;;;"1";;;;;;""
2020;12814;"26";"26367";"Venterol";"2020-04-10 16:36:00";5000;5000;;;;;;;;;;"3";"Malveillance";;;;;""
2020;4337;"12";"12235";"Saint-Just-sur-Viaur";"2020-04-10 16:38:00";20000;20000;;0;;;0;0;0;0;"Estimées";;;;;;;""
2020;5332;"47";"47200";"Parranquet";"2020-04-10 17:04:00";5000;5000;;0;;;0;;;0;;;;;;;;""
2020;5333;"47";"47032";"Bon-Encontre";"2020-04-10 17:11:00";10;10;;0;;;0;;;0;;;;;;;;""
2020;420;"82";"82112";"Moissac";"2020-04-10 17:14:00";1000;0;;1000;;;1000;0;0;0;"Estimées";;;;;;;"Données partielles ou non valides"
2020;4882;"72";"72195";"Mézeray";"2020-04-10 17:20:00";7000;7000;;0;;;0;0;0;0;"Estimées";;;;;;;""
2020;16941;"13";"13108";"Tarascon";"2020-04-10 17:35:00";2000;2000;;;;;;;;;;"1";"Involontaire (particulier)";;;;;""
2020;5163;"86";"86236";"Saint-Pierre-de-Maillé";"2020-04-10 17:48:00";50000;50000;;0;;;0;0;0;0;"Estimées";;;;;;;""
2020;156;"23";"23202";"Saint-Hilaire-le-Château";"2020-04-10 18:03:00";10000;0;;10000;;;10000;0;0;0;"Estimées";;"Involontaire (travaux)";;;;;""
2020;1361;"19";"19036";"Chamberet";"2020-04-10 18:09:00";200;0;;50;;;50;0;150;150;"Estimées";;;;;;;""
2020;463;"85";"85040";"La Caillère-Saint-Hilaire";"2020-04-10 18:25:00";300;0;;300;;;300;0;0;0;"Estimées";;;;;;;""
2020;4639;"61";"61165";"La Ferrière-Bochard";"2020-04-10 20:46:00";5000;0;;5000;;;5000;0;0;0;"Estimées";;;;;;;""
2020;4300;"12";"12096";"Espalion";"2020-04-10 21:00:00";30000;30000;;0;;;0;0;0;0;"Estimées";;;;;;;""
2020;192;"21";"21271";"Flavigny-sur-Ozerain";"2020-04-10 21:21:00";3000;0;;3000;;;3000;0;0;0;"Estimées";;;;;;;""
2020;13028;"2A";"2A209";"Peri";"2020-04-11 01:34:00";1;;1;;;;;;;;;;;;;;;""
2020;12590;"84";"84096";"Rasteau";"2020-04-11 04:26:00";20000;;;;;;;;;;;;;;;;;""
2020;161;"43";"43170";"Saint-Beauzire";"2020-04-11 13:39:00";22000;22000;;0;;;0;0;0;0;"Mesurées";;;;;;;""
2020;4087;"38";"38336";"Reventin-Vaugris";"2020-04-11 14:41:00";500;0;;500;;;500;0;0;0;"Estimées";;;;;;;""
2020;5190;"15";"15261";"Le Vigean";"2020-04-11 15:27:00";1000;1000;;0;;;0;0;0;0;"Estimées";;"Involontaire (travaux)";;;;;""
2020;5191;"15";"15038";"Champs-sur-Tarentaine-Marchal";"2020-04-11 15:33:00";50000;0;;50000;;;50000;0;0;0;"Estimées";;"Involontaire (travaux)";;;;;""
2020;13029;"2A";"2A103";"Cuttoli-Corticchiato";"2020-04-11 15:49:00";1000;;1000;;;;;;;;;;;;;;;""
2020;2967;"67";"67273";"Lohr";"2020-04-11 16:13:00";10000;10000;;0;;;0;0;0;0;"Estimées";;;;;;;""
2020;12140;"41";"41018";"Blois";"2020-04-11 16:44:00";50;0;;50;;;50;0;0;0;"Estimées";;"Accidentelle";;;;;""
2020;4886;"72";"72118";"Dollon";"2020-04-11 17:06:00";2000;2000;;0;;;0;0;0;0;"Estimées";;;;;;;""
2020;6010;"33";"33454";"Saint-Morillon";"2020-04-11 17:34:00";300;300;;0;;;0;;;0;;;;;;;;""
2020;87;"46";"46247";"Saillac";"2020-04-11 18:02:00";2000;0;;2000;;;2000;0;0;0;"Estimées";;"Involontaire (particulier)";;;;;""
2020;2968;"67";"67291";"Mertzwiller";"2020-04-11 18:07:00";1000;1000;;0;;;0;0;0;0;"Estimées";;"Malveillance";;;;;""
2020;12602;"48";"48134";"Saint-Andéol-de-Clerguemort";"2020-04-11 19:10:00";7900;1000;6900;;;;;;;;;"1";"Malveillance";;;;;""
2020;92;"21";"21205";"Courcelles-lès-Semur";"2020-04-11 20:00:00";5000;5000;;0;;;0;0;0;0;"Estimées";;;;;;;""
2020;88;"46";"46226";"Prendeignes";"2020-04-11 20:33:00";25000;0;;25000;;;25000;0;0;0;"Estimées";;"Involontaire (particulier)";;;;;""
2020;237;"88";"88403";"Rozerotte";"2020-04-11 20:47:00";1;1;;0;;;0;0;0;0;"Estimées";;;;;;;""
2020;12616;"2B";"2B195";"Ortiporio";"2020-04-11 20:48:00";800;;;;;;;;;;;;;;;;;""
2020;12619;"2B";"2B172";"Murato";"2020-04-12 09:47:00";2000;;;;;;;;;;;;;;;;;""
2020;3518;"71";"71157";"Cuiseaux";"2020-04-12 10:01:00";15000;0;;15000;;;15000;0;0;0;"Estimées";;"Accidentelle";;;;;""
2020;3945;"74";"74083";"Combloux";"2020-04-12 11:16:00";100;100;;0;;;0;0;0;0;"Estimées";;;;;;;""
2020;12687;"2B";"2B356";"Zalana";"2020-04-12 13:32:00";10000;;;;;;;;;;;;;;;;;""
2020;13030;"2A";"2A362";"Zonza";"2020-04-12 14:53:00";100;;100;;;;;;;;;;"Involontaire (particulier)";;;;;""
2020;91;"21";"21305";"Grancey-sur-Ource";"2020-04-12 16:48:00";10000;0;;10000;;;10000;0;0;0;"Estimées";;;;;;;""
2020;4089;"38";"38389";"Saint-Georges-d'Espéranche";"2020-04-12 17:40:00";500;0;;500;;;500;0;0;0;"Estimées";;;;;;;""
2020;12689;"84";"84052";"Grambois";"2020-04-12 17:49:00";5000;;;;;;;;;;;;;;;;;""
2020;159;"23";"23248";"Saint-Victor-en-Marche";"2020-04-12 22:01:00";20000;20000;;0;;;0;0;0;0;"Estimées";;"Involontaire (travaux)";;;;;""
2020;12690;"84";"84138";"Valréas";"2020-04-13 03:32:00";8600;8300;;;;;;;;300;;"2";"Accidentelle";;;;;""
2020;3969;"90";"90084";"Reppe";"2020-04-13 11:31:00";30;0;;30;;;30;0;0;0;"Estimées";;"Involontaire (travaux)";;;;;""
2020;12661;"83";"83027";"La Cadière-d'Azur";"2020-04-13 15:43:00";100;100;;;;;;;;;;"4";"Involontaire (particulier)";;;;;""
2020;4090;"38";"38561";"Viriville";"2020-04-13 18:06:00";300;0;;300;;;300;0;0;0;"Estimées";;;;;;;""
2020;5884;"40";"40248";"Saint-André-de-Seignanx";"2020-04-13 18:54:00";3000;3000;;0;;;0;;;0;;;;;;;;""
2020;2426;"87";"87141";"Saint-Cyr";"2020-04-13 20:42:00";200;0;;200;;;200;0;0;0;"Mesurées";;;;;;;""
2020;12137;"41";"41217";"Saint-Julien-de-Chédon";"2020-04-14 09:59:00";20;0;;20;;;20;0;0;0;"Estimées";;"Accidentelle";;;;;""
2020;289;"65";"65344";"Ossun";"2020-04-14 11:19:00";30000;0;;30000;;;30000;0;0;0;"Estimées";;;;;;;""
2020;138;"61";"61345";"Rémalard en Perche";"2020-04-14 13:01:00";20000;20000;;0;;;0;0;0;0;"Estimées";;;;;;;""
2020;13031;"2A";"2A017";"Appietto";"2020-04-14 15:54:00";80;;80;;;;;;;;;;"Involontaire (travaux)";;;;;""
2020;4302;"12";"12095";"Escandolières";"2020-04-14 15:57:00";30000;30000;;0;;;0;0;0;0;"Estimées";;"Malveillance";;;;;""
2020;6012;"33";"33449";"Saint-Médard-en-Jalles";"2020-04-14 16:07:00";798600;798600;;0;;;0;;;0;;;;;;;;""
2020;5192;"15";"15005";"Anglards-de-Saint-Flour";"2020-04-14 16:17:00";400;400;;0;;;0;0;0;0;"Estimées";;"Involontaire (travaux)";;;;;""
2020;12815;"26";"26018";"Aulan";"2020-04-14 17:05:00";3400;0;3400;;;;;;;;;"1";"Malveillance";;;;;""
2020;102;"46";"46017";"Bannes";"2020-04-14 17:21:00";20000;0;;20000;;;20000;0;0;0;"Estimées";;"Involontaire (particulier)";;;;;""
2020;6013;"33";"33317";"Périssac";"2020-04-14 17:41:00";80;80;;0;;;0;;;0;;;;;;;;""
2020;12136;"41";"41161";"Nouan-le-Fuzelier";"2020-04-14 23:51:00";500;500;;0;;;0;0;0;0;"Estimées";;;;;;;""
2020;1047;"29";"29031";"Clohars-Carnoët";"2020-04-15 05:31:00";100;0;;100;;;100;0;0;0;"Estimées";;;;;;;""
2020;140;"46";"46139";"Labathude";"2020-04-15 10:26:00";2000;0;;2000;;;2000;0;0;0;"Estimées";;"Involontaire (particulier)";;;;;""
2020;2138;"17";"17121";"La Couarde-sur-Mer";"2020-04-15 10:39:00";500;0;;500;;;500;0;0;0;"Estimées";;"Malveillance";;;;;""
2020;142;"46";"46070";"Cieurac";"2020-04-15 10:47:00";200;0;;200;;;200;0;0;0;"Estimées";;;;;;;""
2020;2428;"87";"87070";"La Geneytouse";"2020-04-15 12:00:00";1000;0;;1000;;;1000;0;0;0;"Mesurées";;;;;;;""
2020;162;"43";"43246";"Tiranges";"2020-04-15 12:15:00";100000;100000;;0;;;0;0;0;0;"Mesurées";;"Involontaire (particulier)";;;;;""
2020;105;"21";"21401";"Meloisey";"2020-04-15 12:15:00";3160;0;;3160;;;3160;0;0;0;"Mesurées";;;;;;;""
2020;4887;"72";"72058";"Changé";"2020-04-15 12:36:00";1500;1500;;0;;;0;0;0;0;"Estimées";;;;;;;""
2020;3970;"90";"90017";"Bourogne";"2020-04-15 12:49:00";100;0;;100;;;100;0;0;0;"Estimées";;"Involontaire (travaux)";;;;;""
2020;12697;"48";"48098";"Molezon";"2020-04-15 12:50:00";93400;10700;82700;;;;;;;;;"1";"Involontaire (particulier)";;;;;""
2020;139;"61";"61232";"Lonlay-l'Abbaye";"2020-04-15 12:55:00";15000;0;;15000;;;15000;0;0;0;"Estimées";;;;;;;""
2020;1048;"29";"29147";"Mellac";"2020-04-15 12:55:00";2000;0;;1000;;;1000;1000;0;1000;"Estimées";;;;;;;""
2020;104;"81";"81146";"Livers-Cazelles";"2020-04-15 13:36:00";20000;0;;20000;;;20000;0;0;0;"Estimées";;"Accidentelle";;;;;""
2020;1365;"19";"19075";"Espagnac";"2020-04-15 13:51:00";100000;100000;;0;;;0;0;0;0;"Estimées";;;;;;;""
2020;1513;"89";"89142";"Dixmont";"2020-04-15 14:33:00";20000;20000;;0;;;0;0;0;0;"Estimées";;;;;;;""
2020;5335;"47";"47304";"Taillebourg";"2020-04-15 15:02:00";5000;4000;;0;;;0;;;1000;;;"Involontaire (particulier)";;;;;""
2020;466;"85";"85237";"Saint-Laurent-de-la-Salle";"2020-04-15 15:32:00";1000;1000;;0;;;0;0;0;0;"Mesurées";;;;;;;""
2020;5336;"47";"47278";"Saint-Sernin";"2020-04-15 15:49:00";5000;5000;;0;;;0;;;0;;;"Involontaire (particulier)";;;;;""
2020;151;"46";"46125";"Gorses";"2020-04-15 15:58:00";30000;0;;30000;;;30000;0;0;0;"Estimées";;"Accidentelle";;;;;""
2020;12705;"83";"83051";"Entrecasteaux";"2020-04-15 16:12:00";3500;3500;;;;;;;;;;"5";"Involontaire (travaux)";;;;;""
2020;1049;"29";"29249";"Saint-Goazec";"2020-04-15 16:48:00";3000;0;;3000;;;3000;0;0;0;"Estimées";;;;;;;""
2020;3947;"74";"74190";"Morillon";"2020-04-15 16:54:00";200;200;;0;;;0;0;0;0;"Estimées";;;;;;;""
2020;152;"46";"46070";"Cieurac";"2020-04-15 18:01:00";250;0;;250;;;250;0;0;0;"Estimées";;;;;;;""
2020;12708;"83";"83073";"Le Luc";"2020-04-15 18:13:00";20;20;;;;;;;;;;"4";"Involontaire (particulier)";;;;;""
2020;12704;"07";"07109";"Joannas";"2020-04-15 18:38:00";4000;;4000;;;;;;;;;"1";"Involontaire (particulier)";;;;;""
2020;6014;"33";"33307";"Noaillan";"2020-04-15 19:18:00";20000;20000;;0;;;0;;;0;;;;;;;;""
2020;245;"88";"88409";"Saint-Amé";"2020-04-15 19:57:00";100;100;;0;;;0;0;0;0;"Estimées";;;;;;;""
2020;4888;"72";"72046";"Le Breil-sur-Mérize";"2020-04-15 21:15:00";10;10;;0;;;0;0;0;0;"Estimées";;;;;;;""
2020;1852;"37";"37177";"Orbigny";"2020-04-15 22:18:00";3500;0;;3500;;;3500;0;0;0;"Estimées";;;;;;;""
2020;13033;"2A";"2A272";"Sartène";"2020-04-16 10:46:00";30;;30;;;;;;;;;;"Involontaire (particulier)";;;;;""
2020;196;"21";"21021";"Arc-sur-Tille";"2020-04-16 10:55:00";200;0;;200;;;200;0;0;0;"Estimées";;;;;;;""
2020;13034;"2A";"2A284";"Sollacaro";"2020-04-16 11:34:00";35000;;35000;;;;;;;;;;;;;;;""
2020;12135;"41";"41275";"La Ville-aux-Clercs";"2020-04-16 12:15:00";20;0;;20;;;20;0;0;0;"Estimées";;"Accidentelle";;;;;""
2020;5223;"53";"53111";"La Haie-Traversaine";"2020-04-16 13:59:00";800;800;;0;;;0;0;0;0;"Estimées";;;;;;;""
2020;4091;"38";"38215";"Luzinay";"2020-04-16 14:00:00";600;600;;0;;;0;0;0;0;"Estimées";;;;;;;""
2020;4889;"72";"72213";"Mulsanne";"2020-04-16 14:19:00";550;550;;0;;;0;0;0;0;"Estimées";;;;;;;""
2020;12735;"2B";"2B355";"Volpajola";"2020-04-16 14:41:00";10000;;;;;;;;;;;;;;;;;""
2020;1514;"89";"89242";"Maligny";"2020-04-16 14:48:00";150;150;;0;;;0;0;0;0;"Estimées";;"Involontaire (travaux)";;;;;""
2020;214;"68";"68275";"Rimbach-près-Masevaux";"2020-04-16 14:54:00";30000;30000;;0;;;0;0;0;0;"Estimées";;;;;;;""
2020;153;"46";"46102";"Figeac";"2020-04-16 15:52:00";600;0;;600;;;600;0;0;0;"Estimées";;;;;;;""
2020;154;"46";"46102";"Figeac";"2020-04-16 16:28:00";3000;0;;3000;;;3000;0;0;0;"Estimées";;;;;;;""
2020;2429;"87";"87156";"Saint-Just-le-Martel";"2020-04-16 16:32:00";3000;0;;3000;;;3000;0;0;0;"Mesurées";;;;;;;""
2020;5235;"24";"24272";"Minzac";"2020-04-16 16:41:00";3000;3000;;0;;;0;;;0;;;"Accidentelle";;;;;""
2020;13035;"2A";"2A189";"Olmeto";"2020-04-16 17:18:00";50;;50;;;;;;;;;;;;;;;""
2020;3760;"70";"70283";"Haut-du-Them-Château-Lambert";"2020-04-16 17:53:00";120;120;;0;;;0;0;0;0;"Estimées";;;;;;;""
2020;166;"55";"55312";"Maizey";"2020-04-16 19:00:00";20000;20000;;0;;;0;0;0;0;"Estimées";;"Accidentelle";;;;;""
2020;163;"58";"58211";"Poil";"2020-04-16 19:23:00";1000;1000;;0;;;0;0;0;0;"Estimées";;;;;;;""
2020;13036;"2A";"2A186";"Olivese";"2020-04-16 19:48:00";1500;;1500;;;;;;;;;"1";"Accidentelle";;;;;""
2020;12882;"11";"11361";"Saint-Papoul";"2020-04-16 21:38:00";5000;;;;;;;;;;;;;;;;;""
2020;1522;"89";"89170";"Foissy-lès-Vézelay";"2020-04-17 11:35:00";90000;90000;;0;;;0;0;0;0;"Mesurées";;;;;;;""
2020;13037;"2A";"2A019";"Arbori";"2020-04-17 15:47:00";500;;500;;;;;;;;;"1";"Involontaire (particulier)";;;;;""
2020;164;"39";"39328";"Meussia";"2020-04-17 16:10:00";1000;0;;1000;;;1000;0;0;0;"Estimées";;;;;;;""
2020;3738;"70";"70279";"Gray";"2020-04-17 16:14:00";50;0;;50;;;50;0;0;0;"Estimées";;;;;;;""
2020;12758;"06";"06033";"Carros";"2020-04-17 18:16:00";600;;350;;;;;;;250;;"1";;;;;;""
2020;12132;"41";"41136";"Mer";"2020-04-17 19:25:00";2;0;;2;;;2;0;0;0;"Estimées";;;;;;;""
2020;250;"88";"88135";"Docelles";"2020-04-17 20:23:00";60;60;;0;;;0;0;0;0;"Estimées";;;;;;;""
2020;2969;"67";"67167";"Grendelbruch";"2020-04-17 21:14:00";300;0;;300;;;300;0;0;0;"Estimées";;;;;;;""
2020;12757;"06";"06060";"Falicon";"2020-04-18 04:55:00";100;;100;;;;;;;;;"1";;;;;;""
2020;4094;"38";"38419";"Saint-Martin-de-Clelles";"2020-04-18 09:28:00";10000;10000;;0;;;0;0;0;0;"Estimées";;;;;;;""
2020;13038;"2A";"2A040";"Bocognano";"2020-04-18 11:12:00";400;;400;;;;;;;;;;"Involontaire (particulier)";;;;;""
2020;6016;"33";"33284";"Mios";"2020-04-18 14:41:00";1500;1500;;0;;;0;;;0;;;;;;;;""
2020;4095;"38";"38163";"Le Haut-Bréda";"2020-04-18 16:16:00";600;0;;600;;;600;0;0;0;"Estimées";;;;;;;""
2020;160;"46";"46089";"Duravel";"2020-04-18 16:50:00";15000;0;;15000;;;15000;0;0;0;"Estimées";;;;;;;""
2020;12130;"41";"41032";"Chailles";"2020-04-18 17:10:00";150;0;;150;;;150;0;0;0;"Estimées";;;;;;;""
2020;4096;"38";"38194";"Izeaux";"2020-04-18 18:37:00";500;0;;500;;;500;0;0;0;"Estimées";;;;;;;""
2020;12738;"83";"83087";"Nans-les-Pins";"2020-04-18 18:54:00";2;2;;;;;;;;;;"5";"Involontaire (particulier)";;;;;""
2020;3704;"70";"70202";"Demangevelle";"2020-04-18 20:11:00";1500;0;;1500;;;1500;0;0;0;"Estimées";;;;;;;""
2020;13039;"2A";"2A040";"Bocognano";"2020-04-18 20:39:00";1;;1;;;;;;;;;;"Involontaire (travaux)";;;;;""
2020;2971;"67";"67254";"Kutzenhausen";"2020-04-18 20:57:00";500;500;;0;;;0;0;0;0;"Estimées";;;;;;;""
2020;2972;"67";"67180";"Haguenau";"2020-04-19 15:09:00";10000;10000;;0;;;0;0;0;0;"Estimées";;;;;;;""
2020;2430;"87";"87160";"Saint-Léger-Magnazeix";"2020-04-19 17:45:00";800;0;;800;;;800;0;0;0;"Mesurées";;;;;;;""
2020;3948;"74";"74269";"Seyssel";"2020-04-19 18:13:00";300;300;;0;;;0;0;0;0;"Estimées";;;;;;;""
2020;12129;"41";"41018";"Blois";"2020-04-19 22:08:00";70;0;;70;;;70;0;0;0;"Estimées";;"Malveillance";;;;;""
2020;3583;"57";"57227";"Forbach";"2020-04-20 13:35:00";15000;0;;15000;;;15000;0;0;0;"Estimées";;;;;;;""
2020;200;"21";"21712";"Volnay";"2020-04-20 14:15:00";1200;1200;;0;;;0;0;0;0;"Estimées";;;;;;;""
2020;3805;"70";"70432";"Quers";"2020-04-20 17:38:00";10;0;;10;;;10;0;0;0;"Estimées";;;;;;;""
2020;4098;"38";"38109";"Chozeau";"2020-04-20 19:02:00";300;0;;300;;;300;0;0;0;"Estimées";;;;;;;""
2020;257;"88";"88373";"Raon-sur-Plaine";"2020-04-20 19:54:00";100;100;;0;;;0;0;0;0;"Estimées";;;;;;;""
2020;4097;"38";"38104";"Chimilin";"2020-04-20 21:03:00";500;0;;500;;;500;0;0;0;"Estimées";;;;;;;""
2020;208;"77";"77186";"Fontainebleau";"2020-04-21 15:15:00";2000;0;;2000;;;2000;0;0;0;"Mesurées";;;;;;;""
2020;215;"68";"68298";"Sainte-Marie-aux-Mines";"2020-04-22 08:15:00";600;0;;600;;;600;0;0;0;"Estimées";;;;;;;""
2020;259;"88";"88463";"Taintrux";"2020-04-22 13:10:00";1000;1000;;0;;;0;0;0;0;"Mesurées";;"Involontaire (particulier)";;;;;""
2020;4891;"72";"72027";"Beaumont-sur-Dême";"2020-04-22 16:40:00";100;100;;0;;;0;0;0;0;"Estimées";;;;;;;""
2020;262;"88";"88160";"Épinal";"2020-04-22 18:02:00";30;30;;0;;;0;0;0;0;"Estimées";;;;;;;""
2020;799;"74";"74186";"Montagny-les-Lanches";"2020-04-22 18:55:00";100;0;;100;;;100;0;0;0;"Estimées";;;;;;;""
2020;205;"39";"39393";"Onglières";"2020-04-22 21:19:00";30000;30000;;0;;;0;0;0;0;"Estimées";;"Involontaire (travaux)";;;;;""
2020;4890;"72";"72223";"Noyen-sur-Sarthe";"2020-04-23 14:46:00";1000;1000;;0;;;0;0;0;0;"Estimées";;;;;;;""
2020;1523;"89";"89134";"Cussy-les-Forges";"2020-04-23 15:22:00";500;0;;500;;;500;0;0;0;"Estimées";;;;;;;""
2020;3949;"74";"74257";"Sallenôves";"2020-04-23 16:12:00";500;0;;500;;;500;0;0;0;"Estimées";;"Involontaire (particulier)";;;;;""
2020;3604;"54";"54488";"Saint-Sauveur";"2020-04-23 17:08:00";110000;110000;;0;;;0;0;0;0;"Estimées";;;;;;;""
2020;3365;"39";"39503";"Sapois";"2020-04-23 19:53:00";40;0;;40;;;40;0;0;0;"Estimées";;;;;;;""
2020;266;"88";"88098";"Chaumousey";"2020-04-24 10:04:00";1;1;;0;;;0;0;0;0;"Estimées";;;;;;;""
2020;1307;"19";"19158";"Pandrignes";"2020-04-24 10:10:00";20;0;;20;;;20;0;0;0;"Estimées";;;;;;;""
2020;1308;"19";"19075";"Espagnac";"2020-04-24 10:13:00";1;0;;1;;;1;0;0;0;"Estimées";;;;;;;""
2020;1309;"19";"19272";"Tulle";"2020-04-24 11:55:00";1;0;;1;;;1;0;0;0;"Estimées";;;;;;;""
2020;12830;"83";"83124";"Seillans";"2020-04-24 13:29:00";1500;1500;;;;;;;;;;"4";"Involontaire (particulier)";;;;;""
2020;2973;"67";"67342";"Oberhaslach";"2020-04-24 14:49:00";3000;0;;3000;;;3000;0;0;0;"Estimées";;;;;;;""
2020;3584;"57";"57096";"Boulange";"2020-04-24 15:28:00";20000;20000;;0;;;0;0;0;0;"Estimées";;;;;;;""
2020;13040;"2A";"2A322";"Tasso";"2020-04-24 16:22:00";4000;;4000;;;;;;;;;"3";;;;;;""
2020;3710;"70";"70226";"Fallon";"2020-04-24 21:31:00";50;0;;50;;;50;0;0;0;"Estimées";;;;;;;""
2020;3720;"70";"70245";"Fougerolles-Saint-Valbert";"2020-04-25 12:14:00";500;0;;500;;;500;0;0;0;"Estimées";;;;;;;""
2020;2974;"67";"67436";"Saulxures";"2020-04-25 12:58:00";200;0;;200;;;200;0;0;0;"Estimées";;;;;;;""
2020;209;"55";"55360";"Mouilly";"2020-04-25 17:35:00";10000;10000;;0;;;0;0;0;0;"Estimées";;"Accidentelle";;;;;""
2020;3950;"74";"74273";"Sixt-Fer-à-Cheval";"2020-04-25 18:36:00";100;0;;100;;;100;0;0;0;"Estimées";;;;;;;""
2020;6017;"33";"33188";"Giscos";"2020-04-26 10:39:00";10;10;;0;;;0;;;0;;;;;;;;""
2020;12846;"2B";"2B050";"Calvi";"2020-04-26 11:51:00";2500;;;;;;;;;;;;;;;;;""
2020;6019;"33";"33188";"Giscos";"2020-04-26 19:05:00";99500;44750;;0;;;0;;;54750;;;;;;;;""
2020;273;"88";"88408";"Rupt-sur-Moselle";"2020-04-27 11:12:00";300;300;;0;;;0;0;0;0;"Estimées";;;;;;;""
2020;210;"77";"77244";"Larchant";"2020-04-28 07:42:00";50;0;;50;;;50;0;0;0;"Mesurées";;"Accidentelle";;;;;""
2020;14237;"11";"11264";"Névian";"2020-04-29 17:34:00";900;;;;;;;;;;;;;;;;;""
2020;4799;"41";"41018";"Blois";"2020-05-02 19:09:00";10;0;;10;;;10;0;0;0;"Estimées";;"Malveillance";;;;;""
2020;278;"88";"88415";"Saint-Étienne-lès-Remiremont";"2020-05-03 11:40:00";1;1;;0;;;0;0;0;0;"Estimées";;;;;;;""
2020;4800;"41";"41018";"Blois";"2020-05-04 22:55:00";100;0;;100;;;100;0;0;0;"Estimées";;"Malveillance";;;;;""
2020;13042;"2A";"2A065";"Cargèse";"2020-05-05 16:08:00";30;;;;;;;;;;;;"Involontaire (particulier)";;;;;""
2020;13045;"2A";"2A099";"Cozzano";"2020-05-06 16:40:00";100;;100;;;;;;;;;"1";"Involontaire (particulier)";;;;;""
2020;12908;"2B";"2B167";"Montegrosso";"2020-05-07 14:55:00";5000;;;;;;;;;;;;;;;;;""
2020;300;"88";"88253";"Jeuxey";"2020-05-07 18:30:00";5;5;;0;;;0;0;0;0;"Estimées";;;;;;;""
2020;4892;"72";"72314";"Saint-Pierre-du-Lorouër";"2020-05-07 19:41:00";20;20;;0;;;0;0;0;0;"Estimées";;;;;;;""
2020;2975;"67";"67218";"Illkirch-Graffenstaden";"2020-05-08 12:04:00";200;0;;200;;;200;0;0;0;"Estimées";;;;;;;""
2020;13046;"2A";"2A212";"Piana";"2020-05-08 13:35:00";30;;30;;;;;;;;;"1";"Involontaire (particulier)";;;;;""
2020;12918;"83";"83154";"Saint-Antonin-du-Var";"2020-05-08 14:43:00";1850;1850;;;;;;;;;;"4";"Involontaire (particulier)";;;;;""
2020;4100;"38";"38468";"Salaise-sur-Sanne";"2020-05-08 17:16:00";300;0;;300;;;300;0;0;0;"Estimées";;;;;;;""
2020;2976;"67";"67377";"Plaine";"2020-05-08 18:00:00";30000;0;;30000;;;30000;0;0;0;"Estimées";;;;;;;""
2020;217;"21";"21496";"Pontailler-sur-Saône";"2020-05-09 16:30:00";30;0;;30;;;30;0;0;0;"Mesurées";;;;;;;""
2020;476;"85";"85105";"Le Gué-de-Velluire";"2020-05-09 20:59:00";1;0;;1;;;1;0;0;0;"Estimées";;"Naturelle";;;;;""
2020;13047;"2A";"2A014";"Ambiegna";"2020-05-10 08:25:00";100;;100;;;;;;;;;;"Involontaire (travaux)";;;;;""
2020;13048;"2A";"2A198";"Ota";"2020-05-10 18:44:00";100;;100;;;;;;;;;;"Involontaire (particulier)";;;;;""
2020;3542;"68";"68078";"Eguisheim";"2020-05-10 21:18:00";2200;2200;;0;;;0;0;0;0;"Estimées";;;;;;;""
2020;3973;"90";"90102";"Vescemont";"2020-05-13 15:49:00";200;0;;200;;;200;0;0;0;"Estimées";;"Involontaire (particulier)";;;;;""
2020;309;"88";"88349";"Plainfaing";"2020-05-15 17:29:00";1;1;;0;;;0;0;0;0;"Estimées";;;;;;;""
2020;3951;"74";"74311";"Viuz-en-Sallaz";"2020-05-16 21:12:00";10;0;;10;;;10;0;0;0;"Estimées";;"Accidentelle";;;;;""
2020;306;"88";"88209";"Golbey";"2020-05-16 23:13:00";1;0;;1;;;1;0;0;0;"Estimées";;;;;;;""
2020;3015;"16";"16048";"Boisbreteau";"2020-05-17 12:26:00";100000;100000;;0;;;0;0;0;0;"Estimées";;;;;;;""
2020;4641;"61";"61050";"Cour-Maugis sur Huisne";"2020-05-17 19:04:00";500;500;;0;;;0;0;0;0;"Estimées";;;;;;;""
2020;6025;"33";"33122";"Cestas";"2020-05-19 09:08:00";10;10;;0;;;0;;;0;;;;;;;;""
2020;315;"88";"88040";"Bayecourt";"2020-05-19 09:56:00";1;1;;0;;;0;0;0;0;"Estimées";;;;;;;""
2020;3813;"70";"70459";"Saint-Barthélemy";"2020-05-19 11:02:00";2;0;;2;;;2;0;0;0;"Estimées";;"Involontaire (particulier)";;;;;""
2020;3798;"70";"70414";"Plancher-les-Mines";"2020-05-19 11:16:00";5000;0;;5000;;;5000;0;0;0;"Estimées";;;;;;;""
2020;12975;"34";"34328";"Vendémian";"2020-05-19 14:40:00";12191;;2191;;;;;;;10000;;"1";"Involontaire (travaux)";;;;;""
2020;4893;"72";"72299";"Saint-Mars-d'Outillé";"2020-05-19 16:44:00";30000;30000;;0;;;0;0;0;0;"Estimées";;;;;;;""
2020;6026;"33";"33011";"Arès";"2020-05-21 05:20:00";20000;20000;;0;;;0;;;0;;;;;;;;""
2020;319;"88";"88470";"Le Tholy";"2020-05-21 08:10:00";1;1;;0;;;0;0;0;0;"Estimées";;;;;;;""
2020;14238;"11";"11198";"Laure-Minervois";"2020-05-21 11:41:00";5762;;;;;;;;;;;;;;;;;""
2020;294;"35";"35253";"Saint-Aubin-du-Cormier";"2020-05-21 12:41:00";30000;0;;20000;;;20000;10000;0;10000;"Estimées";;;;;;;""
2020;3974;"90";"90081";"Réchésy";"2020-05-21 13:30:00";50;10;;40;;;40;0;0;0;"Estimées";;"Involontaire (particulier)";;;;;""
2020;2977;"67";"67368";"Ottrott";"2020-05-21 16:17:00";3000;3000;;0;;;0;0;0;0;"Estimées";;;;;;;""
2020;13319;"07";"07210";"Saint-Andéol-de-Vals";"2020-05-21 20:16:00";2000;;2000;;;;;;;;;"1";"Involontaire (particulier)";;;;;""
2020;318;"88";"88398";"Les Rouges-Eaux";"2020-05-22 07:58:00";3000;3000;;0;;;0;0;0;0;"Mesurées";;;;;;;""
2020;1388;"19";"19072";"Donzenac";"2020-05-22 10:17:00";1;0;;1;;;1;0;0;0;"Estimées";;;;;;;""
2020;1525;"89";"89080";"La Chapelle-sur-Oreuse";"2020-05-22 18:59:00";5000;5000;;0;;;0;0;0;0;"Mesurées";;;;;;;""
2020;13049;"2A";"2A308";"Sainte-Lucie-de-Tallano";"2020-05-23 19:21:00";400;;400;;;;;;;;;;"Involontaire (particulier)";;;;;""
2020;4909;"72";"72260";"Ruaudin";"2020-05-24 10:54:00";100;100;;0;;;0;0;0;0;"Estimées";;;;;;;""
2020;297;"77";"77186";"Fontainebleau";"2020-05-24 14:37:00";8;8;;0;;;0;0;0;0;"Mesurées";;"Involontaire (particulier)";;;;;""
2020;14239;"11";"11045";"Bouriège";"2020-05-24 16:26:00";300;;;;;;;;;;;;;;;;;""
2020;12974;"83";"83043";"Collobrières";"2020-05-24 22:36:00";160;160;;;;;;;;;;"3";"Malveillance";;;;;""
2020;16942;"13";"13056";"Martigues";"2020-05-25 14:06:00";200;200;;;;;;;;;;"1";"Malveillance";;;;;""
2020;15393;"48";"48039";"Chanac";"2020-05-25 15:23:00";60;;60;;;;;;;;;"1";"Involontaire (travaux)";;;;;""
2020;323;"88";"88369";"Ramonchamp";"2020-05-25 16:31:00";300;300;;0;;;0;0;0;0;"Estimées";;;;;;;""
2020;16943;"13";"13097";"Saint-Martin-de-Crau";"2020-05-25 22:17:00";12;12;;;;;;;;;;"1";"Accidentelle";;;;;""
2020;325;"88";"88167";"Faucompierre";"2020-05-26 01:22:00";1;1;;0;;;0;0;0;0;"Estimées";;;;;;;""
2020;16944;"13";"13032";"Éguilles";"2020-05-26 12:01:00";10;10;;;;;;;;;;"1";"Accidentelle";;;;;""
2020;13476;"2A";"2A017";"Appietto";"2020-05-26 15:11:00";100;;100;;;;;;;;;;"Involontaire (particulier)";;;;;""
2020;4642;"61";"61096";"Rives d'Andaine";"2020-05-26 15:12:00";500;500;;0;;;0;0;0;0;"Estimées";;;;;;;"Données partielles ou non valides"
2020;4911;"72";"72346";"La Suze-sur-Sarthe";"2020-05-26 15:25:00";600;600;;0;;;0;0;0;0;"Estimées";;;;;;;""
2020;586;"91";"91691";"Yerres";"2020-05-26 15:43:00";25000;0;;25000;;;25000;0;0;0;"Estimées";;;;;;;""
2020;12995;"2B";"2B289";"Soveria";"2020-05-26 18:49:00";50;;;;;;;;;;;;;;;;;""
2020;1060;"29";"29195";"Plouguerneau";"2020-05-26 19:36:00";2000;1500;;0;;;0;500;0;500;"Estimées";;;;;;;""
2020;5885;"40";"40330";"Villenave";"2020-05-27 07:17:00";14000;6000;;0;;;0;;;8000;;;"Accidentelle";;;;;""
2020;1390;"19";"19123";"Malemort";"2020-05-27 11:26:00";1;0;;1;;;1;0;0;0;"Estimées";;"Accidentelle";;;;;""
2020;492;"85";"85062";"Châteauneuf";"2020-05-27 14:44:00";500;0;;500;;;500;0;0;0;"Mesurées";;;;;;;""
2020;4894;"72";"72131";"Fercé-sur-Sarthe";"2020-05-27 16:02:00";4200;4200;;0;;;0;0;0;0;"Estimées";;;;;;;""
2020;4101;"38";"38353";"Saint-Alban-du-Rhône";"2020-05-27 17:29:00";500;0;;500;;;500;0;0;0;"Estimées";;;;;;;""
2020;298;"77";"77264";"Lumigny-Nesles-Ormeaux";"2020-05-27 17:29:00";10;0;;10;;;10;0;0;0;"Mesurées";;"Malveillance";;;;;""
2020;13477;"2A";"2A040";"Bocognano";"2020-05-27 17:32:00";6;;6;;;;;;;;;;;;;;;""
2020;4895;"72";"72253";"Roézé-sur-Sarthe";"2020-05-27 18:11:00";500;500;;0;;;0;0;0;0;"Estimées";;;;;;;""
2020;6032;"33";"33193";"Grayan-et-l'Hôpital";"2020-05-27 19:30:00";1500;1500;;0;;;0;;;0;;;;;;;;""
2020;495;"85";"85292";"Thouarsais-Bouildroux";"2020-05-27 21:18:00";300;0;;300;;;300;0;0;0;"Mesurées";;"Malveillance";;;;;""
2020;1062;"29";"29140";"Loperhet";"2020-05-28 02:41:00";1500;0;;750;;;750;750;0;750;"Estimées";;;;;;;""
2020;16946;"13";"13050";"Lambesc";"2020-05-29 04:17:00";200;200;;;;;;;;;;"1";"Involontaire (particulier)";;;;;""
2020;6037;"33";"33192";"Gradignan";"2020-05-29 12:17:00";20;20;;0;;;0;;;0;;;;;;;;""
2020;5193;"15";"15094";"Laroquebrou";"2020-05-29 13:36:00";50;0;;50;;;50;0;0;0;"Mesurées";;"Involontaire (travaux)";;;;;""
2020;4896;"72";"72293";"Saint-Jean-du-Bois";"2020-05-29 14:58:00";10000;10000;;0;;;0;0;0;0;"Estimées";;;;;;;""
2020;999;"46";"46202";"Montdoumerc";"2020-05-29 17:10:00";20000;0;;20000;;;20000;0;0;0;"Estimées";;;;;;;""
2020;3371;"39";"39214";"Esserval-Tartre";"2020-05-29 17:25:00";20;0;;20;;;20;0;0;0;"Estimées";;;;;;;""
2020;13086;"83";"83023";"Brignoles";"2020-05-29 21:37:00";2;2;;;;;;;;;;"4";"Involontaire (particulier)";;;;;""
2020;2978;"67";"67436";"Saulxures";"2020-05-30 11:52:00";300;0;;300;;;300;0;0;0;"Estimées";;;;;;;""
2020;4897;"72";"72299";"Saint-Mars-d'Outillé";"2020-05-30 13:40:00";5;5;;0;;;0;0;0;0;"Estimées";;;;;;;""
2020;6040;"33";"33011";"Arès";"2020-05-30 14:26:00";10;10;;0;;;0;;;0;;;;;;;;""
2020;332;"88";"88500";"Ventron";"2020-05-30 14:53:00";10000;10000;;0;;;0;0;0;0;"Estimées";;;;;;;""
2020;3375;"39";"39355";"Montigny-lès-Arsures";"2020-05-30 16:12:00";150;0;;150;;;150;0;0;0;"Estimées";;"Involontaire (particulier)";;;;;""
2020;395;"76";"76351";"Le Havre";"2020-05-30 17:09:00";300;0;;300;;;300;0;0;0;"Estimées";;;;;;;""
2020;13332;"07";"07163";"Montselgues";"2020-05-30 18:26:00";2000;;2000;;;;;;;;;"1";"Involontaire (particulier)";;;;;""
2020;871;"21";"21635";"Thoste";"2020-05-30 18:36:00";2000;2000;;0;;;0;0;0;0;"Estimées";;;;;;;""
2020;1886;"37";"37256";"Theneuil";"2020-05-30 19:48:00";50;0;;50;;;50;0;0;0;"Estimées";;;;;;;""
2020;5239;"24";"24026";"Bassillac et Auberoche";"2020-05-31 01:29:00";5000;5000;;0;;;0;;;0;;;;;;;;""
2020;13333;"07";"07088";"Faugères";"2020-05-31 10:04:00";100;;100;;;;;;;;;"2";"Accidentelle";;;;;""
2020;6043;"33";"33380";"Val-de-Livenne";"2020-05-31 10:22:00";2000;2000;;0;;;0;;;0;;;;;;;;""
2020;3681;"70";"70121";"Champey";"2020-05-31 11:48:00";50;0;;50;;;50;0;0;0;"Estimées";;;;;;;""
2020;3981;"90";"90010";"Belfort";"2020-05-31 12:59:00";15;15;;0;;;0;0;0;0;"Estimées";;;;;;;""
2020;6045;"33";"33300";"Naujac-sur-Mer";"2020-05-31 17:31:00";2000;2000;;0;;;0;;;0;;;;;;;;""
2020;6046;"33";"33236";"Lège-Cap-Ferret";"2020-05-31 21:05:00";10;10;;0;;;0;;;0;;;;;;;;""
2020;510;"85";"85011";"Barbâtre";"2020-05-31 22:11:00";1;0;;1;;;1;0;0;0;"Mesurées";;"Malveillance";;;;;""
2020;5082;"27";"27676";"Les Trois Lacs";"2020-06-01 14:52:00";10000;0;;10000;;;10000;0;0;0;"Estimées";;;;;;;""
2020;5981;"33";"33199";"Gujan-Mestras";"2020-06-01 15:10:00";200;200;;0;;;0;0;0;0;"Mesurées";;"Naturelle";;;;;""
2020;1653;"19";"19023";"Beynat";"2020-06-01 15:35:00";50;0;;50;;;50;0;0;0;"Estimées";;"Accidentelle";;;;;""
2020;5886;"40";"40056";"Brocas";"2020-06-01 15:51:00";2000;2000;;0;;;0;;;0;;;"Naturelle";;;;;""
2020;5980;"33";"33199";"Gujan-Mestras";"2020-06-01 16:16:00";1000;1000;;0;;;0;0;0;0;"Mesurées";;"Naturelle";;;;;""
2020;1145;"29";"29171";"Plomeur";"2020-06-01 17:08:00";1500;0;;1500;;;1500;0;0;0;"Estimées";;;;;;;""
2020;12156;"41";"41282";"Villeherviers";"2020-06-01 17:42:00";30;0;;30;;;30;0;0;0;"Estimées";;;;;;;""
2020;1340;"77";"77186";"Fontainebleau";"2020-06-01 17:59:00";1;0;;1;;;1;0;0;0;"Mesurées";;"Involontaire (particulier)";;;;;""
2020;5348;"47";"47185";"Montayral";"2020-06-01 20:35:00";150;150;;0;;;0;;;0;;;;;;;;""
2020;5887;"40";"40157";"Lit-et-Mixe";"2020-06-01 21:38:00";100;100;;0;;;0;;;0;;;;;;;;""
2020;5564;"64";"64256";"Hasparren";"2020-06-01 22:29:00";20;0;;20;;;20;;;0;;;"Malveillance";;;;;""
2020;14240;"11";"11069";"Carcassonne";"2020-06-02 00:34:00";10;;;;;;;;;;;;;;;;;""
2020;4898;"72";"72346";"La Suze-sur-Sarthe";"2020-06-02 03:54:00";800;800;;0;;;0;0;0;0;"Estimées";;;;;;;""
2020;1341;"77";"77520";"Villiers-sous-Grez";"2020-06-02 09:37:00";2000;2000;;0;;;0;0;0;0;"Mesurées";;;;;;;""
2020;4899;"72";"72047";"Brette-les-Pins";"2020-06-02 10:26:00";10;10;;0;;;0;0;0;0;"Estimées";;;;;;;""
2020;16947;"13";"13092";"Saint-Chamas";"2020-06-02 11:16:00";200;200;;;;;;;;;;"1";;;;;;""
2020;3686;"70";"70132";"Chargey-lès-Gray";"2020-06-02 11:33:00";10;0;;10;;;10;0;0;0;"Estimées";;;;;;;""
2020;518;"85";"85136";"Marillet";"2020-06-02 13:30:00";150;150;;0;;;0;0;0;0;"Estimées";;;;;;;""
2020;1343;"77";"77186";"Fontainebleau";"2020-06-02 15:43:00";1;0;;1;;;1;0;0;0;"Mesurées";;"Involontaire (particulier)";;;;;""
2020;1896;"37";"37093";"Crouzilles";"2020-06-02 17:01:00";5000;0;;5000;;;5000;0;0;0;"Estimées";;;;;;;""
2020;6049;"33";"33022";"Avensan";"2020-06-02 18:33:00";2000;2000;;0;;;0;;;0;;;;;;;;""
2020;587;"91";"91405";"Milly-la-Forêt";"2020-06-02 18:52:00";10000;0;;10000;;;10000;0;0;0;"Estimées";;;;;;;""
2020;1144;"29";"29174";"Plonéour-Lanvern";"2020-06-02 23:47:00";200;0;;200;;;200;0;0;0;"Estimées";;;;;;;""
2020;14241;"11";"11077";"Castelnau-d'Aude";"2020-06-03 07:21:00";10;;;;;;;;;;;;;;;;;""
2020;5888;"40";"40163";"Lüe";"2020-06-03 10:37:00";3000;2700;;0;;;0;;;300;;;;;;;;""
2020;4900;"72";"72346";"La Suze-sur-Sarthe";"2020-06-03 10:48:00";2000;2000;;0;;;0;0;0;0;"Estimées";;;;;;;""
2020;14242;"11";"11421";"Villedaigne";"2020-06-03 13:34:00";500;;;;;;;;;;;;;;;;;""
2020;875;"21";"21109";"Brion-sur-Ource";"2020-06-03 15:20:00";500;0;;500;;;500;0;0;0;"Estimées";;;;;;;""
2020;15395;"48";"48148";"Saint-Étienne-Vallée-Française";"2020-06-03 18:47:00";400;;400;;;;;;;;;"1";"Naturelle";;;;;""
2020;12160;"41";"41295";"Vineuil";"2020-06-04 06:47:00";15;0;;15;;;15;0;0;0;"Estimées";;;;;;;""
2020;5889;"40";"40114";"Gourbera";"2020-06-04 12:25:00";4;4;;0;;;0;;;0;;;"Naturelle";;;;;""
2020;12161;"41";"41059";"Le Controis-en-Sologne";"2020-06-04 16:01:00";5;0;;5;;;5;0;0;0;"Estimées";;;;;;;""
2020;13135;"2B";"2B185";"Oletta";"2020-06-04 19:11:00";3500;;;;;;;;;;;;;;;;;""
2020;4901;"72";"72213";"Mulsanne";"2020-06-04 19:45:00";200;200;;0;;;0;0;0;0;"Estimées";;;;;;;""
2020;13136;"2B";"2B002";"Aghione";"2020-06-05 14:39:00";898200;677900;210900;;;;;;;9400;;"3";"Malveillance";;;;;""
2020;4904;"72";"72213";"Mulsanne";"2020-06-05 17:54:00";300;300;;0;;;0;0;0;0;"Estimées";;;;;;;""
2020;13153;"05";"05128";"Saint-André-d'Embrun";"2020-06-06 18:00:00";500;;;;;;;;;;;;"Involontaire (travaux)";;;;;""
2020;4903;"72";"72346";"La Suze-sur-Sarthe";"2020-06-06 19:49:00";300;300;;0;;;0;0;0;0;"Estimées";;;;;;;""
2020;16948;"13";"13077";"Port-de-Bouc";"2020-06-07 01:56:00";142;142;;;;;;;;;;"1";"Accidentelle";;;;;""
2020;4906;"72";"72346";"La Suze-sur-Sarthe";"2020-06-07 16:30:00";2000;2000;;0;;;0;0;0;0;"Estimées";;;;;;;""
2020;568;"85";"85205";"Saint-Cyr-des-Gâts";"2020-06-07 18:04:00";5;5;;0;;;0;0;0;0;"Mesurées";;"Malveillance";;;;;""
2020;4907;"72";"72096";"Coulans-sur-Gée";"2020-06-07 19:38:00";8000;8000;;0;;;0;0;0;0;"Estimées";;;;;;;""
2020;4908;"72";"72267";"Saint-Aubin-des-Coudrais";"2020-06-07 22:01:00";20;20;;0;;;0;0;0;0;"Estimées";;;;;;;""
2020;16163;"66";"66164";"Rivesaltes";"2020-06-08 12:43:00";7000;;7000;;;;;;;;;"1";"Malveillance";;;;;""
2020;590;"85";"85226";"Saint-Hilaire-de-Riez";"2020-06-09 06:43:00";1;0;;1;;;1;0;0;0;"Mesurées";;"Malveillance";;;;;""
2020;13181;"2B";"2B123";"Ghisonaccia";"2020-06-09 18:33:00";2000;;;;;;;;;;;;;;;;;""
2020;4902;"72";"72096";"Coulans-sur-Gée";"2020-06-09 20:52:00";2000;2000;;0;;;0;0;0;0;"Estimées";;;;;;;""
2020;14243;"11";"11295";"Portel-des-Corbières";"2020-06-10 10:49:00";6858;;;;;;;;;;;;;;;;;""
2020;13479;"2A";"2A090";"Coggia";"2020-06-10 12:41:00";13740;;10000;;;;;;;3740;;"1";"Involontaire (particulier)";;;;;""
2020;18651;"11";"11198";"Laure-Minervois";"2020-06-10 15:26:00";60;;;;;;;;;;;;;;;;;""
2020;13864;"13";"13056";"Martigues";"2020-06-10 16:50:00";1000;;1000;;;;;;;;;"1";"Malveillance";;;;;""
2020;16949;"13";"13103";"Salon-de-Provence";"2020-06-10 18:03:00";20;20;;;;;;;;;;"1";"Malveillance";;;;;""
2020;4905;"72";"72025";"Bazouges Cré sur Loir";"2020-06-10 19:10:00";5;5;;0;;;0;0;0;0;"Estimées";;;;;;;""
2020;16950;"13";"13103";"Salon-de-Provence";"2020-06-11 04:45:00";10;10;;;;;;;;;;"1";"Involontaire (particulier)";;;;;""
2020;1344;"77";"77186";"Fontainebleau";"2020-06-11 15:13:00";1300;1300;;0;;;0;0;0;0;"Mesurées";;;;;;;""
2020;13182;"2B";"2B050";"Calvi";"2020-06-12 15:05:00";600;;;;;;;;;;;;;;;;;""
2020;16173;"66";"66164";"Rivesaltes";"2020-06-12 16:37:00";10000;;10000;;;;;;;;;"1";"Accidentelle";;;;;""
2020;13183;"2B";"2B049";"Calenzana";"2020-06-12 16:47:00";400;;;;;;;;;;;;;;;;;""
2020;16177;"66";"66164";"Rivesaltes";"2020-06-12 17:10:00";2500;;2500;;;;;;;;;"1";"Accidentelle";;;;;""
2020;14244;"11";"11069";"Carcassonne";"2020-06-12 17:34:00";5;;;;;;;;;;;;;;;;;""
2020;13184;"2B";"2B352";"Ville-di-Paraso";"2020-06-13 12:13:00";500;;;;;;;;;;;;;;;;;""
2020;14245;"11";"11379";"Sigean";"2020-06-13 22:27:00";300;;;;;;;;;;;;;;;;;""
2020;14246;"11";"11170";"Gruissan";"2020-06-14 12:31:00";585;;;;;;;;;;;;;;;;;""
2020;13485;"2A";"2A348";"Vico";"2020-06-14 17:00:00";475;;475;;;;;;;;;;"Involontaire (particulier)";;;;;""
2020;6056;"33";"33377";"Saint-Avit-de-Soulège";"2020-06-14 22:55:00";200;200;;0;;;0;;;0;;;;;;;;""
2020;14249;"11";"11296";"Pouzols-Minervois";"2020-06-15 06:13:00";12929;;;;;;;;;;;;;;;;;""
2020;13883;"13";"13056";"Martigues";"2020-06-15 13:37:00";210;210;;;;;;;;;;"1";"Malveillance";;;;;""
2020;16183;"66";"66058";"Corneilla-la-Rivière";"2020-06-15 15:11:00";5000;2500;2500;;;;;;;;;"2";"Involontaire (travaux)";;;;;""
2020;13498;"2A";"2A272";"Sartène";"2020-06-15 17:30:00";20;;20;;;;;;;;;;;;;;;""
2020;2137;"17";"17241";"Montguyon";"2020-06-15 17:51:00";300;300;;0;;;0;0;0;0;"Estimées";;"Involontaire (travaux)";;;;;""
2020;13268;"84";"84091";"Piolenc";"2020-06-15 18:02:00";2600;2600;;;;;;;;;;"4";"Involontaire (particulier)";;;;;""
2020;1345;"77";"77186";"Fontainebleau";"2020-06-16 09:42:00";1;0;;1;;;1;0;0;0;"Mesurées";;"Involontaire (particulier)";;;;;""
2020;392;"76";"76319";"Grand-Couronne";"2020-06-16 16:34:00";25;0;;25;;;25;0;0;0;"Estimées";;;;;;;""
2020;13504;"2A";"2A279";"Serriera";"2020-06-16 20:59:00";300;;300;;;;;;;;;"1";"Accidentelle";;;;;""
2020;13262;"83";"83048";"La Croix-Valmer";"2020-06-17 12:03:00";50;50;;;;;;;;;;"5";"Involontaire (travaux)";;;;;""
2020;15826;"34";"34142";"Lodève";"2020-06-17 14:30:00";2008;2008;;;;;;;;;;"4";"Involontaire (particulier)";;;;;""
2020;14265;"11";"11132";"Fabrezan";"2020-06-17 15:09:00";17000;;;;;;;;;;;;;;;;;""
2020;16951;"13";"13071";"Les Pennes-Mirabeau";"2020-06-17 19:50:00";500;500;;;;;;;;;;"1";"Involontaire (particulier)";;;;;""
2020;14204;"34";"34268";"Saint-Jean-de-la-Blaquière";"2020-06-17 21:42:00";463;;463;;;;;;;;;"1";"Malveillance";;;;;""
2020;16952;"13";"13092";"Saint-Chamas";"2020-06-18 15:28:00";300;300;;;;;;;;;;"1";;;;;;""
2020;12173;"41";"41185";"Pruniers-en-Sologne";"2020-06-18 15:31:00";5;0;;5;;;5;0;0;0;"Estimées";;;;;;;""
2020;14209;"34";"34070";"Cébazan";"2020-06-18 17:44:00";73;;73;;;;;;;;;"1";;;;;;""
2020;13261;"2B";"2B083";"Castirla";"2020-06-19 00:59:00";2000;;;;;;;;;;;;;;;;;""
2020;15887;"2A";"2A288";"Sotta";"2020-06-19 12:14:00";80;;80;;;;;;;;;"1";"Involontaire (particulier)";;;;;""
2020;13956;"2A";"2A085";"Cauro";"2020-06-19 16:00:00";300;;300;;;;;;;;;;"Involontaire (particulier)";;;;;""
2020;13957;"2A";"2A017";"Appietto";"2020-06-19 17:00:00";1000;;1000;;;;;;;;;;"Involontaire (travaux)";;;;;""
2020;14206;"34";"34121";"Joncels";"2020-06-19 18:39:00";236;;236;;;;;;;;;"1";"Accidentelle";;;;;""
2020;1527;"89";"89111";"Les Clérimois";"2020-06-20 00:00:00";1500;1500;;0;;;0;0;0;0;"Estimées";;;;;;;""
2020;15891;"2A";"2A247";"Porto-Vecchio";"2020-06-20 12:27:00";500;;500;;;;;;;;;;"Accidentelle";;;;;""
2020;13266;"83";"83033";"Carnoules";"2020-06-20 14:16:00";3000;3000;;;;;;;;;;"4";"Involontaire (particulier)";;;;;""
2020;5890;"40";"40184";"Mimizan";"2020-06-20 14:44:00";100;50;;0;;;0;;;50;;;"Involontaire (particulier)";;;;;""
2020;14266;"11";"11379";"Sigean";"2020-06-20 16:31:00";3900;;;;;;;;;;;;;;;;;""
2020;14267;"11";"11041";"Bize-Minervois";"2020-06-21 02:30:00";4220;;;;;;;;;;;;;;;;;""
2020;14203;"34";"34157";"Mèze";"2020-06-21 03:20:00";740;;740;;;;;;;;;"1";;;;;;""
2020;13958;"2A";"2A363";"Zoza";"2020-06-21 15:30:00";100;;100;;;;;;;;;;"Involontaire (particulier)";;;;;""
2020;1422;"77";"77060";"Buthiers";"2020-06-21 15:51:00";33;0;;33;;;33;0;0;0;"Estimées";;"Involontaire (particulier)";;;;;""
2020;14268;"11";"11170";"Gruissan";"2020-06-21 16:54:00";200;;;;;;;;;;;;;;;;;""
2020;1902;"37";"37122";"Joué-lès-Tours";"2020-06-21 18:22:00";10;0;;10;;;10;0;0;0;"Estimées";;;;;;;""
2020;6058;"33";"33237";"Léogeats";"2020-06-21 20:51:00";30;30;;0;;;0;;;0;;;;;;;;""
2020;16107;"30";"30223";"Rousson";"2020-06-22 10:04:00";18969;;;;;;;;;;;;;;;;;""
2020;16954;"13";"13015";"Bouc-Bel-Air";"2020-06-22 11:45:00";5;5;;;;;;;;;;"1";"Involontaire (particulier)";;;;;""
2020;16953;"13";"13117";"Vitrolles";"2020-06-22 12:21:00";10;10;;;;;;;;;;"1";"Involontaire (particulier)";;;;;""
2020;14269;"11";"11144";"Fitou";"2020-06-22 13:08:00";2;;;;;;;;;;;;;;;;;""
2020;13380;"06";"06029";"Cannes";"2020-06-22 13:22:00";1000;;1000;;;;;;;;;"1";"Involontaire (travaux)";;;;;""
2020;13959;"2A";"2A139";"Lecci";"2020-06-22 14:03:00";3000;;1000;;;;;;;2000;;;"Involontaire (particulier)";;;;;""
2020;359;"88";"88035";"Barbey-Seroux";"2020-06-22 15:36:00";1000;1000;;0;;;0;0;0;0;"Estimées";;;;;;;""
2020;5891;"40";"40046";"Biscarrosse";"2020-06-22 16:10:00";20;20;;0;;;0;;;0;;;;;;;;""
2020;13960;"2A";"2A212";"Piana";"2020-06-22 17:32:00";215;;215;;;;;;;;;"5";"Involontaire (particulier)";;;;;""
2020;4910;"72";"72309";"Saint-Paul-le-Gaultier";"2020-06-22 19:04:00";500;500;;0;;;0;0;0;0;"Estimées";;;;;;;""
2020;5892;"40";"40326";"Vielle-Saint-Girons";"2020-06-22 20:40:00";10;10;;0;;;0;;;0;;;;;;;;""
2020;362;"88";"88413";"Saint-Dié-des-Vosges";"2020-06-22 21:29:00";2;2;;0;;;0;0;0;0;"Estimées";;;;;;;""
2020;12176;"41";"41194";"Romorantin-Lanthenay";"2020-06-23 02:48:00";20;0;;20;;;20;0;0;0;"Estimées";;;;;;;""
2020;13307;"2B";"2B188";"Olmeta-di-Tuda";"2020-06-23 10:22:00";20000;;;;;;;;;;;;;;;;;""
2020;13308;"2B";"2B002";"Aghione";"2020-06-23 11:33:00";1000;5;;;;;;;;995;;"1";"Involontaire (travaux)";;;;;""
2020;1426;"77";"77186";"Fontainebleau";"2020-06-23 13:01:00";650;650;;0;;;0;0;0;0;"Mesurées";;;;;;;""
2020;1790;"28";"28053";"Le Boullay-les-Deux-Églises";"2020-06-23 13:25:00";20000;0;;5000;;;5000;15000;0;15000;"Estimées";;;;;;;""
2020;14271;"11";"11170";"Gruissan";"2020-06-23 13:32:00";400;;;;;;;;;;;;;;;;;""
2020;4925;"72";"72165";"Lombron";"2020-06-23 14:41:00";1000;1000;;0;;;0;0;0;0;"Estimées";;;;;;;""
2020;1530;"89";"89309";"Pont-sur-Yonne";"2020-06-23 14:54:00";5000;0;;5000;;;5000;0;0;0;"Estimées";;;;;;;""
2020;2431;"87";"87160";"Saint-Léger-Magnazeix";"2020-06-23 17:26:00";10000;0;;10000;;;10000;0;0;0;"Mesurées";;;;;;;""
2020;5895;"40";"40152";"Lesperon";"2020-06-23 18:39:00";100;100;;0;;;0;;;0;;;;;;;;""
2020;588;"91";"91692";"Les Ulis";"2020-06-23 19:05:00";2000;2000;;0;;;0;0;0;0;"Estimées";;;;;;;""
2020;16958;"13";"13108";"Tarascon";"2020-06-24 04:33:00";10;10;;;;;;;;;;"1";"Accidentelle";;;;;""
2020;13961;"2A";"2A118";"Fozzano";"2020-06-24 07:40:00";200;;200;;;;;;;;;;"Involontaire (particulier)";;;;;""
2020;4104;"38";"38376";"Saint-Christophe-sur-Guiers";"2020-06-24 11:15:00";300;0;;300;;;300;0;0;0;"Estimées";;;;;;;""
2020;16957;"13";"13024";"Charleval";"2020-06-24 12:56:00";2;2;;;;;;;;;;"1";"Involontaire (particulier)";;;;;""
2020;13962;"2A";"2A345";"Vero";"2020-06-24 13:29:00";1;;1;;;;;;;;;;"Involontaire (particulier)";;;;;""
2020;16959;"13";"13044";"Grans";"2020-06-24 13:46:00";30;30;;;;;;;;;;"1";;;;;;""
2020;1281;"63";"63320";"Saint-Avit";"2020-06-24 15:00:00";845;845;;0;;;0;0;0;0;"Mesurées";;;;;;;""
2020;381;"02";"02477";"Mercin-et-Vaux";"2020-06-24 15:22:00";40000;0;;40000;;;40000;0;0;0;"Estimées";;"Involontaire (travaux)";;;;;""
2020;13345;"07";"07203";"Sagnes-et-Goudoulet";"2020-06-24 15:40:00";10000;;10000;;;;;;;;;"1";;;;;;""
2020;16960;"13";"13032";"Éguilles";"2020-06-24 15:41:00";2000;2000;;;;;;;;;;"1";"Accidentelle";;;;;""
2020;363;"88";"88413";"Saint-Dié-des-Vosges";"2020-06-24 16:03:00";10;0;;10;;;10;0;0;0;"Estimées";;;;;;;""
2020;6065;"33";"33380";"Val-de-Livenne";"2020-06-24 17:42:00";3000;3000;;0;;;0;;;0;;;;;;;;""
2020;386;"02";"02810";"Villers-Cotterêts";"2020-06-24 17:50:00";10000;10000;;0;;;0;0;0;0;"Estimées";;;;;;;""
2020;16955;"13";"13103";"Salon-de-Provence";"2020-06-24 20:02:00";40;40;;;;;;;;;;"1";"Malveillance";;;;;""
2020;14962;"11";"11308";"Raissac-sur-Lampy";"2020-06-25 05:20:00";300;;;;;;;;;;;;;;;;;""
2020;1428;"77";"77186";"Fontainebleau";"2020-06-25 09:37:00";1;0;;1;;;1;0;0;0;"Mesurées";;;;;;;""
2020;16961;"13";"13080";"Le Puy-Sainte-Réparade";"2020-06-25 12:39:00";150;150;;;;;;;;;;"1";"Involontaire (particulier)";;;;;""
2020;390;"76";"76634";"Saint-Pierre-de-Manneville";"2020-06-25 13:34:00";20000;0;;20000;;;20000;0;0;0;"Estimées";;;;;;;""
2020;13313;"2B";"2B239";"Poggio-d'Oletta";"2020-06-25 14:54:00";15000;;;;;;;;;;;;;;;;;""
2020;5899;"40";"40215";"Ousse-Suzan";"2020-06-25 16:46:00";2000;2000;;0;;;0;;;0;;;"Malveillance";;;;;""
2020;12185;"41";"41137";"Mesland";"2020-06-25 18:16:00";3000;3000;;0;;;0;0;0;0;"Estimées";;;;;;;""
2020;1392;"19";"19289";"Yssandon";"2020-06-26 01:24:00";1;1;;0;;;0;0;0;0;"Estimées";;;;;;;""
2020;16963;"13";"13062";"Mimet";"2020-06-26 08:11:00";20;20;;;;;;;;;;"1";"Accidentelle";;;;;""
2020;13860;"13";"13077";"Port-de-Bouc";"2020-06-26 11:25:00";62000;11000;19000;;;;;;;32000;;"1";"Involontaire (travaux)";;;;;""
2020;14125;"26";"26033";"La Baume-de-Transit";"2020-06-26 12:08:00";10400;3700;;;;;;;;6700;;"3";"Involontaire (particulier)";;;;;""
2020;13967;"2A";"2A006";"Alata";"2020-06-26 14:04:00";2500;;2000;;;;;;;500;;"1";"Involontaire (travaux)";;;;;""
2020;1678;"28";"28012";"Commune nouvelle d'Arrou";"2020-06-26 14:12:00";190000;0;;40000;;;40000;150000;0;150000;"Estimées";;;;;;;""
2020;12189;"41";"41275";"La Ville-aux-Clercs";"2020-06-26 15:52:00";40;0;;40;;;40;0;0;0;"Estimées";;;;;;;""
2020;14272;"11";"11122";"Douzens";"2020-06-26 15:58:00";50;;;;;;;;;;;;;;;;;""
2020;16962;"13";"13071";"Les Pennes-Mirabeau";"2020-06-26 16:39:00";20;20;;;;;;;;;;"1";"Involontaire (particulier)";;;;;""
2020;13863;"13";"13079";"Puyloubier";"2020-06-26 19:17:00";1500;1500;;;;;;;;;;"1";"Involontaire (particulier)";;;;;""
2020;12192;"41";"41149";"Montoire-sur-le-Loir";"2020-06-26 19:22:00";2;0;;2;;;2;0;0;0;"Estimées";;;;;;;""
2020;6067;"33";"33380";"Val-de-Livenne";"2020-06-26 20:20:00";300;300;;0;;;0;;;0;;;;;;;;""
2020;13315;"2B";"2B078";"Castellare-di-Mercurio";"2020-06-27 07:51:00";150;;;;;;;;;;;;;;;;;""
2020;4106;"38";"38003";"Agnin";"2020-06-27 12:56:00";500;0;;500;;;500;0;0;0;"Estimées";;;;;;;""
2020;3984;"90";"90081";"Réchésy";"2020-06-27 16:38:00";50;0;;50;;;50;0;0;0;"Estimées";;"Involontaire (travaux)";;;;;""
2020;12193;"41";"41194";"Romorantin-Lanthenay";"2020-06-27 16:45:00";80;0;;80;;;80;0;0;0;"Estimées";;;;;;;""
2020;3691;"70";"70165";"Combeaufontaine";"2020-06-27 18:10:00";100;0;;100;;;100;0;0;0;"Estimées";;;;;;;""
2020;15398;"48";"48039";"Chanac";"2020-06-27 22:58:00";150;;150;;;;;;;;;"1";"Involontaire (particulier)";;;;;""
2020;14273;"11";"11143";"Feuilla";"2020-06-27 22:58:00";10;;;;;;;;;;;;;;;;;""
2020;16965;"13";"13001";"Aix-en-Provence";"2020-06-28 00:18:00";5;5;;;;;;;;;;"1";"Involontaire (particulier)";;;;;""
2020;15189;"13";"13048";"Jouques";"2020-06-28 02:32:00";50;50;;;;;;;;;;"1";"Malveillance";;;;;""
2020;14456;"34";"34268";"Saint-Jean-de-la-Blaquière";"2020-06-28 11:23:00";7478;;7478;;;;;;;;;"1";"Malveillance";;;;;""
2020;13320;"2B";"2B058";"Canari";"2020-06-28 12:04:00";4000;4000;;;;;;;;;;"2";"Malveillance";;;;;""
2020;14274;"11";"11129";"Espéraza";"2020-06-28 16:07:00";3000;;;;;;;;;;;;;;;;;""
2020;1793;"28";"28323";"Saint-Ange-et-Torçay";"2020-06-28 16:15:00";50000;0;;50000;;;50000;0;0;0;"Estimées";;;;;;;""
2020;5900;"40";"40123";"Herm";"2020-06-28 16:16:00";1200;1200;;0;;;0;;;0;;;"Involontaire (particulier)";;;;;""
2020;16964;"13";"13022";"Cassis";"2020-06-28 20:55:00";5;5;;;;;;;;;;"1";;;;;;""
2020;16968;"13";"13035";"Eyguières";"2020-06-29 00:06:00";20;20;;;;;;;;;;"1";;;;;;""
2020;16970;"13";"13042";"Gémenos";"2020-06-29 13:33:00";200;200;;;;;;;;;;"1";"Involontaire (travaux)";;;;;""
2020;5901;"40";"40311";"Taller";"2020-06-29 14:59:00";1600;1600;;0;;;0;;;0;;;;;;;;""
2020;15191;"13";"13088";"Le Rove";"2020-06-29 15:04:00";20;20;;;;;;;;;;"1";"Involontaire (particulier)";;;;;""
2020;14275;"11";"11152";"Fontjoncouse";"2020-06-29 15:47:00";10;;;;;;;;;;;;;;;;;""
2020;4921;"72";"72181";"Le Mans";"2020-06-29 16:17:00";200;200;;0;;;0;0;0;0;"Estimées";;;;;;;""
2020;16972;"13";"13039";"Fos-sur-Mer";"2020-06-29 16:51:00";300;300;;;;;;;;;;"1";"Malveillance";;;;;""
2020;16969;"13";"13051";"Lançon-Provence";"2020-06-29 18:12:00";3000;3000;;;;;;;;;;"1";"Involontaire (particulier)";;;;;""
2020;15190;"13";"13056";"Martigues";"2020-06-29 23:12:00";100;100;;;;;;;;;;"1";"Malveillance";;;;;""
2020;16971;"13";"13056";"Martigues";"2020-06-29 23:12:00";100;100;;;;;;;;;;"1";"Malveillance";;;;;""
2020;16966;"13";"13041";"Gardanne";"2020-06-29 23:35:00";600;600;;;;;;;;;;"1";"Accidentelle";;;;;""
2020;16973;"13";"13056";"Martigues";"2020-06-30 04:19:00";50;50;;;;;;;;;;"1";"Accidentelle";;;;;""
2020;13381;"2B";"2B143";"Linguizzetta";"2020-06-30 12:58:00";15000;500;;;;;;;;14500;;"2";;;;;;""
2020;14963;"11";"11233";"Mirepeisset";"2020-06-30 15:24:00";50;;;;;;;;;;;;;;;;;""
2020;14061;"2A";"2A211";"Petreto-Bicchisano";"2020-07-01 11:22:00";40;;40;;;;;;;;;"1";;;;;;""
2020;3532;"10";"10375";"Thennelières";"2020-07-01 17:01:00";1000;0;;1000;;;1000;0;0;0;"Estimées";;;;;;;""
2020;12198;"41";"41175";"Pezou";"2020-07-01 17:40:00";20;0;;20;;;20;0;0;0;"Estimées";;;;;;;""
2020;13409;"04";"04001";"Aiglun";"2020-07-01 18:31:00";2000;;;;;;;;;;;;"Accidentelle";;;;;""
2020;16977;"13";"13005";"Aubagne";"2020-07-01 19:42:00";50;50;;;;;;;;;;"1";;;;;;""
2020;14063;"2A";"2A362";"Zonza";"2020-07-02 10:13:00";1;;1;;;;;;;;;;"Involontaire (particulier)";;;;;""
2020;12199;"41";"41194";"Romorantin-Lanthenay";"2020-07-02 11:26:00";10;0;;10;;;10;0;0;0;"Estimées";;;;;;;""
2020;13420;"04";"04053";"Châteauneuf-Val-Saint-Donat";"2020-07-02 15:35:00";10;10;;;;;;;;;;;"Naturelle";;;;;""
2020;14276;"11";"11441";"Vinassan";"2020-07-02 15:39:00";50;;;;;;;;;;;;;;;;;""
2020;12200;"41";"41028";"Busloup";"2020-07-02 16:26:00";40;0;;40;;;40;0;0;0;"Estimées";;;;;;;""
2020;885;"21";"21017";"Arcenant";"2020-07-02 19:58:00";34650;34650;;0;;;0;0;0;0;"Mesurées";;;;;;;""
2020;1888;"61";"61491";"Tourouvre au Perche";"2020-07-02 22:45:00";20;20;;0;;;0;0;0;0;"Estimées";;;;;;;""
2020;4652;"61";"61491";"Tourouvre au Perche";"2020-07-02 22:53:00";20;20;;0;;;0;0;0;0;"Estimées";;;;;;;""
2020;15192;"13";"13004";"Arles";"2020-07-03 09:27:00";80;80;;;;;;;;;;"1";"Malveillance";;;;;""
2020;6076;"33";"33236";"Lège-Cap-Ferret";"2020-07-03 10:17:00";50;50;;0;;;0;;;0;;;;;;;;""
2020;13582;"34";"34267";"Saint-Jean-de-Fos";"2020-07-03 10:26:00";23931;;23931;;;;;;;;;"1";"Involontaire (travaux)";;;;;""
2020;13894;"06";"06053";"Daluis";"2020-07-03 11:06:00";13000;;;;;;;;;;;"5";"Naturelle";;;;;""
2020;13463;"07";"07134";"Laurac-en-Vivarais";"2020-07-03 12:43:00";10000;10000;;;;;;;;;;"4";"Naturelle";;;;;""
2020;16375;"13";"13005";"Aubagne";"2020-07-03 14:26:00";20;20;;;;;;;;;;"1";"Involontaire (particulier)";;;;;""
2020;4279;"79";"79252";"Saint-Généroux";"2020-07-03 16:48:00";40000;2000;;0;;;0;0;38000;38000;"Estimées";;"Involontaire (travaux)";;;;;""
2020;1532;"89";"89309";"Pont-sur-Yonne";"2020-07-03 19:10:00";20;0;;20;;;20;0;0;0;"Estimées";;;;;;;""
2020;2979;"67";"67087";"Dauendorf";"2020-07-03 23:14:00";150;0;;150;;;150;0;0;0;"Estimées";;;;;;;""
2020;2139;"17";"17118";"Corignac";"2020-07-04 02:21:00";8000;8000;;0;;;0;0;0;0;"Mesurées";;;;;;;""
2020;14066;"2A";"2A247";"Porto-Vecchio";"2020-07-04 09:41:00";100;;100;;;;;;;;;"4";;;;;;""
2020;1471;"77";"77186";"Fontainebleau";"2020-07-04 12:04:00";1;1;;0;;;0;0;0;0;"Mesurées";;"Involontaire (particulier)";;;;;""
2020;14201;"34";"34058";"Castries";"2020-07-04 12:36:00";99;;99;;;;;;;;;"1";"Involontaire (travaux)";;;;;""
2020;17447;"66";"66017";"Le Barcarès";"2020-07-04 13:25:00";100000;;100000;;;;;;;;;"1";"Malveillance";;;;;""
2020;16979;"13";"13005";"Aubagne";"2020-07-04 13:30:00";150;150;;;;;;;;;;"1";;;;;;""
2020;2980;"67";"67180";"Haguenau";"2020-07-04 13:53:00";25000;25000;;0;;;0;0;0;0;"Estimées";;"Accidentelle";;;;;""
2020;14067;"2A";"2A032";"Bastelicaccia";"2020-07-04 16:14:00";400;;400;;;;;;;;;"1";;;;;;""
2020;3533;"10";"10156";"Fontvannes";"2020-07-04 16:28:00";1000;0;;1000;;;1000;0;0;0;"Estimées";;;;;;;""
2020;16980;"13";"13075";"Plan-de-Cuques";"2020-07-04 16:55:00";50;50;;;;;;;;;;"1";;;;;;""
2020;13874;"13";"13063";"Miramas";"2020-07-04 17:12:00";2816;1300;1500;;;;;;;16;;"1";;;;;;""
2020;16978;"13";"13071";"Les Pennes-Mirabeau";"2020-07-04 17:33:00";2000;2000;;;;;;;;;;"1";"Involontaire (particulier)";;;;;""
2020;17448;"66";"66050";"Claira";"2020-07-04 18:03:00";10000;5000;5000;;;;;;;;;"3";"Malveillance";;;;;""
2020;15399;"48";"48195";"Les Vignes";"2020-07-04 22:03:00";150;;150;;;;;;;;;"1";"Involontaire (particulier)";;;;;""
2020;14277;"11";"11170";"Gruissan";"2020-07-04 23:49:00";71847;;;;;;;;;;;;;;;;;""
2020;16376;"13";"13048";"Jouques";"2020-07-05 01:11:00";20;20;;;;;;;;;;"1";;;;;;""
2020;12205;"41";"41164";"Noyers-sur-Cher";"2020-07-05 02:38:00";200;0;;200;;;200;0;0;0;"Estimées";;;;;;;""
2020;14068;"2A";"2A114";"Figari";"2020-07-05 08:04:00";50;;50;;;;;;;;;;"Involontaire (particulier)";;;;;""
2020;13454;"30";"30089";"Comps";"2020-07-05 09:23:00";86050;0;86050;;;;;;;;;"1";"Accidentelle";;;;;""
2020;16981;"13";"13016";"La Bouilladisse";"2020-07-05 09:59:00";10;10;;;;;;;;;;"1";;;;;;""
2020;405;"55";"55063";"Bouligny";"2020-07-05 11:00:00";50;0;;50;;;50;0;0;0;"Estimées";;"Accidentelle";;;;;""
2020;14070;"2A";"2A362";"Zonza";"2020-07-05 13:38:00";60;;60;;;;;;;;;;"Involontaire (particulier)";;;;;""
2020;691;"88";"88361";"Provenchères-et-Colroy";"2020-07-05 14:51:00";1;1;;0;;;0;0;0;0;"Estimées";;;;;;;""
2020;14198;"34";"34194";"Paulhan";"2020-07-05 15:34:00";15462;;15462;;;;;;;;;"1";"Malveillance";;;;;""
2020;886;"21";"21205";"Courcelles-lès-Semur";"2020-07-05 16:00:00";5200;200;;0;;;0;0;5000;5000;"Estimées";;;;;;;""
2020;1533;"89";"89309";"Pont-sur-Yonne";"2020-07-05 17:33:00";30;0;;30;;;30;0;0;0;"Estimées";;;;;;;""
2020;3534;"10";"10317";"Les Riceys";"2020-07-05 21:32:00";5000;0;;5000;;;5000;0;0;0;"Estimées";;;;;;;""
2020;6081;"33";"33290";"Montagne";"2020-07-05 21:37:00";20;20;;0;;;0;;;0;;;;;;;;""
2020;3952;"74";"74142";"Héry-sur-Alby";"2020-07-05 22:59:00";70;70;;0;;;0;0;0;0;"Estimées";;;;;;;""
2020;813;"74";"74005";"Allinges";"2020-07-06 10:30:00";200;200;;0;;;0;0;0;0;"Estimées";;;;;;;""
2020;13897;"07";"07346";"Viviers";"2020-07-06 11:54:00";1000;;;;;;;;;1000;;"2";;;;;;""
2020;4912;"72";"72146";"Guécélard";"2020-07-06 11:59:00";4000;4000;;0;;;0;0;0;0;"Estimées";;;;;;;""
2020;13469;"30";"30189";"Nîmes";"2020-07-06 13:33:00";3000;3000;;;;;;;;;;"4";"Malveillance";;;;;""
2020;13636;"34";"34183";"Nissan-lez-Enserune";"2020-07-06 14:10:00";6316;6316;;;;;;;;;;"4";"Malveillance";;;;;""
2020;16984;"13";"13022";"Cassis";"2020-07-06 14:13:00";10;10;;;;;;;;;;"1";"Involontaire (particulier)";;;;;""
2020;14054;"34";"34142";"Lodève";"2020-07-06 14:24:00";69;;69;;;;;;;;;"1";"Involontaire (travaux)";;;;;""
2020;13898;"07";"07323";"Toulaud";"2020-07-06 14:31:00";8000;8000;;;;;;;;;;"5";;;;;;""
2020;14278;"11";"11262";"Narbonne";"2020-07-06 14:46:00";830;;;;;;;;;;;;;;;;;""
2020;13467;"83";"83107";"Roquebrune-sur-Argens";"2020-07-06 14:56:00";100;100;;;;;;;;;;"3";"Involontaire (travaux)";;;;;""
2020;13867;"13";"13056";"Martigues";"2020-07-06 15:23:00";16600;;;;;;;;;16600;;"1";"Involontaire (particulier)";;;;;""
2020;13866;"13";"13056";"Martigues";"2020-07-06 15:48:00";14300;7100;7200;;;;;;;;;"1";"Accidentelle";;;;;""
2020;6082;"33";"33380";"Val-de-Livenne";"2020-07-06 16:12:00";1500;1500;;0;;;0;;;0;;;;;;;;""
2020;13660;"26";"26295";"Saint-Barthélemy-de-Vals";"2020-07-06 16:41:00";8000;;;;;;;;;;;"3";"Malveillance";;;;;""
2020;16982;"13";"13076";"Plan-d'Orgon";"2020-07-06 16:59:00";40000;20000;20000;;;;;;;;;"1";"Malveillance";;;;;""
2020;16985;"13";"13001";"Aix-en-Provence";"2020-07-06 17:37:00";100;100;;;;;;;;;;"1";"Involontaire (particulier)";;;;;""
2020;15194;"13";"13060";"Meyreuil";"2020-07-06 17:40:00";10;10;;;;;;;;;;"1";"Involontaire (particulier)";;;;;""
2020;15076;"11";"11322";"Roquefort-des-Corbières";"2020-07-06 17:48:00";3000;;;;;;;;;;;;;;;;;""
2020;16983;"13";"13022";"Cassis";"2020-07-06 18:16:00";10;10;;;;;;;;;;"1";"Accidentelle";;;;;""
2020;1536;"89";"89080";"La Chapelle-sur-Oreuse";"2020-07-06 19:04:00";90;0;;90;;;90;0;0;0;"Estimées";;;;;;;""
2020;13871;"13";"13056";"Martigues";"2020-07-06 19:23:00";1980;1980;;;;;;;;;;"1";"Malveillance";;;;;""
2020;13901;"07";"07323";"Toulaud";"2020-07-06 22:22:00";60000;;60000;;;;;;;;;"1";;;;;;""
2020;13895;"06";"06149";"La Trinité";"2020-07-06 22:22:00";400;;;;;;;;;;;"1";"Malveillance";;;;;""
2020;13873;"13";"13019";"Cabriès";"2020-07-06 22:58:00";3000;2200;800;;;;;;;;;"1";"Accidentelle";;;;;""
2020;16987;"13";"13063";"Miramas";"2020-07-06 23:16:00";20000;10000;10000;;;;;;;;;"1";;;;;;""
2020;16989;"13";"13117";"Vitrolles";"2020-07-07 02:50:00";5;5;;;;;;;;;;"1";"Involontaire (particulier)";;;;;""
2020;13671;"84";"84038";"Cheval-Blanc";"2020-07-07 03:25:00";490;490;;;;;;;;;;"4";"Accidentelle";;;;;""
2020;15195;"13";"13117";"Vitrolles";"2020-07-07 09:03:00";8000;;4000;;;;;;;4000;;"1";"Involontaire (travaux)";;;;;""
2020;14279;"11";"11040";"Bizanet";"2020-07-07 10:08:00";200;;;;;;;;;;;;;;;;;""
2020;17449;"66";"66172";"Saint-Estève";"2020-07-07 10:30:00";80000;;80000;;;;;;;;;"1";"Involontaire (travaux)";;;;;""
2020;1472;"77";"77186";"Fontainebleau";"2020-07-07 10:46:00";1;1;;0;;;0;0;0;0;"Mesurées";;"Involontaire (particulier)";;;;;""
2020;694;"88";"88206";"Gironcourt-sur-Vraine";"2020-07-07 12:11:00";2000;0;;2000;;;2000;0;0;0;"Estimées";;;;;;;""
2020;18231;"05";"05126";"Rosans";"2020-07-07 12:35:00";2000;;;;;;;;;;;;;;;;;""
2020;13645;"2B";"2B123";"Ghisonaccia";"2020-07-07 14:13:00";5000;;5000;;;;;;;;;"1";"Involontaire (travaux)";;;;;""
2020;889;"21";"21525";"La Roche-en-Brenil";"2020-07-07 14:15:00";30000;7700;;0;;;0;0;22300;22300;"Mesurées";;;;;;;""
2020;371;"81";"81059";"Carlus";"2020-07-07 14:29:00";300;0;;200;;;200;100;0;100;"Estimées";;"Involontaire (travaux)";;;;;""
2020;14351;"07";"07079";"Désaignes";"2020-07-07 14:32:00";6000;6000;;;;;;;;;;"3";"Naturelle";;;;;""
2020;433;"82";"82042";"Cazes-Mondenard";"2020-07-07 14:55:00";2000;0;;2000;;;2000;0;0;0;"Estimées";;;;;;;"Données partielles ou non valides"
2020;16992;"13";"13084";"La Roque-d'Anthéron";"2020-07-07 15:00:00";500;500;;;;;;;;;;"1";;;;;;""
2020;15197;"13";"13093";"Saint-Estève-Janson";"2020-07-07 15:10:00";50;;50;;;;;;;;;"1";"Accidentelle";;;;;""
2020;13642;"34";"34143";"Loupian";"2020-07-07 15:43:00";135801;135801;;;;;;;;;;"4";"Involontaire (particulier)";;;;;""
2020;2144;"17";"17485";"Le Grand-Village-Plage";"2020-07-07 16:07:00";200;200;;0;;;0;0;0;0;"Estimées";;;;;;;""
2020;4110;"38";"38476";"Savas-Mépin";"2020-07-07 16:10:00";80000;0;;80000;;;80000;0;0;0;"Estimées";;;;;;;""
2020;2301;"45";"45315";"Sully-sur-Loire";"2020-07-07 16:49:00";50500;0;;500;;;500;0;50000;50000;"Estimées";;"Involontaire (travaux)";;;;;""
2020;15196;"13";"13112";"Velaux";"2020-07-07 17:03:00";250;250;;;;;;;;;;"1";"Involontaire (particulier)";;;;;""
2020;16990;"13";"13077";"Port-de-Bouc";"2020-07-07 17:10:00";10;10;;;;;;;;;;"1";"Involontaire (particulier)";;;;;""
2020;13896;"06";"06031";"Cantaron";"2020-07-07 17:40:00";5000;;;;;;;;;;;"1";"Malveillance";;;;;""
2020;17450;"66";"66069";"Espira-de-l'Agly";"2020-07-07 18:25:00";5000;;5000;;;;;;;;;"1";"Malveillance";;;;;""
2020;2433;"87";"87066";"Flavignac";"2020-07-07 18:54:00";500;0;;500;;;500;0;0;0;"Estimées";;;;;;;""
2020;615;"85";"85194";"Les Sables-d'Olonne";"2020-07-07 21:03:00";100;0;;100;;;100;0;0;0;"Mesurées";;;;;;;""
2020;16988;"13";"13063";"Miramas";"2020-07-07 21:28:00";1000;1000;;;;;;;;;;"1";"Accidentelle";;;;;""
2020;15519;"48";"48095";"Mende";"2020-07-07 22:18:00";20;;20;;;;;;;;;"1";"Malveillance";;;;;""
2020;14280;"11";"11161";"Gardie";"2020-07-08 09:17:00";1060;;;;;;;;;;;;;;;;;""
2020;15520;"48";"48194";"Vialas";"2020-07-08 09:24:00";10;;10;;;;;;;;;"1";"Involontaire (particulier)";;;;;""
2020;15198;"13";"13007";"Auriol";"2020-07-08 10:19:00";1500;1500;;;;;;;;;;"1";"Involontaire (particulier)";;;;;""
2020;3985;"90";"90075";"Offemont";"2020-07-08 11:09:00";10;10;;0;;;0;0;0;0;"Estimées";;"Involontaire (particulier)";;;;;""
2020;16993;"13";"13054";"Marignane";"2020-07-08 11:24:00";10;10;;;;;;;;;;"1";;;;;;""
2020;16377;"13";"13111";"Vauvenargues";"2020-07-08 11:42:00";10;10;;;;;;;;;;"1";"Accidentelle";;;;;""
2020;15521;"48";"48039";"Chanac";"2020-07-08 11:46:00";2200;400;1800;;;;;;;;;"4";"Involontaire (travaux)";;;;;""
2020;13662;"26";"26362";"Valence";"2020-07-08 12:22:00";200;;;;;;;;;200;;"3";"Involontaire (particulier)";;;;;""
2020;4111;"38";"38507";"Tignieu-Jameyzieu";"2020-07-08 13:17:00";100;0;;100;;;100;0;0;0;"Estimées";;;;;;;""
2020;16994;"13";"13001";"Aix-en-Provence";"2020-07-08 13:42:00";30;30;;;;;;;;;;"1";;;;;;""
2020;17451;"66";"66225";"Villelongue-dels-Monts";"2020-07-08 14:13:00";1000;500;500;;;;;;;;;"6";"Involontaire (particulier)";;;;;""
2020;2140;"17";"17269";"Orignolles";"2020-07-08 14:14:00";8165;8165;;0;;;0;0;0;0;"Mesurées";;;;;;;""
2020;5903;"40";"40319";"Trensacq";"2020-07-08 14:34:00";500;500;;0;;;0;;;0;;;;;;;;""
2020;13843;"34";"34197";"Péret";"2020-07-08 14:45:00";517100;;517100;;;;;;;;;"1";"Malveillance";;;;;""
2020;14071;"2A";"2A198";"Ota";"2020-07-08 15:26:00";30;;30;;;;;;;;;"1";"Involontaire (particulier)";;;;;""
2020;1537;"89";"89013";"Appoigny";"2020-07-08 15:27:00";100000;100000;;0;;;0;0;0;0;"Mesurées";;;;;;;""
2020;6088;"33";"33042";"Belin-Béliet";"2020-07-08 15:44:00";2000;2000;;0;;;0;;;0;;;;;;;;""
2020;5628;"64";"64064";"Asasp-Arros";"2020-07-08 16:25:00";6000;0;;6000;;;6000;;;0;;;;;;;;""
2020;1474;"77";"77350";"Ozoir-la-Ferrière";"2020-07-08 16:33:00";200;0;;200;;;200;0;0;0;"Estimées";;;;;;;""
2020;2303;"45";"45261";"Rebréchien";"2020-07-08 16:33:00";5000;5000;;0;;;0;0;0;0;"Estimées";;;;;;;""
2020;16995;"13";"13103";"Salon-de-Provence";"2020-07-08 18:31:00";50;50;;;;;;;;;;"1";;;;;;""
2020;13714;"05";"05127";"Rousset";"2020-07-08 18:46:00";1200;1200;;;;;;;;;;"4";"Accidentelle";;;;;""
2020;6091;"33";"33333";"Le Porge";"2020-07-08 20:57:00";10;10;;0;;;0;;;0;;;;;;;;""
2020;13630;"30";"30313";"Sauzet";"2020-07-08 21:02:00";202;;;;;;;;;;;"3";;;;;;""
2020;6092;"33";"33233";"Laruscade";"2020-07-08 22:15:00";500;500;;0;;;0;;;0;;;;;;;;""
2020;15199;"13";"13019";"Cabriès";"2020-07-09 04:26:00";200;200;;;;;;;;;;"1";"Accidentelle";;;;;""
2020;2308;"45";"45108";"Coullons";"2020-07-09 08:38:00";2000;0;;2000;;;2000;0;0;0;"Estimées";;"Involontaire (travaux)";;;;;""
2020;697;"88";"88413";"Saint-Dié-des-Vosges";"2020-07-09 09:23:00";2;2;;0;;;0;0;0;0;"Estimées";;;;;;;""
2020;6093;"33";"33380";"Val-de-Livenne";"2020-07-09 09:26:00";10;10;;0;;;0;;;0;;;;;;;;""
2020;5904;"40";"40046";"Biscarrosse";"2020-07-09 10:28:00";50;50;;0;;;0;;;0;;;"Involontaire (travaux)";;;;;""
2020;12219;"41";"41022";"Bouffry";"2020-07-09 11:03:00";110;0;;10;;;10;100;0;100;"Estimées";;;;;;;""
2020;17453;"66";"66071";"Estagel";"2020-07-09 13:49:00";8000;;8000;;;;;;;;;"1";"Accidentelle";;;;;""
2020;4113;"38";"38468";"Salaise-sur-Sanne";"2020-07-09 13:53:00";7000;0;;7000;;;7000;0;0;0;"Estimées";;;;;;;""
2020;2145;"17";"17411";"Saint-Trojan-les-Bains";"2020-07-09 14:52:00";400;400;;0;;;0;0;0;0;"Estimées";;;;;;;""
2020;16109;"30";"30206";"Poulx";"2020-07-09 16:06:00";13265;;13265;;;;;;;;;"2";"Malveillance";;;;;""
2020;13728;"04";"04193";"Saint-Paul-sur-Ubaye";"2020-07-09 16:13:00";4;4;;;;;;;;;;"1";"Accidentelle";;;;;""
2020;14181;"34";"34203";"Pinet";"2020-07-09 17:15:00";117;;117;;;;;;;;;"1";"Accidentelle";;;;;""
2020;5101;"27";"27311";"Harcourt";"2020-07-09 17:20:00";40000;0;;40000;;;40000;0;0;0;"Estimées";;;;;;;""
2020;5103;"27";"27365";"Léry";"2020-07-09 17:40:00";40000;0;;40000;;;40000;0;0;0;"Estimées";;;;;;;""
2020;14055;"34";"34322";"Valflaunès";"2020-07-09 18:14:00";14097;;14097;;;;;;;;;"1";"Accidentelle";;;;;""
2020;6094;"33";"33260";"Lugos";"2020-07-09 18:47:00";500;500;;0;;;0;;;0;;;;;;;;""
2020;896;"21";"21460";"Noiron-sur-Seine";"2020-07-09 20:25:00";20000;20000;;0;;;0;0;0;0;"Estimées";;"Involontaire (travaux)";;;;;""
2020;624;"85";"85226";"Saint-Hilaire-de-Riez";"2020-07-09 21:51:00";20;20;;0;;;0;0;0;0;"Mesurées";;;;;;;""
2020;14282;"11";"11170";"Gruissan";"2020-07-09 22:39:00";50;;;;;;;;;;;;;;;;;""
2020;5905;"40";"40046";"Biscarrosse";"2020-07-09 23:47:00";350;350;;0;;;0;;;0;;;;;;;;""
2020;700;"88";"88078";"Bruyères";"2020-07-10 10:18:00";50;50;;0;;;0;0;0;0;"Mesurées";;;;;;;""
2020;16996;"13";"13098";"Saint-Mitre-les-Remparts";"2020-07-10 15:49:00";200;200;;;;;;;;;;"1";"Accidentelle";;;;;""
2020;17454;"66";"66071";"Estagel";"2020-07-10 16:05:00";286300;65600;220700;;;;;;;;;"1";"Malveillance";;;;;""
2020;2141;"17";"17243";"Montlieu-la-Garde";"2020-07-10 16:44:00";100;0;;100;;;100;0;0;0;"Estimées";;;;;;;""
2020;899;"21";"21178";"Valforêt";"2020-07-10 17:15:00";40000;2000;;0;;;0;0;38000;38000;"Estimées";;;;;;;""
2020;15525;"48";"48148";"Saint-Étienne-Vallée-Française";"2020-07-10 17:30:00";38;38;0;;;;;;;;;"5";"Naturelle";;;;;""
2020;4915;"72";"72061";"La Chapelle-d'Aligné";"2020-07-10 18:39:00";5;5;;0;;;0;0;0;0;"Estimées";;;;;;;""
2020;14359;"07";"07207";"Saint-Alban-Auriolles";"2020-07-10 18:50:00";1000;1000;;;;;;;;;;"3";"Naturelle";;;;;""
2020;14283;"11";"11090";"Cépie";"2020-07-10 19:19:00";1569;;;;;;;;;;;;;;;;;""
2020;13729;"04";"04222";"Turriers";"2020-07-10 20:12:00";500;;;;;;;;;;;;"Naturelle";;;;;""
2020;4916;"72";"72197";"Mézières-sous-Lavardin";"2020-07-10 21:43:00";200;200;;0;;;0;0;0;0;"Estimées";;;;;;;""
2020;4917;"72";"72299";"Saint-Mars-d'Outillé";"2020-07-10 22:35:00";200;200;;0;;;0;0;0;0;"Estimées";;;;;;;""
2020;1475;"77";"77006";"Arbonne-la-Forêt";"2020-07-11 07:36:00";500;500;;0;;;0;0;0;0;"Estimées";;;;;;;""
2020;4913;"72";"72181";"Le Mans";"2020-07-11 09:49:00";300;300;;0;;;0;0;0;0;"Estimées";;;;;;;""
2020;12227;"41";"41194";"Romorantin-Lanthenay";"2020-07-11 11:11:00";30;0;;30;;;30;0;0;0;"Estimées";;;;;;;""
2020;16998;"13";"13066";"Noves";"2020-07-11 14:11:00";20;20;;;;;;;;;;"1";;;;;;""
2020;15838;"30";"30156";"Marguerittes";"2020-07-11 14:30:00";968;;;;;;;;;;;"1";"Malveillance";;;;;""
2020;12229;"41";"41204";"Saint-Claude-de-Diray";"2020-07-11 14:35:00";4000;4000;;0;;;0;0;0;0;"Estimées";;;;;;;""
2020;17455;"66";"66168";"Saint-André";"2020-07-11 14:47:00";6000;;6000;;;;;;;;;"1";"Malveillance";;;;;""
2020;14284;"11";"11067";"Canet";"2020-07-11 14:52:00";4200;;;;;;;;;;;;;;;;;""
2020;14285;"11";"11111";"Cruscades";"2020-07-11 14:56:00";750;;;;;;;;;;;;;;;;;""
2020;4914;"72";"72003";"Allonnes";"2020-07-11 15:17:00";1000;1000;;0;;;0;0;0;0;"Estimées";;;;;;;""
2020;14183;"34";"34196";"Pégairolles-de-l'Escalette";"2020-07-11 16:52:00";1559;;1559;;;;;;;;;"1";"Accidentelle";;;;;""
2020;4277;"03";"03185";"Montluçon";"2020-07-11 17:56:00";35000;0;;35000;;;35000;0;0;0;"Mesurées";;"Malveillance";;;;;""
2020;5907;"40";"40123";"Herm";"2020-07-11 18:47:00";400;100;;0;;;0;;;300;;;"Accidentelle";;;;;""
2020;6100;"33";"33374";"Saint-Aubin-de-Blaye";"2020-07-11 20:13:00";8000;8000;;0;;;0;;;0;;;"Accidentelle";;;;;""
2020;14182;"34";"34079";"Clermont-l'Hérault";"2020-07-11 21:17:00";726;;726;;;;;;;;;"1";"Involontaire (particulier)";;;;;""
2020;12230;"41";"41137";"Mesland";"2020-07-11 23:22:00";400;0;;400;;;400;0;0;0;"Estimées";;;;;;;""
2020;14286;"11";"11198";"Laure-Minervois";"2020-07-12 00:01:00";1326;;;;;;;;;;;;;;;;;""
2020;17000;"13";"13005";"Aubagne";"2020-07-12 02:44:00";30;30;;;;;;;;;;"1";"Involontaire (particulier)";;;;;""
2020;16999;"13";"13106";"Septèmes-les-Vallons";"2020-07-12 03:37:00";500;500;;;;;;;;;;"1";"Involontaire (particulier)";;;;;""
2020;1476;"77";"77186";"Fontainebleau";"2020-07-12 10:05:00";1;1;;0;;;0;0;0;0;"Mesurées";;"Involontaire (particulier)";;;;;""
2020;13713;"30";"30315";"Saze";"2020-07-12 12:16:00";842;;;;;;;;;;;"1";;;;;;""
2020;2142;"17";"17243";"Montlieu-la-Garde";"2020-07-12 12:37:00";1500;1500;;0;;;0;0;0;0;"Estimées";;;;;;;""
2020;516;"49";"49045";"La Breille-les-Pins";"2020-07-12 12:44:00";15000;15000;;0;;;0;0;0;0;"Estimées";;;;;;;""
2020;13920;"07";"07217";"Saint-Barthélemy-le-Plain";"2020-07-12 13:12:00";80;80;;;;;;;;;;"3";;;;;;""
2020;704;"88";"88160";"Épinal";"2020-07-12 14:15:00";15;15;;0;;;0;0;0;0;"Estimées";;;;;;;""
2020;14287;"11";"11262";"Narbonne";"2020-07-12 14:25:00";12380;;;;;;;;;;;;;;;;;""
2020;12234;"41";"41297";"Yvoy-le-Marron";"2020-07-12 15:25:00";20;20;;0;;;0;0;0;0;"Estimées";;"Accidentelle";;;;;""
2020;3956;"74";"74278";"Thyez";"2020-07-12 15:42:00";100;100;;0;;;0;0;0;0;"Estimées";;"Involontaire (particulier)";;;;;""
2020;14072;"2A";"2A212";"Piana";"2020-07-12 16:12:00";21346;1346;20000;;;;;;;;;"1";"Accidentelle";;;;;""
2020;705;"88";"88109";"Cleurie";"2020-07-12 16:30:00";100;100;;0;;;0;0;0;0;"Estimées";;;;;;;""
2020;14207;"34";"34074";"Cessenon-sur-Orb";"2020-07-12 16:56:00";1836;1836;;;;;;;;;;"4";"Malveillance";;;;;""
2020;13922;"07";"07041";"Boulieu-lès-Annonay";"2020-07-12 17:52:00";40;;40;;;;;;;;;"1";"Accidentelle";;;;;""
2020;5209;"15";"15008";"Antignac";"2020-07-12 17:56:00";200;200;;0;;;0;0;0;0;"Mesurées";;"Accidentelle";;;;;""
2020;6103;"33";"33490";"Saint-Vivien-de-Médoc";"2020-07-12 18:13:00";1000;1000;;0;;;0;;;0;;;;;;;;""
2020;2376;"45";"45238";"Ousson-sur-Loire";"2020-07-12 18:21:00";5000;5000;;0;;;0;0;0;0;"Estimées";;"Accidentelle";;;;;""
2020;2276;"17";"17485";"Le Grand-Village-Plage";"2020-07-12 18:28:00";15000;15000;;0;;;0;0;0;0;"Estimées";;;;;;;""
2020;13738;"2B";"2B185";"Oletta";"2020-07-12 19:18:00";600;;;;;;;;;;;;;;;;;""
2020;12235;"41";"41036";"Chaon";"2020-07-12 19:19:00";150;0;;150;;;150;0;0;0;"Estimées";;;;;;;""
2020;14288;"11";"11404";"Ventenac-Cabardès";"2020-07-12 21:21:00";200;;;;;;;;;;;;;;;;;""
2020;12236;"41";"41137";"Mesland";"2020-07-12 21:40:00";250;0;;250;;;250;0;0;0;"Estimées";;;;;;;""
2020;12237;"41";"41137";"Mesland";"2020-07-12 22:15:00";80;0;;80;;;80;0;0;0;"Estimées";;;;;;;""
2020;2143;"17";"17118";"Corignac";"2020-07-12 22:17:00";4331;4331;;0;;;0;0;0;0;"Mesurées";;;;;;;""
2020;12238;"41";"41137";"Mesland";"2020-07-12 23:38:00";20;0;;20;;;20;0;0;0;"Estimées";;;;;;;""
2020;17002;"13";"13041";"Gardanne";"2020-07-13 01:59:00";6;6;;;;;;;;;;"1";;;;;;""
2020;5908;"40";"40197";"Morcenx-la-Nouvelle";"2020-07-13 10:13:00";80;80;;0;;;0;;;0;;;"Malveillance";;;;;""
2020;15537;"48";"48081";"Lanuéjols";"2020-07-13 11:10:00";10;;10;;;;;;;;;"1";"Accidentelle";;;;;""
2020;13857;"2B";"2B079";"Castello-di-Rostino";"2020-07-13 11:36:00";322600;;322600;;;;;;;;;"1";"Malveillance";;;;;""
2020;14193;"34";"34154";"Mauguio";"2020-07-13 12:22:00";7934;7934;;;;;;;;;;"4";"Malveillance";;;;;""
2020;14545;"34";"34344";"La Grande-Motte";"2020-07-13 12:24:00";522;;522;;;;;;;;;"1";"Malveillance";;;;;""
2020;14194;"34";"34344";"La Grande-Motte";"2020-07-13 12:30:00";146;;146;;;;;;;;;"1";"Malveillance";;;;;""
2020;2379;"45";"45200";"Ménestreau-en-Villette";"2020-07-13 12:55:00";4000;4000;;0;;;0;0;0;0;"Estimées";;;;;;;""
2020;2915;"08";"08363";"Revin";"2020-07-13 12:59:00";200;0;;200;;;200;0;0;0;"Estimées";;;;;;;""
2020;6106;"33";"33239";"Lerm-et-Musset";"2020-07-13 14:02:00";7000;7000;;0;;;0;;;0;;;;;;;;""
2020;4920;"72";"72377";"Villaines-sous-Malicorne";"2020-07-13 14:17:00";200;200;;0;;;0;0;0;0;"Estimées";;;;;;;""
2020;17004;"13";"13065";"Mouriès";"2020-07-13 14:38:00";15000;10000;5000;;;;;;;;;"1";"Involontaire (particulier)";;;;;""
2020;14074;"2A";"2A247";"Porto-Vecchio";"2020-07-13 14:54:00";300;;300;;;;;;;;;;"Naturelle";;;;;""
2020;437;"82";"82131";"Montpezat-de-Quercy";"2020-07-13 14:55:00";80000;0;;20000;;;20000;0;60000;60000;"Estimées";;"Accidentelle";;;;;"Données partielles ou non valides"
2020;1544;"89";"89021";"Asquins";"2020-07-13 15:00:00";370000;340000;;0;;;0;0;30000;30000;"Mesurées";;"Malveillance";;;;;""
2020;16114;"30";"30153";"Malons-et-Elze";"2020-07-13 16:28:00";100;;;;;;;;;;;;;;;;;""
2020;12242;"41";"41234";"Santenay";"2020-07-13 16:28:00";100;0;;100;;;100;0;0;0;"Estimées";;;;;;;""
2020;14289;"11";"11029";"Belcastel-et-Buc";"2020-07-13 16:44:00";30;;;;;;;;;;;;;;;;;""
2020;15102;"34";"34032";"Béziers";"2020-07-13 17:09:00";7440;;7440;;;;;;;;;"1";"Involontaire (particulier)";;;;;""
2020;646;"85";"85164";"Notre-Dame-de-Monts";"2020-07-13 17:21:00";3;0;;3;;;3;0;0;0;"Mesurées";;;;;;;""
2020;5367;"47";"47097";"Feugarolles";"2020-07-13 17:26:00";20;10;;0;;;0;;;10;;;;;;;;""
2020;14077;"2A";"2A312";"Santa-Maria-Siché";"2020-07-13 17:43:00";100;;100;;;;;;;;;"1";"Naturelle";;;;;""
2020;4114;"38";"38235";"Miribel-Lanchâtre";"2020-07-13 21:11:00";8000;0;;8000;;;8000;0;0;0;"Estimées";;;;;;;""
2020;17003;"13";"13071";"Les Pennes-Mirabeau";"2020-07-13 21:47:00";2;2;;;;;;;;;;"1";;;;;;""
2020;2269;"03";"03163";"Mariol";"2020-07-13 22:39:00";50;0;;50;;;50;0;0;0;"Estimées";;;;;;;""
2020;17001;"13";"13091";"Saint-Cannat";"2020-07-13 22:40:00";50;50;;;;;;;;;;"1";"Involontaire (particulier)";;;;;""
2020;14290;"11";"11132";"Fabrezan";"2020-07-14 00:25:00";1302;;;;;;;;;;;;;;;;;""
2020;4115;"38";"38374";"Saint-Chef";"2020-07-14 00:57:00";600;0;;600;;;600;0;0;0;"Estimées";;;;;;;""
2020;4919;"72";"72260";"Ruaudin";"2020-07-14 01:01:00";500;500;;0;;;0;0;0;0;"Estimées";;;;;;;""
2020;13954;"34";"34017";"Aumes";"2020-07-14 01:04:00";600;;600;;;;;;;;;"1";"Accidentelle";;;;;""
2020;17456;"66";"66136";"Perpignan";"2020-07-14 01:41:00";15000;5000;10000;;;;;;;;;"6";"Malveillance";;;;;""
2020;13972;"34";"34044";"Cabrerolles";"2020-07-14 03:54:00";288;288;;;;;;;;;;"2";;;;;;""
2020;12246;"41";"41151";"Montrichard Val de Cher";"2020-07-14 08:05:00";100;0;;100;;;100;0;0;0;"Estimées";;;;;;;""
2020;14079;"2A";"2A041";"Bonifacio";"2020-07-14 12:06:00";50;;50;;;;;;;;;"3";;;;;;""
2020;475;"58";"58210";"Planchez";"2020-07-14 14:09:00";5000;5000;;0;;;0;0;0;0;"Estimées";;"Involontaire (particulier)";;;;;""
2020;14060;"84";"84129";"Sorgues";"2020-07-14 15:01:00";50000;10000;40000;;;;;;;;;;;;;;;""
2020;13735;"05";"05172";"Trescléoux";"2020-07-14 15:04:00";41100;1300;;;;;;;;39800;;"5";"Involontaire (particulier)";;;;;""
2020;16378;"13";"13001";"Aix-en-Provence";"2020-07-14 15:09:00";20000;10000;10000;;;;;;;;;"1";;;;;;""
2020;13976;"34";"34226";"Quarante";"2020-07-14 15:30:00";295700;295700;;;;;;;;;;"4";"Accidentelle";;;;;""
2020;517;"49";"49045";"La Breille-les-Pins";"2020-07-14 15:40:00";5000;5000;;0;;;0;0;0;0;"Estimées";;"Malveillance";;;;;""
2020;15538;"48";"48078";"Lachamp";"2020-07-14 15:47:00";3800;700;0;;;;;;;3100;;"4";"Involontaire (travaux)";;;;;""
2020;17009;"13";"13104";"Sausset-les-Pins";"2020-07-14 15:50:00";200;200;;;;;;;;;;"1";"Accidentelle";;;;;""
2020;716;"88";"88443";"Sartes";"2020-07-14 16:51:00";1;1;;0;;;0;0;0;0;"Estimées";;;;;;;""
2020;717;"88";"88082";"Celles-sur-Plaine";"2020-07-14 17:09:00";2;2;;0;;;0;0;0;0;"Estimées";;;;;;;""
2020;5247;"24";"24485";"Saint-Pierre-de-Côle";"2020-07-14 17:27:00";80000;80000;;0;;;0;;;0;;;"Accidentelle";;;;;""
2020;1143;"29";"29284";"Treffiagat";"2020-07-14 18:32:00";10000;0;;10000;;;10000;0;0;0;"Estimées";;;;;;;""
2020;2985;"67";"67418";"Rountzenheim-Auenheim";"2020-07-14 18:39:00";1000;0;;1000;;;1000;0;0;0;"Estimées";;;;;;;""
2020;4117;"38";"38382";"Saint-Égrève";"2020-07-14 18:43:00";150;0;;150;;;150;0;0;0;"Estimées";;;;;;;""
2020;17007;"13";"13106";"Septèmes-les-Vallons";"2020-07-14 19:04:00";1500;1000;500;;;;;;;;;"1";"Involontaire (particulier)";;;;;""
2020;13763;"13";"13055";"Marseille";"2020-07-14 19:43:00";500;400;100;;;;;;;;;"1";"Accidentelle";;;;;""
2020;5911;"40";"40308";"Sort-en-Chalosse";"2020-07-14 21:10:00";200;200;;0;;;0;;;0;;;"Involontaire (particulier)";;;;;""
2020;15540;"48";"48027";"Mont Lozère et Goulet";"2020-07-14 21:25:00";10;;10;;;;;;;;;"1";"Involontaire (particulier)";;;;;""
2020;17011;"13";"13041";"Gardanne";"2020-07-14 21:26:00";1000;1000;;;;;;;;;;"1";;;;;;""
2020;17005;"13";"13106";"Septèmes-les-Vallons";"2020-07-14 21:43:00";10;10;;;;;;;;;;"1";;;;;;""
2020;17012;"13";"13056";"Martigues";"2020-07-14 22:15:00";20;20;;;;;;;;;;"1";;;;;;""
2020;17006;"13";"13106";"Septèmes-les-Vallons";"2020-07-14 23:02:00";10;10;;;;;;;;;;"1";;;;;;""
2020;13981;"34";"34079";"Clermont-l'Hérault";"2020-07-14 23:21:00";4173;;4173;;;;;;;;;"1";"Accidentelle";;;;;""
2020;17010;"13";"13110";"Trets";"2020-07-14 23:27:00";200;200;;;;;;;;;;"1";;;;;;""
2020;5369;"47";"47326";"Virazeil";"2020-07-15 00:06:00";15;15;;0;;;0;;;0;;;;;;;;""
2020;17016;"13";"13001";"Aix-en-Provence";"2020-07-15 00:36:00";100;100;;;;;;;;;;"1";"Accidentelle";;;;;""
2020;17457;"66";"66038";"Canohès";"2020-07-15 02:32:00";20000;10000;10000;;;;;;;;;"6";"Accidentelle";;;;;""
2020;13783;"04";"04118";"Melve";"2020-07-15 02:48:00";30;;30;;;;;;;;;;;;;;;""
2020;6114;"33";"33200";"Le Haillan";"2020-07-15 06:00:00";600;600;;0;;;0;;;0;;;;;;;;""
2020;653;"85";"85153";"Mouchamps";"2020-07-15 07:51:00";2000;200;;0;;;0;0;1800;1800;"Mesurées";;;;;;;""
2020;4118;"38";"38376";"Saint-Christophe-sur-Guiers";"2020-07-15 10:28:00";200;0;;200;;;200;0;0;0;"Estimées";;;;;;;""
2020;14291;"11";"11429";"Villemoustaussou";"2020-07-15 13:26:00";2042;;;;;;;;;;;;;;;;;""
2020;13859;"2B";"2B113";"Ficaja";"2020-07-15 14:39:00";500;;;;;;;;;;;;;;;;;""
2020;17013;"13";"13099";"Saint-Paul-lès-Durance";"2020-07-15 15:09:00";30;30;;;;;;;;;;"1";"Involontaire (particulier)";;;;;""
2020;15842;"30";"30189";"Nîmes";"2020-07-15 15:35:00";2000;;2000;;;;;;;;;"1";"Malveillance";;;;;""
2020;13789;"04";"04176";"Sainte-Croix-du-Verdon";"2020-07-15 15:59:00";1800;1800;;;;;;;;;;"3";"Involontaire (particulier)";;;;;""
2020;13984;"34";"34320";"Vailhauquès";"2020-07-15 16:38:00";8735;8735;;;;;;;;;;"2";"Involontaire (particulier)";;;;;""
2020;15541;"48";"48036";"Cassagnas";"2020-07-15 16:44:00";20;;20;;;;;;;;;"1";"Involontaire (particulier)";;;;;""
2020;13757;"30";"30330";"Tornac";"2020-07-15 17:37:00";176;176;;;;;;;;;;"2";;;;;;""
2020;17014;"13";"13107";"Simiane-Collongue";"2020-07-15 17:45:00";300;300;;;;;;;;;;"1";;;;;;""
2020;17015;"13";"13103";"Salon-de-Provence";"2020-07-15 17:49:00";1000;1000;;;;;;;;;;"1";"Involontaire (particulier)";;;;;""
2020;14293;"11";"11170";"Gruissan";"2020-07-15 18:10:00";100;;;;;;;;;;;;;;;;;""
2020;14069;"84";"84129";"Sorgues";"2020-07-15 18:33:00";550;;;;;;;;;;;;;;;;;""
2020;14073;"84";"84020";"Bonnieux";"2020-07-15 19:23:00";2969;;;;;;;;;;;;;;;;;""
2020;556;"91";"91578";"Saint-Sulpice-de-Favières";"2020-07-15 21:36:00";5000;5000;;0;;;0;0;0;0;"Estimées";;;;;;;""
2020;17017;"13";"13056";"Martigues";"2020-07-15 23:26:00";10;10;;;;;;;;;;"1";;;;;;""
2020;17020;"13";"13103";"Salon-de-Provence";"2020-07-16 06:34:00";2;2;;;;;;;;;;"1";;;;;;""
2020;4918;"72";"72100";"Courcelles-la-Forêt";"2020-07-16 09:03:00";35000;35000;;0;;;0;0;0;0;"Estimées";;;;;;;""
2020;13788;"30";"30327";"Tharaux";"2020-07-16 14:29:00";100;0;100;;;;;;;;;"1";;;;;;""
2020;14081;"2A";"2A300";"San-Gavino-di-Carbini";"2020-07-16 15:30:00";30;;30;;;;;;;;;"4";"Naturelle";;;;;""
2020;17018;"13";"13047";"Istres";"2020-07-16 16:01:00";12;12;;;;;;;;;;"1";;;;;;""
2020;13935;"04";"04151";"Pierrerue";"2020-07-16 16:20:00";8300;1200;;;;;;;;7100;;"3";"Involontaire (travaux)";;;;;""
2020;13936;"07";"07053";"Chandolas";"2020-07-16 16:23:00";1000;;1000;;;;;;;;;"1";;;;;;""
2020;15200;"13";"13065";"Mouriès";"2020-07-16 16:35:00";24000;12000;12000;;;;;;;;;"1";"Involontaire (travaux)";;;;;""
2020;17022;"13";"13097";"Saint-Martin-de-Crau";"2020-07-16 17:26:00";10000;10000;;;;;;;;;;"1";;;;;;""
2020;14294;"11";"11427";"Villelongue-d'Aude";"2020-07-16 17:39:00";1000;;;;;;;;;;;;;;;;;""
2020;17021;"13";"13001";"Aix-en-Provence";"2020-07-16 18:40:00";200;200;;;;;;;;;;"1";"Involontaire (particulier)";;;;;""
2020;13878;"34";"34268";"Saint-Jean-de-la-Blaquière";"2020-07-16 21:51:00";220;220;;;;;;;;;;"2";"Malveillance";;;;;""
2020;14082;"84";"84068";"Lourmarin";"2020-07-16 22:51:00";100;;;;;;;;;;;;;;;;;""
2020;17024;"13";"13056";"Martigues";"2020-07-17 00:21:00";50;50;;;;;;;;;;"1";;;;;;""
2020;5166;"86";"86203";"Queaux";"2020-07-17 06:00:00";10000;10000;;0;;;0;0;0;0;"Estimées";;;;;;;""
2020;13812;"30";"30341";"Vauvert";"2020-07-17 11:19:00";100;;100;;;;;;;;;"1";;;;;;""
2020;17458;"66";"66212";"Torreilles";"2020-07-17 12:27:00";10000;;10000;;;;;;;;;"1";;;;;;""
2020;4119;"38";"38115";"Saint-Martin-de-la-Cluze";"2020-07-17 12:32:00";4000;0;;4000;;;4000;0;0;0;"Estimées";;;;;;;""
2020;17023;"13";"13056";"Martigues";"2020-07-17 12:57:00";10;10;;;;;;;;;;"1";"Accidentelle";;;;;""
2020;16260;"13";"13113";"Venelles";"2020-07-17 13:13:00";20;20;;;;;;;;;;"1";"Malveillance";;;;;""
2020;14543;"34";"34002";"Adissan";"2020-07-17 13:35:00";9739;;9739;;;;;;;;;"1";"Malveillance";;;;;""
2020;4050;"10";"10349";"Saint-Lyé";"2020-07-17 13:58:00";10000;10000;;0;;;0;0;0;0;"Estimées";;;;;;;""
2020;2583;"37";"37111";"Genillé";"2020-07-17 14:41:00";20000;0;;20000;;;20000;0;0;0;"Estimées";;;;;;;""
2020;15201;"13";"13034";"Eygalières";"2020-07-17 14:47:00";3700;1000;2700;;;;;;;;;"1";"Involontaire (particulier)";;;;;""
2020;15107;"34";"34226";"Quarante";"2020-07-17 15:01:00";76;76;;;;;;;;;;"4";"Involontaire (travaux)";;;;;""
2020;1701;"28";"28037";"Bérou-la-Mulotière";"2020-07-17 15:09:00";420000;0;;20000;;;20000;400000;0;400000;"Estimées";;;;;;;""
2020;6123;"33";"33393";"Saint-Denis-de-Pile";"2020-07-17 15:44:00";10000;10000;;0;;;0;;;0;;;;;;;;""
2020;6124;"33";"33380";"Val-de-Livenne";"2020-07-17 16:06:00";2500;2500;;0;;;0;;;0;;;;;;;;""
2020;12255;"41";"41134";"Menars";"2020-07-17 16:11:00";20;0;;20;;;20;0;0;0;"Estimées";;;;;;;""
2020;17459;"66";"66093";"Laroque-des-Albères";"2020-07-17 16:19:00";80000;;80000;;;;;;;;;;"Malveillance";;;;;""
2020;14084;"2A";"2A114";"Figari";"2020-07-17 16:54:00";30;;30;;;;;;;;;;;;;;;""
2020;5112;"27";"27375";"Louviers";"2020-07-17 17:01:00";20000;0;;20000;;;20000;0;0;0;"Estimées";;;;;;;""
2020;656;"85";"85035";"Bretignolles-sur-Mer";"2020-07-17 17:15:00";50;0;;50;;;50;0;0;0;"Mesurées";;"Involontaire (particulier)";;;;;""
2020;13888;"34";"34344";"La Grande-Motte";"2020-07-17 17:17:00";2367;2367;;;;;;;;;;"5";"Involontaire (travaux)";;;;;""
2020;17460;"66";"66190";"Salses-le-Château";"2020-07-17 18:04:00";20000;10000;10000;;;;;;;;;"6";;;;;;""
2020;4941;"72";"72244";"Précigné";"2020-07-17 19:21:00";500;500;;0;;;0;0;0;0;"Estimées";;;;;;;""
2020;14090;"84";"84123";"Sault";"2020-07-17 22:40:00";10000;;;;;;;;;;;;;;;;;""
2020;12257;"41";"41032";"Chailles";"2020-07-18 07:11:00";10;0;;10;;;10;0;0;0;"Estimées";;;;;;;""
2020;14295;"11";"11145";"Fleury";"2020-07-18 13:41:00";350;;;;;;;;;;;;;;;;;""
2020;1295;"63";"63430";"Thiers";"2020-07-18 14:30:00";1773;0;;220;;;220;1553;0;1553;"Mesurées";;;;;;;""
2020;17461;"66";"66141";"Pia";"2020-07-18 16:01:00";17000;;17000;;;;;;;;;"1";"Malveillance";;;;;""
2020;14297;"11";"11027";"Barbaira";"2020-07-18 16:16:00";200;;;;;;;;;;;;;;;;;""
2020;5912;"40";"40152";"Lesperon";"2020-07-18 16:20:00";800;800;;0;;;0;;;0;;;"Accidentelle";;;;;""
2020;14296;"11";"11145";"Fleury";"2020-07-18 16:35:00";2240;;;;;;;;;;;;;;;;;""
2020;17025;"13";"13063";"Miramas";"2020-07-18 16:41:00";50;50;;;;;;;;;;;;;;;;""
2020;13776;"34";"34320";"Vailhauquès";"2020-07-18 16:44:00";81;;81;;;;;;;;;"1";"Involontaire (travaux)";;;;;""
2020;14211;"34";"34181";"Neffiès";"2020-07-18 21:01:00";3902;;3902;;;;;;;;;"1";"Malveillance";;;;;""
2020;17462;"66";"66069";"Espira-de-l'Agly";"2020-07-18 22:48:00";5000;;5000;;;;;;;;;"2";"Malveillance";;;;;""
2020;14088;"2A";"2A004";"Ajaccio";"2020-07-19 06:26:00";20;;20;;;;;;;;;"1";;;;;;""
2020;17026;"13";"13056";"Martigues";"2020-07-19 08:33:00";2;2;;;;;;;;;;"1";;;;;;""
2020;1478;"77";"77186";"Fontainebleau";"2020-07-19 08:56:00";200;200;;0;;;0;0;0;0;"Estimées";;;;;;;""
2020;4922;"72";"72004";"Amné";"2020-07-19 11:24:00";4;4;;0;;;0;0;0;0;"Estimées";;;;;;;""
2020;5198;"15";"15108";"Val d'Arcomie";"2020-07-19 13:19:00";20000;20000;;0;;;0;0;0;0;"Estimées";;;;;;;""
2020;13934;"04";"04130";"Montlaux";"2020-07-19 15:02:00";2800;18;;;;;;;;2782;;"3";"Involontaire (travaux)";;;;;""
2020;4122;"38";"38316";"Pont-de-Chéruy";"2020-07-19 16:03:00";200;0;;200;;;200;0;0;0;"Estimées";;;;;;;""
2020;2623;"37";"37104";"Esvres";"2020-07-19 16:36:00";1000;0;;1000;;;1000;0;0;0;"Estimées";;;;;;;""
2020;15834;"30";"30129";"Générargues";"2020-07-19 16:46:00";130605;123800;;;;;;;;6805;;"1";"Malveillance";;;;;""
2020;17027;"13";"13108";"Tarascon";"2020-07-19 16:50:00";4000;2000;2000;;;;;;;;;"1";;;;;;""
2020;1421;"19";"19254";"Ségur-le-Château";"2020-07-19 16:57:00";700;0;;700;;;700;0;0;0;"Estimées";;"Accidentelle";;;;;""
2020;4923;"72";"72137";"Villeneuve-en-Perseigne";"2020-07-19 17:27:00";30;30;;0;;;0;0;0;0;"Estimées";;;;;;;""
2020;3215;"31";"31149";"Colomiers";"2020-07-19 17:44:00";800;0;;800;;;800;0;0;0;"Mesurées";;"Accidentelle";;;;;""
2020;5374;"47";"47001";"Agen";"2020-07-19 17:47:00";20;20;;0;;;0;;;0;;;"Accidentelle";;;;;""
2020;17028;"13";"13001";"Aix-en-Provence";"2020-07-19 18:20:00";2;2;;;;;;;;;;"1";"Accidentelle";;;;;""
2020;4123;"38";"38243";"Le Monestier-du-Percy";"2020-07-19 19:23:00";600;0;;600;;;600;0;0;0;"Estimées";;;;;;;""
2020;6126;"33";"33449";"Saint-Médard-en-Jalles";"2020-07-19 20:37:00";500;500;;0;;;0;;;0;;;;;;;;""
2020;6127;"33";"33448";"Saint-Médard-d'Eyrans";"2020-07-19 20:56:00";4000;4000;;0;;;0;;;0;;;;;;;;""
2020;17464;"66";"66041";"Cases-de-Pène";"2020-07-19 22:22:00";10000;;10000;;;;;;;;;"1";"Malveillance";;;;;""
2020;17029;"13";"13066";"Noves";"2020-07-20 06:12:00";200;200;;;;;;;;;;"1";"Involontaire (particulier)";;;;;""
2020;723;"88";"88078";"Bruyères";"2020-07-20 11:52:00";5;5;;0;;;0;0;0;0;"Estimées";;;;;;;""
2020;13992;"2B";"2B145";"Loreto-di-Casinca";"2020-07-20 14:25:00";2500;;2500;;;;;;;;;"1";;;;;;""
2020;14298;"11";"11199";"Lavalette";"2020-07-20 14:32:00";1500;;;;;;;;;;;;;;;;;""
2020;13937;"04";"04208";"Simiane-la-Rotonde";"2020-07-20 14:34:00";1900;800;;;;;;;;1100;;"3";"Involontaire (particulier)";;;;;""
2020;597;"81";"81201";"Pampelonne";"2020-07-20 14:34:00";10000;0;;30;;;30;0;9970;9970;"Estimées";;"Accidentelle";;;;;""
2020;15173;"34";"34181";"Neffiès";"2020-07-20 14:43:00";1;;;;;;;;;;;"1";"Involontaire (travaux)";;;;;""
2020;13993;"2B";"2B009";"Aléria";"2020-07-20 15:26:00";33000;25000;8000;;;;;;;;;"3";"Malveillance";;;;;""
2020;18645;"2B";"2B009";"Aléria";"2020-07-20 15:26:00";400;;400;;;;;;;;;"1";"Malveillance";;;;;""
2020;6133;"33";"33296";"Mouliets-et-Villemartin";"2020-07-20 15:36:00";100;100;;0;;;0;;;0;;;;;;;;""
2020;1555;"89";"89296";"Perrigny-sur-Armançon";"2020-07-20 15:38:00";3000;3000;;0;;;0;0;0;0;"Estimées";;;;;;;""
2020;4126;"38";"38150";"Domène";"2020-07-20 15:56:00";100;0;;100;;;100;0;0;0;"Estimées";;;;;;;""
2020;3543;"68";"68112";"Guebwiller";"2020-07-20 16:30:00";12000;12000;;0;;;0;0;0;0;"Estimées";;;;;;;""
2020;4338;"12";"12270";"Sévérac d'Aveyron";"2020-07-20 16:53:00";282700;229000;;2300;;;2300;51400;0;51400;"Mesurées";;;;;;;""
2020;14464;"34";"34108";"Frontignan";"2020-07-20 18:30:00";388;;388;;;;;;;;;"1";"Involontaire (particulier)";;;;;""
2020;1436;"19";"19016";"Bar";"2020-07-20 20:03:00";50;50;;0;;;0;0;0;0;"Estimées";;;;;;;""
2020;1024;"46";"46256";"Saint-Cirq-Lapopie";"2020-07-20 21:18:00";65000;65000;;0;;;0;0;0;0;"Estimées";;;;;;;""
2020;4054;"10";"10349";"Saint-Lyé";"2020-07-21 00:55:00";10000;10000;;0;;;0;0;0;0;"Estimées";;;;;;;""
2020;6137;"33";"33380";"Val-de-Livenne";"2020-07-21 01:03:00";8000;8000;;0;;;0;;;0;;;;;;;;""
2020;2279;"17";"17118";"Corignac";"2020-07-21 01:25:00";100;100;;0;;;0;0;0;0;"Mesurées";;;;;;;""
2020;14542;"34";"34301";"Sète";"2020-07-21 02:52:00";855;855;;;;;;;;;;"4";"Involontaire (particulier)";;;;;""
2020;14044;"34";"34232";"Roquebrun";"2020-07-21 09:23:00";5;5;;;;;;;;;;"2";"Involontaire (particulier)";;;;;""
2020;14126;"26";"26200";"Montfroc";"2020-07-21 12:04:00";104200;33600;70600;;;;;;;;;"4";"Malveillance";;;;;""
2020;2277;"17";"17385";"Saint-Pierre-d'Oléron";"2020-07-21 12:06:00";1500;1500;;0;;;0;0;0;0;"Estimées";;;;;;;""
2020;3787;"70";"70371";"Montureux-et-Prantigny";"2020-07-21 12:45:00";40;0;;40;;;40;0;0;0;"Estimées";;;;;;;""
2020;5118;"27";"27050";"Beaumontel";"2020-07-21 13:08:00";40000;0;;5000;;;5000;15000;20000;35000;"Estimées";;;;;;;""
2020;14299;"11";"11262";"Narbonne";"2020-07-21 13:10:00";27209;;;;;;;;;;;;;;;;;""
2020;726;"88";"88413";"Saint-Dié-des-Vosges";"2020-07-21 13:29:00";5;5;;0;;;0;0;0;0;"Estimées";;;;;;;""
2020;3741;"74";"74001";"Abondance";"2020-07-21 13:33:00";1500;1500;;0;;;0;0;0;0;"Estimées";;;;;;;""
2020;14127;"26";"26084";"Châteauneuf-sur-Isère";"2020-07-21 13:47:00";34900;19200;7000;;;;;;;8700;;"5";"Involontaire (particulier)";;;;;""
2020;1300;"63";"63469";"Vollore-Ville";"2020-07-21 13:50:00";225;225;;0;;;0;0;0;0;"Mesurées";;"Accidentelle";;;;;""
2020;17465;"66";"66024";"Le Boulou";"2020-07-21 14:08:00";5000;;5000;;;;;;;;;"1";;;;;;""
2020;4770;"14";"14630";"Saint-Martin-des-Entrées";"2020-07-21 15:13:00";800;0;;800;;;800;0;0;0;"Estimées";;"Accidentelle";;;;;"Données partielles ou non valides"
2020;16115;"30";"30129";"Générargues";"2020-07-21 16:13:00";50;;;;;;;;;;;"1";"Involontaire (travaux)";;;;;""
2020;1710;"28";"28122";"Dammarie";"2020-07-21 16:36:00";480000;0;;10000;;;10000;470000;0;470000;"Estimées";;;;;;;""
2020;3633;"16";"16253";"Paizay-Naudouin-Embourie";"2020-07-21 17:02:00";10000;0;;10000;;;10000;0;0;0;"Estimées";;;;;;;""
2020;5121;"27";"27397";"Ménilles";"2020-07-21 17:04:00";10500;0;;500;;;500;10000;0;10000;"Estimées";;;;;;;""
2020;4773;"14";"14546";"Rouvres";"2020-07-21 17:05:00";102000;0;;12000;;;12000;90000;0;90000;"Estimées";;;;;;;"Données partielles ou non valides"
2020;727;"88";"88075";"La Bresse";"2020-07-21 17:08:00";1;1;;0;;;0;0;0;0;"Estimées";;;;;;;""
2020;15542;"48";"48119";"Prévenchères";"2020-07-21 18:09:00";10;;10;;;;;;;;;"1";"Naturelle";;;;;""
2020;3802;"70";"70418";"La Romaine";"2020-07-21 18:13:00";400;0;;400;;;400;0;0;0;"Estimées";;;;;;;""
2020;12271;"41";"41220";"Saint-Laurent-Nouan";"2020-07-21 18:20:00";100;0;;100;;;100;0;0;0;"Estimées";;"Malveillance";;;;;""
2020;4775;"14";"14341";"Ifs";"2020-07-21 21:09:00";20;0;;20;;;20;0;0;0;"Estimées";;;;;;;"Données partielles ou non valides"
2020;6139;"33";"33382";"Saint-Christoly-de-Blaye";"2020-07-21 23:13:00";7000;7000;;0;;;0;;;0;;;;;;;;""
2020;16119;"30";"30129";"Générargues";"2020-07-22 03:05:00";300;;300;;;;;;;;;"1";"Involontaire (travaux)";;;;;""
2020;16116;"30";"30129";"Générargues";"2020-07-22 03:05:00";10;;;;;;;;;;;"1";"Involontaire (travaux)";;;;;""
2020;5913;"40";"40326";"Vielle-Saint-Girons";"2020-07-22 04:21:00";12000;12000;;0;;;0;;;0;;;"Naturelle";;;;;""
2020;14100;"84";"84140";"Vaugines";"2020-07-22 05:46:00";10;;;;;;;;;;;;;;;;;""
2020;2646;"37";"37254";"Tauxigny-Saint-Bauld";"2020-07-22 09:46:00";200;0;;200;;;200;0;0;0;"Estimées";;;;;;;""
2020;5755;"64";"64376";"Meillon";"2020-07-22 12:14:00";100;0;;100;;;100;;;0;;;;;;;;""
2020;14015;"30";"30316";"Sénéchas";"2020-07-22 12:57:00";200;;;;;;;;;;;;;;;;;""
2020;2179;"88";"88379";"Rehaincourt";"2020-07-22 13:54:00";20000;20000;;0;;;0;0;0;0;"Estimées";;;;;;;""
2020;2180;"88";"88140";"Dombrot-le-Sec";"2020-07-22 14:46:00";2000;2000;;0;;;0;0;0;0;"Estimées";;;;;;;""
2020;1721;"28";"28130";"Digny";"2020-07-22 14:53:00";130000;0;;10000;;;10000;120000;0;120000;"Estimées";;;;;;;""
2020;682;"76";"76088";"Berville-sur-Seine";"2020-07-22 15:19:00";30000;0;;30000;;;30000;0;0;0;"Mesurées";;;;;;;""
2020;676;"49";"49018";"Baugé-en-Anjou";"2020-07-22 15:59:00";50000;50000;;0;;;0;0;0;0;"Estimées";;;;;;;""
2020;15543;"48";"48079";"Lajo";"2020-07-22 16:12:00";20;;20;;;;;;;;;"1";"Accidentelle";;;;;""
2020;5125;"27";"27287";"Glisolles";"2020-07-22 16:19:00";15500;0;;500;;;500;0;15000;15000;"Estimées";;;;;;;""
2020;16117;"30";"30088";"Combas";"2020-07-22 16:32:00";30;;;;;;;;;;;;;;;;;""
2020;12280;"41";"41167";"Veuzain-sur-Loire";"2020-07-22 17:22:00";10;0;;10;;;10;0;0;0;"Estimées";;;;;;;""
2020;2184;"88";"88206";"Gironcourt-sur-Vraine";"2020-07-22 17:31:00";1000;0;;1000;;;1000;0;0;0;"Estimées";;;;;;;""
2020;2183;"88";"88270";"Liffol-le-Grand";"2020-07-22 17:31:00";5;5;;0;;;0;0;0;0;"Estimées";;;;;;;""
2020;15109;"34";"34184";"Nizas";"2020-07-22 17:45:00";2092;2092;;;;;;;;;;"3";;;;;;""
2020;16118;"30";"30202";"Pont-Saint-Esprit";"2020-07-22 18:06:00";500;;;;;;;;;;;;;;;;;""
2020;5914;"40";"40155";"Linxe";"2020-07-22 19:51:00";1000;1000;;0;;;0;;;0;;;;;;;;""
2020;12284;"41";"41032";"Chailles";"2020-07-22 20:25:00";10;0;;10;;;10;0;0;0;"Estimées";;;;;;;""
2020;746;"85";"85234";"Saint-Jean-de-Monts";"2020-07-22 21:08:00";5;5;;0;;;0;0;0;0;"Mesurées";;"Malveillance";;;;;""
2020;14300;"11";"11067";"Canet";"2020-07-22 23:08:00";200;;;;;;;;;;;;;;;;;""
2020;835;"85";"85113";"L'Île-d'Yeu";"2020-07-23 00:07:00";200;200;;0;;;0;0;0;0;"Mesurées";;;;;;;""
2020;5382;"47";"47100";"Foulayronnes";"2020-07-23 04:19:00";10;10;;0;;;0;;;0;;;;;;;;""
2020;1942;"21";"21512";"Puligny-Montrachet";"2020-07-23 10:33:00";1500;0;;1500;;;1500;0;0;0;"Estimées";;;;;;;""
2020;3819;"70";"70478";"Saulx";"2020-07-23 10:47:00";10;0;;10;;;10;0;0;0;"Estimées";;;;;;;""
2020;836;"85";"85089";"La Ferrière";"2020-07-23 11:44:00";30;0;;30;;;30;0;0;0;"Mesurées";;;;;;;""
2020;2438;"87";"87092";"Marval";"2020-07-23 11:56:00";200;0;;200;;;200;0;0;0;"Mesurées";;;;;;;""
2020;12286;"41";"41293";"Villiersfaux";"2020-07-23 12:26:00";100;0;;100;;;100;0;0;0;"Estimées";;;;;;;""
2020;14103;"84";"84085";"Murs";"2020-07-23 14:52:00";700;700;;;;;;;;;;"4";"Involontaire (travaux)";;;;;""
2020;757;"55";"55073";"Bras-sur-Meuse";"2020-07-23 15:30:00";750;0;;750;;;750;0;0;0;"Estimées";;;;;;;""
2020;14223;"04";"04088";"Forcalquier";"2020-07-23 15:34:00";390;390;;;;;;;;;;"5";"Involontaire (particulier)";;;;;""
2020;1732;"28";"28406";"Éole-en-Beauce";"2020-07-23 16:06:00";25000;0;;15000;;;15000;10000;0;10000;"Estimées";;;;;;;""
2020;14224;"04";"04088";"Forcalquier";"2020-07-23 16:49:00";600;600;;;;;;;;;;"5";"Involontaire (travaux)";;;;;""
2020;14111;"05";"05115";"Remollon";"2020-07-23 16:53:00";9600;8400;1000;;;;;;;200;;"5";"Involontaire (particulier)";;;;;""
2020;6143;"33";"33380";"Val-de-Livenne";"2020-07-23 16:54:00";3000;3000;;0;;;0;;;0;;;;;;;;""
2020;14225;"04";"04068";"Dauphin";"2020-07-23 17:09:00";2100;50;;;;;;;;2050;;"3";"Accidentelle";;;;;""
2020;17466;"66";"66127";"Opoul-Périllos";"2020-07-23 17:14:00";200;200;;;;;;;;;;"2";"Naturelle";;;;;""
2020;12288;"41";"41234";"Santenay";"2020-07-23 18:21:00";40;0;;40;;;40;0;0;0;"Estimées";;;;;;;""
2020;4127;"38";"38157";"Estrablin";"2020-07-23 18:51:00";5000;0;;5000;;;5000;0;0;0;"Estimées";;;;;;;""
2020;6145;"33";"33422";"Saint-Jean-d'Illac";"2020-07-23 19:04:00";2000;2000;;0;;;0;;;0;;;;;;;;""
2020;2439;"87";"87106";"Nexon";"2020-07-23 19:52:00";300;0;;300;;;300;0;0;0;"Mesurées";;;;;;;""
2020;18233;"05";"05164";"Savines-le-Lac";"2020-07-23 19:53:00";10;;;;;;;;;;;;"Accidentelle";;;;;""
2020;841;"85";"85157";"Moutiers-sur-le-Lay";"2020-07-23 20:48:00";4;0;;4;;;4;0;0;0;"Mesurées";;"Involontaire (travaux)";;;;;""
2020;14301;"11";"11024";"Bages";"2020-07-23 20:53:00";100;;;;;;;;;;;;;;;;;""
2020;2185;"88";"88426";"Saint-Maurice-sur-Moselle";"2020-07-23 21:09:00";30;30;;0;;;0;0;0;0;"Estimées";;;;;;;""
2020;2662;"37";"37211";"Saint-Branchs";"2020-07-23 21:51:00";50;0;;50;;;50;0;0;0;"Estimées";;;;;;;""
2020;5869;"64";"64527";"Souraïde";"2020-07-23 21:59:00";2;0;;2;;;2;;;0;;;"Accidentelle";;;;;""
2020;5915;"40";"40310";"Soustons";"2020-07-23 22:19:00";500;500;;0;;;0;;;0;;;;;;;;""
2020;14544;"34";"34103";"Fontès";"2020-07-24 00:07:00";621;;621;;;;;;;;;"1";"Involontaire (particulier)";;;;;""
2020;4059;"10";"10349";"Saint-Lyé";"2020-07-24 05:28:00";10000;10000;;0;;;0;0;0;0;"Estimées";;;;;;;""
2020;12293;"41";"41146";"Monthou-sur-Cher";"2020-07-24 08:23:00";20;0;;20;;;20;0;0;0;"Estimées";;;;;;;""
2020;3991;"90";"90075";"Offemont";"2020-07-24 09:34:00";50;0;;50;;;50;0;0;0;"Estimées";;;;;;;""
2020;14302;"11";"11266";"Port-la-Nouvelle";"2020-07-24 12:28:00";20;;;;;;;;;;;;;;;;;""
2020;5916;"40";"40192";"Mont-de-Marsan";"2020-07-24 13:25:00";300;280;;0;;;0;;;20;;;"Involontaire (travaux)";;;;;""
2020;17033;"13";"13041";"Gardanne";"2020-07-24 14:12:00";50;50;;;;;;;;;;"1";"Involontaire (particulier)";;;;;""
2020;6148;"33";"33380";"Val-de-Livenne";"2020-07-24 14:51:00";2500;2500;;0;;;0;;;0;;;;;;;;""
2020;17467;"66";"66231";"Vingrau";"2020-07-24 15:53:00";2000;;2000;;;;;;;;;"2";"Naturelle";;;;;""
2020;4926;"72";"72213";"Mulsanne";"2020-07-24 16:13:00";2000;2000;;0;;;0;0;0;0;"Estimées";;;;;;;""
2020;14189;"34";"34197";"Péret";"2020-07-24 16:28:00";9698;;9698;;;;;;;;;"1";"Involontaire (particulier)";;;;;""
2020;17031;"13";"13077";"Port-de-Bouc";"2020-07-24 16:31:00";2000;2000;;;;;;;;;;"1";;;;;;""
2020;15010;"06";"06020";"La Bollène-Vésubie";"2020-07-24 16:43:00";200;;200;;;;;;;;;"1";"Naturelle";;;;;""
2020;2259;"03";"03195";"Néris-les-Bains";"2020-07-24 16:51:00";20000;20000;;0;;;0;0;0;0;"Mesurées";;"Malveillance";;;;;""
2020;14851;"2A";"2A130";"Grosseto-Prugna";"2020-07-24 17:24:00";10;;;;;;;;;10;;;;;;;;""
2020;14713;"2A";"2A001";"Afa";"2020-07-24 17:58:00";1;;1;;;;;;;;;;;;;;;""
2020;14539;"34";"34014";"Assas";"2020-07-24 18:13:00";952;;952;;;;;;;;;"1";"Accidentelle";;;;;""
2020;5264;"24";"24507";"Sainte-Trie";"2020-07-24 18:18:00";10000;10000;;0;;;0;;;0;;;;;;;;""
2020;17032;"13";"13081";"Rognac";"2020-07-24 18:29:00";20;20;;;;;;;;;;"1";;;;;;""
2020;14541;"34";"34197";"Péret";"2020-07-24 18:44:00";30551;;30551;;;;;;;;;"1";"Involontaire (particulier)";;;;;""
2020;3519;"71";"71294";"Mercurey";"2020-07-24 19:10:00";1500;0;;1500;;;1500;0;0;0;"Estimées";;;;;;;""
2020;4927;"72";"72221";"Nogent-sur-Loir";"2020-07-24 19:53:00";2000;2000;;0;;;0;0;0;0;"Estimées";;;;;;;""
2020;1399;"19";"19031";"Brive-la-Gaillarde";"2020-07-24 20:02:00";5;0;;5;;;5;0;0;0;"Estimées";;;;;;;""
2020;6150;"33";"33436";"Saint-Magne";"2020-07-24 20:12:00";30;30;;0;;;0;;;0;;;;;;;;""
2020;2278;"17";"17240";"Montendre";"2020-07-24 20:17:00";1000;1000;;0;;;0;0;0;0;"Estimées";;;;;;;""
2020;4928;"72";"72100";"Courcelles-la-Forêt";"2020-07-24 20:23:00";200;200;;0;;;0;0;0;0;"Estimées";;;;;;;""
2020;2199;"88";"88290";"Martigny-les-Gerbonvaux";"2020-07-25 09:53:00";15;15;;0;;;0;0;0;0;"Estimées";;;;;;;""
2020;4060;"10";"10349";"Saint-Lyé";"2020-07-25 11:36:00";10000;10000;;0;;;0;0;0;0;"Estimées";;;;;;;""
2020;17038;"13";"13081";"Rognac";"2020-07-25 11:45:00";2000;2000;;;;;;;;;;"1";"Involontaire (particulier)";;;;;""
2020;17037;"13";"13087";"Rousset";"2020-07-25 12:02:00";2000;2000;;;;;;;;;;"1";"Accidentelle";;;;;""
2020;14114;"05";"05178";"Ventavon";"2020-07-25 12:22:00";40000;;;;;;;;;;;;"Involontaire (particulier)";;;;;""
2020;14227;"04";"04050";"Châteaufort";"2020-07-25 15:20:00";19;19;;;;;;;;;;"3";"Involontaire (particulier)";;;;;""
2020;2262;"88";"88383";"Remiremont";"2020-07-25 15:45:00";4;4;;0;;;0;0;0;0;"Estimées";;;;;;;""
2020;17039;"13";"13102";"Saint-Victoret";"2020-07-25 15:46:00";30;30;;;;;;;;;;"1";"Involontaire (particulier)";;;;;""
2020;12301;"41";"41204";"Saint-Claude-de-Diray";"2020-07-25 15:52:00";1000;0;;1000;;;1000;0;0;0;"Estimées";;;;;;;""
2020;2260;"03";"03185";"Montluçon";"2020-07-25 16:17:00";15000;15000;;0;;;0;0;0;0;"Estimées";;"Malveillance";;;;;""
2020;17036;"13";"13027";"Châteaurenard";"2020-07-25 17:39:00";1000;1000;;;;;;;;;;"1";"Accidentelle";;;;;""
2020;4134;"38";"38389";"Saint-Georges-d'Espéranche";"2020-07-25 17:53:00";1500;0;;1500;;;1500;0;0;0;"Estimées";;;;;;;""
2020;4063;"10";"10141";"Essoyes";"2020-07-25 18:12:00";10000;10000;;0;;;0;0;0;0;"Estimées";;;;;;;""
2020;14304;"11";"11069";"Carcassonne";"2020-07-25 18:29:00";80;;;;;;;;;;;;;;;;;""
2020;17035;"13";"13071";"Les Pennes-Mirabeau";"2020-07-25 19:04:00";100;100;;;;;;;;;;"1";;;;;;""
2020;17034;"13";"13039";"Fos-sur-Mer";"2020-07-25 22:29:00";10;10;;;;;;;;;;"1";"Involontaire (particulier)";;;;;""
2020;15186;"13";"13100";"Saint-Rémy-de-Provence";"2020-07-26 00:00:00";10;10;;;;;;;;;;"1";"Involontaire (particulier)";;;;;""
2020;3221;"31";"31227";"Goyrans";"2020-07-26 01:11:00";6000;0;;6000;;;6000;0;0;0;"Estimées";;;;;;;""
2020;14217;"2B";"2B355";"Volpajola";"2020-07-26 02:29:00";100;;100;;;;;;;;;"1";"Malveillance";;;;;""
2020;14230;"04";"04049";"Château-Arnoux-Saint-Auban";"2020-07-26 10:31:00";31;;31;;;;;;;;;"4";"Involontaire (particulier)";;;;;""
2020;12302;"41";"41104";"Huisseau-sur-Cosson";"2020-07-26 12:18:00";30;0;;30;;;30;0;0;0;"Estimées";;;;;;;""
2020;17468;"66";"66057";"Corneilla-de-Conflent";"2020-07-26 12:25:00";2000;2000;;;;;;;;;;"4";"Naturelle";;;;;""
2020;14305;"11";"11145";"Fleury";"2020-07-26 14:34:00";10175;;;;;;;;;;;;;;;;;""
2020;6153;"33";"33529";"La Teste-de-Buch";"2020-07-26 16:24:00";500;500;;0;;;0;;;0;;;;;;;;""
2020;14714;"2A";"2A359";"Zicavo";"2020-07-26 16:52:00";1;;1;;;;;;;;;"1";"Involontaire (travaux)";;;;;""
2020;6154;"33";"33090";"Canéjan";"2020-07-26 16:57:00";300;300;;0;;;0;;;0;;;;;;;;""
2020;3957;"74";"74080";"La Clusaz";"2020-07-26 16:59:00";40;40;;0;;;0;0;0;0;"Estimées";;;;;;;""
2020;3384;"39";"39323";"Menotey";"2020-07-26 17:03:00";50;0;;50;;;50;0;0;0;"Estimées";;;;;;;""
2020;4935;"72";"72373";"Vibraye";"2020-07-26 18:25:00";4000;4000;;0;;;0;0;0;0;"Estimées";;;;;;;""
2020;3993;"90";"90014";"Boron";"2020-07-26 19:03:00";10;0;;10;;;10;0;0;0;"Estimées";;"Involontaire (particulier)";;;;;""
2020;1479;"77";"77186";"Fontainebleau";"2020-07-27 08:34:00";1500;1500;;0;;;0;0;0;0;"Mesurées";;;;;;;""
2020;1503;"77";"77186";"Fontainebleau";"2020-07-27 09:25:00";1;1;;0;;;0;0;0;0;"Mesurées";;"Involontaire (particulier)";;;;;""
2020;1504;"77";"77186";"Fontainebleau";"2020-07-27 09:49:00";1500;1500;;0;;;0;0;0;0;"Estimées";;;;;;;""
2020;14716;"2A";"2A209";"Peri";"2020-07-27 10:29:00";1300;;1300;;;;;;;;;"1";;;;;;""
2020;14229;"34";"34172";"Montpellier";"2020-07-27 11:17:00";27;;27;;;;;;;;;"1";"Involontaire (particulier)";;;;;""
2020;3994;"90";"90005";"Auxelles-Bas";"2020-07-27 12:45:00";100;0;;100;;;100;0;0;0;"Estimées";;"Malveillance";;;;;""
2020;2412;"45";"45098";"Cléry-Saint-André";"2020-07-27 13:40:00";100000;100000;;0;;;0;0;0;0;"Mesurées";;"Involontaire (particulier)";;;;;""
2020;6157;"33";"33536";"Le Tuzan";"2020-07-27 13:51:00";2897000;2897000;;0;;;0;;;0;;;;;;;;""
2020;5270;"24";"24420";"Saint-Géry";"2020-07-27 14:07:00";30000;30000;;0;;;0;;;0;;;;;;;;""
2020;14218;"30";"30090";"Concoules";"2020-07-27 14:15:00";500;;;;;;;;;;;"5";;;;;;""
2020;2445;"87";"87194";"Sussac";"2020-07-27 15:25:00";5000;0;;5000;;;5000;0;0;0;"Estimées";;;;;;;""
2020;914;"91";"91508";"Puiselet-le-Marais";"2020-07-27 15:33:00";70000;20000;;0;;;0;0;50000;50000;"Estimées";;;;;;;""
2020;2414;"45";"45335";"Vienne-en-Val";"2020-07-27 15:35:00";2400000;1200000;;1200000;;;1200000;0;0;0;"Mesurées";;;;;;;""
2020;1301;"63";"63418";"Sermentizon";"2020-07-27 15:42:00";33161;161;;0;;;0;0;33000;33000;"Mesurées";;;;;;;""
2020;1026;"46";"46208";"Montvalent";"2020-07-27 15:47:00";100000;100000;;0;;;0;0;0;0;"Estimées";;;;;;;""
2020;864;"21";"21617";"Talant";"2020-07-27 15:50:00";33644;33644;;0;;;0;0;0;0;"Mesurées";;;;;;;""
2020;5271;"24";"24547";"Terrasson-Lavilledieu";"2020-07-27 16:15:00";20000;20000;;0;;;0;;;0;;;;;;;;""
2020;774;"81";"81315";"Vielmur-sur-Agout";"2020-07-27 16:22:00";300;0;;300;;;300;0;0;0;"Estimées";;;;;;;""
2020;14374;"07";"07079";"Désaignes";"2020-07-27 16:24:00";2000;2000;;;;;;;;;;"5";"Accidentelle";;;;;""
2020;794;"02";"02305";"Fère-en-Tardenois";"2020-07-27 16:27:00";100000;0;;100000;;;100000;0;0;0;"Estimées";;"Accidentelle";;;;;""
2020;4140;"38";"38139";"Creys-Mépieu";"2020-07-27 17:14:00";4500;4500;;0;;;0;0;0;0;"Estimées";;;;;;;""
2020;1374;"60";"60665";"Venette";"2020-07-27 17:16:00";70000;0;;70000;;;70000;0;0;0;"Estimées";;;;;;;""
2020;5396;"47";"47202";"Paulhiac";"2020-07-27 17:18:00";3000;3000;;0;;;0;;;0;;;;;;;;""
2020;12308;"41";"41282";"Villeherviers";"2020-07-27 17:23:00";5000;5000;;0;;;0;0;0;0;"Estimées";;"Involontaire (travaux)";;;;;""
2020;14220;"30";"30265";"Saint-Jean-de-Crieulon";"2020-07-27 17:26:00";1415;1415;;;;;;;;;;"1";;;;;;""
2020;3520;"71";"71531";"La Tagnière";"2020-07-27 17:39:00";10000;10000;;0;;;0;0;0;0;"Estimées";;;;;;;""
2020;14964;"11";"11069";"Carcassonne";"2020-07-27 17:45:00";300;;;;;;;;;;;;;;;;;""
2020;3123;"08";"08022";"Arreux";"2020-07-27 18:03:00";6000;6000;;0;;;0;0;0;0;"Estimées";;"Involontaire (particulier)";;;;;""
2020;14306;"11";"11099";"Conques-sur-Orbiel";"2020-07-27 20:03:00";5937;;;;;;;;;;;;;;;;;""
2020;14965;"11";"11069";"Carcassonne";"2020-07-27 23:35:00";300;;;;;;;;;;;;;;;;;""
2020;12311;"41";"41295";"Vineuil";"2020-07-28 13:46:00";50000;50000;;0;;;0;0;0;0;"Estimées";;;;;;;""
2020;1028;"46";"46072";"Concorès";"2020-07-28 13:59:00";2500;0;;2500;;;2500;0;0;0;"Estimées";;"Involontaire (particulier)";;;;;""
2020;14375;"07";"07040";"Boucieu-le-Roi";"2020-07-28 14:09:00";1500;;1500;;;;;;;;;"1";;;;;;""
2020;1558;"89";"89051";"Les Bordes";"2020-07-28 14:10:00";6000;6000;;0;;;0;0;0;0;"Estimées";;;;;;;""
2020;1559;"89";"89426";"Val-de-Mercy";"2020-07-28 14:13:00";900;400;;0;;;0;0;500;500;"Estimées";;;;;;;""
2020;14401;"83";"83069";"Hyères";"2020-07-28 14:31:00";15200;600;;;;;;;;14600;;"2";"Involontaire (travaux)";;;;;""
2020;2550;"88";"88095";"Châtenois";"2020-07-28 15:08:00";70;0;;70;;;70;0;0;0;"Estimées";;;;;;;""
2020;15892;"2A";"2A189";"Olmeto";"2020-07-28 15:26:00";1035;;1035;;;;;;;;;"1";"Malveillance";;;;;""
2020;2553;"88";"88258";"Lamarche";"2020-07-28 15:27:00";20;20;;0;;;0;0;0;0;"Estimées";;;;;;;""
2020;5581;"64";"64287";"Laàs";"2020-07-28 15:38:00";100;0;;100;;;100;;;0;;;"Involontaire (particulier)";;;;;""
2020;4142;"38";"38440";"Saint-Pierre-de-Bressieux";"2020-07-28 16:00:00";5000;0;;5000;;;5000;0;0;0;"Estimées";;;;;;;""
2020;15843;"30";"30264";"Saint-Jean-de-Ceyrargues";"2020-07-28 16:12:00";1000;;;;;;;;;;;;;;;;;""
2020;2727;"37";"37009";"Autrèche";"2020-07-28 16:20:00";13000;0;;13000;;;13000;0;0;0;"Estimées";;;;;;;""
2020;2446;"87";"87087";"Lussac-les-Églises";"2020-07-28 17:02:00";30000;0;;30000;;;30000;0;0;0;"Estimées";;;;;;;""
2020;858;"52";"52394";"Poinson-lès-Fayl";"2020-07-28 17:54:00";10000;0;;10000;;;10000;0;0;0;"Estimées";;;;;;;""
2020;15893;"2A";"2A279";"Serriera";"2020-07-28 20:23:00";80;;80;;;;;;;;;;"Accidentelle";;;;;""
2020;2555;"88";"88011";"Arches";"2020-07-28 20:35:00";500;500;;0;;;0;0;0;0;"Estimées";;;;;;;""
2020;14966;"11";"11024";"Bages";"2020-07-29 00:24:00";500;;;;;;;;;;;;;;;;;""
2020;14967;"11";"11069";"Carcassonne";"2020-07-29 01:59:00";300;;;;;;;;;;;;;;;;;""
2020;5398;"47";"47107";"Galapian";"2020-07-29 07:41:00";50;50;;0;;;0;;;0;;;"Malveillance";;;;;""
2020;5167;"86";"86024";"Béruges";"2020-07-29 08:04:00";4000;4000;;0;;;0;0;0;0;"Estimées";;;;;;;""
2020;14400;"34";"34086";"Courniou";"2020-07-29 08:39:00";168;168;;;;;;;;;;"4";"Naturelle";;;;;""
2020;3959;"74";"74068";"Chêne-en-Semine";"2020-07-29 09:35:00";20;20;;0;;;0;0;0;0;"Estimées";;"Accidentelle";;;;;""
2020;12320;"41";"41226";"Saint-Ouen";"2020-07-29 10:49:00";1000;1000;;0;;;0;0;0;0;"Estimées";;;;;;;""
2020;17040;"13";"13071";"Les Pennes-Mirabeau";"2020-07-29 11:16:00";800;800;;;;;;;;;;"1";"Involontaire (particulier)";;;;;""
2020;15895;"2A";"2A200";"Palneca";"2020-07-29 13:12:00";150;;150;;;;;;;;;"5";;;;;;""
2020;14397;"2B";"2B124";"Ghisoni";"2020-07-29 13:15:00";150;150;;;;;;;;;;"4";"Naturelle";;;;;""
2020;14969;"11";"11255";"Montredon-des-Corbières";"2020-07-29 13:46:00";10280;;;;;;;;;;;;;;;;;""
2020;17469;"66";"66024";"Le Boulou";"2020-07-29 14:42:00";10000;10000;;;;;;;;;;"2";"Involontaire (travaux)";;;;;""
2020;2448;"87";"87081";"Jourgnac";"2020-07-29 14:51:00";40000;0;;40000;;;40000;0;0;0;"Estimées";;;;;;;""
2020;14402;"04";"04106";"Lurs";"2020-07-29 15:00:00";24600;24600;;;;;;;;;;"1";"Involontaire (travaux)";;;;;""
2020;2559;"45";"45245";"Ouzouer-sur-Trézée";"2020-07-29 15:15:00";5000;5000;;0;;;0;0;0;0;"Estimées";;;;;;;""
2020;2449;"87";"87095";"Meuzac";"2020-07-29 15:16:00";20000;20000;;0;;;0;0;0;0;"Estimées";;;;;;;""
2020;1032;"46";"46311";"Sousceyrac-en-Quercy";"2020-07-29 15:17:00";2000;0;;2000;;;2000;0;0;0;"Estimées";;;;;;;""
2020;14970;"11";"11233";"Mirepeisset";"2020-07-29 15:28:00";500;;;;;;;;;;;;;;;;;""
2020;14971;"11";"11233";"Mirepeisset";"2020-07-29 15:28:00";300;;;;;;;;;;;;;;;;;""
2020;3917;"35";"35133";"Iffendic";"2020-07-29 15:47:00";5000;0;;5000;;;5000;0;0;0;"Estimées";;;;;;;""
2020;2561;"45";"45335";"Vienne-en-Val";"2020-07-29 15:59:00";1000;1000;;0;;;0;0;0;0;"Estimées";;;;;;;""
2020;6161;"33";"33449";"Saint-Médard-en-Jalles";"2020-07-29 16:27:00";4000;4000;;0;;;0;;;0;;;;;;;;""
2020;2675;"88";"88124";"Darney";"2020-07-29 16:43:00";1800;1800;;0;;;0;0;0;0;"Estimées";;;;;;;""
2020;2323;"21";"21296";"Gevrolles";"2020-07-29 18:10:00";10000;10000;;0;;;0;0;0;0;"Estimées";;;;;;;""
2020;2677;"88";"88523";"Vouxey";"2020-07-29 23:27:00";2;2;;0;;;0;0;0;0;"Estimées";;;;;;;""
2020;14798;"26";"26211";"Montségur-sur-Lauzon";"2020-07-29 23:29:00";3200;3200;;;;;;;;;;"3";"Malveillance";;;;;""
2020;15835;"30";"30239";"Sainte-Cécile-d'Andorge";"2020-07-29 23:52:00";41630;;;;;;;;;;;"4";"Malveillance";;;;;""
2020;16121;"30";"30239";"Sainte-Cécile-d'Andorge";"2020-07-30 00:51:00";532;532;;;;;;;;;;"4";"Malveillance";;;;;""
2020;16124;"30";"30239";"Sainte-Cécile-d'Andorge";"2020-07-30 00:51:00";3732;3732;;;;;;;;;;"4";"Malveillance";;;;;""
2020;17269;"30";"30239";"Sainte-Cécile-d'Andorge";"2020-07-30 00:51:00";20;;;;;;;;;;;;"Malveillance";;;;;""
2020;16123;"30";"30239";"Sainte-Cécile-d'Andorge";"2020-07-30 00:51:00";9981;9981;;;;;;;;;;"4";"Malveillance";;;;;""
2020;16122;"30";"30239";"Sainte-Cécile-d'Andorge";"2020-07-30 00:51:00";3027;3027;;;;;;;;;;"4";"Malveillance";;;;;""
2020;17153;"30";"30239";"Sainte-Cécile-d'Andorge";"2020-07-30 00:51:00";20;;;;;;;;;;;;"Malveillance";;;;;""
2020;17154;"30";"30239";"Sainte-Cécile-d'Andorge";"2020-07-30 00:51:00";25;;;;;;;;;;;;"Malveillance";;;;;""
2020;5919;"40";"40158";"Losse";"2020-07-30 08:51:00";200;200;;0;;;0;;;0;;;"Involontaire (travaux)";;;;;""
2020;4144;"38";"38076";"La Chapelle-de-la-Tour";"2020-07-30 10:18:00";100;100;;0;;;0;0;0;0;"Estimées";;;;;;;""
2020;17470;"66";"66127";"Opoul-Périllos";"2020-07-30 10:29:00";10000;;10000;;;;;;;;;"1";"Involontaire (travaux)";;;;;""
2020;12323;"41";"41198";"Saint-Aignan";"2020-07-30 12:02:00";10;0;;10;;;10;0;0;0;"Estimées";;;;;;;""
2020;5137;"27";"27301";"Grossœuvre";"2020-07-30 12:09:00";10000;0;;3000;;;3000;0;7000;7000;"Estimées";;;;;;;""
2020;1560;"89";"89209";"Jouy";"2020-07-30 13:18:00";40;20;;0;;;0;20;0;20;"Estimées";;;;;;;""
2020;2992;"67";"67021";"Barr";"2020-07-30 13:23:00";400;400;;0;;;0;0;0;0;"Estimées";;;;;;;""
2020;917;"81";"81249";"Sainte-Gemme";"2020-07-30 14:06:00";600;0;;500;;;500;0;100;100;"Estimées";;;;;;;""
2020;6164;"33";"33449";"Saint-Médard-en-Jalles";"2020-07-30 14:12:00";25000;25000;;0;;;0;;;0;;;;;;;;""
2020;15547;"48";"48095";"Mende";"2020-07-30 14:19:00";150;150;0;;;;;;;;;"4";;;;;;""
2020;4323;"17";"17074";"Bussac-Forêt";"2020-07-30 14:23:00";10;10;;0;;;0;0;0;0;"Mesurées";;;;;;;""
2020;4933;"72";"72096";"Coulans-sur-Gée";"2020-07-30 14:43:00";10000;10000;;0;;;0;0;0;0;"Estimées";;;;;;;""
2020;5168;"86";"86272";"Thuré";"2020-07-30 14:45:00";5000;5000;;0;;;0;0;0;0;"Estimées";;;;;;;""
2020;4289;"79";"79063";"Val en Vignes";"2020-07-30 14:54:00";30600;0;;600;;;600;0;30000;30000;"Estimées";;"Involontaire (travaux)";;;;;""
2020;17471;"66";"66127";"Opoul-Périllos";"2020-07-30 15:12:00";5000;;5000;;;;;;;;;"2";;;;;;""
2020;15019;"07";"07006";"Albon-d'Ardèche";"2020-07-30 15:31:00";8000;;8000;;;;;;;;;"1";;;;;;""
2020;17043;"13";"13106";"Septèmes-les-Vallons";"2020-07-30 15:33:00";10;10;;;;;;;;;;"1";"Involontaire (particulier)";;;;;""
2020;976;"23";"23029";"Le Bourg-d'Hem";"2020-07-30 15:52:00";15000;15000;;0;;;0;0;0;0;"Estimées";;;;;;;""
2020;12324;"41";"41167";"Veuzain-sur-Loire";"2020-07-30 15:56:00";5000;0;;5000;;;5000;0;0;0;"Estimées";;;;;;;""
2020;17042;"13";"13005";"Aubagne";"2020-07-30 15:56:00";50;50;;;;;;;;;;"1";"Involontaire (particulier)";;;;;""
2020;2680;"88";"88076";"Brouvelieures";"2020-07-30 16:15:00";5470;5470;;0;;;0;0;0;0;"Mesurées";;;;;;;""
2020;4034;"32";"32254";"Miramont-d'Astarac";"2020-07-30 16:20:00";20200;20000;;0;;;0;200;0;200;"Estimées";;;;;;;""
2020;4145;"38";"38496";"Sonnay";"2020-07-30 16:43:00";600;0;;600;;;600;0;0;0;"Estimées";;;;;;;""
2020;5920;"40";"40046";"Biscarrosse";"2020-07-30 17:14:00";580;480;;0;;;0;;;100;;;;;;;;""
2020;4287;"79";"79246";"Sainte-Eanne";"2020-07-30 17:19:00";80000;0;;40000;;;40000;40000;0;40000;"Estimées";;"Accidentelle";;;;;""
2020;6170;"33";"33238";"Léognan";"2020-07-30 17:23:00";3000;3000;;0;;;0;;;0;;;;;;;;""
2020;2280;"17";"17140";"Dolus-d'Oléron";"2020-07-30 18:32:00";800;800;;0;;;0;0;0;0;"Estimées";;;;;;;""
2020;5599;"64";"64024";"Anglet";"2020-07-30 18:32:00";1650000;1000000;;650000;;;650000;;;0;;;"Malveillance";;;;;""
2020;3808;"70";"70437";"Ranzevelle";"2020-07-30 18:58:00";100;0;;100;;;100;0;0;0;"Estimées";;"Naturelle";;;;;""
2020;5211;"15";"15250";"Vebret";"2020-07-30 19:02:00";800;0;;800;;;800;0;0;0;"Mesurées";;"Involontaire (travaux)";;;;;""
2020;12327;"41";"41018";"Blois";"2020-07-30 19:59:00";1500;1500;;0;;;0;0;0;0;"Estimées";;;;;;;""
2020;1302;"63";"63448";"Le Vernet-Chaméane";"2020-07-30 20:00:00";789;789;;0;;;0;0;0;0;"Mesurées";;;;;;;""
2020;1561;"89";"89296";"Perrigny-sur-Armançon";"2020-07-30 20:34:00";300;0;;50;;;50;0;250;250;"Estimées";;;;;;;""
2020;4146;"38";"38087";"Chasse-sur-Rhône";"2020-07-30 21:14:00";2000;0;;2000;;;2000;0;0;0;"Estimées";;;;;;;""
2020;12329;"41";"41173";"Beauce la Romaine";"2020-07-30 21:18:00";800;0;;800;;;800;0;0;0;"Estimées";;;;;;;""
2020;5922;"40";"40274";"Saint-Martin-d'Oney";"2020-07-30 22:13:00";10000;10000;;0;;;0;;;0;;;"Naturelle";;;;;""
2020;6175;"33";"33272";"Marsas";"2020-07-30 23:51:00";1900;1900;;0;;;0;;;0;;;;;;;;""
2020;6176;"33";"33281";"Mérignac";"2020-07-31 00:53:00";3000;3000;;0;;;0;;;0;;;;;;;;""
2020;17044;"13";"13081";"Rognac";"2020-07-31 01:50:00";5;5;;;;;;;;;;"1";;;;;;""
2020;963;"21";"21223";"Daix";"2020-07-31 06:16:00";600;600;;0;;;0;0;0;0;"Mesurées";;;;;;;""
2020;5923;"40";"40280";"Saint-Perdon";"2020-07-31 06:53:00";10;10;;0;;;0;;;0;;;"Naturelle";;;;;""
2020;5924;"40";"40061";"Campagne";"2020-07-31 08:03:00";20;20;;0;;;0;;;0;;;"Naturelle";;;;;""
2020;2993;"67";"67489";"Thal-Marmoutier";"2020-07-31 08:52:00";100;100;;0;;;0;0;0;0;"Estimées";;;;;;;""
2020;4147;"38";"38457";"Saint-Siméon-de-Bressieux";"2020-07-31 11:27:00";2000;0;;2000;;;2000;0;0;0;"Estimées";;;;;;;""
2020;2717;"45";"45268";"Saint-Aignan-le-Jaillard";"2020-07-31 11:40:00";5000;5000;;0;;;0;0;0;0;"Estimées";;;;;;;""
2020;3521;"71";"71294";"Mercurey";"2020-07-31 12:15:00";10000;0;;10000;;;10000;0;0;0;"Estimées";;;;;;;""
2020;5140;"27";"27643";"Tillières-sur-Avre";"2020-07-31 12:53:00";60000;0;;60000;;;60000;0;0;0;"Estimées";;;;;;;""
2020;3682;"70";"70125";"Champvans";"2020-07-31 13:15:00";300;300;;0;;;0;0;0;0;"Estimées";;;;;;;""
2020;4035;"32";"32083";"Castéra-Verduzan";"2020-07-31 13:46:00";21000;1000;;0;;;0;0;20000;20000;"Estimées";;"Involontaire (particulier)";;;;;""
2020;5224;"53";"53255";"Sainte-Suzanne-et-Chammes";"2020-07-31 13:53:00";100000;100000;;0;;;0;0;0;0;"Estimées";;;;;;;""
2020;17045;"13";"13001";"Aix-en-Provence";"2020-07-31 14:11:00";10;10;;;;;;;;;;"1";"Accidentelle";;;;;""
2020;1150;"21";"21661";"Velars-sur-Ouche";"2020-07-31 14:35:00";360000;183705;;0;;;0;0;176295;176295;"Mesurées";;;;;;;""
2020;1508;"77";"77186";"Fontainebleau";"2020-07-31 14:49:00";1800;1800;;0;;;0;0;0;0;"Mesurées";;"Accidentelle";;;;;""
2020;1016;"02";"02368";"Haramont";"2020-07-31 14:50:00";105000;60000;;45000;;;45000;0;0;0;"Estimées";;;;;;;""
2020;2281;"17";"17118";"Corignac";"2020-07-31 15:04:00";5000;5000;;0;;;0;0;0;0;"Estimées";;;;;;;""
2020;15025;"07";"07281";"Saint-Péray";"2020-07-31 15:23:00";120000;120000;;;;;;;;;;"5";;;;;;""
2020;4339;"12";"12174";"Olemps";"2020-07-31 16:16:00";216300;101400;;114900;;;114900;0;0;0;"Mesurées";;;;;;;""
2020;2282;"17";"17140";"Dolus-d'Oléron";"2020-07-31 17:33:00";10000;0;;10000;;;10000;0;0;0;"Estimées";;;;;;;""
2020;4340;"12";"12261";"Saujac";"2020-07-31 17:52:00";198500;172700;;12500;;;12500;13300;0;13300;"Mesurées";;;;;;;""
2020;3418;"39";"39009";"Andelot-en-Montagne";"2020-07-31 18:24:00";500;0;;100;;;100;0;400;400;"Estimées";;;;;;;""
2020;1562;"89";"89426";"Val-de-Mercy";"2020-07-31 20:03:00";50;50;;0;;;0;0;0;0;"Estimées";;;;;;;""
2020;1507;"77";"77186";"Fontainebleau";"2020-07-31 20:28:00";1;1;;0;;;0;0;0;0;"Mesurées";;"Involontaire (particulier)";;;;;""
2020;15027;"07";"07089";"Félines";"2020-07-31 21:19:00";2000;2000;;;;;;;;;;"4";;;;;;""
2020;6185;"33";"33236";"Lège-Cap-Ferret";"2020-07-31 23:08:00";100;100;;0;;;0;;;0;;;;;;;;""
2020;15004;"83";"83137";"Toulon";"2020-08-01 02:53:00";10000;10000;;;;;;;;;;"4";"Involontaire (particulier)";;;;;""
2020;4924;"72";"72096";"Coulans-sur-Gée";"2020-08-01 05:02:00";500;500;;0;;;0;0;0;0;"Estimées";;;;;;;""
2020;14785;"04";"04135";"Moustiers-Sainte-Marie";"2020-08-01 10:21:00";20;20;;;;;;;;;;"4";"Involontaire (particulier)";;;;;""
2020;14972;"11";"11170";"Gruissan";"2020-08-01 11:18:00";5;;;;;;;;;;;;;;;;;""
2020;4151;"38";"38156";"Les Éparres";"2020-08-01 13:13:00";500;0;;500;;;500;0;0;0;"Estimées";;;;;;;""
2020;16257;"13";"13001";"Aix-en-Provence";"2020-08-01 13:32:00";18100;17600;500;;;;;;;;;"1";"Accidentelle";;;;;""
2020;15108;"07";"07265";"Saint-Marcel-lès-Annonay";"2020-08-01 13:46:00";638600;516800;121800;;;;;;;;;"5";;;;;;""
2020;993;"19";"19031";"Brive-la-Gaillarde";"2020-08-01 13:55:00";20;20;;0;;;0;0;0;0;"Mesurées";;"Naturelle";;;;;""
2020;17046;"13";"13001";"Aix-en-Provence";"2020-08-01 13:57:00";10;10;;;;;;;;;;"1";;;;;;""
2020;17490;"66";"66011";"Bages";"2020-08-01 14:53:00";3500;;3500;;;;;;;;;"1";"Malveillance";;;;;""
2020;4000;"90";"90022";"Châtenois-les-Forges";"2020-08-01 14:55:00";1000;1000;;0;;;0;0;0;0;"Estimées";;;;;;;""
2020;4932;"72";"72231";"Parigné-l'Évêque";"2020-08-01 14:58:00";150;150;;0;;;0;0;0;0;"Estimées";;;;;;;""
2020;4148;"38";"38553";"Villefontaine";"2020-08-01 15:00:00";500;0;;500;;;500;0;0;0;"Estimées";;;;;;;""
2020;2455;"87";"87152";"Saint-Jouvent";"2020-08-01 15:04:00";20000;20000;;0;;;0;0;0;0;"Mesurées";;;;;;;""
2020;5925;"40";"40184";"Mimizan";"2020-08-01 15:16:00";10;10;;0;;;0;;;0;;;;;;;;""
2020;15836;"30";"30169";"Milhaud";"2020-08-01 15:19:00";409541;58000;;;;;;;;351541;;"1";"Malveillance";;;;;""
2020;992;"19";"19151";"Noailles";"2020-08-01 15:32:00";2;2;;0;;;0;0;0;0;"Mesurées";;"Naturelle";;;;;""
2020;12336;"41";"41233";"Sambin";"2020-08-01 15:47:00";20;0;;20;;;20;0;0;0;"Estimées";;;;;;;""
2020;2688;"88";"88228";"Haillainville";"2020-08-01 17:04:00";10;10;;0;;;0;0;0;0;"Estimées";;;;;;;""
2020;991;"19";"19150";"Noailhac";"2020-08-01 17:27:00";5;5;;0;;;0;0;0;0;"Mesurées";;"Naturelle";;;;;""
2020;2283;"17";"17260";"Neuvicq";"2020-08-01 17:34:00";5000;5000;;0;;;0;0;0;0;"Estimées";;;;;;;""
2020;15029;"07";"07269";"Saint-Martin-de-Valamas";"2020-08-01 17:40:00";20000;;20000;;;;;;;;;"1";"Naturelle";;;;;""
2020;2505;"77";"77186";"Fontainebleau";"2020-08-01 17:42:00";3;3;;0;;;0;0;0;0;"Estimées";;"Involontaire (particulier)";;;;;""
2020;17491;"66";"66233";"Vivès";"2020-08-01 17:46:00";300;300;;;;;;;;;;"3";"Naturelle";;;;;""
2020;1092;"82";"82038";"Caylus";"2020-08-01 17:48:00";200000;0;;200000;;;200000;0;0;0;"Estimées";;;;;;;"Données partielles ou non valides"
2020;15030;"07";"07040";"Boucieu-le-Roi";"2020-08-01 17:49:00";4000;4000;;;;;;;;;;"4";;;;;;""
2020;14705;"34";"34166";"Montblanc";"2020-08-01 17:49:00";6876;;6876;;;;;;;;;"1";"Accidentelle";;;;;""
2020;12338;"41";"41173";"Beauce la Romaine";"2020-08-01 17:58:00";15;0;;15;;;15;0;0;0;"Estimées";;;;;;;""
2020;4149;"38";"38157";"Estrablin";"2020-08-01 18:35:00";400;0;;400;;;400;0;0;0;"Estimées";;;;;;;""
2020;15111;"34";"34184";"Nizas";"2020-08-01 18:38:00";10063;10063;;;;;;;;;;"2";"Accidentelle";;;;;""
2020;15083;"84";"84049";"Gigondas";"2020-08-01 19:04:00";5100;;5100;;;;;;;;;"1";"Naturelle";;;;;""
2020;4150;"38";"38515";"Trept";"2020-08-01 19:49:00";5000;0;;5000;;;5000;0;0;0;"Estimées";;;;;;;""
2020;6186;"33";"33184";"Générac";"2020-08-01 20:33:00";6000;6000;;0;;;0;;;0;;;;;;;;""
2020;15365;"84";"84123";"Sault";"2020-08-01 20:54:00";3200;3200;;;;;;;;;;"2";"Naturelle";;;;;""
2020;14883;"34";"34328";"Vendémian";"2020-08-01 21:13:00";282;;282;;;;;;;;;"1";"Naturelle";;;;;""
2020;15089;"34";"34095";"Fabrègues";"2020-08-01 21:33:00";35;35;;;;;;;;;;"4";"Naturelle";;;;;""
2020;952;"76";"76341";"Harfleur";"2020-08-01 21:54:00";2;0;;2;;;2;0;0;0;"Estimées";;"Involontaire (particulier)";;;;;""
2020;6188;"33";"33382";"Saint-Christoly-de-Blaye";"2020-08-01 22:20:00";500;500;;0;;;0;;;0;;;;;;;;""
2020;14973;"11";"11386";"Talairan";"2020-08-01 22:40:00";25232;;;;;;;;;;;;;;;;;""
2020;15548;"48";"48095";"Mende";"2020-08-01 23:05:00";420;420;;;;;;;;;;"4";;;;;;""
2020;6189;"33";"33205";"Illats";"2020-08-01 23:58:00";500;500;;0;;;0;;;0;;;;;;;;""
2020;14974;"11";"11269";"Ouveillan";"2020-08-02 00:12:00";5900;;;;;;;;;;;;;;;;;""
2020;2994;"67";"67391";"Reinhardsmunster";"2020-08-02 03:43:00";1200;1200;;0;;;0;0;0;0;"Estimées";;;;;;;""
2020;15020;"2A";"2A017";"Appietto";"2020-08-02 04:12:00";1800;;1000;;;;;;;800;;"1";"Accidentelle";;;;;""
2020;6190;"33";"33529";"La Teste-de-Buch";"2020-08-02 05:06:00";1000;1000;;0;;;0;;;0;;;;;;;;""
2020;17048;"13";"13088";"Le Rove";"2020-08-02 06:14:00";10;10;;;;;;;;;;"1";"Involontaire (particulier)";;;;;""
2020;6191;"33";"33450";"Saint-Michel-de-Castelnau";"2020-08-02 08:14:00";20000;20000;;0;;;0;;;0;;;;;;;;""
2020;3153;"08";"08022";"Arreux";"2020-08-02 08:46:00";10000;10000;;0;;;0;0;0;0;"Estimées";;"Involontaire (particulier)";;;;;""
2020;15032;"07";"07218";"Saint-Basile";"2020-08-02 09:06:00";50;50;;;;;;;;;;"4";"Naturelle";;;;;""
2020;4152;"38";"38278";"Notre-Dame-de-l'Osier";"2020-08-02 09:20:00";200;0;;200;;;200;0;0;0;"Estimées";;;;;;;""
2020;1643;"29";"29090";"Kerlaz";"2020-08-02 12:10:00";50;0;;50;;;50;0;0;0;"Estimées";;;;;;;""
2020;2766;"37";"37228";"Saint-Nicolas-de-Bourgueil";"2020-08-02 12:22:00";10000;0;;10000;;;10000;0;0;0;"Estimées";;;;;;;""
2020;15114;"34";"34161";"Montady";"2020-08-02 12:59:00";10434;;10434;;;;;;;;;"1";"Involontaire (particulier)";;;;;""
2020;2337;"21";"21226";"Darcey";"2020-08-02 13:58:00";100;100;;0;;;0;0;0;0;"Estimées";;;;;;;""
2020;4154;"38";"38047";"Blandin";"2020-08-02 14:14:00";4000;0;;4000;;;4000;0;0;0;"Estimées";;;;;;;""
2020;989;"19";"19151";"Noailles";"2020-08-02 14:53:00";2;2;;0;;;0;0;0;0;"Mesurées";;"Naturelle";;;;;""
2020;3773;"70";"70331";"Mantoche";"2020-08-02 14:55:00";30;0;;30;;;30;0;0;0;"Estimées";;;;;;;""
2020;980;"46";"46070";"Cieurac";"2020-08-02 15:11:00";250;0;;250;;;250;0;0;0;"Estimées";;;;;;;""
2020;5225;"53";"53133";"Lignières-Orgères";"2020-08-02 15:17:00";2000;2000;;0;;;0;0;0;0;"Estimées";;;;;;;""
2020;14772;"05";"05023";"Briançon";"2020-08-02 15:34:00";4400;4400;;;;;;;;;;"4";"Naturelle";;;;;""
2020;15013;"06";"06043";"Coaraze";"2020-08-02 16:09:00";200;;;;;;;;;;;"1";"Naturelle";;;;;""
2020;17155;"30";"30169";"Milhaud";"2020-08-02 16:42:00";100;;;;;;;;;;;;"Involontaire (travaux)";;;;;""
2020;2698;"88";"88218";"Granges-Aumontzey";"2020-08-02 17:10:00";1;1;;0;;;0;0;0;0;"Estimées";;;;;;;""
2020;2721;"45";"45193";"Marcilly-en-Villette";"2020-08-02 17:17:00";30000;20000;;0;;;0;0;10000;10000;"Estimées";;;;;;;""
2020;15174;"34";"34284";"Saint-Pons-de-Thomières";"2020-08-02 18:10:00";53;53;;;;;;;;;;"2";;;;;;""
2020;17047;"13";"13047";"Istres";"2020-08-02 18:37:00";10;10;;;;;;;;;;"1";;;;;;""
2020;2349;"17";"17118";"Corignac";"2020-08-02 19:36:00";5000;5000;;0;;;0;0;0;0;"Estimées";;;;;;;""
2020;2284;"17";"17385";"Saint-Pierre-d'Oléron";"2020-08-02 19:52:00";30;0;;30;;;30;0;0;0;"Mesurées";;;;;;;""
2020;4943;"72";"72084";"Clermont-Créans";"2020-08-02 20:11:00";100;100;;0;;;0;0;0;0;"Estimées";;;;;;;""
2020;6194;"33";"33019";"Audenge";"2020-08-02 20:59:00";800;800;;0;;;0;;;0;;;;;;;;""
2020;14978;"11";"11344";"Saint-Hilaire";"2020-08-02 21:24:00";3000;;;;;;;;;;;;;;;;;""
2020;4155;"38";"38229";"Meylan";"2020-08-02 21:52:00";800;0;;800;;;800;0;0;0;"Estimées";;;;;;;""
2020;14893;"34";"34286";"Saint-Privat";"2020-08-02 22:00:00";1014;;1014;;;;;;;;;"1";"Malveillance";;;;;""
2020;979;"46";"46224";"Pradines";"2020-08-03 00:30:00";7000;0;;7000;;;7000;0;0;0;"Estimées";;;;;;;""
2020;1771;"35";"35133";"Iffendic";"2020-08-03 03:00:00";10000;10000;;0;;;0;0;0;0;"Estimées";;;;;;;""
2020;14898;"34";"34312";"La Tour-sur-Orb";"2020-08-03 07:17:00";40038;;40038;;;;;;;;;"1";"Malveillance";;;;;""
2020;2350;"17";"17411";"Saint-Trojan-les-Bains";"2020-08-03 09:03:00";50;50;;0;;;0;0;0;0;"Estimées";;;;;;;""
2020;14975;"11";"11248";"Montirat";"2020-08-03 12:02:00";65619;;;;;;;;;;;;;;;;;""
2020;15060;"11";"11030";"Belflou";"2020-08-03 12:08:00";50;;;;;;;;;;;;;;;;;""
2020;14787;"04";"04203";"Selonnet";"2020-08-03 12:36:00";1;1;;;;;;;;;;"4";"Naturelle";;;;;""
2020;17157;"30";"30169";"Milhaud";"2020-08-03 13:04:00";10;;;;;;;;;;;;"Involontaire (travaux)";;;;;""
2020;14911;"34";"34220";"Le Puech";"2020-08-03 13:21:00";4248;;4248;;;;;;;;;"1";"Malveillance";;;;;""
2020;17051;"13";"13106";"Septèmes-les-Vallons";"2020-08-03 13:25:00";12;12;;;;;;;;;;"1";"Accidentelle";;;;;""
2020;987;"19";"19117";"Lissac-sur-Couze";"2020-08-03 14:29:00";60000;60000;;0;;;0;0;0;0;"Estimées";;;;;;;""
2020;3226;"31";"31070";"Blajan";"2020-08-03 14:58:00";10000;0;;10000;;;10000;0;0;0;"Estimées";;;;;;;""
2020;17049;"13";"13040";"Fuveau";"2020-08-03 15:01:00";100;100;;;;;;;;;;"1";"Involontaire (particulier)";;;;;""
2020;15110;"07";"07028";"Beaulieu";"2020-08-03 15:45:00";70000;20000;50000;;;;;;;;;"3";;;;;;""
2020;5926;"40";"40296";"Seignosse";"2020-08-03 16:02:00";60000;20000;;0;;;0;;;40000;;;"Involontaire (particulier)";;;;;""
2020;15113;"07";"07024";"Banne";"2020-08-03 16:24:00";3000;;3000;;;;;;;;;"1";;;;;;""
2020;3227;"31";"31097";"Le Cabanial";"2020-08-03 16:29:00";5000;0;;5000;;;5000;0;0;0;"Mesurées";;"Involontaire (travaux)";;;;;""
2020;6198;"33";"33146";"Cussac-Fort-Médoc";"2020-08-03 16:47:00";5000;5000;;0;;;0;;;0;;;;;;;;""
2020;17492;"66";"66092";"Lansac";"2020-08-03 17:05:00";20000;10000;10000;;;;;;;;;"2";"Involontaire (travaux)";;;;;""
2020;14976;"11";"11129";"Espéraza";"2020-08-03 17:34:00";300;;;;;;;;;;;;;;;;;""
2020;2351;"17";"17129";"Courpignac";"2020-08-03 17:57:00";10000;10000;;0;;;0;0;0;0;"Estimées";;"Involontaire (travaux)";;;;;""
2020;14982;"2B";"2B229";"Pietroso";"2020-08-03 18:10:00";20;20;;;;;;;;;;"3";"Malveillance";;;;;""
2020;16252;"13";"13118";"Coudoux";"2020-08-03 18:51:00";117300;109200;;;;;;;;8100;;"1";"Involontaire (particulier)";;;;;""
2020;17493;"66";"66176";"Saint-Hippolyte";"2020-08-03 19:04:00";200000;;200000;;;;;;;;;"1";"Involontaire (particulier)";;;;;""
2020;14977;"11";"11069";"Carcassonne";"2020-08-03 19:04:00";2;;;;;;;;;;;;;;;;;""
2020;14917;"34";"34068";"Cazouls-d'Hérault";"2020-08-03 19:05:00";11622;11622;;;;;;;;;;"3";"Accidentelle";;;;;""
2020;17052;"13";"13056";"Martigues";"2020-08-03 19:41:00";800;800;;;;;;;;;;"1";"Malveillance";;;;;""
2020;5590;"64";"64006";"Accous";"2020-08-03 20:13:00";2;0;;2;;;2;;;0;;;;;;;;""
2020;17050;"13";"13106";"Septèmes-les-Vallons";"2020-08-03 20:34:00";600;600;;;;;;;;;;"1";;;;;;""
2020;12344;"41";"41280";"Villefranche-sur-Cher";"2020-08-03 21:21:00";400;0;;400;;;400;0;0;0;"Estimées";;;;;;;""
2020;14984;"2B";"2B112";"Feliceto";"2020-08-03 23:15:00";194400;;194400;;;;;;;;;"1";"Malveillance";;;;;""
2020;14957;"83";"83068";"Grimaud";"2020-08-04 00:22:00";19000;19000;;;;;;;;;;"3";"Malveillance";;;;;""
2020;17057;"13";"13071";"Les Pennes-Mirabeau";"2020-08-04 01:51:00";10;10;;;;;;;;;;"1";;;;;;""
2020;16381;"13";"13048";"Jouques";"2020-08-04 02:41:00";50;50;;;;;;;;;;"1";"Malveillance";;;;;""
2020;12345;"41";"41097";"Gièvres";"2020-08-04 07:51:00";500;0;;500;;;500;0;0;0;"Estimées";;;;;;;""
2020;4934;"72";"72213";"Mulsanne";"2020-08-04 10:33:00";8000;8000;;0;;;0;0;0;0;"Estimées";;;;;;;""
2020;4288;"79";"79154";"Loubillé";"2020-08-04 11:13:00";70000;0;;10000;;;10000;0;60000;60000;"Estimées";;"Involontaire (travaux)";;;;;""
2020;15021;"2A";"2A031";"Bastelica";"2020-08-04 11:14:00";6;;6;;;;;;;;;"1";;;;;;""
2020;14987;"2B";"2B185";"Oletta";"2020-08-04 11:34:00";40000;;;;;;;;;;;;;;;;;""
2020;14988;"2B";"2B318";"Taglio-Isolaccio";"2020-08-04 11:52:00";1000;500;;;;;;;;500;;"2";"Involontaire (particulier)";;;;;""
2020;3781;"70";"70358";"Montcey";"2020-08-04 12:00:00";500;0;;500;;;500;0;0;0;"Mesurées";;;;;;;""
2020;16380;"13";"13044";"Grans";"2020-08-04 12:52:00";1900;1900;;;;;;;;;;"1";;;;;;""
2020;17056;"13";"13016";"La Bouilladisse";"2020-08-04 13:21:00";200;200;;;;;;;;;;"1";"Involontaire (particulier)";;;;;""
2020;12346;"41";"41157";"Mur-de-Sologne";"2020-08-04 14:12:00";2000;0;;2000;;;2000;0;0;0;"Estimées";;"Involontaire (travaux)";;;;;""
2020;4937;"72";"72260";"Ruaudin";"2020-08-04 14:18:00";300;300;;0;;;0;0;0;0;"Estimées";;;;;;;""
2020;17058;"13";"13117";"Vitrolles";"2020-08-04 14:30:00";10;10;;;;;;;;;;"1";;;;;;""
2020;6202;"33";"33056";"Blanquefort";"2020-08-04 14:42:00";40000;40000;;0;;;0;;;0;;;;;;;;""
2020;5214;"15";"15030";"Cayrols";"2020-08-04 14:49:00";10000;10000;;0;;;0;0;0;0;"Estimées";;"Involontaire (travaux)";;;;;""
2020;17053;"13";"13058";"Maussane-les-Alpilles";"2020-08-04 14:51:00";428;428;;;;;;;;;;"1";;;;;;""
2020;15371;"84";"84151";"Vitrolles-en-Lubéron";"2020-08-04 14:56:00";4000;;;;;;;;;;;;"Involontaire (particulier)";;;;;""
2020;5404;"47";"47323";"Villeneuve-sur-Lot";"2020-08-04 15:19:00";50;50;;0;;;0;;;0;;;;;;;;""
2020;16247;"13";"13077";"Port-de-Bouc";"2020-08-04 16:04:00";832200;637200;128000;;;;;;;67000;;"1";"Malveillance";;;;;""
2020;3522;"71";"71509";"La Celle-en-Morvan";"2020-08-04 16:12:00";600;0;;600;;;600;0;0;0;"Estimées";;;;;;;""
2020;16379;"13";"13028";"La Ciotat";"2020-08-04 16:18:00";3600;3600;;;;;;;;;;"1";"Involontaire (particulier)";;;;;""
2020;14795;"30";"30296";"Saint-Roman-de-Codières";"2020-08-04 16:32:00";5000;5000;;;;;;;;;;"2";"Accidentelle";;;;;""
2020;5927;"40";"40109";"Gaujacq";"2020-08-04 16:45:00";300;300;;0;;;0;;;0;;;"Involontaire (particulier)";;;;;""
2020;6203;"33";"33393";"Saint-Denis-de-Pile";"2020-08-04 16:53:00";30000;30000;;0;;;0;;;0;;;;;;;;""
2020;6204;"33";"33249";"Lormont";"2020-08-04 17:02:00";50;50;;0;;;0;;;0;;;;;;;;""
2020;1565;"89";"89418";"Tonnerre";"2020-08-04 17:03:00";20000;20000;;0;;;0;0;0;0;"Estimées";;;;;;;""
2020;4938;"72";"72260";"Ruaudin";"2020-08-04 17:13:00";200;200;;0;;;0;0;0;0;"Estimées";;;;;;;""
2020;16249;"13";"13056";"Martigues";"2020-08-04 17:14:00";9595100;7071300;1457100;;;;;;;1066700;;"1";;;;;;""
2020;1052;"46";"46127";"Gourdon";"2020-08-04 17:14:00";250;0;;250;;;250;0;0;0;"Estimées";;"Involontaire (travaux)";;;;;""
2020;17054;"13";"13056";"Martigues";"2020-08-04 17:18:00";989;989;;;;;;;;;;"1";"Malveillance";;;;;""
2020;16254;"13";"13005";"Aubagne";"2020-08-04 17:27:00";91600;54500;37100;;;;;;;;;"1";"Involontaire (travaux)";;;;;""
2020;15090;"34";"34255";"Saint-Gély-du-Fesc";"2020-08-04 17:28:00";1486;;1486;;;;;;;;;"1";"Accidentelle";;;;;""
2020;16258;"13";"13043";"Gignac-la-Nerthe";"2020-08-04 17:30:00";5600;4400;1200;;;;;;;;;"1";;;;;;""
2020;5407;"47";"47100";"Foulayronnes";"2020-08-04 17:41:00";30;30;;0;;;0;;;0;;;;;;;;""
2020;6206;"33";"33342";"Puisseguin";"2020-08-04 17:42:00";10;10;;0;;;0;;;0;;;;;;;;""
2020;5928;"40";"40061";"Campagne";"2020-08-04 18:17:00";1200;200;;0;;;0;;;1000;;;;;;;;""
2020;2458;"87";"87092";"Marval";"2020-08-04 19:49:00";5000;0;;5000;;;5000;0;0;0;"Estimées";;;;;;;""
2020;18641;"30";"30128";"Générac";"2020-08-04 20:06:00";30000;;;;;;;;;;;;;;;;;""
2020;17055;"13";"13031";"La Destrousse";"2020-08-04 21:26:00";10;10;;;;;;;;;;"1";;;;;;""
2020;2506;"77";"77065";"Cély";"2020-08-04 21:36:00";1;1;;0;;;0;0;0;0;"Mesurées";;"Involontaire (particulier)";;;;;""
2020;2507;"77";"77339";"Noisy-sur-École";"2020-08-04 21:43:00";3800;3800;;0;;;0;0;0;0;"Mesurées";;"Involontaire (particulier)";;;;;""
2020;16261;"13";"13038";"Fontvieille";"2020-08-04 22:38:00";10000;10000;;;;;;;;;;"1";;;;;;""
2020;12347;"41";"41018";"Blois";"2020-08-04 23:10:00";5;0;;5;;;5;0;0;0;"Estimées";;;;;;;""
2020;6210;"33";"33484";"Saint-Symphorien";"2020-08-05 00:28:00";50;50;;0;;;0;;;0;;;;;;;;""
2020;14995;"34";"34145";"Lunel";"2020-08-05 01:15:00";18446;;18446;;;;;;;;;"1";"Accidentelle";;;;;""
2020;4310;"12";"12140";"Martiel";"2020-08-05 09:20:00";40000;20000;;0;;;0;20000;0;20000;"Estimées";;;;;;;""
2020;17494;"66";"66172";"Saint-Estève";"2020-08-05 09:52:00";15000;5000;10000;;;;;;;;;"2";"Malveillance";;;;;""
2020;14948;"30";"30174";"Montaren-et-Saint-Médiers";"2020-08-05 10:54:00";5000;;;;;;;;;;;;;;;;;""
2020;15134;"04";"04112";"Manosque";"2020-08-05 12:11:00";290;290;;;;;;;;;;"4";"Involontaire (particulier)";;;;;""
2020;4249;"38";"38561";"Viriville";"2020-08-05 12:30:00";1000;0;;1000;;;1000;0;0;0;"Estimées";;;;;;;""
2020;6212;"33";"33536";"Le Tuzan";"2020-08-05 12:55:00";3000;3000;;0;;;0;;;0;;;;;;;;""
2020;2520;"77";"77217";"Grisy-Suisnes";"2020-08-05 13:34:00";500;0;;500;;;500;0;0;0;"Estimées";;"Involontaire (travaux)";;;;;""
2020;4718;"61";"61164";"La Ferrière-Béchet";"2020-08-05 13:36:00";100;100;;0;;;0;0;0;0;"Estimées";;;;;;;"Données partielles ou non valides"
2020;2747;"88";"88196";"Gérardmer";"2020-08-05 13:38:00";200;200;;0;;;0;0;0;0;"Mesurées";;;;;;;""
2020;15120;"07";"07218";"Saint-Basile";"2020-08-05 14:00:00";50;50;;;;;;;;;;"4";;;;;;""
2020;5150;"27";"27267";"Freneuse-sur-Risle";"2020-08-05 15:10:00";50000;0;;5000;;;5000;45000;0;45000;"Estimées";;;;;;;""
2020;5929;"40";"40332";"Ychoux";"2020-08-05 15:18:00";12000;12000;;0;;;0;;;0;;;"Involontaire (particulier)";;;;;""
2020;15135;"04";"04021";"Barras";"2020-08-05 15:18:00";40;;40;;;;;;;;;"1";;;;;;""
2020;15002;"34";"34088";"Cournonterral";"2020-08-05 15:35:00";1660;;1660;;;;;;;;;"1";"Accidentelle";;;;;""
2020;6214;"33";"33200";"Le Haillan";"2020-08-05 15:56:00";5000;5000;;0;;;0;;;0;;;;;;;;""
2020;1069;"19";"19246";"Saint-Viance";"2020-08-05 16:12:00";10000;10000;;0;;;0;0;0;0;"Estimées";;;;;;;""
2020;2748;"88";"88314";"Morizécourt";"2020-08-05 16:13:00";4;4;;0;;;0;0;0;0;"Estimées";;;;;;;""
2020;4879;"14";"14126";"Cambremer";"2020-08-05 16:13:00";1200;0;;200;;;200;0;1000;1000;"Estimées";;;;;;;"Données partielles ou non valides"
2020;1566;"89";"89087";"Chassignelles";"2020-08-05 16:22:00";10000;10000;;0;;;0;0;0;0;"Estimées";;"Involontaire (particulier)";;;;;""
2020;16245;"13";"13081";"Rognac";"2020-08-05 16:25:00";87400;55200;26500;;;;;;;5700;;"1";"Involontaire (particulier)";;;;;""
2020;15898;"2A";"2A247";"Porto-Vecchio";"2020-08-05 16:26:00";100;;100;;;;;;;;;;"Accidentelle";;;;;""
2020;1076;"52";"52169";"Domblain";"2020-08-05 16:26:00";10000;0;;10000;;;10000;0;0;0;"Estimées";;"Involontaire (travaux)";;;;;""
2020;2508;"77";"77186";"Fontainebleau";"2020-08-05 16:32:00";6000;6000;;0;;;0;0;0;0;"Mesurées";;"Involontaire (particulier)";;;;;""
2020;15061;"11";"11198";"Laure-Minervois";"2020-08-05 16:52:00";350;;;;;;;;;;;;;;;;;""
2020;2749;"88";"88475";"Tollaincourt";"2020-08-05 17:01:00";10000;10000;;0;;;0;0;0;0;"Estimées";;;;;;;""
2020;17495;"66";"66049";"Céret";"2020-08-05 17:47:00";50000;50000;;;;;;;;;;"3";"Accidentelle";;;;;""
2020;5931;"40";"40162";"Lucbardez-et-Bargues";"2020-08-05 18:00:00";1500;1500;;0;;;0;;;0;;;;;;;;""
2020;5930;"40";"40310";"Soustons";"2020-08-05 18:07:00";1150;1150;;0;;;0;;;0;;;;;;;;""
2020;6220;"33";"33029";"Le Barp";"2020-08-05 18:07:00";20000;20000;;0;;;0;;;0;;;;;;;;""
2020;17059;"13";"13001";"Aix-en-Provence";"2020-08-05 18:23:00";3000;3000;;;;;;;;;;"1";;;;;;""
2020;15124;"07";"07266";"Sainte-Marguerite-Lafigère";"2020-08-05 18:24:00";3000;;3000;;;;;;;;;"1";"Accidentelle";;;;;""
2020;2750;"88";"88247";"Igney";"2020-08-05 19:45:00";1;1;;0;;;0;0;0;0;"Estimées";;;;;;;""
2020;5279;"24";"24028";"Beaumontois en Périgord";"2020-08-05 21:11:00";2000;2000;;0;;;0;;;0;;;;;;;;""
2020;17060;"13";"13009";"La Barben";"2020-08-05 22:35:00";10;10;;;;;;;;;;"1";;;;;;""
2020;15374;"84";"84051";"Goult";"2020-08-05 23:04:00";200;;;;;;;;;;;;"Accidentelle";;;;;""
2020;14996;"2B";"2B173";"Muro";"2020-08-05 23:09:00";10;;;;;;;;;;;;;;;;;""
2020;1567;"89";"89051";"Les Bordes";"2020-08-06 00:00:00";1000;1000;;0;;;0;0;0;0;"Estimées";;;;;;;""
2020;15375;"84";"84026";"Cadenet";"2020-08-06 00:58:00";900;800;;;;;;;;100;;"4";"Malveillance";;;;;""
2020;15007;"34";"34103";"Fontès";"2020-08-06 01:03:00";7792;;7792;;;;;;;;;"1";"Malveillance";;;;;""
2020;6224;"33";"33029";"Le Barp";"2020-08-06 06:04:00";3000;3000;;0;;;0;;;0;;;;;;;;""
2020;12350;"41";"41185";"Pruniers-en-Sologne";"2020-08-06 10:06:00";10;0;;10;;;10;0;0;0;"Estimées";;;;;;;""
2020;4929;"72";"72357";"Thorée-les-Pins";"2020-08-06 10:20:00";5000;5000;;0;;;0;0;0;0;"Estimées";;;;;;;""
2020;1181;"19";"19225";"Saint-Merd-de-Lapleau";"2020-08-06 11:13:00";15000;15000;;0;;;0;0;0;0;"Estimées";;;;;;;""
2020;3064;"45";"45068";"Châlette-sur-Loing";"2020-08-06 12:21:00";20000;0;;20000;;;20000;0;0;0;"Estimées";;;;;;;""
2020;5215;"15";"15250";"Vebret";"2020-08-06 12:34:00";180000;180000;;0;;;0;0;0;0;"Mesurées";;"Involontaire (travaux)";;;;;""
2020;1208;"63";"63382";"Saint-Pardoux";"2020-08-06 12:45:00";1323;1000;;0;;;0;0;323;323;"Mesurées";;;;;;;""
2020;3066;"45";"45290";"Saint-Martin-d'Abbat";"2020-08-06 12:48:00";10000;10000;;0;;;0;0;0;0;"Estimées";;;;;;;""
2020;4162;"38";"38474";"Sassenage";"2020-08-06 13:42:00";1000;0;;1000;;;1000;0;0;0;"Estimées";;;;;;;""
2020;1151;"21";"21599";"Selongey";"2020-08-06 13:49:00";5152;5152;;0;;;0;0;0;0;"Mesurées";;;;;;;""
2020;4161;"38";"38365";"Saint-Baudille-de-la-Tour";"2020-08-06 14:30:00";400;0;;400;;;400;0;0;0;"Estimées";;;;;;;""
2020;1207;"63";"63179";"Job";"2020-08-06 14:50:00";1809;1809;;0;;;0;0;0;0;"Mesurées";;;;;;;""
2020;12352;"41";"41280";"Villefranche-sur-Cher";"2020-08-06 14:56:00";800;800;;0;;;0;0;0;0;"Estimées";;;;;;;""
2020;5750;"64";"64372";"Maure";"2020-08-06 15:10:00";1000;500;;0;;;0;;;500;;;;;;;;""
2020;15093;"34";"34016";"Aumelas";"2020-08-06 15:37:00";67959;;67959;;;;;;;;;"1";"Malveillance";;;;;""
2020;15091;"34";"34108";"Frontignan";"2020-08-06 15:55:00";43630;;43630;;;;;;;;;"1";"Accidentelle";;;;;""
2020;15607;"11";"11264";"Névian";"2020-08-06 16:00:00";10;;;;;;;;;;;;;;;;;""
2020;2751;"88";"88314";"Morizécourt";"2020-08-06 16:01:00";2500;2500;;0;;;0;0;0;0;"Estimées";;;;;;;""
2020;17061;"13";"13084";"La Roque-d'Anthéron";"2020-08-06 16:14:00";2000;2000;;;;;;;;;;"1";"Involontaire (travaux)";;;;;""
2020;17497;"66";"66217";"Trouillas";"2020-08-06 16:26:00";10000;;10000;;;;;;;;;"2";"Involontaire (travaux)";;;;;""
2020;15136;"04";"04102";"Le Lauzet-Ubaye";"2020-08-06 16:49:00";1100;1100;;;;;;;;;;"4";"Involontaire (particulier)";;;;;""
2020;4160;"38";"38553";"Villefontaine";"2020-08-06 16:59:00";200;0;;200;;;200;0;0;0;"Estimées";;;;;;;""
2020;1263;"23";"23220";"Saint-Médard-la-Rochette";"2020-08-06 17:00:00";20000;0;;20000;;;20000;0;0;0;"Estimées";;;;;;;""
2020;4159;"38";"38063";"Burcin";"2020-08-06 17:06:00";200;0;;200;;;200;0;0;0;"Estimées";;;;;;;""
2020;15137;"04";"04094";"Gréoux-les-Bains";"2020-08-06 17:17:00";74800;10000;64800;;;;;;;;;"3";"Involontaire (travaux)";;;;;""
2020;3925;"35";"35191";"Les Portes du Coglais";"2020-08-06 17:41:00";1500;0;;1500;;;1500;0;0;0;"Estimées";;;;;;;""
2020;4163;"38";"38451";"Saint-Romain-de-Jalionas";"2020-08-06 18:25:00";1000;0;;1000;;;1000;0;0;0;"Estimées";;;;;;;""
2020;5154;"27";"27196";"Les Damps";"2020-08-06 18:42:00";10000;0;;10000;;;10000;0;0;0;"Estimées";;;;;;;""
2020;5881;"40";"40094";"Escource";"2020-08-06 18:57:00";13000;13000;;0;;;0;0;0;0;"Mesurées";;"Naturelle";;;;;""
2020;15064;"83";"83076";"Mazaugues";"2020-08-07 03:20:00";800;800;;;;;;;;;;"4";"Involontaire (particulier)";;;;;""
2020;1149;"46";"46012";"Aynac";"2020-08-07 04:12:00";20000;0;;20000;;;20000;0;0;0;"Estimées";;;;;;;""
2020;2221;"36";"36113";"Martizay";"2020-08-07 06:25:00";80000;20000;;0;;;0;60000;0;60000;"Estimées";;;;;;;""
2020;3071;"45";"45311";"Sigloy";"2020-08-07 06:30:00";130000;130000;;0;;;0;0;0;0;"Estimées";;;;;;;""
2020;12353;"41";"41280";"Villefranche-sur-Cher";"2020-08-07 09:27:00";400;400;;0;;;0;0;0;0;"Estimées";;"Involontaire (travaux)";;;;;""
2020;1568;"89";"89481";"Vireaux";"2020-08-07 10:23:00";50000;50000;;0;;;0;0;0;0;"Estimées";;;;;;;""
2020;2228;"36";"36066";"Douadic";"2020-08-07 12:10:00";5000;5000;;0;;;0;0;0;0;"Estimées";;;;;;;""
2020;15140;"04";"04174";"Saint-Benoît";"2020-08-07 12:12:00";150;;;;;;;;;;;;;;;;;""
2020;2509;"77";"77186";"Fontainebleau";"2020-08-07 12:53:00";50000;50000;;0;;;0;0;0;0;"Estimées";;"Involontaire (particulier)";;;;;""
2020;2775;"88";"88314";"Morizécourt";"2020-08-07 13:26:00";1;1;;0;;;0;0;0;0;"Estimées";;;;;;;""
2020;2628;"62";"62351";"Fouquières-lès-Lens";"2020-08-07 13:38:00";1000;0;;1000;;;1000;0;0;0;"Estimées";;;;;;;""
2020;15148;"2B";"2B341";"Venaco";"2020-08-07 13:46:00";34000;34000;;;;;;;;;;"6";"Malveillance";;;;;""
2020;1184;"81";"81321";"Le Vintrou";"2020-08-07 13:57:00";50000;50000;;0;;;0;0;0;0;"Estimées";;;;;;;""
2020;6233;"33";"33218";"Lagorce";"2020-08-07 14:20:00";55000;50000;;0;;;0;;;5000;;;;;;;;""
2020;4254;"32";"32208";"Lectoure";"2020-08-07 14:35:00";10000;10000;;0;;;0;0;0;0;"Estimées";;;;;;;""
2020;1775;"35";"35127";"Guignen";"2020-08-07 14:40:00";10000;0;;10000;;;10000;0;0;0;"Estimées";;;;;;;""
2020;15094;"34";"34210";"Le Pouget";"2020-08-07 14:53:00";145;145;;;;;;;;;;"4";;;;;;""
2020;3233;"31";"31581";"Villaudric";"2020-08-07 15:03:00";200000;0;;200000;;;200000;0;0;0;"Mesurées";;"Malveillance";;;;;""
2020;1752;"28";"28085";"Chartres";"2020-08-07 15:05:00";24000;0;;24000;;;24000;0;0;0;"Estimées";;;;;;;""
2020;15141;"04";"04205";"Seyne";"2020-08-07 15:08:00";4200;4200;;;;;;;;;;"4";"Naturelle";;;;;""
2020;1221;"19";"19029";"Branceilles";"2020-08-07 15:27:00";100;100;;0;;;0;0;0;0;"Estimées";;;;;;;""
2020;15142;"04";"04199";"Saint-Vincent-sur-Jabron";"2020-08-07 15:40:00";351400;156900;194500;;;;;;;;;"1";"Accidentelle";;;;;""
2020;1267;"23";"23029";"Le Bourg-d'Hem";"2020-08-07 15:52:00";10000;10000;;0;;;0;0;0;0;"Estimées";;;;;;;""
2020;2353;"17";"17113";"La Clotte";"2020-08-07 15:55:00";4000;4000;;0;;;0;0;0;0;"Estimées";;;;;;;""
2020;4167;"38";"38475";"Satolas-et-Bonce";"2020-08-07 15:56:00";6200;0;;6200;;;6200;0;0;0;"Estimées";;;;;;;""
2020;15051;"30";"30089";"Comps";"2020-08-07 16:28:00";3000;;3000;;;;;;;;;"1";;;;;;""
2020;1644;"29";"29236";"Riec-sur-Bélon";"2020-08-07 16:30:00";200;0;;200;;;200;0;0;0;"Estimées";;;;;;;""
2020;15125;"07";"07321";"Thorrenc";"2020-08-07 16:31:00";500;500;;;;;;;;;;"3";"Involontaire (travaux)";;;;;""
2020;15379;"84";"84021";"Brantes";"2020-08-07 19:07:00";623;623;;;;;;;;;;"5";;;;;;""
2020;6240;"33";"33124";"Chamadelle";"2020-08-07 19:18:00";15000;5000;;0;;;0;;;10000;;;;;;;;""
2020;1194;"52";"52045";"Bettancourt-la-Ferrée";"2020-08-07 19:23:00";500;500;;0;;;0;0;0;0;"Estimées";;;;;;;""
2020;2510;"77";"77107";"Chaumes-en-Brie";"2020-08-07 19:31:00";1;1;;0;;;0;0;0;0;"Estimées";;"Involontaire (particulier)";;;;;""
2020;3671;"70";"70089";"Bourguignon-lès-Morey";"2020-08-07 20:51:00";10;0;;10;;;10;0;0;0;"Estimées";;;;;;;""
2020;2810;"55";"55063";"Bouligny";"2020-08-07 21:25:00";100;0;;100;;;100;0;0;0;"Estimées";;;;;;;""
2020;17063;"13";"13001";"Aix-en-Provence";"2020-08-07 22:37:00";200;200;;;;;;;;;;"1";"Involontaire (particulier)";;;;;""
2020;1222;"19";"19030";"Brignac-la-Plaine";"2020-08-07 23:27:00";500;500;;0;;;0;0;0;0;"Estimées";;;;;;;""
2020;17064;"13";"13001";"Aix-en-Provence";"2020-08-07 23:39:00";50;50;;;;;;;;;;"1";"Involontaire (particulier)";;;;;""
2020;12358;"41";"41173";"Beauce la Romaine";"2020-08-08 00:25:00";300;0;;300;;;300;0;0;0;"Estimées";;;;;;;""
2020;12359;"41";"41173";"Beauce la Romaine";"2020-08-08 00:40:00";300;0;;300;;;300;0;0;0;"Estimées";;;;;;;""
2020;5882;"40";"40094";"Escource";"2020-08-08 01:02:00";200;200;;0;;;0;0;0;0;"Mesurées";;"Naturelle";;;;;""
2020;12360;"41";"41173";"Beauce la Romaine";"2020-08-08 01:24:00";500;0;;500;;;500;0;0;0;"Estimées";;;;;;;""
2020;15126;"07";"07089";"Félines";"2020-08-08 02:02:00";10000;10000;;;;;;;;;;"3";;;;;;""
2020;1314;"63";"63430";"Thiers";"2020-08-08 02:53:00";4870;3370;;1500;;;1500;0;0;0;"Mesurées";;;;;;;""
2020;15151;"2B";"2B145";"Loreto-di-Casinca";"2020-08-08 06:19:00";50000;50000;;;;;;;;;;"2";"Malveillance";;;;;""
2020;15152;"2B";"2B286";"Sorbo-Ocagnano";"2020-08-08 06:59:00";100;;100;;;;;;;;;"1";"Malveillance";;;;;""
2020;15153;"2B";"2B207";"Penta-di-Casinca";"2020-08-08 07:34:00";200;;;;;;;;;;;;;;;;;""
2020;2789;"88";"88269";"Liézey";"2020-08-08 09:12:00";1;1;;0;;;0;0;0;0;"Estimées";;;;;;;""
2020;15067;"83";"83027";"La Cadière-d'Azur";"2020-08-08 09:26:00";500;500;;;;;;;;;;"6";"Malveillance";;;;;""
2020;2231;"36";"36194";"Saint-Genou";"2020-08-08 11:02:00";200;0;;200;;;200;0;0;0;"Estimées";;;;;;;""
2020;1339;"43";"43126";"Malrevers";"2020-08-08 11:45:00";3700;2000;;0;;;0;1700;0;1700;"Mesurées";;;;;;;""
2020;15551;"48";"48076";"Javols";"2020-08-08 12:03:00";3200;;3200;;;;;;;;;"1";;;;;;""
2020;15154;"2B";"2B238";"Poggio-di-Venaco";"2020-08-08 12:07:00";25;;25;;;;;;;;;"1";"Malveillance";;;;;""
2020;2354;"17";"17038";"Bedenac";"2020-08-08 12:27:00";11800;0;;11800;;;11800;0;0;0;"Estimées";;"Accidentelle";;;;;""
2020;15155;"2B";"2B238";"Poggio-di-Venaco";"2020-08-08 12:30:00";30;;30;;;;;;;;;"1";"Malveillance";;;;;""
2020;6244;"33";"33417";"Sainte-Hélène";"2020-08-08 14:03:00";10000;10000;;0;;;0;;;0;;;;;;;;""
2020;2346;"21";"21599";"Selongey";"2020-08-08 14:29:00";200;200;;0;;;0;0;0;0;"Estimées";;;;;;;""
2020;1215;"52";"52520";"Vicq";"2020-08-08 14:31:00";70000;0;;10000;;;10000;60000;0;60000;"Estimées";;;;;;;""
2020;2776;"88";"88369";"Ramonchamp";"2020-08-08 14:35:00";130;130;;0;;;0;0;0;0;"Mesurées";;;;;;;""
2020;15601;"26";"26193";"Montbrun-les-Bains";"2020-08-08 14:39:00";20000;;;;;;;;;;;;;;;;;""
2020;2234;"36";"36176";"Ruffec";"2020-08-08 14:55:00";2000;0;;2000;;;2000;0;0;0;"Estimées";;;;;;;""
2020;15176;"06";"06094";"Péone";"2020-08-08 15:07:00";150;;;;;;;;;;;"3";"Malveillance";;;;;""
2020;1323;"02";"02803";"La Ville-aux-Bois-lès-Pontavert";"2020-08-08 16:00:00";70000;20000;;50000;;;50000;0;0;0;"Estimées";;;;;;;""
2020;2355;"17";"17411";"Saint-Trojan-les-Bains";"2020-08-08 16:09:00";500;500;;0;;;0;0;0;0;"Estimées";;;;;;;""
2020;2356;"17";"17411";"Saint-Trojan-les-Bains";"2020-08-08 16:20:00";600;600;;0;;;0;0;0;0;"Estimées";;;;;;;""
2020;2512;"77";"77186";"Fontainebleau";"2020-08-08 16:42:00";5000;5000;;0;;;0;0;0;0;"Estimées";;"Involontaire (particulier)";;;;;""
2020;1779;"35";"35253";"Saint-Aubin-du-Cormier";"2020-08-08 16:49:00";10000;0;;10000;;;10000;0;0;0;"Estimées";;;;;;;""
2020;4169;"38";"38437";"Saint-Paul-d'Izeaux";"2020-08-08 16:58:00";200;0;;200;;;200;0;0;0;"Estimées";;;;;;;""
2020;15177;"06";"06114";"Saint-André-de-la-Roche";"2020-08-08 16:58:00";600;;600;;;;;;;;;"1";"Naturelle";;;;;""
2020;2465;"87";"87040";"Châteauneuf-la-Forêt";"2020-08-08 17:05:00";2500;0;;2500;;;2500;0;0;0;"Estimées";;;;;;;""
2020;15073;"34";"34097";"Félines-Minervois";"2020-08-08 17:20:00";20134;20134;;;;;;;;;;"4";"Malveillance";;;;;""
2020;15069;"83";"83147";"Vérignon";"2020-08-08 17:59:00";30000;30000;;;;;;;;;;"5";"Malveillance";;;;;""
2020;4341;"12";"12094";"Entraygues-sur-Truyère";"2020-08-08 18:00:00";10000;10000;;0;;;0;0;0;0;"Estimées";;;;;;;""
2020;1569;"89";"89133";"Cudot";"2020-08-08 18:10:00";10000;0;;10000;;;10000;0;0;0;"Estimées";;;;;;;""
2020;15175;"34";"34260";"Saint-Gervais-sur-Mare";"2020-08-08 18:17:00";3479;;3479;;;;;;;;;"1";"Malveillance";;;;;""
2020;12365;"41";"41229";"Saint-Romain-sur-Cher";"2020-08-08 18:28:00";30000;0;;30000;;;30000;0;0;0;"Estimées";;;;;;;""
2020;5865;"64";"64522";"Sévignacq-Meyracq";"2020-08-08 18:53:00";100;100;;0;;;0;;;0;;;"Involontaire (particulier)";;;;;""
2020;4170;"38";"38019";"Auberives-sur-Varèze";"2020-08-08 19:31:00";16000;0;;16000;;;16000;0;0;0;"Estimées";;;;;;;""
2020;6249;"33";"33427";"Saint-Laurent-du-Bois";"2020-08-09 00:44:00";10;10;;0;;;0;;;0;;;;;;;;""
2020;4171;"38";"38553";"Villefontaine";"2020-08-09 01:03:00";300;0;;300;;;300;0;0;0;"Estimées";;;;;;;""
2020;15143;"04";"04205";"Seyne";"2020-08-09 08:38:00";1;;;;;;;;;;;;"Involontaire (travaux)";;;;;""
2020;15144;"04";"04161";"Méolans-Revel";"2020-08-09 10:33:00";20;20;;;;;;;;;;"5";"Naturelle";;;;;""
2020;1342;"43";"43031";"Blassac";"2020-08-09 10:38:00";3000;3000;;0;;;0;0;0;0;"Mesurées";;;;;;;""
2020;15382;"84";"84072";"Mazan";"2020-08-09 11:57:00";500;;;;;;;;;;;;;;;;;""
2020;6252;"33";"33393";"Saint-Denis-de-Pile";"2020-08-09 12:09:00";3000;2000;;0;;;0;;;1000;;;;;;;;""
2020;1315;"63";"63196";"Limons";"2020-08-09 12:29:00";46800;4350;;0;;;0;0;42450;42450;"Mesurées";;;;;;;""
2020;5933;"40";"40310";"Soustons";"2020-08-09 12:57:00";2000;2000;;0;;;0;;;0;;;;;;;;""
2020;12367;"41";"41110";"Langon-sur-Cher";"2020-08-09 13:34:00";2000;0;;2000;;;2000;0;0;0;"Estimées";;;;;;;""
2020;15070;"83";"83061";"Fréjus";"2020-08-09 14:02:00";100;100;;;;;;;;;;"3";"Accidentelle";;;;;""
2020;15902;"2A";"2A209";"Peri";"2020-08-09 14:20:00";25;;25;;;;;;;;;;"Malveillance";;;;;""
2020;4173;"38";"38240";"Moissieu-sur-Dolon";"2020-08-09 14:44:00";850;0;;850;;;850;0;0;0;"Estimées";;;;;;;""
2020;4172;"38";"38359";"Saint Antoine l'Abbaye";"2020-08-09 15:02:00";150;0;;150;;;150;0;0;0;"Estimées";;;;;;;""
2020;15553;"48";"48019";"Barre-des-Cévennes";"2020-08-09 15:20:00";30;;30;;;;;;;;;"1";"Naturelle";;;;;""
2020;1639;"29";"29172";"Plomodiern";"2020-08-09 15:30:00";1400;0;;1200;;;1200;200;0;200;"Estimées";;;;;;;""
2020;2534;"77";"77194";"Forges";"2020-08-09 15:47:00";30000;30000;;0;;;0;0;0;0;"Estimées";;"Involontaire (travaux)";;;;;""
2020;12368;"41";"41225";"Saint-Martin-des-Bois";"2020-08-09 15:53:00";30000;10000;;0;;;0;20000;0;20000;"Estimées";;;;;;;""
2020;1780;"35";"35117";"Gaël";"2020-08-09 15:54:00";11000;0;;1000;;;1000;0;10000;10000;"Estimées";;;;;;;""
2020;15133;"83";"83002";"Aiguines";"2020-08-09 16:20:00";550;550;;;;;;;;;;"3";"Malveillance";;;;;""
2020;2792;"88";"88163";"Essegney";"2020-08-09 16:37:00";1000;1000;;0;;;0;0;0;0;"Estimées";;;;;;;""
2020;15131;"07";"07344";"Vinzieux";"2020-08-09 16:46:00";5000;;5000;;;;;;;;;"1";;;;;;""
2020;5934;"40";"40169";"Maillas";"2020-08-09 16:52:00";18000;18000;;0;;;0;;;0;;;;;;;;""
2020;1249;"46";"46119";"Gigouzac";"2020-08-09 16:59:00";50000;50000;;0;;;0;0;0;0;"Estimées";;;;;;;""
2020;6256;"33";"33522";"Talence";"2020-08-09 17:25:00";500;500;;0;;;0;;;0;;;;;;;;""
2020;1781;"35";"35127";"Guignen";"2020-08-09 17:42:00";15000;0;;10000;;;10000;5000;0;5000;"Estimées";;;;;;;""
2020;2483;"21";"21094";"Bourberain";"2020-08-09 18:08:00";300;300;;0;;;0;0;0;0;"Estimées";;;;;;;""
2020;6257;"33";"33376";"Saint-Aubin-de-Médoc";"2020-08-09 18:13:00";1000;1000;;0;;;0;;;0;;;;;;;;""
2020;2482;"21";"21361";"Lux";"2020-08-09 18:19:00";2000;2000;;0;;;0;0;0;0;"Mesurées";;;;;;;""
2020;15554;"48";"48094";"Massegros Causses Gorges";"2020-08-09 19:07:00";10;10;;;;;;;;;;"4";"Naturelle";;;;;""
2020;12371;"41";"41243";"Selommes";"2020-08-09 21:07:00";5;5;;0;;;0;0;0;0;"Estimées";;;;;;;""
2020;6259;"33";"33536";"Le Tuzan";"2020-08-09 23:32:00";100;100;;0;;;0;;;0;;;;;;;;""
2020;6260;"33";"33536";"Le Tuzan";"2020-08-10 01:25:00";600;600;;0;;;0;;;0;;;;;;;;""
2020;1232;"76";"76486";"Orival";"2020-08-10 01:45:00";20;0;;20;;;20;0;0;0;"Estimées";;;;;;;""
2020;17065;"13";"13118";"Coudoux";"2020-08-10 09:39:00";20;20;;;;;;;;;;"1";"Involontaire (particulier)";;;;;""
2020;15556;"48";"48036";"Cassagnas";"2020-08-10 10:30:00";110;110;;;;;;;;;;"3";"Naturelle";;;;;""
2020;5216;"15";"15119";"Massiac";"2020-08-10 11:29:00";140000;140000;;0;;;0;0;0;0;"Mesurées";;;;;;;""
2020;2514;"77";"77186";"Fontainebleau";"2020-08-10 11:31:00";20;20;;0;;;0;0;0;0;"Estimées";;"Involontaire (particulier)";;;;;""
2020;17067;"13";"13043";"Gignac-la-Nerthe";"2020-08-10 13:11:00";5600;600;5000;;;;;;;;;"1";"Involontaire (particulier)";;;;;""
2020;16354;"26";"26082";"Châteauneuf-de-Bordette";"2020-08-10 13:56:00";1000;;;;;;;;;;;"5";;;;;;""
2020;3075;"45";"45346";"Vitry-aux-Loges";"2020-08-10 13:58:00";5000;5000;;0;;;0;0;0;0;"Estimées";;"Accidentelle";;;;;""
2020;1327;"82";"82187";"Varen";"2020-08-10 14:09:00";700000;700000;;0;;;0;0;0;0;"Estimées";;"Accidentelle";;;;;"Données partielles ou non valides"
2020;5417;"47";"47278";"Saint-Sernin";"2020-08-10 14:25:00";10100;100;;0;;;0;;;10000;;;"Accidentelle";;;;;""
2020;17066;"13";"13060";"Meyreuil";"2020-08-10 14:41:00";30;30;;;;;;;;;;"1";"Accidentelle";;;;;""
2020;1253;"81";"81230";"Rosières";"2020-08-10 14:56:00";1500;1500;;0;;;0;0;0;0;"Estimées";;;;;;;""
2020;2998;"67";"67230";"Kaltenhouse";"2020-08-10 14:57:00";100;100;;0;;;0;0;0;0;"Estimées";;;;;;;""
2020;1277;"01";"01056";"Boyeux-Saint-Jérôme";"2020-08-10 15:32:00";50000;10000;;40000;;;40000;0;0;0;"Estimées";;;;;;;""
2020;15558;"48";"48089";"Le Malzieu-Forain";"2020-08-10 15:36:00";4600;;4600;;;;;;;;;"1";"Naturelle";;;;;""
2020;15655;"05";"05055";"La Faurie";"2020-08-10 15:50:00";628500;472700;155800;;;;;;;;;"4";"Naturelle";;;;;""
2020;1257;"76";"76720";"Varengeville-sur-Mer";"2020-08-10 16:05:00";600;600;;0;;;0;0;0;0;"Mesurées";;;;;;;""
2020;3523;"71";"71014";"Autun";"2020-08-10 16:08:00";200;200;;0;;;0;0;0;0;"Estimées";;;;;;;""
2020;4812;"54";"54040";"Badonviller";"2020-08-10 16:25:00";20000;150;;0;;;0;0;19850;19850;"Estimées";;;;;;;""
2020;2868;"87";"87039";"Château-Chervix";"2020-08-10 16:26:00";10000;0;;10000;;;10000;0;0;0;"Estimées";;;;;;;""
2020;1329;"46";"46273";"Saint-Laurent-les-Tours";"2020-08-10 16:27:00";10000;0;;10000;;;10000;0;0;0;"Estimées";;;;;;;""
2020;1254;"81";"81315";"Vielmur-sur-Agout";"2020-08-10 16:28:00";50;50;;0;;;0;0;0;0;"Estimées";;;;;;;""
2020;17498;"66";"66104";"Los Masos";"2020-08-10 17:21:00";8000;8000;;;;;;;;;;"2";"Involontaire (travaux)";;;;;""
2020;15132;"07";"07338";"Vernoux-en-Vivarais";"2020-08-10 17:45:00";2500;2500;;;;;;;;;;"5";;;;;;""
2020;5217;"15";"15027";"Puycapel";"2020-08-10 19:40:00";900;900;;0;;;0;0;0;0;"Mesurées";;"Involontaire (particulier)";;;;;""
2020;6264;"33";"33083";"Camarsac";"2020-08-10 20:22:00";500;500;;0;;;0;;;0;;;;;;;;""
2020;15602;"26";"26253";"Poyols";"2020-08-10 20:27:00";3700;3250;;;;;;;;450;;"4";"Naturelle";;;;;""
2020;4942;"72";"72346";"La Suze-sur-Sarthe";"2020-08-10 20:55:00";400;400;;0;;;0;0;0;0;"Estimées";;;;;;;""
2020;15603;"26";"26262";"Recoubeau-Jansac";"2020-08-10 21:07:00";10;;;;;;;;;10;;;"Involontaire (particulier)";;;;;""
2020;15604;"26";"26168";"Lus-la-Croix-Haute";"2020-08-10 21:16:00";500;;;;;;;;;;;;"Naturelle";;;;;""
2020;3432;"39";"39571";"Villers-Robert";"2020-08-10 22:03:00";100;0;;100;;;100;0;0;0;"Estimées";;;;;;;""
2020;2357;"17";"17118";"Corignac";"2020-08-10 22:19:00";1000;1000;;0;;;0;0;0;0;"Mesurées";;;;;;;""
2020;15560;"48";"48036";"Cassagnas";"2020-08-10 22:30:00";3200;;3200;;;;;;;;;"3";"Naturelle";;;;;""
2020;15608;"11";"11024";"Bages";"2020-08-11 06:34:00";20;;;;;;;;;;;;;;;;;""
2020;2515;"77";"77159";"Donnemarie-Dontilly";"2020-08-11 10:34:00";100;100;;0;;;0;0;0;0;"Estimées";;;;;;;""
2020;15437;"07";"07171";"Payzac";"2020-08-11 10:46:00";2000;2000;;;;;;;;;;"4";"Naturelle";;;;;""
2020;4177;"38";"38382";"Saint-Égrève";"2020-08-11 11:42:00";100;0;;100;;;100;0;0;0;"Estimées";;;;;;;""
2020;15170;"34";"34184";"Nizas";"2020-08-11 11:56:00";3159;;3159;;;;;;;;;"1";"Malveillance";;;;;""
2020;4342;"12";"12204";"La Roque-Sainte-Marguerite";"2020-08-11 12:35:00";10000;10000;;0;;;0;0;0;0;"Estimées";;;;;;;""
2020;5287;"24";"24350";"Razac-sur-l'Isle";"2020-08-11 12:51:00";8000;8000;;0;;;0;;;0;;;;;;;;""
2020;12376;"41";"41014";"Beauchêne";"2020-08-11 13:10:00";150;0;;150;;;150;0;0;0;"Estimées";;;;;;;""
2020;1272;"76";"76292";"Fry";"2020-08-11 13:32:00";100;0;;100;;;100;0;0;0;"Estimées";;;;;;;""
2020;5218;"15";"15258";"Vic-sur-Cère";"2020-08-11 14:06:00";1000;1000;;0;;;0;0;0;0;"Estimées";;"Involontaire (particulier)";;;;;""
2020;15410;"04";"04070";"Digne-les-Bains";"2020-08-11 14:50:00";500;500;;;;;;;;;;"5";"Malveillance";;;;;""
2020;2358;"17";"17113";"La Clotte";"2020-08-11 14:58:00";5000;5000;;0;;;0;0;0;0;"Estimées";;;;;;;""
2020;2527;"77";"77093";"La Chapelle-Moutils";"2020-08-11 15:04:00";5000;5000;;0;;;0;0;0;0;"Estimées";;"Involontaire (travaux)";;;;;""
2020;4930;"72";"72139";"Fyé";"2020-08-11 15:24:00";36000;36000;;0;;;0;0;0;0;"Estimées";;;;;;;""
2020;4931;"72";"72176";"Le Lude";"2020-08-11 16:03:00";200;200;;0;;;0;0;0;0;"Estimées";;;;;;;""
2020;6267;"33";"33522";"Talence";"2020-08-11 16:03:00";500;500;;0;;;0;;;0;;;;;;;;""
2020;15178;"06";"06086";"Moulinet";"2020-08-11 16:37:00";500;;500;;;;;;;;;"1";"Naturelle";;;;;""
2020;4178;"38";"38194";"Izeaux";"2020-08-11 17:37:00";2000;0;;2000;;;2000;0;0;0;"Estimées";;;;;;;""
2020;1330;"46";"46273";"Saint-Laurent-les-Tours";"2020-08-11 17:41:00";200;0;;200;;;200;0;0;0;"Estimées";;;;;;;""
2020;6270;"33";"33380";"Val-de-Livenne";"2020-08-11 17:50:00";3000;3000;;0;;;0;;;0;;;;;;;;""
2020;6271;"33";"33393";"Saint-Denis-de-Pile";"2020-08-11 18:01:00";30000;25000;;0;;;0;;;5000;;;;;;;;""
2020;6272;"33";"33502";"Saugon";"2020-08-11 18:42:00";10000;10000;;0;;;0;;;0;;;"Involontaire (particulier)";;;;;""
2020;15904;"2A";"2A062";"Carbuccia";"2020-08-11 18:50:00";400;;400;;;;;;;;;;;;;;;""
2020;6273;"33";"33284";"Mios";"2020-08-11 18:55:00";20;20;;0;;;0;;;0;;;"Accidentelle";;;;;""
2020;1414;"19";"19226";"Saint-Merd-les-Oussines";"2020-08-11 19:11:00";10000;0;;10000;;;10000;0;0;0;"Estimées";;;;;;;""
2020;1273;"52";"52206";"Frampas";"2020-08-11 19:40:00";2200;0;;200;;;200;2000;0;2000;"Estimées";;;;;;;""
2020;2802;"88";"88304";"Mirecourt";"2020-08-11 21:25:00";5;5;;0;;;0;0;0;0;"Estimées";;;;;;;""
2020;2870;"87";"87064";"Eymoutiers";"2020-08-11 21:40:00";140000;140000;;0;;;0;0;0;0;"Mesurées";;"Accidentelle";;;;;""
2020;5936;"40";"40157";"Lit-et-Mixe";"2020-08-11 22:23:00";4356;4356;;0;;;0;;;0;;;;;;;;""
2020;16382;"13";"13075";"Plan-de-Cuques";"2020-08-12 02:21:00";500;250;250;;;;;;;;;"1";;;;;;""
2020;4179;"38";"38074";"Chantesse";"2020-08-12 05:46:00";170;0;;170;;;170;0;0;0;"Estimées";;;;;;;""
2020;6278;"33";"33042";"Belin-Béliet";"2020-08-12 07:44:00";1;1;;0;;;0;;;0;;;;;;;;""
2020;2771;"77";"77244";"Larchant";"2020-08-12 10:57:00";5;5;;0;;;0;0;0;0;"Estimées";;"Involontaire (particulier)";;;;;""
2020;5937;"40";"40287";"Sanguinet";"2020-08-12 11:08:00";20;20;;0;;;0;;;0;;;"Naturelle";;;;;""
2020;6279;"33";"33498";"Salles";"2020-08-12 11:23:00";20;10;;0;;;0;;;10;;;;;;;;""
2020;2803;"88";"88225";"Hadol";"2020-08-12 12:40:00";100;100;;0;;;0;0;0;0;"Estimées";;;;;;;""
2020;17069;"13";"13047";"Istres";"2020-08-12 13:36:00";10;10;;;;;;;;;;"1";"Involontaire (particulier)";;;;;""
2020;4250;"38";"38508";"Torchefelon";"2020-08-12 15:05:00";7000;0;;7000;;;7000;0;0;0;"Estimées";;;;;;;""
2020;6280;"33";"33436";"Saint-Magne";"2020-08-12 15:27:00";5000;5000;;0;;;0;;;0;;;;;;;;""
2020;2805;"88";"88494";"Vaubexy";"2020-08-12 15:37:00";20000;20000;;0;;;0;0;0;0;"Estimées";;;;;;;""
2020;5938;"40";"40006";"Arengosse";"2020-08-12 15:38:00";50000;30000;;0;;;0;;;20000;;;"Naturelle";;;;;""
2020;5939;"40";"40134";"Labouheyre";"2020-08-12 16:00:00";13000;13000;;0;;;0;;;0;;;"Naturelle";;;;;""
2020;6281;"33";"33202";"Hostens";"2020-08-12 16:06:00";3200;3200;;0;;;0;;;0;;;;;;;;""
2020;15243;"34";"34183";"Nissan-lez-Enserune";"2020-08-12 16:09:00";746;746;;;;;;;;;;"4";"Involontaire (particulier)";;;;;""
2020;5940;"40";"40307";"Sore";"2020-08-12 16:49:00";80;80;;0;;;0;;;0;;;"Naturelle";;;;;""
2020;4940;"72";"72287";"Saint-Gervais-en-Belin";"2020-08-12 16:57:00";10;10;;0;;;0;0;0;0;"Estimées";;;;;;;""
2020;6282;"33";"33307";"Noaillan";"2020-08-12 17:01:00";300;300;;0;;;0;;;0;;;;;;;;""
2020;5941;"40";"40311";"Taller";"2020-08-12 17:11:00";10000;10000;;0;;;0;;;0;;;"Naturelle";;;;;""
2020;2359;"17";"17366";"Saint-Martin-de-Coux";"2020-08-12 17:20:00";3000;3000;;0;;;0;0;0;0;"Estimées";;;;;;;""
2020;6283;"33";"33537";"Uzeste";"2020-08-12 17:22:00";10000;10000;;0;;;0;;;0;;;;;;;;""
2020;15440;"07";"07023";"Balazuc";"2020-08-12 17:37:00";15000;;15000;;;;;;;;;"1";;;;;;""
2020;3603;"57";"57442";"Many";"2020-08-12 18:08:00";10000;0;;10000;;;10000;0;0;0;"Estimées";;;;;;;""
2020;5942;"40";"40287";"Sanguinet";"2020-08-12 18:32:00";50;50;;0;;;0;;;0;;;"Naturelle";;;;;""
2020;5018;"09";"09263";"Saint-Jean-du-Castillonnais";"2020-08-12 20:12:00";20000;20000;;0;;;0;0;0;0;"Mesurées";;"Involontaire (travaux)";;;;;""
2020;5943;"40";"40167";"Luxey";"2020-08-12 20:19:00";1550;1550;;0;;;0;;;0;;;"Naturelle";;;;;""
2020;17068;"13";"13108";"Tarascon";"2020-08-12 20:29:00";3000;3000;;;;;;;;;;"1";;;;;;""
2020;6284;"33";"33171";"Fossès-et-Baleyssac";"2020-08-12 20:46:00";10;10;;0;;;0;;;0;;;;;;;;""
2020;5944;"40";"40167";"Luxey";"2020-08-12 20:52:00";30;30;;0;;;0;;;0;;;;;;;;""
2020;2806;"88";"88468";"Le Thillot";"2020-08-12 21:23:00";50;50;;0;;;0;0;0;0;"Estimées";;;;;;;""
2020;2811;"88";"88460";"Soulosse-sous-Saint-Élophe";"2020-08-13 01:32:00";200;200;;0;;;0;0;0;0;"Estimées";;;;;;;""
2020;17158;"30";"30307";"Les Salles-du-Gardon";"2020-08-13 03:45:00";50;50;;;;;;;;;;"2";"Naturelle";;;;;""
2020;15403;"84";"84045";"Faucon";"2020-08-13 05:29:00";112;112;;;;;;;;;;"4";"Naturelle";;;;;""
2020;4181;"38";"38048";"Bonnefamille";"2020-08-13 08:39:00";700;0;;700;;;700;0;0;0;"Estimées";;;;;;;""
2020;17070;"13";"13051";"Lançon-Provence";"2020-08-13 08:53:00";10;10;;;;;;;;;;"1";"Involontaire (particulier)";;;;;""
2020;2812;"88";"88413";"Saint-Dié-des-Vosges";"2020-08-13 08:54:00";40;40;;0;;;0;0;0;0;"Estimées";;;;;;;""
2020;1645;"29";"29189";"Plougastel-Daoulas";"2020-08-13 09:26:00";20;0;;20;;;20;0;0;0;"Estimées";;;;;;;""
2020;16348;"26";"26123";"Establet";"2020-08-13 09:55:00";33600;33600;;;;;;;;;;"4";"Naturelle";;;;;""
2020;15905;"2A";"2A004";"Ajaccio";"2020-08-13 11:27:00";100000;;100000;;;;;;;;;"1";"Malveillance";;;;;""
2020;5946;"40";"40311";"Taller";"2020-08-13 11:48:00";5;5;;0;;;0;;;0;;;"Naturelle";;;;;""
2020;15725;"34";"34197";"Péret";"2020-08-13 13:35:00";830;;830;;;;;;;;;"1";"Accidentelle";;;;;""
2020;15351;"06";"06088";"Nice";"2020-08-13 14:10:00";100;;100;;;;;;;;;"1";;;;;;""
2020;2494;"21";"21190";"Corcelles-les-Arts";"2020-08-13 15:00:00";500;500;;0;;;0;0;0;0;"Estimées";;;;;;;""
2020;16349;"26";"26245";"Pommerol";"2020-08-13 15:34:00";100;;;;;;;;;;;"4";"Involontaire (particulier)";;;;;""
2020;5947;"40";"40246";"Sabres";"2020-08-13 15:55:00";5000;5000;;0;;;0;;;0;;;"Naturelle";;;;;""
2020;16513;"83";"83004";"Les Arcs";"2020-08-13 16:02:00";14000;14000;;;;;;;;;;"4";"Involontaire (particulier)";;;;;""
2020;15589;"06";"06062";"Fontan";"2020-08-13 16:14:00";500;;;;;;;;;;;"4";"Naturelle";;;;;""
2020;15441;"07";"07301";"Saint-Victor";"2020-08-13 16:21:00";1000;1000;;;;;;;;;;"3";;;;;;""
2020;15906;"2A";"2A017";"Appietto";"2020-08-13 16:33:00";120000;10000;110000;;;;;;;;;"1";"Involontaire (particulier)";;;;;""
2020;5948;"40";"40060";"Callen";"2020-08-13 20:22:00";84391;84391;;0;;;0;;;0;;;"Naturelle";;;;;""
2020;15724;"34";"34103";"Fontès";"2020-08-13 21:05:00";4155;;4155;;;;;;;;;"1";"Malveillance";;;;;""
2020;15427;"2B";"2B286";"Sorbo-Ocagnano";"2020-08-13 21:55:00";12800;;;;;;;;;;;;"Malveillance";;;;;""
2020;15907;"2A";"2A017";"Appietto";"2020-08-14 02:21:00";150;;150;;;;;;;;;;;;;;;""
2020;5774;"64";"64417";"Nay";"2020-08-14 12:08:00";10;0;;10;;;10;;;0;;;"Involontaire (particulier)";;;;;""
2020;15434;"83";"83058";"Flayosc";"2020-08-14 13:28:00";60;60;;;;;;;;;;"5";"Accidentelle";;;;;""
2020;15389;"30";"30140";"Lasalle";"2020-08-14 13:44:00";278;278;;;;;;;;;;"2";"Naturelle";;;;;""
2020;1783;"35";"35211";"Paimpont";"2020-08-14 14:26:00";10000;10000;;0;;;0;0;0;0;"Estimées";;;;;;;""
2020;5949;"40";"40111";"Geloux";"2020-08-14 14:48:00";7392;7392;;0;;;0;;;0;;;"Naturelle";;;;;""
2020;15444;"07";"07012";"Arcens";"2020-08-14 14:55:00";110000;110000;;;;;;;;;;"3";;;;;;""
2020;17071;"13";"13066";"Noves";"2020-08-14 16:18:00";2;2;;;;;;;;;;"1";"Involontaire (particulier)";;;;;""
2020;15429;"2B";"2B110";"Favalello";"2020-08-14 16:42:00";4900;;4900;;;;;;;;;"1";"Malveillance";;;;;""
2020;15436;"83";"83087";"Nans-les-Pins";"2020-08-14 17:01:00";1600;1600;;;;;;;;;;"2";"Malveillance";;;;;""
2020;15476;"34";"34032";"Béziers";"2020-08-14 17:20:00";236085;;36085;;;;;;;200000;;"1";"Malveillance";;;;;""
2020;12383;"41";"41211";"Saint-Georges-sur-Cher";"2020-08-14 18:53:00";60;0;;60;;;60;0;0;0;"Estimées";;;;;;;""
2020;15723;"34";"34045";"Cabrières";"2020-08-14 19:50:00";459;;459;;;;;;;;;"1";;;;;;""
2020;2815;"88";"88160";"Épinal";"2020-08-14 20:01:00";100;100;;0;;;0;0;0;0;"Estimées";;;;;;;""
2020;15985;"2A";"2A031";"Bastelica";"2020-08-14 20:09:00";100;;100;;;;;;;;;;"Malveillance";;;;;""
2020;16255;"13";"13002";"Allauch";"2020-08-15 03:14:00";15;15;;;;;;;;;;"1";"Malveillance";;;;;""
2020;5226;"53";"53228";"Blandouet-Saint Jean";"2020-08-15 11:31:00";100;100;;0;;;0;0;0;0;"Estimées";;;;;;;""
2020;15986;"2A";"2A031";"Bastelica";"2020-08-15 12:44:00";700;;700;;;;;;;;;;"Involontaire (particulier)";;;;;""
2020;15449;"07";"07237";"Saint-Fortunat-sur-Eyrieux";"2020-08-15 13:33:00";1600;;1600;;;;;;;;;"1";;;;;;""
2020;15609;"11";"11410";"Villalier";"2020-08-15 14:44:00";2;;;;;;;;;;;;;;;;;""
2020;16017;"84";"84045";"Faucon";"2020-08-15 15:00:00";1341500;1105100;62400;;;;;;;174000;;;;;;;;""
2020;15562;"48";"48162";"Saint-Julien-d'Arpaon";"2020-08-15 15:51:00";10100;;8100;;;;;;;2000;;"1";"Involontaire (particulier)";;;;;""
2020;2540;"77";"77159";"Donnemarie-Dontilly";"2020-08-15 15:52:00";25000;25000;;0;;;0;0;0;0;"Estimées";;"Involontaire (travaux)";;;;;""
2020;4939;"72";"72346";"La Suze-sur-Sarthe";"2020-08-15 15:57:00";400;400;;0;;;0;0;0;0;"Estimées";;;;;;;""
2020;15987;"2A";"2A139";"Lecci";"2020-08-15 16:31:00";1;;;;;;;;;1;;;"Involontaire (particulier)";;;;;""
2020;17072;"13";"13117";"Vitrolles";"2020-08-15 16:51:00";1000;1000;;;;;;;;;;"1";"Involontaire (particulier)";;;;;""
2020;4314;"12";"12036";"Brommat";"2020-08-15 19:14:00";60000;60000;;0;;;0;0;0;0;"Estimées";;;;;;;""
2020;1348;"81";"81038";"Brens";"2020-08-15 19:29:00";8000;0;;4000;;;4000;0;4000;4000;"Estimées";;;;;;;""
2020;15409;"84";"84068";"Lourmarin";"2020-08-15 21:53:00";400;;;;;;;;;;;;;;;;;""
2020;5423;"47";"47008";"Ambrus";"2020-08-15 22:05:00";2500;2500;;0;;;0;;;0;;;"Naturelle";;;;;""
2020;17076;"13";"13002";"Allauch";"2020-08-16 03:54:00";20;20;;;;;;;;;;"1";"Malveillance";;;;;""
2020;5953;"40";"40332";"Ychoux";"2020-08-16 09:42:00";10;10;;0;;;0;;;0;;;"Naturelle";;;;;""
2020;6289;"33";"33422";"Saint-Jean-d'Illac";"2020-08-16 10:30:00";1500;1500;;0;;;0;;;0;;;;;;;;""
2020;4182;"38";"38077";"La Chapelle-de-Surieu";"2020-08-16 12:14:00";2000;0;;2000;;;2000;0;0;0;"Estimées";;;;;;;""
2020;5932;"40";"40319";"Trensacq";"2020-08-16 12:52:00";120000;120000;;0;;;0;;;0;;;"Accidentelle";;;;;""
2020;16387;"07";"07114";"Labatie-d'Andaure";"2020-08-16 14:27:00";3000;3000;;;;;;;;;;"5";"Naturelle";;;;;""
2020;15517;"2B";"2B173";"Muro";"2020-08-16 14:52:00";14100;;;;;;;;;;;;;;;;;""
2020;15528;"83";"83007";"Aups";"2020-08-16 15:30:00";200;;;;;;;;;;;"5";"Involontaire (particulier)";;;;;""
2020;16388;"07";"07202";"Sablières";"2020-08-16 15:38:00";100;100;;;;;;;;;;"4";"Naturelle";;;;;""
2020;15420;"30";"30198";"Les Plantiers";"2020-08-16 15:53:00";459;459;;;;;;;;;;"2";"Naturelle";;;;;""
2020;15563;"48";"48098";"Molezon";"2020-08-16 16:00:00";80;80;0;;;;;;;;;"3";"Naturelle";;;;;""
2020;3780;"70";"70357";"Montbozon";"2020-08-16 16:05:00";100;0;;100;;;100;0;0;0;"Estimées";;;;;;;""
2020;15989;"2A";"2A027";"Azzana";"2020-08-16 16:21:00";10;;10;;;;;;;;;"1";"Involontaire (particulier)";;;;;""
2020;16389;"07";"07346";"Viviers";"2020-08-16 16:26:00";500;500;;;;;;;;;;"3";;;;;;""
2020;5954;"40";"40164";"Retjons";"2020-08-16 16:45:00";50;50;;0;;;0;;;0;;;"Naturelle";;;;;""
2020;15610;"11";"11269";"Ouveillan";"2020-08-16 17:32:00";50;;;;;;;;;;;;;;;;;""
2020;15582;"04";"04077";"Entrevennes";"2020-08-16 17:51:00";15;15;;;;;;;;;;"2";"Naturelle";;;;;""
2020;6290;"33";"33115";"Cazalis";"2020-08-16 17:52:00";1600;1600;;0;;;0;;;0;;;;;;;;""
2020;2541;"77";"77260";"Longueville";"2020-08-16 17:52:00";1500;1500;;0;;;0;0;0;0;"Estimées";;"Involontaire (travaux)";;;;;""
2020;17074;"13";"13081";"Rognac";"2020-08-16 17:59:00";500;500;;;;;;;;;;"1";"Involontaire (particulier)";;;;;""
2020;15583;"04";"04200";"Salignac";"2020-08-16 18:31:00";290;290;;;;;;;;;;"6";"Naturelle";;;;;""
2020;15584;"04";"04134";"La Motte-du-Caire";"2020-08-16 19:06:00";130;130;;;;;;;;;;"4";"Naturelle";;;;;""
2020;6292;"33";"33188";"Giscos";"2020-08-16 19:09:00";2000;2000;;0;;;0;;;0;;;"Accidentelle";;;;;""
2020;16390;"07";"07331";"Vals-les-Bains";"2020-08-16 20:47:00";150;150;;;;;;;;;;"4";;;;;;""
2020;17499;"66";"66046";"Caudiès-de-Fenouillèdes";"2020-08-16 21:26:00";20000;;20000;;;;;;;;;"1";"Malveillance";;;;;""
2020;15586;"04";"04118";"Melve";"2020-08-16 21:32:00";2;2;;;;;;;;;;"3";"Naturelle";;;;;""
2020;17075;"13";"13081";"Rognac";"2020-08-16 22:15:00";1000;1000;;;;;;;;;;"1";"Involontaire (particulier)";;;;;""
2020;15611;"11";"11170";"Gruissan";"2020-08-17 08:56:00";500;;;;;;;;;;;;;;;;;""
2020;5955;"40";"40229";"Pontenx-les-Forges";"2020-08-17 09:56:00";20000;20000;;0;;;0;;;0;;;"Naturelle";;;;;""
2020;3841;"70";"70045";"Avrigney-Virey";"2020-08-17 11:44:00";30;0;;30;;;30;0;0;0;"Estimées";;;;;;;""
2020;15564;"84";"84003";"Apt";"2020-08-17 12:29:00";50;;;;;;;;;;;;;;;;;""
2020;17078;"13";"13082";"Rognes";"2020-08-17 12:57:00";100;100;;;;;;;;;;"1";"Involontaire (particulier)";;;;;""
2020;15612;"11";"11069";"Carcassonne";"2020-08-17 14:49:00";7000;;;;;;;;;;;;;;;;;""
2020;15720;"34";"34277";"Saint-Maurice-Navacelles";"2020-08-17 15:07:00";17129;17129;;;;;;;;;;"2";"Malveillance";;;;;""
2020;17077;"13";"13004";"Arles";"2020-08-17 15:30:00";10000;5000;5000;;;;;;;;;"1";;;;;;""
2020;15587;"04";"04087";"Fontienne";"2020-08-17 17:24:00";70;70;;;;;;;;;;"4";"Naturelle";;;;;""
2020;15614;"11";"11325";"Rouffiac-d'Aude";"2020-08-17 19:08:00";200;;;;;;;;;;;;;;;;;""
2020;2497;"21";"21569";"Saint-Romain";"2020-08-17 19:14:00";5000;0;;5000;;;5000;0;0;0;"Estimées";;;;;;;""
2020;5956;"40";"40184";"Mimizan";"2020-08-17 19:19:00";100;100;;0;;;0;;;0;;;;;;;;""
2020;15533;"83";"83107";"Roquebrune-sur-Argens";"2020-08-17 22:01:00";6;6;;;;;;;;;;"5";"Involontaire (particulier)";;;;;""
2020;15596;"83";"83001";"Les Adrets-de-l'Estérel";"2020-08-18 08:00:00";23400;20000;;;;;;;;3400;;"3";"Accidentelle";;;;;""
2020;15615;"11";"11322";"Roquefort-des-Corbières";"2020-08-18 10:49:00";15590;;;;;;;;;;;;;;;;;""
2020;17500;"66";"66205";"Tautavel";"2020-08-18 10:51:00";25000;20000;5000;;;;;;;;;"4";"Accidentelle";;;;;""
2020;15616;"11";"11067";"Canet";"2020-08-18 11:37:00";500;;;;;;;;;;;;;;;;;""
2020;15590;"06";"06030";"Le Cannet";"2020-08-18 12:55:00";400;;400;;;;;;;;;"1";;;;;;""
2020;16259;"13";"13106";"Septèmes-les-Vallons";"2020-08-18 14:33:00";1900;1900;;;;;;;;;;"1";;;;;;""
2020;17159;"30";"30196";"Le Pin";"2020-08-18 14:44:00";203;203;;;;;;;;;;"2";"Malveillance";;;;;""
2020;5645;"64";"64094";"Bardos";"2020-08-18 15:49:00";5100;100;;0;;;0;;;5000;;;;;;;;""
2020;17160;"30";"30330";"Tornac";"2020-08-18 16:08:00";5;;5;;;;;;;;;"1";"Malveillance";;;;;""
2020;15990;"2A";"2A228";"Pietrosella";"2020-08-18 16:36:00";1;;1;;;;;;;;;;"Involontaire (particulier)";;;;;""
2020;2821;"88";"88429";"Saint-Nabord";"2020-08-18 17:08:00";100;100;;0;;;0;0;0;0;"Estimées";;;;;;;""
2020;15991;"2A";"2A259";"Rezza";"2020-08-19 01:05:00";40;;40;;;;;;;;;;;;;;;""
2020;15992;"2A";"2A048";"Calcatoggio";"2020-08-19 11:17:00";5;;5;;;;;;;;;"1";;;;;;""
2020;6296;"33";"33552";"Virelade";"2020-08-19 12:12:00";10000;10000;;0;;;0;;;0;;;"Accidentelle";;;;;""
2020;4184;"38";"38064";"Cessieu";"2020-08-19 13:39:00";200;0;;200;;;200;0;0;0;"Estimées";;;;;;;""
2020;3286;"08";"08081";"Bogny-sur-Meuse";"2020-08-19 15:07:00";25000;25000;;0;;;0;0;0;0;"Estimées";;;;;;;""
2020;15597;"83";"83100";"Puget-Ville";"2020-08-19 15:17:00";500;500;;;;;;;;;;"4";"Malveillance";;;;;""
2020;3764;"70";"70296";"Larians-et-Munans";"2020-08-19 15:38:00";6000;0;;6000;;;6000;0;0;0;"Estimées";;;;;;;""
2020;15618;"11";"11367";"Saissac";"2020-08-19 15:56:00";4395;;;;;;;;;;;;;;;;;""
2020;15619;"11";"11253";"Montolieu";"2020-08-19 16:08:00";404965;;;;;;;;;;;;;;;;;""
2020;15605;"04";"04116";"Les Mées";"2020-08-19 16:28:00";21600;;;;;;;;;;;;;;;;;""
2020;15620;"11";"11367";"Saissac";"2020-08-19 17:45:00";3;;;;;;;;;;;;;;;;;""
2020;1481;"81";"81055";"Les Cammazes";"2020-08-19 17:56:00";20000;0;;20000;;;20000;0;0;0;"Estimées";;;;;;;""
2020;5427;"47";"47142";"Lauzun";"2020-08-19 18:45:00";300;200;;0;;;0;;;100;;;;;;;;""
2020;17209;"13";"13001";"Aix-en-Provence";"2020-08-19 18:49:00";20;20;;;;;;;;;;"1";"Involontaire (particulier)";;;;;""
2020;17208;"13";"13015";"Bouc-Bel-Air";"2020-08-19 20:52:00";50;50;;;;;;;;;;"1";;;;;;""
2020;4187;"38";"38561";"Viriville";"2020-08-19 23:28:00";2500;0;;2500;;;2500;0;0;0;"Estimées";;;;;;;""
2020;3524;"71";"71284";"Martailly-lès-Brancion";"2020-08-20 05:27:00";10000;10000;;0;;;0;0;0;0;"Estimées";;;;;;;""
2020;2516;"77";"77186";"Fontainebleau";"2020-08-20 09:23:00";1;1;;0;;;0;0;0;0;"Estimées";;"Involontaire (particulier)";;;;;""
2020;15908;"2A";"2A209";"Peri";"2020-08-20 10:45:00";10000;3000;7000;;;;;;;;;"5";"Accidentelle";;;;;""
2020;1502;"52";"52330";"Montheries";"2020-08-20 10:49:00";20000;0;;20000;;;20000;0;0;0;"Estimées";;;;;;;""
2020;15621;"11";"11370";"Salles-d'Aude";"2020-08-20 11:46:00";200;;;;;;;;;;;;;;;;;""
2020;4188;"38";"38146";"Dizimieu";"2020-08-20 12:16:00";60000;0;;60000;;;60000;0;0;0;"Estimées";;;;;;;""
2020;15721;"34";"34268";"Saint-Jean-de-la-Blaquière";"2020-08-20 14:03:00";17369;17369;;;;;;;;;;"3";"Malveillance";;;;;""
2020;17211;"13";"13007";"Auriol";"2020-08-20 14:17:00";50;50;;;;;;;;;;"1";;;;;;""
2020;6300;"33";"33498";"Salles";"2020-08-20 14:42:00";5000;5000;;0;;;0;;;0;;;"Involontaire (travaux)";;;;;""
2020;1510;"46";"46107";"Floressas";"2020-08-20 14:56:00";35000;0;;35000;;;35000;0;0;0;"Estimées";;;;;;;""
2020;1509;"81";"81045";"Les Cabannes";"2020-08-20 15:29:00";20000;0;;20000;;;20000;0;0;0;"Estimées";;"Accidentelle";;;;;""
2020;16393;"07";"07280";"Saint-Paul-le-Jeune";"2020-08-20 15:56:00";7000;;7000;;;;;;;;;"1";"Involontaire (particulier)";;;;;""
2020;1570;"89";"89440";"Verlin";"2020-08-20 16:20:00";40000;5000;;0;;;0;0;35000;35000;"Estimées";;"Involontaire (travaux)";;;;;""
2020;6303;"33";"33536";"Le Tuzan";"2020-08-20 16:27:00";6000;4000;;0;;;0;;;2000;;;"Accidentelle";;;;;""
2020;17501;"66";"66014";"Baixas";"2020-08-20 16:30:00";20000;;20000;;;;;;;;;"1";"Malveillance";;;;;""
2020;5024;"09";"09328";"Verdun";"2020-08-20 16:51:00";400000;0;;150000;;;150000;250000;0;250000;"Mesurées";;;;;;;""
2020;4190;"38";"38530";"Vaulx-Milieu";"2020-08-20 17:03:00";5000;0;;5000;;;5000;0;0;0;"Estimées";;;;;;;""
2020;3605;"57";"57046";"Baerenthal";"2020-08-20 17:11:00";150;0;;150;;;150;0;0;0;"Estimées";;;;;;;""
2020;2953;"21";"21017";"Arcenant";"2020-08-20 17:20:00";25000;25000;;0;;;0;0;0;0;"Estimées";;;;;;;""
2020;17212;"13";"13073";"Peypin";"2020-08-20 17:25:00";50;50;;;;;;;;;;"1";"Involontaire (particulier)";;;;;""
2020;3644;"70";"70005";"Aillevans";"2020-08-20 17:42:00";150;0;;150;;;150;0;0;0;"Estimées";;;;;;;""
2020;3873;"16";"16329";"Saint-Laurent-de-Céris";"2020-08-20 17:57:00";45000;0;;5000;;;5000;0;40000;40000;"Estimées";;"Involontaire (travaux)";;;;;""
2020;16250;"13";"13056";"Martigues";"2020-08-20 18:27:00";41800;33900;7900;;;;;;;;;"1";;;;;;""
2020;16256;"13";"13002";"Allauch";"2020-08-20 18:58:00";2;2;;;;;;;;;;"1";"Malveillance";;;;;""
2020;4191;"38";"38104";"Chimilin";"2020-08-20 19:00:00";200;0;;200;;;200;0;0;0;"Estimées";;;;;;;""
2020;12392;"41";"41139";"Meusnes";"2020-08-20 19:30:00";5;0;;5;;;5;0;0;0;"Estimées";;;;;;;""
2020;2823;"88";"88221";"Gruey-lès-Surance";"2020-08-20 20:42:00";50;50;;0;;;0;0;0;0;"Estimées";;;;;;;""
2020;15622;"11";"11146";"Floure";"2020-08-20 20:57:00";7988;;;;;;;;;;;;;;;;;""
2020;15623;"11";"11211";"Magrie";"2020-08-20 21:40:00";4025;;;;;;;;;;;;;;;;;""
2020;12393;"41";"41063";"Couffy";"2020-08-20 21:56:00";200;0;;200;;;200;0;0;0;"Estimées";;;;;;;""
2020;15683;"2B";"2B350";"Vignale";"2020-08-20 23:45:00";400;;400;;;;;;;;;"1";"Malveillance";;;;;""
2020;4192;"38";"38087";"Chasse-sur-Rhône";"2020-08-21 09:39:00";200;0;;200;;;200;0;0;0;"Estimées";;;;;;;""
2020;4251;"38";"38360";"Saint-Appolinard";"2020-08-21 13:45:00";200;0;;200;;;200;0;0;0;"Estimées";;;;;;;""
2020;2825;"88";"88470";"Le Tholy";"2020-08-21 14:00:00";5;5;;0;;;0;0;0;0;"Estimées";;;;;;;""
2020;17502;"66";"66030";"Calce";"2020-08-21 14:02:00";110000;;110000;;;;;;;;;"1";"Malveillance";;;;;""
2020;15685;"2B";"2B096";"Corte";"2020-08-21 14:25:00";1000;;;;;;;;;;;;;;;;;""
2020;3515;"80";"80144";"Brouchy";"2020-08-21 15:07:00";700;0;;100;;;100;600;0;600;"Estimées";;;;;;;""
2020;2827;"88";"88188";"Fresse-sur-Moselle";"2020-08-21 15:31:00";100;100;;0;;;0;0;0;0;"Estimées";;;;;;;""
2020;16272;"11";"11145";"Fleury";"2020-08-21 15:41:00";1222;;;;;;;;;;;;;;;;;""
2020;12395;"41";"41273";"Vievy-le-Rayé";"2020-08-21 15:48:00";500;0;;500;;;500;0;0;0;"Estimées";;;;;;;""
2020;2828;"88";"88249";"Jainvillotte";"2020-08-21 16:47:00";1000;1000;;0;;;0;0;0;0;"Estimées";;;;;;;""
2020;17213;"13";"13077";"Port-de-Bouc";"2020-08-21 17:27:00";10;10;;;;;;;;;;"1";"Involontaire (particulier)";;;;;""
2020;4196;"38";"38530";"Vaulx-Milieu";"2020-08-21 18:45:00";5000;0;;5000;;;5000;0;0;0;"Estimées";;;;;;;""
2020;1617;"46";"46061";"Cassagnes";"2020-08-21 18:46:00";3000;0;;3000;;;3000;0;0;0;"Estimées";;;;;;;""
2020;5430;"47";"47302";"Sos";"2020-08-21 20:08:00";3000;3000;;0;;;0;;;0;;;"Naturelle";;;;;""
2020;15686;"2B";"2B290";"Speloncato";"2020-08-21 20:50:00";1000;;;;;;;;;;;;;;;;;""
2020;17214;"13";"13107";"Simiane-Collongue";"2020-08-21 22:30:00";3;3;;;;;;;;;;"1";"Involontaire (particulier)";;;;;""
2020;17217;"13";"13002";"Allauch";"2020-08-22 03:25:00";5;5;;;;;;;;;;"1";"Malveillance";;;;;""
2020;15815;"34";"34166";"Montblanc";"2020-08-22 07:37:00";801;;801;;;;;;;;;"1";"Accidentelle";;;;;""
2020;17216;"13";"13002";"Allauch";"2020-08-22 07:40:00";2;2;;;;;;;;;;"1";"Malveillance";;;;;""
2020;6306;"33";"33333";"Le Porge";"2020-08-22 08:33:00";700;700;;0;;;0;;;0;;;"Accidentelle";;;;;""
2020;2517;"77";"77186";"Fontainebleau";"2020-08-22 13:46:00";1;1;;0;;;0;0;0;0;"Estimées";;"Involontaire (particulier)";;;;;""
2020;17215;"13";"13001";"Aix-en-Provence";"2020-08-22 14:38:00";50;50;;;;;;;;;;"1";"Involontaire (particulier)";;;;;""
2020;16274;"11";"11145";"Fleury";"2020-08-22 14:51:00";1399;;;;;;;;;;;;;;;;;""
2020;16018;"84";"84046";"Flassan";"2020-08-22 15:24:00";1700;1700;;;;;;;;;;"2";"Malveillance";;;;;""
2020;4936;"72";"72090";"Connerré";"2020-08-22 15:42:00";5000;5000;;0;;;0;0;0;0;"Estimées";;;;;;;""
2020;16398;"07";"07107";"Jaujac";"2020-08-22 16:38:00";5000;5000;;;;;;;;;;"5";"Involontaire (particulier)";;;;;""
2020;4198;"38";"38449";"Saint-Quentin-Fallavier";"2020-08-22 16:58:00";1500;0;;1500;;;1500;0;0;0;"Estimées";;;;;;;""
2020;16350;"26";"26117";"Échevis";"2020-08-22 17:08:00";24900;1245;23655;;;;;;;;;"1";"Malveillance";;;;;""
2020;16399;"07";"07259";"Saint-Just-d'Ardèche";"2020-08-22 17:29:00";20000;;;;;;;;;;;;;;;;;""
2020;2831;"88";"88463";"Taintrux";"2020-08-22 17:41:00";5;5;;0;;;0;0;0;0;"Estimées";;;;;;;""
2020;3291;"08";"08045";"Ballay";"2020-08-22 20:26:00";300;300;;0;;;0;0;0;0;"Estimées";;;;;;;""
2020;16565;"83";"83031";"Le Cannet-des-Maures";"2020-08-22 22:22:00";1500;1500;;;;;;;;;;"2";"Accidentelle";;;;;""
2020;15993;"2A";"2A031";"Bastelica";"2020-08-22 22:30:00";60;;60;;;;;;;;;;"Accidentelle";;;;;""
2020;16567;"83";"83112";"Saint-Cyr-sur-Mer";"2020-08-22 23:05:00";100;100;;;;;;;;;;"4";"Accidentelle";;;;;""
2020;17503;"66";"66015";"Banyuls-dels-Aspres";"2020-08-23 00:26:00";50000;;50000;;;;;;;;;"2";"Malveillance";;;;;""
2020;4343;"12";"12248";"Saint-Sernin-sur-Rance";"2020-08-23 01:15:00";20000;20000;;0;;;0;0;0;0;"Estimées";;;;;;;""
2020;15994;"2A";"2A288";"Sotta";"2020-08-23 05:07:00";400;300;100;;;;;;;;;"5";;;;;;""
2020;17218;"13";"13001";"Aix-en-Provence";"2020-08-23 12:30:00";1500;1500;;;;;;;;;;"1";;;;;;""
2020;17161;"30";"30243";"Saint-Christol-lez-Alès";"2020-08-23 13:27:00";285;;;;;;;;;;;;;;;;;""
2020;5957;"40";"40152";"Lesperon";"2020-08-23 13:29:00";2500;2500;;0;;;0;;;0;;;"Naturelle";;;;;""
2020;5958;"40";"40310";"Soustons";"2020-08-23 13:35:00";5396;5396;;0;;;0;;;0;;;"Naturelle";;;;;""
2020;16383;"13";"13117";"Vitrolles";"2020-08-23 13:37:00";313100;227000;59100;;;;;;;27000;;"1";"Involontaire (particulier)";;;;;""
2020;15676;"04";"04094";"Gréoux-les-Bains";"2020-08-23 13:54:00";6000;6000;;;;;;;;;;"2";"Involontaire (particulier)";;;;;""
2020;17504;"66";"66114";"Montescot";"2020-08-23 14:17:00";25000;;25000;;;;;;;;;"1";"Involontaire (travaux)";;;;;""
2020;12397;"41";"41094";"Fresnes";"2020-08-23 14:45:00";500;0;;500;;;500;0;0;0;"Estimées";;;;;;;""
2020;17219;"13";"13047";"Istres";"2020-08-23 15:29:00";2000;2000;;;;;;;;;;"1";"Involontaire (travaux)";;;;;""
2020;2832;"88";"88106";"Ban-sur-Meurthe-Clefcy";"2020-08-23 15:59:00";4;4;;0;;;0;0;0;0;"Estimées";;;;;;;""
2020;16275;"11";"11188";"La Palme";"2020-08-23 16:04:00";150;;;;;;;;;;;;;;;;;""
2020;12398;"41";"41185";"Pruniers-en-Sologne";"2020-08-23 16:13:00";3000;0;;3000;;;3000;0;0;0;"Estimées";;;;;;;""
2020;4202;"38";"38437";"Saint-Paul-d'Izeaux";"2020-08-23 18:59:00";20000;0;;20000;;;20000;0;0;0;"Estimées";;;;;;;""
2020;16386;"13";"13100";"Saint-Rémy-de-Provence";"2020-08-24 01:54:00";780;;780;;;;;;;;;"1";;;;;;""
2020;17224;"13";"13066";"Noves";"2020-08-24 05:18:00";1500;1500;;;;;;;;;;"1";"Involontaire (particulier)";;;;;""
2020;15995;"2A";"2A272";"Sartène";"2020-08-24 08:14:00";100;;100;;;;;;;;;;"Involontaire (particulier)";;;;;""
2020;17505;"66";"66138";"Peyrestortes";"2020-08-24 10:05:00";15000;;15000;;;;;;;;;"6";"Malveillance";;;;;""
2020;4317;"12";"12145";"Millau";"2020-08-24 10:57:00";50000;10000;;0;;;0;0;40000;40000;"Estimées";;;;;;;""
2020;3821;"70";"70487";"Senargent-Mignafans";"2020-08-24 11:26:00";800;0;;800;;;800;0;0;0;"Estimées";;;;;;;""
2020;17222;"13";"13056";"Martigues";"2020-08-24 12:09:00";100;100;;;;;;;;;;"1";;;;;;""
2020;17220;"13";"13001";"Aix-en-Provence";"2020-08-24 13:10:00";1000;1000;;;;;;;;;;"1";"Accidentelle";;;;;""
2020;15687;"2B";"2B110";"Favalello";"2020-08-24 13:51:00";21290;;21290;;;;;;;;;"1";"Malveillance";;;;;""
2020;16251;"13";"13047";"Istres";"2020-08-24 14:10:00";3196900;2363600;440800;;;;;;;392500;;"1";"Involontaire (particulier)";;;;;""
2020;16276;"11";"11397";"Trèbes";"2020-08-24 14:26:00";8437;;;;;;;;;;;;;;;;;""
2020;3728;"70";"70258";"Froideconche";"2020-08-24 14:41:00";200;0;;200;;;200;0;0;0;"Estimées";;;;;;;""
2020;1621;"49";"49358";"Turquant";"2020-08-24 15:05:00";150;0;;150;;;150;0;0;0;"Estimées";;;;;;;""
2020;3960;"74";"74171";"Massongy";"2020-08-24 15:06:00";20;20;;0;;;0;0;0;0;"Estimées";;"Accidentelle";;;;;""
2020;4203;"38";"38344";"Roussillon";"2020-08-24 15:20:00";1200;0;;1200;;;1200;0;0;0;"Estimées";;;;;;;""
2020;18124;"66";"66024";"Le Boulou";"2020-08-24 15:34:00";10000;;10000;;;;;;;;;"2";;;;;;""
2020;15678;"04";"04070";"Digne-les-Bains";"2020-08-24 15:58:00";55900;;55900;;;;;;;;;"1";"Malveillance";;;;;""
2020;15722;"34";"34088";"Cournonterral";"2020-08-24 16:00:00";914;;914;;;;;;;;;"1";"Malveillance";;;;;""
2020;4206;"38";"38037";"Bellegarde-Poussieu";"2020-08-24 17:13:00";300;0;;300;;;300;0;0;0;"Estimées";;;;;;;""
2020;4205;"38";"38190";"Hières-sur-Amby";"2020-08-24 17:23:00";100;0;;100;;;100;0;0;0;"Estimées";;;;;;;""
2020;15705;"30";"30196";"Le Pin";"2020-08-24 18:15:00";6102;6102;;;;;;;;;;"2";"Malveillance";;;;;""
2020;17162;"30";"30196";"Le Pin";"2020-08-24 18:15:00";5;5;;;;;;;;;;"2";"Involontaire (travaux)";;;;;""
2020;16574;"83";"83083";"Montfort-sur-Argens";"2020-08-24 19:08:00";400;400;;;;;;;;;;"4";"Malveillance";;;;;""
2020;17223;"13";"13117";"Vitrolles";"2020-08-24 20:12:00";10;10;;;;;;;;;;"1";"Malveillance";;;;;""
2020;17231;"13";"13119";"Carnoux-en-Provence";"2020-08-25 03:18:00";500;500;;;;;;;;;;"1";"Accidentelle";;;;;""
2020;17225;"13";"13062";"Mimet";"2020-08-25 06:29:00";100;100;;;;;;;;;;"1";"Involontaire (particulier)";;;;;""
2020;16575;"83";"83077";"Méounes-lès-Montrieux";"2020-08-25 09:52:00";250;250;;;;;;;;;;"6";"Malveillance";;;;;""
2020;4208;"38";"38222";"Massieu";"2020-08-25 11:50:00";3000;0;;3000;;;3000;0;0;0;"Estimées";;;;;;;""
2020;2878;"87";"87152";"Saint-Jouvent";"2020-08-25 11:53:00";4000;0;;4000;;;4000;0;0;0;"Estimées";;;;;;;""
2020;5959;"40";"40332";"Ychoux";"2020-08-25 11:58:00";8000;8000;;0;;;0;;;0;;;;;;;;""
2020;2261;"03";"03217";"Saint-Angel";"2020-08-25 13:17:00";250000;200000;;50000;;;50000;0;0;0;"Mesurées";;"Malveillance";;;;;""
2020;6311;"33";"33369";"Saint-André-et-Appelles";"2020-08-25 14:00:00";5000;5000;;0;;;0;;;0;;;"Involontaire (particulier)";;;;;""
2020;17233;"13";"13117";"Vitrolles";"2020-08-25 14:06:00";30;30;;;;;;;;;;"1";"Accidentelle";;;;;""
2020;2518;"77";"77186";"Fontainebleau";"2020-08-25 14:17:00";4;4;;0;;;0;0;0;0;"Estimées";;"Involontaire (particulier)";;;;;""
2020;17163;"30";"30051";"Branoux-les-Taillades";"2020-08-25 14:25:00";10;10;;;;;;;;;;"4";"Involontaire (particulier)";;;;;""
2020;17506;"66";"66016";"Banyuls-sur-Mer";"2020-08-25 15:30:00";30000;;30000;;;;;;;;;"1";"Involontaire (particulier)";;;;;""
2020;5739;"64";"64353";"Louvie-Juzon";"2020-08-25 15:57:00";20000;0;;20000;;;20000;;;0;;;;;;;;""
2020;17508;"66";"66019";"Bélesta";"2020-08-25 16:15:00";30000;10000;20000;;;;;;;;;"5";"Malveillance";;;;;""
2020;4944;"72";"72300";"Saint-Mars-la-Brière";"2020-08-25 16:27:00";600;600;;0;;;0;0;0;0;"Estimées";;;;;;;""
2020;1661;"01";"01170";"Béard-Géovreissiat";"2020-08-25 17:07:00";80000;40000;;40000;;;40000;0;0;0;"Estimées";;;;;;;""
2020;15998;"13";"13055";"Marseille";"2020-08-25 17:19:00";10000;;;;;;;;;;;"1";;;;;;""
2020;4008;"90";"90009";"Beaucourt";"2020-08-25 17:53:00";300;0;;50;;;50;250;0;250;"Estimées";;;;;;;""
2020;15847;"2B";"2B143";"Linguizzetta";"2020-08-25 18:07:00";120;;120;;;;;;;;;"1";"Malveillance";;;;;""
2020;4638;"54";"54215";"Frouard";"2020-08-25 18:25:00";60000;0;;60000;;;60000;0;0;0;"Estimées";;;;;;;""
2020;4211;"38";"38245";"Montagne";"2020-08-25 18:51:00";15000;0;;15000;;;15000;0;0;0;"Estimées";;;;;;;""
2020;16352;"26";"26198";"Montélimar";"2020-08-25 19:02:00";39600;7920;10480;;;;;;;21200;;"5";"Involontaire (travaux)";;;;;""
2020;15813;"34";"34331";"Verreries-de-Moussans";"2020-08-25 19:14:00";26579;26579;;;;;;;;;;"4";;;;;;""
2020;1640;"89";"89350";"Saint-Loup-d'Ordon";"2020-08-25 20:13:00";30300;300;;0;;;0;0;30000;30000;"Estimées";;"Accidentelle";;;;;""
2020;3447;"39";"39198";"Dole";"2020-08-25 21:15:00";600;0;;200;;;200;400;0;400;"Estimées";;;;;;;""
2020;17226;"13";"13071";"Les Pennes-Mirabeau";"2020-08-25 21:48:00";500;500;;;;;;;;;;"1";"Involontaire (particulier)";;;;;""
2020;2837;"88";"88447";"Saulxures-sur-Moselotte";"2020-08-25 22:30:00";30000;0;;30000;;;30000;0;0;0;"Estimées";;;;;;;""
2020;17230;"13";"13022";"Cassis";"2020-08-25 23:32:00";10;10;;;;;;;;;;"1";;;;;;""
2020;15881;"04";"04094";"Gréoux-les-Bains";"2020-08-25 23:45:00";41;41;;;;;;;;;;"2";"Involontaire (particulier)";;;;;""
2020;4954;"72";"72260";"Ruaudin";"2020-08-26 09:48:00";400;400;;0;;;0;0;0;0;"Estimées";;;;;;;""
2020;2840;"88";"88209";"Golbey";"2020-08-26 11:38:00";1;1;;0;;;0;0;0;0;"Estimées";;;;;;;""
2020;4213;"38";"38135";"Courtenay";"2020-08-26 11:56:00";500;0;;500;;;500;0;0;0;"Estimées";;;;;;;""
2020;18175;"66";"66063";"Les Cluses";"2020-08-26 14:17:00";2000;2000;;;;;;;;;;"3";"Accidentelle";;;;;""
2020;1660;"89";"89084";"Charentenay";"2020-08-26 14:27:00";200;200;;0;;;0;0;0;0;"Estimées";;"Accidentelle";;;;;""
2020;15870;"04";"04210";"Soleilhas";"2020-08-26 15:12:00";300;300;;;;;;;;;;"4";"Involontaire (particulier)";;;;;""
2020;16277;"11";"11341";"Saint-Ferriol";"2020-08-26 15:58:00";150;;;;;;;;;;;;;;;;;""
2020;15871;"04";"04070";"Digne-les-Bains";"2020-08-26 17:02:00";34;34;;;;;;;;;;"4";"Malveillance";;;;;""
2020;16353;"26";"26201";"Montguers";"2020-08-26 17:08:00";2893900;1790000;13900;;;;;;;1090000;;"5";"Accidentelle";;;;;""
2020;5078;"14";"14579";"Seulline";"2020-08-26 17:19:00";150;0;;150;;;150;0;0;0;"Estimées";;;;;;;"Données partielles ou non valides"
2020;4212;"38";"38530";"Vaulx-Milieu";"2020-08-26 17:22:00";150;0;;150;;;150;0;0;0;"Estimées";;;;;;;""
2020;15872;"04";"04070";"Digne-les-Bains";"2020-08-26 17:58:00";27400;27400;;;;;;;;;;"3";"Malveillance";;;;;""
2020;6313;"33";"33393";"Saint-Denis-de-Pile";"2020-08-26 18:06:00";1000;1000;;0;;;0;;;0;;;"Accidentelle";;;;;""
2020;15810;"05";"05013";"Barcillonnette";"2020-08-26 19:11:00";300;;;;;;;;;;;;;;;;;""
2020;15827;"34";"34331";"Verreries-de-Moussans";"2020-08-26 19:15:00";2685;2685;;;;;;;;;;"4";"Involontaire (travaux)";;;;;""
2020;15873;"04";"04094";"Gréoux-les-Bains";"2020-08-26 19:59:00";1300;1300;;;;;;;;;;"2";"Malveillance";;;;;""
2020;3800;"70";"70415";"Polaincourt-et-Clairefontaine";"2020-08-26 20:02:00";80;0;;80;;;80;0;0;0;"Estimées";;;;;;;""
2020;15877;"04";"04025";"Beauvezer";"2020-08-27 01:27:00";400;;400;;;;;;;;;;;;;;;""
2020;15849;"2B";"2B231";"Pigna";"2020-08-27 05:55:00";3000;;;;;;;;;;;"1";"Malveillance";;;;;""
2020;15851;"2B";"2B167";"Montegrosso";"2020-08-27 06:05:00";1848200;260400;1517500;;;;;;;70300;;"1";"Malveillance";;;;;""
2020;15852;"2B";"2B138";"Lavatoggio";"2020-08-27 06:28:00";1550;;1550;;;;;;;;;"1";"Malveillance";;;;;""
2020;16278;"11";"11315";"Rieux-Minervois";"2020-08-27 09:42:00";7538;;;;;;;;;;;;;;;;;""
2020;16279;"11";"11010";"Antugnac";"2020-08-27 11:21:00";50;;;;;;;;;;;;;;;;;""
2020;17237;"13";"13015";"Bouc-Bel-Air";"2020-08-27 11:45:00";350;350;;;;;;;;;;"1";"Involontaire (particulier)";;;;;""
2020;4216;"38";"38323";"Pressins";"2020-08-27 15:14:00";3500;0;;3500;;;3500;0;0;0;"Estimées";;;;;;;""
2020;17235;"13";"13081";"Rognac";"2020-08-27 15:22:00";2000;2000;;;;;;;;;;"1";"Involontaire (particulier)";;;;;""
2020;4215;"38";"38253";"Les Deux Alpes";"2020-08-27 15:26:00";100;0;;100;;;100;0;0;0;"Estimées";;;;;;;""
2020;4219;"38";"38015";"Artas";"2020-08-27 15:48:00";8000;0;;8000;;;8000;0;0;0;"Estimées";;;;;;;""
2020;2253;"36";"36142";"Niherne";"2020-08-27 16:47:00";10000;0;;10000;;;10000;0;0;0;"Estimées";;;;;;;""
2020;16412;"07";"07258";"Saint-Julien-Vocance";"2020-08-27 17:31:00";5000;;5000;;;;;;;;;"1";"Accidentelle";;;;;""
2020;17234;"13";"13015";"Bouc-Bel-Air";"2020-08-27 17:52:00";650;650;;;;;;;;;;"1";"Accidentelle";;;;;""
2020;1667;"58";"58107";"Dun-sur-Grandry";"2020-08-27 18:16:00";216242;70320;;0;;;0;145922;0;145922;"Estimées";;"Involontaire (travaux)";;;;;""
2020;15896;"04";"04070";"Digne-les-Bains";"2020-08-27 18:54:00";37;37;;;;;;;;;;"5";"Malveillance";;;;;""
2020;15823;"30";"30132";"La Grand-Combe";"2020-08-27 22:10:00";2000;;;;;;;;;;;;;;;;;""
2020;17236;"13";"13063";"Miramas";"2020-08-27 22:33:00";500;500;;;;;;;;;;"1";"Malveillance";;;;;""
2020;16280;"11";"11240";"Montazels";"2020-08-27 22:53:00";1344;;;;;;;;;;;;;;;;;""
2020;15856;"2B";"2B007";"Albertacce";"2020-08-27 23:09:00";200;;;;;;;;;;;;;;;;;""
2020;3544;"68";"68185";"Lièpvre";"2020-08-28 00:19:00";100;100;;0;;;0;0;0;0;"Estimées";;;;;;;""
2020;15888;"04";"04070";"Digne-les-Bains";"2020-08-28 11:12:00";29;29;;;;;;;;;;"5";"Malveillance";;;;;""
2020;16019;"84";"84039";"Courthézon";"2020-08-28 12:10:00";1000;;;;;;;;;;;;;;;;;""
2020;17238;"13";"13081";"Rognac";"2020-08-28 15:06:00";3;3;;;;;;;;;;"1";"Malveillance";;;;;""
2020;16579;"83";"83002";"Aiguines";"2020-08-28 15:22:00";1657400;562400;1090000;;;;;;;5000;;"1";"Naturelle";;;;;""
2020;15903;"04";"04204";"Senez";"2020-08-28 15:47:00";6000;6000;;;;;;;;;;"4";"Naturelle";;;;;""
2020;15875;"05";"05055";"La Faurie";"2020-08-28 17:09:00";150;150;;;;;;;;;;"4";"Naturelle";;;;;""
2020;2848;"88";"88289";"Martigny-les-Bains";"2020-08-28 18:19:00";150;150;;0;;;0;0;0;0;"Estimées";;;;;;;""
2020;17239;"13";"13035";"Eyguières";"2020-08-28 18:35:00";30;30;;;;;;;;;;"1";;;;;;""
2020;17240;"13";"13081";"Rognac";"2020-08-28 23:09:00";10;10;;;;;;;;;;"1";;;;;;""
2020;15996;"2A";"2A017";"Appietto";"2020-08-29 10:12:00";7;;7;;;;;;;;;"1";"Involontaire (particulier)";;;;;""
2020;17242;"13";"13092";"Saint-Chamas";"2020-08-29 14:55:00";20;20;;;;;;;;;;"1";;;;;;""
2020;2850;"88";"88196";"Gérardmer";"2020-08-29 15:41:00";5;5;;0;;;0;0;0;0;"Estimées";;;;;;;""
2020;17241;"13";"13002";"Allauch";"2020-08-29 19:12:00";5;5;;;;;;;;;;"1";"Involontaire (travaux)";;;;;""
2020;16283;"11";"11192";"Lasbordes";"2020-08-30 09:33:00";5;;;;;;;;;;;;;;;;;""
2020;16267;"2A";"2A345";"Vero";"2020-08-30 11:35:00";1;;1;;;;;;;;;"4";"Naturelle";;;;;""
2020;16268;"2A";"2A247";"Porto-Vecchio";"2020-08-30 13:24:00";50;;50;;;;;;;;;"1";"Naturelle";;;;;""
2020;15862;"2B";"2B079";"Castello-di-Rostino";"2020-08-30 14:25:00";50;;;;;;;;;;;;"Malveillance";;;;;""
2020;16282;"11";"11129";"Espéraza";"2020-08-30 17:27:00";10;;;;;;;;;;;;;;;;;""
2020;15997;"2A";"2A197";"Osani";"2020-08-30 17:56:00";1;1;;;;;;;;;;"3";"Naturelle";;;;;""
2020;16281;"11";"11069";"Carcassonne";"2020-08-30 20:30:00";500;;;;;;;;;;;;;;;;;""
2020;15859;"34";"34165";"Montbazin";"2020-08-30 23:51:00";35009;;35009;;;;;;;;;"1";"Malveillance";;;;;""
2020;16286;"11";"11144";"Fitou";"2020-08-31 03:17:00";1749;;;;;;;;;;;;;;;;;""
2020;17227;"13";"13051";"Lançon-Provence";"2020-08-31 10:28:00";200;200;;;;;;;;;;"1";"Involontaire (travaux)";;;;;""
2020;4220;"38";"38072";"Chanas";"2020-08-31 11:49:00";2000;0;;2000;;;2000;0;0;0;"Estimées";;;;;;;""
2020;16285;"11";"11296";"Pouzols-Minervois";"2020-08-31 13:23:00";10042;;;;;;;;;;;;;;;;;""
2020;16585;"83";"83138";"Tourrettes";"2020-08-31 13:31:00";300;300;;;;;;;;;;"5";"Naturelle";;;;;""
2020;16246;"13";"13077";"Port-de-Bouc";"2020-08-31 14:35:00";11900;11900;0;;;;;;;;;"1";;;;;;""
2020;15867;"34";"34285";"Saint-Pons-de-Mauchiens";"2020-08-31 15:48:00";39616;39616;;;;;;;;;;"4";"Malveillance";;;;;""
2020;15885;"34";"34200";"Pézènes-les-Mines";"2020-08-31 17:33:00";914;;914;;;;;;;;;"1";"Involontaire (particulier)";;;;;""
2020;4221;"38";"38259";"Montseveroux";"2020-08-31 17:34:00";4000;0;;4000;;;4000;0;0;0;"Estimées";;;;;;;""
2020;17229;"13";"13041";"Gardanne";"2020-08-31 18:13:00";20;20;;;;;;;;;;"1";"Involontaire (particulier)";;;;;""
2020;17228;"13";"13063";"Miramas";"2020-08-31 22:53:00";1000;1000;;;;;;;;;;"1";"Malveillance";;;;;""
2020;16832;"13";"13063";"Miramas";"2020-09-01 06:17:00";400;400;;;;;;;;;;"1";"Malveillance";;;;;""
2020;5960;"40";"40281";"Saint-Pierre-du-Mont";"2020-09-01 14:31:00";10000;10000;;0;;;0;;;0;;;;;;;;""
2020;17509;"66";"66080";"Fontpédrouse";"2020-09-01 14:53:00";10000;;10000;;;;;;;;;"1";"Accidentelle";;;;;""
2020;4222;"38";"38488";"Siccieu-Saint-Julien-et-Carisieu";"2020-09-01 15:06:00";150;0;;150;;;150;0;0;0;"Estimées";;;;;;;""
2020;6323;"33";"33393";"Saint-Denis-de-Pile";"2020-09-01 15:17:00";30000;10000;;0;;;0;;;20000;;;"Accidentelle";;;;;""
2020;6325;"33";"33056";"Blanquefort";"2020-09-01 15:59:00";400;200;;0;;;0;;;200;;;"Accidentelle";;;;;""
2020;6324;"33";"33452";"Saint-Michel-de-Rieufret";"2020-09-01 16:11:00";10000;10000;;0;;;0;;;0;;;"Involontaire (travaux)";;;;;""
2020;1697;"89";"89053";"Branches";"2020-09-01 16:46:00";300;300;;0;;;0;0;0;0;"Estimées";;;;;;;""
2020;16831;"13";"13039";"Fos-sur-Mer";"2020-09-01 22:38:00";100;100;;;;;;;;;;"1";;;;;;""
2020;2769;"77";"77186";"Fontainebleau";"2020-09-02 09:18:00";5;5;;0;;;0;0;0;0;"Estimées";;"Involontaire (particulier)";;;;;""
2020;1957;"89";"89134";"Cussy-les-Forges";"2020-09-02 14:31:00";90000;90000;;0;;;0;0;0;0;"Mesurées";;;;;;;""
2020;16833;"13";"13056";"Martigues";"2020-09-02 15:37:00";20;20;;;;;;;;;;"1";"Involontaire (particulier)";;;;;""
2020;16834;"13";"13002";"Allauch";"2020-09-02 16:29:00";4900;4900;;;;;;;;;;"1";"Involontaire (particulier)";;;;;""
2020;4224;"38";"38487";"Seyssuel";"2020-09-02 16:57:00";15000;0;;15000;;;15000;0;0;0;"Estimées";;;;;;;""
2020;16027;"04";"04135";"Moustiers-Sainte-Marie";"2020-09-02 18:19:00";600;600;;;;;;;;;;;"Naturelle";;;;;""
2020;16835;"13";"13063";"Miramas";"2020-09-03 00:58:00";1500;1500;;;;;;;;;;"1";"Malveillance";;;;;""
2020;5298;"24";"24294";"Montpon-Ménestérol";"2020-09-03 14:17:00";50000;50000;;0;;;0;;;0;;;"Malveillance";;;;;""
2020;4225;"38";"38315";"Le Pont-de-Beauvoisin";"2020-09-03 14:24:00";200;0;;200;;;200;0;0;0;"Estimées";;;;;;;""
2020;17164;"30";"30239";"Sainte-Cécile-d'Andorge";"2020-09-03 14:30:00";80;80;;;;;;;;;;"4";;;;;;""
2020;3460;"39";"39099";"Champdivers";"2020-09-03 15:03:00";850;0;;50;;;50;800;0;800;"Estimées";;;;;;;""
2020;17165;"30";"30231";"Saint-André-de-Valborgne";"2020-09-03 15:15:00";120;120;;;;;;;;;;"4";"Involontaire (particulier)";;;;;""
2020;4226;"38";"38034";"Beaurepaire";"2020-09-03 15:33:00";200;0;;200;;;200;0;0;0;"Estimées";;;;;;;""
2020;16106;"34";"34147";"Magalas";"2020-09-03 16:37:00";56520;;56520;;;;;;;;;"1";"Malveillance";;;;;""
2020;16270;"2A";"2A103";"Cuttoli-Corticchiato";"2020-09-03 16:42:00";1118;;1118;;;;;;;;;"1";;;;;;""
2020;3562;"21";"21512";"Puligny-Montrachet";"2020-09-03 16:47:00";600;0;;100;;;100;500;0;500;"Estimées";;;;;;;""
2020;16024;"34";"34088";"Cournonterral";"2020-09-03 17:24:00";2686;;2686;;;;;;;;;"1";"Malveillance";;;;;""
2020;5299;"24";"24457";"Saint-Martin-l'Astier";"2020-09-03 17:47:00";15000;15000;;0;;;0;;;0;;;;;;;;""
2020;6329;"33";"33214";"Lacanau";"2020-09-03 18:02:00";50;50;;0;;;0;;;0;;;"Accidentelle";;;;;""
2020;5301;"24";"24462";"Saint-Médard-de-Mussidan";"2020-09-03 18:28:00";10000;10000;;0;;;0;;;0;;;;;;;;""
2020;16287;"11";"11129";"Espéraza";"2020-09-03 19:36:00";150;;;;;;;;;;;;;;;;;""
2020;16837;"13";"13034";"Eygalières";"2020-09-04 11:52:00";53;53;;;;;;;;;;"1";"Involontaire (particulier)";;;;;""
2020;16242;"30";"30017";"Arrigas";"2020-09-04 13:39:00";89533;20000;69533;;;;;;;;;"1";"Involontaire (particulier)";;;;;""
2020;16269;"13";"13055";"Marseille";"2020-09-04 14:21:00";23900;;;;;;;;;;;"1";;;;;;""
2020;16145;"34";"34095";"Fabrègues";"2020-09-04 15:21:00";3755;;3755;;;;;;;;;"1";"Involontaire (travaux)";;;;;""
2020;4822;"41";"41046";"Chaumont-sur-Tharonne";"2020-09-04 15:21:00";200;0;;200;;;200;0;0;0;"Estimées";;;;;;;""
2020;6332;"33";"33056";"Blanquefort";"2020-09-04 15:25:00";3000;3000;;0;;;0;;;0;;;"Accidentelle";;;;;""
2020;3876;"16";"16363";"Saulgond";"2020-09-04 15:51:00";8000;0;;3000;;;3000;0;5000;5000;"Estimées";;;;;;;""
2020;4963;"72";"72213";"Mulsanne";"2020-09-04 16:06:00";2000;2000;;0;;;0;0;0;0;"Estimées";;;;;;;""
2020;1877;"42";"42322";"La Valla-en-Gier";"2020-09-04 16:29:00";350000;0;;350000;;;350000;0;0;0;"Estimées";;;;;;;""
2020;5646;"64";"64094";"Bardos";"2020-09-04 16:52:00";5010;10;;0;;;0;;;5000;;;;;;;;""
2020;6337;"33";"33376";"Saint-Aubin-de-Médoc";"2020-09-04 19:49:00";300;300;;0;;;0;;;0;;;"Accidentelle";;;;;""
2020;16288;"11";"11068";"Capendu";"2020-09-04 20:36:00";1518;;;;;;;;;;;;;;;;;""
2020;16147;"34";"34268";"Saint-Jean-de-la-Blaquière";"2020-09-04 21:47:00";221;221;;;;;;;;;;"2";"Malveillance";;;;;""
2020;16595;"83";"83060";"Fox-Amphoux";"2020-09-05 12:00:00";300;300;;;;;;;;;;"5";"Accidentelle";;;;;""
2020;16289;"11";"11129";"Espéraza";"2020-09-05 14:25:00";29;;;;;;;;;;;;;;;;;""
2020;16127;"04";"04020";"Barles";"2020-09-05 14:57:00";480;;480;;;;;;;;;"1";"Involontaire (particulier)";;;;;""
2020;2526;"77";"77300";"Montceaux-lès-Meaux";"2020-09-05 15:16:00";7000;0;;7000;;;7000;0;0;0;"Estimées";;"Involontaire (travaux)";;;;;""
2020;5586;"40";"40312";"Tarnos";"2020-09-05 15:38:00";10;0;;10;;;10;;;0;;;;;;;;""
2020;6338;"33";"33097";"Carcans";"2020-09-05 15:44:00";20000;5000;;0;;;0;;;15000;;;"Accidentelle";;;;;""
2020;6339;"33";"33123";"Cézac";"2020-09-05 16:22:00";100;100;;0;;;0;;;0;;;"Accidentelle";;;;;""
2020;17166;"30";"30017";"Arrigas";"2020-09-05 17:33:00";1000;;1000;;;;;;;;;"1";"Involontaire (travaux)";;;;;""
2020;16597;"83";"83091";"Pierrefeu-du-Var";"2020-09-05 17:43:00";200;200;;;;;;;;;;"3";"Accidentelle";;;;;""
2020;4965;"72";"72181";"Le Mans";"2020-09-05 18:00:00";100;100;;0;;;0;0;0;0;"Estimées";;;;;;;""
2020;16290;"11";"11297";"Pradelles-Cabardès";"2020-09-05 18:03:00";80;;;;;;;;;;;;;;;;;""
2020;5304;"24";"24234";"Les Lèches";"2020-09-05 21:42:00";20000;20000;;0;;;0;;;0;;;"Involontaire (travaux)";;;;;""
2020;17510;"66";"66046";"Caudiès-de-Fenouillèdes";"2020-09-05 23:53:00";10000;10000;;;;;;;;;;"2";"Malveillance";;;;;""
2020;17511;"66";"66190";"Salses-le-Château";"2020-09-06 02:40:00";10000;;10000;;;;;;;;;"1";"Accidentelle";;;;;""
2020;16291;"11";"11190";"La Redorte";"2020-09-06 05:51:00";1543;;;;;;;;;;;;;;;;;""
2020;16093;"2B";"2B073";"Casamaccioli";"2020-09-06 10:58:00";15000;;;;;;;;;;;;;;;;;""
2020;1958;"89";"89013";"Appoigny";"2020-09-06 12:07:00";100;100;;0;;;0;0;0;0;"Estimées";;;;;;;""
2020;4230;"38";"38083";"Charette";"2020-09-06 13:30:00";1000;0;;1000;;;1000;0;0;0;"Estimées";;;;;;;""
2020;16095;"2B";"2B275";"Sermano";"2020-09-06 13:37:00";121520;10000;111520;;;;;;;;;"1";"Malveillance";;;;;""
2020;16096;"2B";"2B110";"Favalello";"2020-09-06 13:50:00";12250;12250;;;;;;;;;;"2";"Malveillance";;;;;""
2020;16097;"2B";"2B292";"Sant'Andréa-di-Bozio";"2020-09-06 14:23:00";41300;11300;30000;;;;;;;;;"1";"Malveillance";;;;;""
2020;2531;"77";"77175";"Évry-Grégy-sur-Yerre";"2020-09-06 14:55:00";25000;25000;;0;;;0;0;0;0;"Estimées";;"Involontaire (travaux)";;;;;""
2020;16112;"34";"34331";"Verreries-de-Moussans";"2020-09-06 15:10:00";2460;2460;;;;;;;;;;"4";"Involontaire (travaux)";;;;;""
2020;6345;"33";"33312";"Parempuyre";"2020-09-06 15:20:00";2000;2000;;0;;;0;;;0;;;"Involontaire (travaux)";;;;;""
2020;16858;"13";"13041";"Gardanne";"2020-09-06 15:42:00";40;40;;;;;;;;;;"1";;;;;;""
2020;16292;"11";"11099";"Conques-sur-Orbiel";"2020-09-06 16:54:00";1200;;;;;;;;;;;;;;;;;""
2020;1817;"81";"81240";"Saint-André";"2020-09-06 17:13:00";10000;0;;2000;;;2000;0;8000;8000;"Estimées";;"Accidentelle";;;;;""
2020;6348;"33";"33214";"Lacanau";"2020-09-06 17:59:00";10;10;;0;;;0;;;0;;;"Involontaire (travaux)";;;;;""
2020;16599;"83";"83150";"Vinon-sur-Verdon";"2020-09-06 18:08:00";800;800;;;;;;;;;;"2";"Involontaire (particulier)";;;;;""
2020;17880;"11";"11356";"Saint-Martin-Lalande";"2020-09-06 18:44:00";585;;;;;;;;;;;;;;;;;""
2020;16851;"13";"13023";"Ceyreste";"2020-09-06 20:27:00";500;500;;;;;;;;;;"1";"Accidentelle";;;;;""
2020;16271;"2A";"2A098";"Coti-Chiavari";"2020-09-07 02:57:00";100;;100;;;;;;;;;;;;;;;""
2020;4952;"72";"72191";"Mayet";"2020-09-07 13:26:00";1100;1100;;0;;;0;0;0;0;"Estimées";;;;;;;""
2020;16137;"2B";"2B046";"Cagnano";"2020-09-07 13:30:00";10;;;;;;;;;;;;;;;;;""
2020;4953;"72";"72047";"Brette-les-Pins";"2020-09-07 13:50:00";600;600;;0;;;0;0;0;0;"Estimées";;;;;;;""
2020;16293;"11";"11206";"Limoux";"2020-09-07 13:55:00";9126;;;;;;;;;;;;;;;;;""
2020;16138;"2B";"2B238";"Poggio-di-Venaco";"2020-09-07 14:30:00";15000;;;;;;;;;;;;;;;;;""
2020;16139;"2B";"2B110";"Favalello";"2020-09-07 14:30:00";2000;;;;;;;;;;;;;;;;;""
2020;16623;"48";"48119";"Prévenchères";"2020-09-07 15:08:00";180100;2300;177800;;;;;;;;;"1";"Accidentelle";;;;;""
2020;16132;"30";"30223";"Rousson";"2020-09-07 15:10:00";300;;300;;;;;;;;;"1";"Accidentelle";;;;;""
2020;6351;"33";"33202";"Hostens";"2020-09-07 15:12:00";214300;214300;;0;;;0;;;0;;;"Accidentelle";;;;;""
2020;4828;"41";"41222";"Saint-Loup";"2020-09-07 15:23:00";40000;0;;40000;;;40000;0;0;0;"Estimées";;;;;;;""
2020;16141;"2B";"2B238";"Poggio-di-Venaco";"2020-09-07 15:35:00";2;;;;;;;;;;;;;;;;;""
2020;1819;"52";"52123";"Chevillon";"2020-09-07 15:43:00";20000;0;;5000;;;5000;15000;0;15000;"Estimées";;;;;;;""
2020;16423;"07";"07307";"Sanilhac";"2020-09-07 15:51:00";50000;50000;;;;;;;;;;"4";;;;;;""
2020;5742;"64";"64359";"Lucq-de-Béarn";"2020-09-07 16:44:00";600;0;;600;;;600;;;0;;;"Involontaire (particulier)";;;;;""
2020;16865;"13";"13039";"Fos-sur-Mer";"2020-09-07 17:12:00";7700;7700;;;;;;;;;;"1";"Malveillance";;;;;""
2020;3652;"70";"70030";"Arsans";"2020-09-07 17:25:00";600;0;;600;;;600;0;0;0;"Estimées";;;;;;;""
2020;3002;"67";"67179";"Haegen";"2020-09-07 17:42:00";10000;10000;;0;;;0;0;0;0;"Estimées";;;;;;;""
2020;3801;"70";"70415";"Polaincourt-et-Clairefontaine";"2020-09-07 17:58:00";10000;0;;10000;;;10000;0;0;0;"Estimées";;;;;;;""
2020;16294;"11";"11329";"Rouvenac";"2020-09-07 19:00:00";3423;;;;;;;;;;;;;;;;;""
2020;3709;"70";"70220";"Essertenne-et-Cecey";"2020-09-07 19:13:00";20;0;;20;;;20;0;0;0;"Estimées";;;;;;;""
2020;17168;"30";"30223";"Rousson";"2020-09-07 20:35:00";1;;1;;;;;;;;;"1";"Involontaire (travaux)";;;;;""
2020;16151;"34";"34119";"Hérépian";"2020-09-08 10:15:00";3866;;3866;;;;;;;;;"1";"Involontaire (travaux)";;;;;""
2020;5307;"24";"24426";"Saint-Jean-d'Estissac";"2020-09-08 13:11:00";10000;10000;;0;;;0;;;0;;;;;;;;""
2020;16872;"13";"13039";"Fos-sur-Mer";"2020-09-08 13:23:00";50;50;;;;;;;;;;"1";;;;;;""
2020;1952;"55";"55199";"Froidos";"2020-09-08 14:00:00";15000;0;;15000;;;15000;0;0;0;"Estimées";;;;;;;""
2020;16244;"30";"30164";"Méjannes-le-Clap";"2020-09-08 14:19:00";100;;100;;;;;;;;;"1";"Involontaire (travaux)";;;;;""
2020;2360;"17";"17081";"Chamouillac";"2020-09-08 16:13:00";5000;5000;;0;;;0;0;0;0;"Estimées";;;;;;;""
2020;16873;"13";"13003";"Alleins";"2020-09-08 16:28:00";200;200;;;;;;;;;;"1";;;;;;""
2020;16874;"13";"13002";"Allauch";"2020-09-08 17:33:00";100;100;;;;;;;;;;"1";"Accidentelle";;;;;""
2020;2887;"87";"87002";"Ambazac";"2020-09-08 17:39:00";20000;0;;20000;;;20000;0;0;0;"Estimées";;;;;;;""
2020;4830;"41";"41231";"Saint-Viâtre";"2020-09-08 17:50:00";10000;0;;5000;;;5000;5000;0;5000;"Estimées";;;;;;;""
2020;5963;"40";"40161";"Lubbon";"2020-09-09 12:07:00";20;20;;0;;;0;;;0;;;"Involontaire (particulier)";;;;;""
2020;16875;"13";"13071";"Les Pennes-Mirabeau";"2020-09-09 12:29:00";5;5;;;;;;;;;;"1";"Involontaire (particulier)";;;;;""
2020;6361;"33";"33202";"Hostens";"2020-09-09 14:30:00";362600;362600;;0;;;0;;;0;;;"Accidentelle";;;;;""
2020;2855;"88";"88262";"Laveline-devant-Bruyères";"2020-09-09 14:41:00";80;80;;0;;;0;0;0;0;"Estimées";;;;;;;""
2020;4957;"72";"72350";"Teloché";"2020-09-09 16:36:00";4000;4000;;0;;;0;0;0;0;"Estimées";;;;;;;""
2020;5964;"40";"40332";"Ychoux";"2020-09-09 16:56:00";2100;2100;;0;;;0;;;0;;;;;;;;""
2020;2268;"03";"03170";"Meillers";"2020-09-09 17:18:00";5000;5000;;0;;;0;0;0;0;"Mesurées";;"Accidentelle";;;;;""
2020;4233;"38";"38190";"Hières-sur-Amby";"2020-09-09 17:32:00";800;0;;800;;;800;0;0;0;"Estimées";;;;;;;""
2020;2728;"77";"77458";"Souppes-sur-Loing";"2020-09-09 18:15:00";200;0;;200;;;200;0;0;0;"Estimées";;"Involontaire (particulier)";;;;;""
2020;4958;"72";"72364";"Vaas";"2020-09-09 19:44:00";500;500;;0;;;0;0;0;0;"Estimées";;;;;;;""
2020;4959;"72";"72230";"Parigné-le-Pôlin";"2020-09-09 21:50:00";10000;10000;;0;;;0;0;0;0;"Estimées";;;;;;;""
2020;6366;"33";"33012";"Arsac";"2020-09-10 06:30:00";10000;10000;;0;;;0;;;0;;;"Accidentelle";;;;;""
2020;6367;"33";"33097";"Carcans";"2020-09-10 13:37:00";2;2;;0;;;0;;;0;;;"Involontaire (particulier)";;;;;""
2020;1945;"19";"19221";"Saint-Martial-Entraygues";"2020-09-10 15:04:00";10000;0;;10000;;;10000;0;0;0;"Estimées";;;;;;;""
2020;4962;"72";"72181";"Le Mans";"2020-09-10 15:34:00";200;200;;0;;;0;0;0;0;"Estimées";;;;;;;""
2020;1968;"46";"46072";"Concorès";"2020-09-10 16:02:00";120000;120000;;0;;;0;0;0;0;"Mesurées";;"Involontaire (travaux)";;;;;""
2020;3744;"21";"21355";"Longvic";"2020-09-10 17:10:00";5800;0;;5800;;;5800;0;0;0;"Mesurées";;;;;;;""
2020;2894;"87";"87090";"Mailhac-sur-Benaize";"2020-09-10 17:18:00";3000;0;;3000;;;3000;0;0;0;"Mesurées";;;;;;;""
2020;1959;"89";"89091";"Châtel-Censoir";"2020-09-10 21:21:00";200;200;;0;;;0;0;0;0;"Estimées";;;;;;;""
2020;6369;"33";"33318";"Pessac";"2020-09-10 21:47:00";500;500;;0;;;0;;;0;;;"Involontaire (travaux)";;;;;""
2020;6370;"33";"33202";"Hostens";"2020-09-10 23:42:00";2000;2000;;0;;;0;;;0;;;"Involontaire (travaux)";;;;;""
2020;17512;"66";"66014";"Baixas";"2020-09-11 05:55:00";10000;;10000;;;;;;;;;"1";"Malveillance";;;;;""
2020;6371;"33";"33155";"Escaudes";"2020-09-11 11:51:00";10;10;;0;;;0;;;0;;;"Accidentelle";;;;;""
2020;16302;"2B";"2B120";"Furiani";"2020-09-11 12:13:00";50;;;;;;;;;;;;;;;;;""
2020;5608;"64";"64040";"Arette";"2020-09-11 12:52:00";1000;0;;1000;;;1000;;;0;;;;;;;;""
2020;2537;"77";"77201";"Gastins";"2020-09-11 14:43:00";8000;8000;;0;;;0;0;0;0;"Estimées";;"Involontaire (travaux)";;;;;""
2020;3746;"21";"21150";"Chassagne-Montrachet";"2020-09-11 14:55:00";30000;0;;30000;;;30000;0;0;0;"Estimées";;;;;;;""
2020;5471;"47";"47276";"Saint-Sardos";"2020-09-11 15:32:00";200;150;;0;;;0;;;50;;;;;;;;""
2020;16304;"2B";"2B156";"Mausoléo";"2020-09-11 16:16:00";5;;;;;;;;;;;;;;;;;""
2020;2369;"36";"36096";"Lingé";"2020-09-11 16:19:00";80000;0;;80000;;;80000;0;0;0;"Estimées";;;;;;;""
2020;5222;"15";"15250";"Vebret";"2020-09-11 17:08:00";100000;100000;;0;;;0;0;0;0;"Mesurées";;;;;;;""
2020;2075;"82";"82075";"Grisolles";"2020-09-11 17:13:00";10000;0;;10000;;;10000;0;0;0;"Estimées";;;;;;;"Données partielles ou non valides"
2020;16430;"07";"07210";"Saint-Andéol-de-Vals";"2020-09-11 17:35:00";5000;5000;;;;;;;;;;"1";;;;;;""
2020;16305;"2B";"2B286";"Sorbo-Ocagnano";"2020-09-11 18:49:00";7000;;;;;;;;;;;;;;;;;""
2020;5967;"40";"40169";"Maillas";"2020-09-12 00:53:00";16000;16000;;0;;;0;;;0;;;;;;;;""
2020;1976;"63";"63453";"Vertaizon";"2020-09-12 11:15:00";3391;330;;0;;;0;3061;0;3061;"Mesurées";;;;;;;""
2020;16347;"06";"06139";"Thiéry";"2020-09-12 11:19:00";100;;100;;;;;;;;;"5";"Naturelle";;;;;""
2020;16517;"11";"11069";"Carcassonne";"2020-09-12 11:32:00";5;;;;;;;;;;;;;;;;;""
2020;16307;"2B";"2B046";"Cagnano";"2020-09-12 11:49:00";100;;;;;;;;;;;;;;;;;""
2020;16308;"2B";"2B046";"Cagnano";"2020-09-12 12:17:00";500;;;;;;;;;;;;;;;;;""
2020;6372;"33";"33354";"Riocaud";"2020-09-12 12:36:00";400;400;;0;;;0;;;0;;;"Involontaire (particulier)";;;;;""
2020;16346;"06";"06044";"La Colle-sur-Loup";"2020-09-12 12:51:00";1500;1500;;;;;;;;;;"4";"Involontaire (particulier)";;;;;""
2020;1969;"46";"46297";"Salviac";"2020-09-12 13:11:00";10000;10000;;0;;;0;0;0;0;"Mesurées";;;;;;;""
2020;5311;"24";"24155";"Douville";"2020-09-12 13:24:00";10000;10000;;0;;;0;;;0;;;;;;;;""
2020;6374;"33";"33199";"Gujan-Mestras";"2020-09-12 14:33:00";3500;3500;;0;;;0;;;0;;;"Accidentelle";;;;;""
2020;5312;"24";"24253";"Mareuil en Périgord";"2020-09-12 15:07:00";120000;120000;;0;;;0;;;0;;;;;;;;""
2020;4236;"38";"38190";"Hières-sur-Amby";"2020-09-12 15:08:00";6000;0;;6000;;;6000;0;0;0;"Estimées";;;;;;;""
2020;4961;"72";"72213";"Mulsanne";"2020-09-12 15:42:00";200;200;;0;;;0;0;0;0;"Estimées";;;;;;;""
2020;16604;"83";"83071";"La Londe-les-Maures";"2020-09-12 16:22:00";100;100;;;;;;;;;;"5";"Involontaire (particulier)";;;;;""
2020;16521;"2A";"2A247";"Porto-Vecchio";"2020-09-12 17:19:00";2;;2;;;;;;;;;;"Naturelle";;;;;""
2020;2857;"88";"88177";"La Forge";"2020-09-12 17:31:00";50;50;;0;;;0;0;0;0;"Estimées";;;;;;;""
2020;3882;"16";"16249";"Oradour-Fanais";"2020-09-12 17:39:00";700;0;;200;;;200;0;500;500;"Estimées";;;;;;;""
2020;5968;"40";"40326";"Vielle-Saint-Girons";"2020-09-13 06:25:00";400;400;;0;;;0;;;0;;;;;;;;""
2020;16431;"07";"07070";"Cornas";"2020-09-13 06:38:00";10000;10000;;;;;;;;;;"5";;;;;;""
2020;2860;"88";"88409";"Saint-Amé";"2020-09-13 09:26:00";10;10;;0;;;0;0;0;0;"Estimées";;;;;;;""
2020;6379;"33";"33011";"Arès";"2020-09-13 13:07:00";5000;5000;;0;;;0;;;0;;;"Accidentelle";;;;;""
2020;3883;"16";"16132";"Étagnac";"2020-09-13 13:10:00";1200;0;;600;;;600;0;600;600;"Estimées";;;;;;;""
2020;3751;"21";"21115";"Buncey";"2020-09-13 13:50:00";20000;5000;;0;;;0;15000;0;15000;"Estimées";;;;;;;""
2020;4955;"72";"72220";"Nogent-le-Bernard";"2020-09-13 14:02:00";100;100;;0;;;0;0;0;0;"Estimées";;;;;;;""
2020;2951;"52";"52297";"Luzy-sur-Marne";"2020-09-13 14:37:00";90000;0;;10000;;;10000;0;80000;80000;"Estimées";;;;;;;""
2020;4956;"72";"72181";"Le Mans";"2020-09-13 14:51:00";200;200;;0;;;0;0;0;0;"Estimées";;;;;;;""
2020;2809;"55";"55551";"Vigneulles-lès-Hattonchâtel";"2020-09-13 16:00:00";40000;5000;;0;;;0;35000;0;35000;"Estimées";;;;;;;""
2020;16876;"13";"13039";"Fos-sur-Mer";"2020-09-13 16:14:00";400;400;;;;;;;;;;"1";"Malveillance";;;;;""
2020;4013;"90";"90010";"Belfort";"2020-09-13 16:35:00";500;500;;0;;;0;0;0;0;"Estimées";;"Malveillance";;;;;""
2020;5969;"40";"40279";"Saint-Paul-lès-Dax";"2020-09-13 17:33:00";7850;4850;;0;;;0;;;3000;;;"Involontaire (particulier)";;;;;""
2020;6384;"33";"33005";"Andernos-les-Bains";"2020-09-13 18:52:00";2000;2000;;0;;;0;;;0;;;"Accidentelle";;;;;""
2020;2202;"89";"89233";"Lucy-sur-Cure";"2020-09-13 21:17:00";20000;20000;;0;;;0;0;0;0;"Estimées";;;;;;;""
2020;2361;"17";"17378";"Saint-Palais-de-Négrignac";"2020-09-13 22:34:00";28700;28700;;0;;;0;0;0;0;"Mesurées";;;;;;;""
2020;16522;"2A";"2A154";"Marignana";"2020-09-13 23:37:00";10;;10;;;;;;;;;;"Involontaire (travaux)";;;;;""
2020;5490;"47";"47323";"Villeneuve-sur-Lot";"2020-09-14 00:00:00";40000;40000;;0;;;0;;;0;;;"Accidentelle";;;;;""
2020;5229;"42";"42218";"Saint-Étienne";"2020-09-14 01:01:00";100000;100000;;0;;;0;0;0;0;"Estimées";;;;;;;""
2020;6385;"33";"33011";"Arès";"2020-09-14 02:14:00";3000;3000;;0;;;0;;;0;;;"Involontaire (travaux)";;;;;""
2020;17879;"84";"84050";"Gordes";"2020-09-14 10:59:00";20000;;;;;;;;;;;;;;;;;""
2020;3199;"37";"37108";"Ferrière-sur-Beaulieu";"2020-09-14 14:04:00";100;0;;100;;;100;0;0;0;"Estimées";;"Accidentelle";;;;;""
2020;3525;"71";"71165";"Cussy-en-Morvan";"2020-09-14 14:08:00";10000;10000;;0;;;0;0;0;0;"Estimées";;;;;;;""
2020;16345;"2B";"2B143";"Linguizzetta";"2020-09-14 14:11:00";21660;660;;;;;;;;21000;;"2";"Involontaire (particulier)";;;;;""
2020;4802;"41";"41097";"Gièvres";"2020-09-14 14:44:00";80000;80000;;0;;;0;0;0;0;"Estimées";;;;;;;""
2020;4805;"41";"41059";"Le Controis-en-Sologne";"2020-09-14 14:55:00";20000;0;;5000;;;5000;15000;0;15000;"Estimées";;;;;;;""
2020;4803;"41";"41185";"Pruniers-en-Sologne";"2020-09-14 15:03:00";20;0;;20;;;20;0;0;0;"Estimées";;"Involontaire (particulier)";;;;;""
2020;16877;"13";"13065";"Mouriès";"2020-09-14 15:11:00";400;400;;;;;;;;;;"1";;;;;;""
2020;2095;"58";"58270";"Saint-Vérain";"2020-09-14 15:13:00";75250;0;;7250;;;7250;46420;21580;68000;"Mesurées";;"Involontaire (travaux)";;;;;""
2020;2082;"82";"82089";"Lamagistère";"2020-09-14 15:29:00";20000;20000;;0;;;0;0;0;0;"Estimées";;;;;;;"Données partielles ou non valides"
2020;4801;"41";"41249";"Souesmes";"2020-09-14 15:45:00";500000;500000;;0;;;0;0;0;0;"Estimées";;;;;;;""
2020;2009;"42";"42218";"Saint-Étienne";"2020-09-14 15:52:00";100000;0;;100000;;;100000;0;0;0;"Estimées";;;;;;;""
2020;2008;"46";"46063";"Castelnau Montratier-Sainte Alauzie";"2020-09-14 16:00:00";2000;0;;2000;;;2000;0;0;0;"Estimées";;;;;;;""
2020;6389;"33";"33240";"Lesparre-Médoc";"2020-09-14 16:08:00";200;200;;0;;;0;;;0;;;"Accidentelle";;;;;""
2020;6390;"33";"33360";"La Roquille";"2020-09-14 16:25:00";20000;5000;;0;;;0;;;15000;;;"Accidentelle";;;;;""
2020;2003;"55";"55462";"Saint-Maurice-sous-les-Côtes";"2020-09-14 16:30:00";500;0;;500;;;500;0;0;0;"Mesurées";;;;;;;""
2020;3687;"70";"70149";"Chenebier";"2020-09-14 17:03:00";200;0;;200;;;200;0;0;0;"Estimées";;;;;;;""
2020;2005;"19";"19220";"Saint-Martial-de-Gimel";"2020-09-14 17:03:00";15000;0;;15000;;;15000;0;0;0;"Estimées";;;;;;;""
2020;2203;"89";"89044";"Blannay";"2020-09-14 17:29:00";50000;50000;;0;;;0;0;0;0;"Estimées";;"Accidentelle";;;;;""
2020;2772;"77";"77006";"Arbonne-la-Forêt";"2020-09-14 19:04:00";1;1;;0;;;0;0;0;0;"Estimées";;"Involontaire (particulier)";;;;;""
2020;4238;"38";"38087";"Chasse-sur-Rhône";"2020-09-14 19:08:00";300;0;;300;;;300;0;0;0;"Estimées";;;;;;;""
2020;4262;"32";"32180";"Lagraulet-du-Gers";"2020-09-14 21:26:00";80000;80000;;0;;;0;0;0;0;"Estimées";;;;;;;""
2020;16492;"34";"34086";"Courniou";"2020-09-14 22:53:00";2272;2272;;;;;;;;;;"3";"Involontaire (particulier)";;;;;""
2020;2958;"88";"88387";"Removille";"2020-09-15 06:03:00";10;0;;10;;;10;0;0;0;"Estimées";;;;;;;""
2020;2529;"77";"77185";"Fleury-en-Bière";"2020-09-15 10:53:00";15;0;;15;;;15;0;0;0;"Estimées";;"Involontaire (travaux)";;;;;""
2020;4964;"72";"72191";"Mayet";"2020-09-15 11:01:00";400;400;;0;;;0;0;0;0;"Estimées";;;;;;;""
2020;4239;"38";"38448";"Saint-Prim";"2020-09-15 13:08:00";6000;0;;6000;;;6000;0;0;0;"Estimées";;;;;;;""
2020;3936;"35";"35152";"Liffré";"2020-09-15 13:31:00";250;0;;250;;;250;0;0;0;"Estimées";;;;;;;""
2020;2808;"55";"55258";"Geville";"2020-09-15 14:00:00";50000;0;;20000;;;20000;30000;0;30000;"Estimées";;;;;;;""
2020;3755;"21";"21051";"Baulme-la-Roche";"2020-09-15 14:15:00";6500;1890;;4610;;;4610;0;0;0;"Mesurées";;;;;;;""
2020;17882;"11";"11285";"Peyriac-de-Mer";"2020-09-15 14:23:00";50;;;;;;;;;;;;;;;;;""
2020;17881;"11";"11024";"Bages";"2020-09-15 14:32:00";40;;;;;;;;;;;;;;;;;""
2020;16433;"07";"07024";"Banne";"2020-09-15 15:18:00";5000;5000;;;;;;;;;;"3";;;;;;""
2020;3845;"21";"21434";"Montlay-en-Auxois";"2020-09-15 15:35:00";20000;10000;;0;;;0;0;10000;10000;"Estimées";;;;;;;""
2020;4806;"41";"41180";"Pontlevoy";"2020-09-15 15:59:00";2000;0;;2000;;;2000;0;0;0;"Estimées";;;;;;;""
2020;2156;"28";"28418";"Villiers-Saint-Orien";"2020-09-15 16:04:00";10000;0;;10000;;;10000;0;0;0;"Estimées";;;;;;;""
2020;2204;"89";"89148";"Druyes-les-Belles-Fontaines";"2020-09-15 16:17:00";150;0;;150;;;150;0;0;0;"Estimées";;;;;;;""
2020;2021;"81";"81115";"Labastide-Rouairoux";"2020-09-15 16:21:00";20000;0;;20000;;;20000;0;0;0;"Estimées";;;;;;;""
2020;2777;"77";"77312";"Montigny-sur-Loing";"2020-09-15 16:31:00";40;40;;0;;;0;0;0;0;"Estimées";;"Involontaire (particulier)";;;;;""
2020;2205;"89";"89419";"Toucy";"2020-09-15 17:06:00";72000;2000;;0;;;0;0;70000;70000;"Estimées";;"Involontaire (travaux)";;;;;""
2020;16435;"07";"07251";"Saint-Joseph-des-Bancs";"2020-09-15 17:14:00";2500;2500;;;;;;;;;;"5";"Involontaire (travaux)";;;;;""
2020;18271;"66";"66019";"Bélesta";"2020-09-15 17:21:00";40000;;40000;;;;;;;;;"2";"Malveillance";;;;;""
2020;2778;"77";"77178";"Faÿ-lès-Nemours";"2020-09-15 17:22:00";200;200;;0;;;0;0;0;0;"Estimées";;"Accidentelle";;;;;""
2020;4946;"72";"72191";"Mayet";"2020-09-15 17:25:00";3000;3000;;0;;;0;0;0;0;"Estimées";;;;;;;""
2020;5849;"64";"64504";"Sare";"2020-09-15 19:46:00";10000;0;;10000;;;10000;;;0;;;;;;;;""
2020;2779;"77";"77370";"Poligny";"2020-09-15 20:41:00";300;300;;0;;;0;0;0;0;"Estimées";;"Involontaire (travaux)";;;;;""
2020;2206;"28";"28037";"Bérou-la-Mulotière";"2020-09-16 11:09:00";15000;0;;15000;;;15000;0;0;0;"Estimées";;;;;;;""
2020;6393;"33";"33527";"Le Teich";"2020-09-16 12:36:00";3000;3000;;0;;;0;;;0;;;"Involontaire (particulier)";;;;;""
2020;6395;"33";"33029";"Le Barp";"2020-09-16 14:13:00";212400;212400;;0;;;0;;;0;;;"Accidentelle";;;;;""
2020;5169;"86";"86187";"Paizay-le-Sec";"2020-09-16 14:41:00";70000;70000;;0;;;0;0;0;0;"Mesurées";;;;;;;""
2020;16878;"13";"13001";"Aix-en-Provence";"2020-09-16 15:37:00";3000;3000;;;;;;;;;;"1";;;;;;""
2020;5970;"40";"40105";"Garein";"2020-09-16 15:42:00";10000;10000;;0;;;0;;;0;;;;;;;;""
2020;4240;"38";"38039";"Bernin";"2020-09-16 16:08:00";300;0;;300;;;300;0;0;0;"Estimées";;;;;;;""
2020;2029;"46";"46153";"Lanzac";"2020-09-16 16:16:00";1500;0;;1500;;;1500;0;0;0;"Estimées";;;;;;;""
2020;5495;"47";"47106";"Fumel";"2020-09-16 17:11:00";20000;20000;;0;;;0;;;0;;;;;;;;""
2020;2783;"77";"77421";"Saint-Mars-Vieux-Maisons";"2020-09-16 17:32:00";1000;1000;;0;;;0;0;0;0;"Estimées";;"Involontaire (particulier)";;;;;""
2020;2780;"77";"77312";"Montigny-sur-Loing";"2020-09-16 17:47:00";650;650;;0;;;0;0;0;0;"Estimées";;"Involontaire (travaux)";;;;;""
2020;3886;"16";"16243";"Nercillac";"2020-09-16 17:51:00";2300;0;;300;;;300;0;2000;2000;"Estimées";;;;;;;""
2020;2959;"88";"88027";"Badménil-aux-Bois";"2020-09-16 18:42:00";10;10;;0;;;0;0;0;0;"Estimées";;;;;;;""
2020;4241;"38";"38561";"Viriville";"2020-09-16 19:17:00";1000;0;;1000;;;1000;0;0;0;"Estimées";;;;;;;""
2020;4242;"38";"38347";"Roybon";"2020-09-16 19:50:00";600;0;;600;;;600;0;0;0;"Estimées";;;;;;;""
2020;5700;"64";"64213";"Espelette";"2020-09-16 20:48:00";10;0;;10;;;10;;;0;;;"Involontaire (particulier)";;;;;""
2020;3467;"39";"39467";"Rotalier";"2020-09-16 22:24:00";20000;0;;20000;;;20000;0;0;0;"Estimées";;;;;;;""
2020;5314;"24";"24147";"Cubjac-Auvézère-Val d'Ans";"2020-09-16 22:40:00";20000;20000;;0;;;0;;;0;;;;;;;;""
2020;3546;"68";"68199";"Malmerspach";"2020-09-16 23:36:00";500;500;;0;;;0;0;0;0;"Estimées";;;;;;;""
2020;16482;"2B";"2B265";"Rutali";"2020-09-17 03:22:00";300;;;;;;;;;;;;;;;;;""
2020;16882;"13";"13072";"Peynier";"2020-09-17 10:00:00";2000;2000;;;;;;;;;;"1";"Accidentelle";;;;;""
2020;4320;"12";"12185";"Pont-de-Salars";"2020-09-17 11:18:00";60000;30000;;0;;;0;30000;0;30000;"Estimées";;;;;;;""
2020;2166;"85";"85147";"Montournais";"2020-09-17 11:24:00";1500;0;;1500;;;1500;0;0;0;"Mesurées";;;;;;;""
2020;2093;"58";"58309";"Villapourçon";"2020-09-17 12:12:00";35670;30570;;1950;;;1950;3150;0;3150;"Estimées";;"Malveillance";;;;;""
2020;4243;"38";"38240";"Moissieu-sur-Dolon";"2020-09-17 12:53:00";400;400;;0;;;0;0;0;0;"Estimées";;;;;;;""
2020;16625;"48";"48053";"Cubières";"2020-09-17 13:06:00";43;43;;;;;;;;;;"6";"Naturelle";;;;;""
2020;5632;"64";"64067";"Assat";"2020-09-17 13:34:00";71000;1000;;0;;;0;;;70000;;;"Involontaire (travaux)";;;;;""
2020;5971;"40";"40182";"Mézos";"2020-09-17 13:47:00";5000;5000;;0;;;0;;;0;;;;;;;;""
2020;16626;"48";"48156";"Saint-Germain-du-Teil";"2020-09-17 14:26:00";250;;250;;;;;;;;;"1";"Involontaire (particulier)";;;;;""
2020;16518;"11";"11045";"Bouriège";"2020-09-17 14:28:00";208800;;;;;;;;;;;;;;;;;""
2020;2362;"17";"17038";"Bedenac";"2020-09-17 14:33:00";2500;2500;;0;;;0;0;0;0;"Estimées";;;;;;;""
2020;17883;"11";"11122";"Douzens";"2020-09-17 14:34:00";500;;;;;;;;;;;;;;;;;""
2020;4945;"72";"72299";"Saint-Mars-d'Outillé";"2020-09-17 15:07:00";180000;180000;;0;;;0;0;0;0;"Mesurées";;;;;;;""
2020;2542;"77";"77528";"Voisenon";"2020-09-17 15:22:00";5;5;;0;;;0;0;0;0;"Estimées";;"Involontaire (travaux)";;;;;""
2020;16880;"13";"13088";"Le Rove";"2020-09-17 15:39:00";1000;1000;;;;;;;;;;"1";;;;;;""
2020;6399;"33";"33230";"Lapouyade";"2020-09-17 16:06:00";1110000;1060000;;0;;;0;;;50000;;;"Accidentelle";;;;;""
2020;4245;"38";"38399";"Saint-Jean-de-Bournay";"2020-09-17 16:20:00";100;0;;100;;;100;0;0;0;"Estimées";;;;;;;""
2020;5170;"86";"86273";"La Trimouille";"2020-09-17 16:31:00";95000;50000;;0;;;0;45000;0;45000;"Mesurées";;;;;;;""
2020;17525;"26";"26047";"Bellegarde-en-Diois";"2020-09-17 16:35:00";20000;;;;;;;;;;;"4";;;;;;""
2020;2363;"17";"17038";"Bedenac";"2020-09-17 16:50:00";30;30;;0;;;0;0;0;0;"Mesurées";;;;;;;""
2020;6400;"33";"33233";"Laruscade";"2020-09-17 17:06:00";60000;60000;;0;;;0;;;0;;;"Accidentelle";;;;;""
2020;18232;"05";"05119";"Risoul";"2020-09-17 17:28:00";700;;;;;;;;;;;;"Naturelle";;;;;""
2020;2364;"17";"17240";"Montendre";"2020-09-17 17:37:00";1500;1500;;0;;;0;0;0;0;"Mesurées";;;;;;;""
2020;16881;"13";"13033";"Ensuès-la-Redonne";"2020-09-17 17:50:00";9800;9800;;;;;;;;;;"1";"Accidentelle";;;;;""
2020;16523;"2A";"2A004";"Ajaccio";"2020-09-17 21:08:00";10;;10;;;;;;;;;;;;;;;""
2020;17884;"11";"11148";"Fontcouverte";"2020-09-17 23:13:00";500;;;;;;;;;;;;;;;;;""
2020;4947;"72";"72160";"Lavernat";"2020-09-17 23:24:00";7500;7500;;0;;;0;0;0;0;"Estimées";;;;;;;""
2020;5972;"40";"40200";"Moustey";"2020-09-17 23:41:00";1500;1500;;0;;;0;;;0;;;;;;;;""
2020;4948;"72";"72127";"Étival-lès-le-Mans";"2020-09-18 00:01:00";500;500;;0;;;0;0;0;0;"Estimées";;;;;;;""
2020;6404;"33";"33544";"Le Verdon-sur-Mer";"2020-09-18 01:55:00";10000;10000;;0;;;0;;;0;;;"Malveillance";;;;;""
2020;2365;"17";"17099";"Chepniers";"2020-09-18 03:40:00";40000;40000;;0;;;0;0;0;0;"Mesurées";;;;;;;""
2020;6406;"33";"33202";"Hostens";"2020-09-18 05:19:00";50000;50000;;0;;;0;;;0;;;"Malveillance";;;;;""
2020;16484;"2B";"2B339";"Vallica";"2020-09-18 07:30:00";30;;;;;;;;;;;;"Naturelle";;;;;""
2020;6410;"33";"33199";"Gujan-Mestras";"2020-09-18 11:07:00";1500;1500;;0;;;0;;;0;;;"Malveillance";;;;;""
2020;5973;"40";"40332";"Ychoux";"2020-09-18 11:56:00";1200;1200;;0;;;0;;;0;;;;;;;;""
2020;4246;"38";"38561";"Viriville";"2020-09-18 12:29:00";2500;0;;2500;;;2500;0;0;0;"Estimées";;;;;;;""
2020;5879;"64";"64559";"Viodos-Abense-de-Bas";"2020-09-18 13:50:00";50000;5000;;0;;;0;;;45000;;;"Malveillance";;;;;""
2020;2088;"43";"43156";"Présailles";"2020-09-18 13:56:00";62000;35000;;0;;;0;27000;0;27000;"Mesurées";;"Accidentelle";;;;;""
2020;16486;"2B";"2B110";"Favalello";"2020-09-18 13:59:00";10100;;;;;;;;;;;;;;;;;""
2020;6411;"33";"33436";"Saint-Magne";"2020-09-18 14:30:00";2000;2000;;0;;;0;;;0;;;"Involontaire (particulier)";;;;;""
2020;16741;"07";"07115";"Labeaume";"2020-09-18 14:40:00";50000;;50000;;;;;;;;;"1";"Involontaire (particulier)";;;;;""
2020;2366;"17";"17038";"Bedenac";"2020-09-18 15:46:00";100;100;;0;;;0;0;0;0;"Mesurées";;;;;;;""
2020;17526;"26";"26333";"Saint-Vallier";"2020-09-18 17:28:00";5000;;;;;;;;;;;"3";;;;;;""
2020;2270;"03";"03155";"Lurcy-Lévis";"2020-09-18 18:01:00";55000;10000;;15000;;;15000;0;30000;30000;"Mesurées";;"Accidentelle";;;;;""
2020;17886;"11";"11325";"Rouffiac-d'Aude";"2020-09-18 21:19:00";4841;;;;;;;;;;;;;;;;;""
2020;4821;"54";"54174";"Écrouves";"2020-09-19 07:12:00";10000;10000;;0;;;0;0;0;0;"Estimées";;;;;;;""
2020;16887;"13";"13074";"Peyrolles-en-Provence";"2020-09-19 09:55:00";10;10;;;;;;;;;;"1";;;;;;""
2020;6412;"33";"33029";"Le Barp";"2020-09-19 10:25:00";1;1;;0;;;0;;;0;;;"Malveillance";;;;;""
2020;3203;"37";"37096";"Dierre";"2020-09-19 10:45:00";800;0;;800;;;800;0;0;0;"Estimées";;"Involontaire (particulier)";;;;;""
2020;3029;"88";"88116";"Cornimont";"2020-09-19 11:16:00";20;20;;0;;;0;0;0;0;"Estimées";;;;;;;""
2020;16885;"13";"13056";"Martigues";"2020-09-19 14:06:00";2500;2500;;;;;;;;;;"1";"Involontaire (particulier)";;;;;""
2020;6413;"33";"33115";"Cazalis";"2020-09-19 14:23:00";5;5;;0;;;0;;;0;;;"Malveillance";;;;;""
2020;2125;"02";"02259";"Dampleux";"2020-09-19 14:24:00";30000;30000;;0;;;0;0;0;0;"Estimées";;;;;;;""
2020;3831;"70";"70518";"Le Val-Saint-Éloi";"2020-09-19 15:59:00";500;0;;500;;;500;0;0;0;"Estimées";;;;;;;""
2020;6415;"33";"33537";"Uzeste";"2020-09-19 16:48:00";40000;40000;;0;;;0;;;0;;;"Malveillance";;;;;""
2020;16883;"13";"13077";"Port-de-Bouc";"2020-09-19 17:36:00";1400;1400;;;;;;;;;;"1";"Malveillance";;;;;""
2020;17887;"11";"11069";"Carcassonne";"2020-09-19 18:54:00";150;;;;;;;;;;;;;;;;;""
2020;17888;"11";"11325";"Rouffiac-d'Aude";"2020-09-19 19:12:00";452;;;;;;;;;;;;;;;;;""
2020;16884;"13";"13077";"Port-de-Bouc";"2020-09-19 19:32:00";1300;1300;;;;;;;;;;"1";"Malveillance";;;;;""
2020;16886;"13";"13033";"Ensuès-la-Redonne";"2020-09-19 19:43:00";53600;53600;;;;;;;;;;"1";"Involontaire (travaux)";;;;;""
2020;17889;"11";"11048";"Boutenac";"2020-09-20 16:01:00";300;;;;;;;;;;;;;;;;;""
2020;17890;"11";"11262";"Narbonne";"2020-09-20 18:29:00";150;;;;;;;;;;;;;;;;;""
2020;16488;"2B";"2B354";"Vivario";"2020-09-20 18:34:00";100;;;;;;;;;;;;"Naturelle";;;;;""
2020;16525;"2A";"2A048";"Calcatoggio";"2020-09-21 11:15:00";80;;80;;;;;;;;;"1";"Accidentelle";;;;;""
2020;3031;"88";"88303";"Midrevaux";"2020-09-21 14:00:00";200;200;;0;;;0;0;0;0;"Estimées";;;;;;;""
2020;2782;"77";"77333";"Nemours";"2020-09-21 15:04:00";1;1;;0;;;0;0;0;0;"Estimées";;"Involontaire (travaux)";;;;;""
2020;16510;"2B";"2B267";"Saliceto";"2020-09-21 15:50:00";1;;;;;;;;;;;;"Naturelle";;;;;""
2020;3034;"88";"88116";"Cornimont";"2020-09-22 01:54:00";50;50;;0;;;0;0;0;0;"Estimées";;;;;;;""
2020;4849;"41";"41173";"Beauce la Romaine";"2020-09-22 15:02:00";700;0;;700;;;700;0;0;0;"Estimées";;;;;;;""
2020;3037;"88";"88301";"Ménil-sur-Belvitte";"2020-09-22 20:12:00";1;1;;0;;;0;0;0;0;"Estimées";;;;;;;""
2020;3316;"08";"08284";"Les Mazures";"2020-09-22 21:39:00";20000;20000;;0;;;0;0;0;0;"Estimées";;;;;;;""
2020;3006;"67";"67544";"Wissembourg";"2020-09-23 16:18:00";15000;15000;;0;;;0;0;0;0;"Estimées";;;;;;;""
2020;2768;"77";"77310";"Montigny-le-Guesdier";"2020-09-23 17:34:00";500;500;;0;;;0;0;0;0;"Estimées";;"Involontaire (particulier)";;;;;""
2020;3038;"88";"88380";"Rehaupal";"2020-09-24 09:05:00";10;10;;0;;;0;0;0;0;"Estimées";;;;;;;""
2020;4872;"41";"41235";"Sargé-sur-Braye";"2020-09-24 18:49:00";10;0;;10;;;10;0;0;0;"Estimées";;"Involontaire (particulier)";;;;;""
2020;16542;"06";"06079";"Mandelieu-la-Napoule";"2020-09-25 05:27:00";2000;1000;1000;;;;;;;;;"4";"Naturelle";;;;;""
2020;16553;"34";"34232";"Roquebrun";"2020-09-25 16:02:00";69471;;69471;;;;;;;;;"1";"Involontaire (particulier)";;;;;""
2020;16554;"34";"34178";"Murviel-lès-Béziers";"2020-09-25 18:10:00";5704;;5704;;;;;;;;;"1";"Malveillance";;;;;""
2020;3039;"88";"88410";"Sainte-Barbe";"2020-09-25 19:57:00";300;300;;0;;;0;0;0;0;"Estimées";;;;;;;""
2020;4949;"72";"72047";"Brette-les-Pins";"2020-09-26 15:51:00";6;6;;0;;;0;0;0;0;"Estimées";;;;;;;""
2020;4851;"41";"41294";"Villiers-sur-Loir";"2020-09-26 17:58:00";100;0;;100;;;100;0;0;0;"Estimées";;;;;;;""
2020;16620;"83";"83047";"La Crau";"2020-09-27 15:44:00";10;10;;;;;;;;;;"3";"Involontaire (particulier)";;;;;""
2020;16888;"13";"13004";"Arles";"2020-09-28 11:09:00";10;10;;;;;;;;;;"1";"Naturelle";;;;;""
2020;4950;"72";"72181";"Le Mans";"2020-09-28 14:23:00";2000;2000;;0;;;0;0;0;0;"Estimées";;;;;;;""
2020;16744;"06";"06128";"Saint-Paul-de-Vence";"2020-09-28 14:25:00";800;;800;;;;;;;;;"1";;;;;;""
2020;17891;"11";"11203";"Lézignan-Corbières";"2020-09-28 15:45:00";1000;;;;;;;;;;;;;;;;;""
2020;2519;"77";"77329";"Nanteau-sur-Lunain";"2020-09-28 17:51:00";10000;10000;;0;;;0;0;0;0;"Estimées";;"Involontaire (particulier)";;;;;""
2020;16631;"2B";"2B015";"Ampriani";"2020-09-29 14:57:00";10000;;;;;;;;;;;;;;;;;""
2020;16751;"34";"34020";"Azillanet";"2020-09-29 16:15:00";12646;;12646;;;;;;;;;"1";"Malveillance";;;;;""
2020;17892;"11";"11339";"Saint-Denis";"2020-09-29 18:24:00";20;;;;;;;;;;;;;;;;;""
2020;3041;"88";"88029";"La Vôge-les-Bains";"2020-09-30 07:35:00";50;50;;0;;;0;0;0;0;"Estimées";;;;;;;""
2020;16889;"13";"13056";"Martigues";"2020-09-30 16:20:00";400;400;;;;;;;;;;"1";"Involontaire (particulier)";;;;;""
2020;4862;"41";"41280";"Villefranche-sur-Cher";"2020-09-30 17:35:00";200;0;;200;;;200;0;0;0;"Estimées";;;;;;;""
2020;3043;"88";"88095";"Châtenois";"2020-10-01 10:33:00";2;2;;0;;;0;0;0;0;"Estimées";;;;;;;""
2020;16648;"2B";"2B084";"Cateri";"2020-10-01 12:31:00";10000;;;;;;;;;;;;;;;;;""
2020;16654;"2B";"2B354";"Vivario";"2020-10-01 14:40:00";8000;;;;;;;;;;;;;;;;;""
2020;17182;"2A";"2A048";"Calcatoggio";"2020-10-01 18:33:00";35;;35;;;;;;;;;"1";"Accidentelle";;;;;""
2020;3044;"88";"88180";"Frain";"2020-10-01 21:59:00";5;5;;0;;;0;0;0;0;"Estimées";;;;;;;""
2020;16940;"13";"13037";"La Fare-les-Oliviers";"2020-10-02 14:12:00";100;100;;;;;;;;;;"1";;;;;;""
2020;4951;"72";"72220";"Nogent-le-Bernard";"2020-10-02 15:58:00";50;50;;0;;;0;0;0;0;"Estimées";;;;;;;""
2020;16658;"2B";"2B123";"Ghisonaccia";"2020-10-03 11:48:00";25000;;;;;;;;;;;;;;;;;""
2020;3045;"88";"88233";"Harol";"2020-10-04 00:41:00";100;100;;0;;;0;0;0;0;"Estimées";;;;;;;""
2020;17893;"11";"11203";"Lézignan-Corbières";"2020-10-06 15:40:00";10000;;;;;;;;;;;;;;;;;""
2020;17894;"11";"11258";"Moussan";"2020-10-07 21:37:00";5000;;;;;;;;;;;;;;;;;""
2020;16705;"2B";"2B361";"Zilia";"2020-10-08 13:33:00";3000;;;;;;;;;;;;;;;;;""
2020;17895;"11";"11040";"Bizanet";"2020-10-08 15:15:00";5000;;;;;;;;;;;;;;;;;""
2020;18543;"83";"83051";"Entrecasteaux";"2020-10-09 16:17:00";4000;4000;;;;;;;;;;"5";"Involontaire (particulier)";;;;;""
2020;16715;"2B";"2B112";"Feliceto";"2020-10-10 12:50:00";100;;100;;;;;;;;;"1";"Malveillance";;;;;""
2020;16893;"04";"04032";"Braux";"2020-10-10 15:37:00";2000;;;;;;;;;;;;"Involontaire (particulier)";;;;;""
2020;16720;"2B";"2B112";"Feliceto";"2020-10-10 18:14:00";40000;;40000;;;;;;;;;"1";"Malveillance";;;;;""
2020;18544;"83";"83070";"Le Lavandou";"2020-10-11 08:56:00";10000;10000;;;;;;;;;;"4";"Accidentelle";;;;;""
2020;16724;"2B";"2B051";"Cambia";"2020-10-11 11:07:00";50000;;50000;;;;;;;;;"1";"Malveillance";;;;;""
2020;16891;"13";"13100";"Saint-Rémy-de-Provence";"2020-10-11 12:39:00";20;20;;;;;;;;;;"1";"Accidentelle";;;;;""
2020;16727;"2B";"2B096";"Corte";"2020-10-11 13:16:00";30000;;;;;;;;;;;;;;;;;""
2020;16728;"2B";"2B230";"Piève";"2020-10-11 14:09:00";50000;;50000;;;;;;;;;"1";;;;;;""
2020;12416;"41";"41093";"Françay";"2020-10-12 15:37:00";15;0;;15;;;15;0;0;0;"Mesurées";;"Involontaire (travaux)";;;;;""
2020;2427;"87";"87178";"Saint-Priest-Taurion";"2020-10-14 15:12:00";30000;0;;30000;;;30000;0;0;0;"Mesurées";;;;;;;""
2020;5975;"40";"40030";"Baudignan";"2020-10-15 11:15:00";40;40;;0;;;0;;;0;;;;;;;;""
2020;16830;"13";"13007";"Auriol";"2020-10-15 15:36:00";1000;1000;;;;;;;;;;"1";"Accidentelle";;;;;""
2020;16918;"34";"34226";"Quarante";"2020-10-15 18:05:00";20092;;20092;;;;;;;;;"1";"Involontaire (travaux)";;;;;""
2020;18555;"83";"83106";"Rocbaron";"2020-10-16 14:01:00";3000;3000;;;;;;;;;;"5";"Involontaire (particulier)";;;;;""
2020;16894;"04";"04041";"Le Castellet";"2020-10-16 14:45:00";10600;;10600;;;;;;;;;"2";"Involontaire (travaux)";;;;;""
2020;18557;"83";"83092";"Pignans";"2020-10-17 15:05:00";5000;5000;;;;;;;;;;"5";"Involontaire (particulier)";;;;;""
2020;17086;"34";"34178";"Murviel-lès-Béziers";"2020-10-17 15:18:00";30490;;30490;;;;;;;;;"1";"Malveillance";;;;;""
2020;12417;"41";"41180";"Pontlevoy";"2020-10-17 15:38:00";30;0;;30;;;30;0;0;0;"Estimées";;;;;;;""
2020;17087;"34";"34134";"Lavérune";"2020-10-17 16:12:00";13478;;13478;;;;;;;;;"1";"Malveillance";;;;;""
2020;3156;"77";"77186";"Fontainebleau";"2020-10-18 15:16:00";1;1;;0;;;0;0;0;0;"Mesurées";;;;;;;""
2020;4018;"90";"90044";"Felon";"2020-10-18 18:34:00";50;0;;50;;;50;0;0;0;"Estimées";;"Involontaire (particulier)";;;;;""
2020;3048;"88";"88481";"Uriménil";"2020-10-18 22:20:00";4;4;;0;;;0;0;0;0;"Estimées";;;;;;;""
2020;17110;"34";"34226";"Quarante";"2020-10-19 12:57:00";5000;;;;;;;;;;;"1";"Involontaire (travaux)";;;;;""
2020;12418;"41";"41171";"Oucques La Nouvelle";"2020-10-19 13:33:00";30;0;;30;;;30;0;0;0;"Estimées";;;;;;;""
2020;17897;"11";"11040";"Bizanet";"2020-10-19 14:09:00";10000;;;;;;;;;;;;;;;;;""
2020;17189;"04";"04152";"Pierrevert";"2020-10-20 12:25:00";7;;;;;;;;;;;;"Involontaire (particulier)";;;;;""
2020;17257;"06";"06141";"Toudon";"2020-10-20 12:36:00";500;400;100;;;;;;;;;"1";"Naturelle";;;;;""
2020;17129;"07";"07140";"Lemps";"2020-10-20 20:14:00";5000;;5000;;;;;;;;;"1";;;;;;""
2020;3049;"88";"88106";"Ban-sur-Meurthe-Clefcy";"2020-10-21 12:41:00";1;1;;0;;;0;0;0;0;"Estimées";;;;;;;""
2020;17130;"2B";"2B257";"Rapale";"2020-10-21 17:49:00";1200;;;;;;;;;;;;;;;;;""
2020;17183;"2A";"2A254";"Quenza";"2020-10-23 13:02:00";50000;;50000;;;;;;;;;"1";;;;;;""
2020;17131;"2B";"2B356";"Zalana";"2020-10-24 11:14:00";40000;15000;25000;;;;;;;;;"2";"Malveillance";;;;;""
2020;3157;"77";"77186";"Fontainebleau";"2020-10-24 11:38:00";4;4;;0;;;0;0;0;0;"Mesurées";;;;;;;""
2020;18567;"83";"83051";"Entrecasteaux";"2020-10-24 16:58:00";200;200;;;;;;;;;;"4";"Involontaire (travaux)";;;;;""
2020;3159;"88";"88369";"Ramonchamp";"2020-10-25 09:05:00";2;2;;0;;;0;0;0;0;"Estimées";;;;;;;""
2020;17184;"2A";"2A090";"Coggia";"2020-10-25 12:34:00";516;;516;;;;;;;;;"1";;;;;;""
2020;17135;"2B";"2B218";"Piedicorte-di-Gaggio";"2020-10-25 14:07:00";2000;;;;;;;;;;;;;;;;;""
2020;17185;"2A";"2A028";"Balogna";"2020-10-25 18:27:00";1;;1;;;;;;;;;;"Accidentelle";;;;;""
2020;17898;"11";"11037";"Berriac";"2020-10-25 20:45:00";20;;;;;;;;;;;;;;;;;""
2020;17527;"26";"26122";"Espenel";"2020-10-25 21:51:00";800;;;;;;;;;;;;;;;;;""
2020;17186;"2A";"2A017";"Appietto";"2020-10-26 13:49:00";1;;1;;;;;;;;;;"Involontaire (particulier)";;;;;""
2020;17899;"11";"11422";"Villedubert";"2020-10-27 15:00:00";5000;;;;;;;;;;;;;;;;;""
2020;17900;"11";"11317";"Rodome";"2020-10-27 19:46:00";20;;;;;;;;;;;;;;;;;""
2020;18323;"2A";"2A247";"Porto-Vecchio";"2020-10-28 15:10:00";20;;20;;;;;;;;;;"Involontaire (particulier)";;;;;""
2020;3160;"88";"88265";"Lemmecourt";"2020-10-28 17:46:00";2;2;;0;;;0;0;0;0;"Estimées";;;;;;;""
2020;17901;"11";"11041";"Bize-Minervois";"2020-10-29 13:33:00";400;;;;;;;;;;;;;;;;;""
2020;17902;"11";"11433";"Villeneuve-Minervois";"2020-10-29 14:46:00";400;;;;;;;;;;;;;;;;;""
2020;17903;"11";"11262";"Narbonne";"2020-10-29 16:00:00";50;;;;;;;;;;;;;;;;;""
2020;17205;"06";"06070";"Gréolières";"2020-10-30 10:43:00";5000;;4000;;;;;;;1000;;"1";"Involontaire (particulier)";;;;;""
2020;17256;"34";"34135";"Lespignan";"2020-10-30 15:01:00";7279;;7279;;;;;;;;;"1";"Involontaire (travaux)";;;;;""
2020;2451;"87";"87176";"Saint-Priest-Ligoure";"2020-10-30 15:09:00";200;0;;200;;;200;0;0;0;"Mesurées";;;;;;;""
2020;18575;"83";"83018";"Besse-sur-Issole";"2020-11-01 13:43:00";1000;1000;;;;;;;;;;"4";"Involontaire (travaux)";;;;;""
2020;5635;"64";"64068";"Asson";"2020-11-01 18:24:00";10;0;;10;;;10;;;0;;;"Malveillance";;;;;""
2020;17279;"2B";"2B329";"Tralonca";"2020-11-02 15:23:00";1000;;;;;;;;;;;;;;;;;""
2020;5976;"40";"40305";"Sorbets";"2020-11-02 19:06:00";30;30;;0;;;0;;;0;;;;;;;;""
2020;17904;"11";"11170";"Gruissan";"2020-11-04 18:15:00";8850;;;;;;;;;;;;;;;;;""
2020;17905;"11";"11266";"Port-la-Nouvelle";"2020-11-04 18:34:00";300;;;;;;;;;;;;;;;;;""
2020;18324;"2A";"2A139";"Lecci";"2020-11-05 08:04:00";30;;30;;;;;;;;;;;;;;;""
2020;17281;"2B";"2B190";"Olmi-Cappella";"2020-11-05 11:16:00";15000;;;;;;;;;;;;;;;;;""
2020;17282;"2B";"2B361";"Zilia";"2020-11-05 16:55:00";1000;;;;;;;;;;;;;;;;;""
2020;17906;"11";"11022";"Azille";"2020-11-06 18:15:00";20000;;;;;;;;;;;;;;;;;""
2020;17729;"34";"34061";"Causses-et-Veyran";"2020-11-07 10:43:00";79565;;79565;;;;;;;;;"1";"Malveillance";;;;;""
2020;17284;"2B";"2B190";"Olmi-Cappella";"2020-11-07 15:08:00";20;;;;;;;;;;;;;;;;;""
2020;18325;"2A";"2A323";"Tavaco";"2020-11-08 11:15:00";70000;;70000;;;;;;;;;"1";"Malveillance";;;;;""
2020;17289;"2B";"2B140";"Lento";"2020-11-08 16:07:00";3000;;;;;;;;;;;;;;;;;""
2020;18326;"2A";"2A247";"Porto-Vecchio";"2020-11-09 15:02:00";50;;50;;;;;;;;;;"Involontaire (particulier)";;;;;""
2020;18327;"2A";"2A040";"Bocognano";"2020-11-09 16:14:00";100;;100;;;;;;;;;;;;;;;""
2020;17325;"2B";"2B155";"Matra";"2020-11-10 09:36:00";500;;;;;;;;;;;;;;;;;""
2020;17326;"2B";"2B329";"Tralonca";"2020-11-10 12:27:00";15000;;;;;;;;;;;;;;;;;""
2020;18328;"2A";"2A322";"Tasso";"2020-11-10 14:48:00";500;;500;;;;;;;;;;;;;;;""
2020;5977;"40";"40209";"Ondres";"2020-11-12 16:43:00";30;30;;0;;;0;;;0;;;;;;;;""
2020;3536;"81";"81201";"Pampelonne";"2020-11-12 18:34:00";10000;0;;5000;;;5000;5000;0;5000;"Estimées";;;;;;;""
2020;17908;"11";"11216";"Malviès";"2020-11-13 15:46:00";300;;;;;;;;;;;;;;;;;""
2020;17909;"11";"11190";"La Redorte";"2020-11-13 23:45:00";500;;;;;;;;;;;;;;;;;""
2020;17910;"11";"11258";"Moussan";"2020-11-14 19:14:00";900;;;;;;;;;;;;;;;;;""
2020;17911;"11";"11151";"Fontiès-d'Aude";"2020-11-14 22:00:00";400;;;;;;;;;;;;;;;;;""
2020;17912;"11";"11012";"Argeliers";"2020-11-17 14:40:00";13200;;;;;;;;;;;;;;;;;""
2020;17476;"2B";"2B306";"Santa-Lucia-di-Mercurio";"2020-11-18 15:02:00";1200;;;;;;;;;;;;;;;;;""
2020;17913;"11";"11273";"Paraza";"2020-11-18 15:43:00";2500;;;;;;;;;;;;;;;;;""
2020;17478;"2B";"2B255";"Quercitello";"2020-11-19 10:50:00";30;;;;;;;;;;;;;;;;;""
2020;5539;"47";"47313";"Tourtrès";"2020-11-19 21:49:00";30;30;;0;;;0;;;0;;;"Involontaire (travaux)";;;;;""
2020;17914;"11";"11285";"Peyriac-de-Mer";"2020-11-20 16:43:00";500;;;;;;;;;;;;;;;;;""
2020;17382;"04";"04013";"Aubignosc";"2020-11-21 06:50:00";92500;91200;1300;;;;;;;;;"5";"Accidentelle";;;;;""
2020;17394;"48";"48061";"Florac Trois Rivières";"2020-11-21 14:52:00";12000;;12000;;;;;;;;;"5";"Involontaire (particulier)";;;;;""
2020;18330;"2A";"2A142";"Levie";"2020-11-21 16:14:00";200;;200;;;;;;;;;;"Involontaire (particulier)";;;;;""
2020;18332;"2A";"2A348";"Vico";"2020-11-22 11:04:00";17205;;17205;;;;;;;;;"1";;;;;;""
2020;17482;"2B";"2B046";"Cagnano";"2020-11-22 11:51:00";2000;;;;;;;;;;;;;;;;;""
2020;17393;"07";"07147";"Malarce-sur-la-Thines";"2020-11-22 12:16:00";31000;;31000;;;;;;;;;"1";"Involontaire (travaux)";;;;;""
2020;17915;"11";"11140";"Ferrals-les-Corbières";"2020-11-22 16:07:00";6000;;;;;;;;;;;;;;;;;""
2020;17384;"30";"30270";"Saint-Jean-du-Pin";"2020-11-23 13:21:00";4529;4529;;;;;;;;;;"4";"Involontaire (particulier)";;;;;""
2020;4344;"12";"12017";"Ayssènes";"2020-11-24 11:50:00";200000;200000;;0;;;0;0;0;0;"Estimées";;;;;;;""
2020;17431;"13";"13060";"Meyreuil";"2020-11-24 15:45:00";2000;2000;;;;;;;;;;"1";"Involontaire (particulier)";;;;;""
2020;18536;"66";"66190";"Salses-le-Château";"2020-11-25 20:45:00";15000;10000;5000;;;;;;;;;"2";"Accidentelle";;;;;""
2020;18334;"2A";"2A139";"Lecci";"2020-11-26 17:08:00";600;;600;;;;;;;;;;"Involontaire (particulier)";;;;;""
2020;17434;"04";"04081";"Esparron-de-Verdon";"2020-11-27 15:27:00";2500;;2500;;;;;;;;;"5";"Naturelle";;;;;""
2020;18475;"11";"11202";"Leucate";"2020-12-06 09:38:00";2;;;;;;;;;;;;;;;;;""
2020;17710;"34";"34135";"Lespignan";"2020-12-09 15:22:00";43819;;43819;;;;;;;;;"1";"Malveillance";;;;;""
2020;18474;"11";"11353";"Saint-Marcel-sur-Aude";"2020-12-13 14:53:00";150;;;;;;;;;;;;;;;;;""
2020;4322;"12";"12063";"La Cavalerie";"2020-12-13 14:59:00";100000;0;;100000;;;100000;0;0;0;"Estimées";;;;;;;""
2020;18476;"11";"11145";"Fleury";"2020-12-24 20:28:00";500;;;;;;;;;;;;;;;;;""
2021;295;"88";"88218";"Granges-Aumontzey";"2021-01-02 15:40:00";2;2;;0;;;0;0;0;0;"Estimées";;;;;;;""
2021;6068;"11";"11295";"Portel-des-Corbières";"2021-01-05 12:13:00";150;;;;;;;;;;;;;;;;;""
2021;6069;"11";"11014";"Armissan";"2021-01-05 16:47:00";100;;;;;;;;;;;;;;;;;""
2021;6070;"11";"11151";"Fontiès-d'Aude";"2021-01-05 17:16:00";1000;;;;;;;;;;;;;;;;;""
2021;6072;"11";"11014";"Armissan";"2021-01-06 18:18:00";10;;;;;;;;;;;;;;;;;""
2021;6073;"11";"11285";"Peyriac-de-Mer";"2021-01-08 11:55:00";1;;;;;;;;;;;;;;;;;""
2021;7999;"34";"34162";"Montagnac";"2021-01-08 13:58:00";249;;249;;;;;;;;;"1";"Involontaire (travaux)";;;;;""
2021;4074;"34";"34286";"Saint-Privat";"2021-01-09 17:50:00";9238;;;;;;;;;;;"1";"Malveillance";;;;;""
2021;5029;"34";"34286";"Saint-Privat";"2021-01-10 16:48:00";1519;;1519;;;;;;;;;"1";"Involontaire (particulier)";;;;;""
2021;4119;"34";"34285";"Saint-Pons-de-Mauchiens";"2021-01-12 12:13:00";41812;;41812;;;;;;;;;"1";"Malveillance";;;;;""
2021;9092;"06";"06091";"Peille";"2021-01-13 14:40:00";5000;4000;1000;;;;;;;;;"1";"Accidentelle";;;;;""
2021;8519;"48";"48144";"Sainte-Croix-Vallée-Française";"2021-01-13 17:44:00";2000;1800;;;;;;;;200;;"4";"Involontaire (particulier)";;;;;""
2021;3802;"34";"34329";"Vendres";"2021-01-14 10:29:00";1867;;1867;;;;;;;;;"1";"Malveillance";;;;;""
2021;4218;"34";"34208";"Popian";"2021-01-14 13:37:00";15017;;15017;;;;;;;;;"1";"Malveillance";;;;;""
2021;4177;"84";"84058";"Lacoste";"2021-01-14 15:37:00";3000;;;;;;;;;;;;;;;;;""
2021;5299;"66";"66177";"Saint-Jean-Lasseille";"2021-01-15 07:29:00";15000;;15000;;;;;;;;;"1";;;;;;""
2021;10851;"30";"30203";"Portes";"2021-01-15 16:06:00";300;;;;;;;;;;;;;;;;;""
2021;10394;"13";"13056";"Martigues";"2021-01-15 18:33:00";20;20;;;;;;;;;;"1";"Malveillance";;;;;""
2021;4123;"84";"84122";"Sarrians";"2021-01-15 18:44:00";2500;2500;;;;;;;;;;"4";;;;;;""
2021;5503;"66";"66145";"Ponteilla";"2021-01-16 15:15:00";5000;;5000;;;;;;;;;"1";;;;;;""
2021;6074;"11";"11095";"Comigne";"2021-01-16 16:30:00";800;;;;;;;;;;;;;;;;;""
2021;3791;"34";"34092";"Cruzy";"2021-01-17 12:58:00";60755;;60755;;;;;;;;;"1";"Malveillance";;;;;""
2021;5388;"66";"66071";"Estagel";"2021-01-18 10:49:00";5000;;5000;;;;;;;;;"1";;;;;;""
2021;6075;"11";"11355";"Saint-Martin-de-Villereglan";"2021-01-18 17:58:00";3000;;;;;;;;;;;;;;;;;""
2021;6076;"11";"11351";"Saint-Laurent-de-la-Cabrerisse";"2021-01-18 18:47:00";250;;;;;;;;;;;;;;;;;""
2021;4055;"34";"34074";"Cessenon-sur-Orb";"2021-01-20 17:28:00";4416;;4416;;;;;;;;;"1";"Malveillance";;;;;""
2021;6077;"11";"11012";"Argeliers";"2021-01-20 17:38:00";18000;;;;;;;;;;;;;;;;;""
2021;2786;"09";"09291";"Sentenac-d'Oust";"2021-01-20 18:47:00";10000;0;;10000;;;10000;0;0;0;"Estimées";;;;;;;""
2021;1653;"41";"41097";"Gièvres";"2021-01-23 17:42:00";3;3;;0;;;0;0;0;0;"Estimées";;"Involontaire (travaux)";;;;;""
2021;6078;"11";"11370";"Salles-d'Aude";"2021-01-24 17:33:00";5000;;;;;;;;;;;;;;;;;""
2021;6953;"84";"84091";"Piolenc";"2021-01-25 19:15:00";200;200;;;;;;;;;;"4";"Involontaire (travaux)";;;;;""
2021;5389;"66";"66069";"Espira-de-l'Agly";"2021-01-26 11:54:00";5000;;5000;;;;;;;;;"1";;;;;;""
2021;298;"88";"88327";"Nomexy";"2021-01-26 18:21:00";2;2;;0;;;0;0;0;0;"Estimées";;;;;;;""
2021;5256;"13";"13025";"Châteauneuf-le-Rouge";"2021-01-27 14:58:00";5;5;;;;;;;;;;"1";;;;;;""
2021;5259;"13";"13021";"Carry-le-Rouet";"2021-01-29 06:44:00";5;5;;;;;;;;;;"1";"Involontaire (particulier)";;;;;""
2021;5396;"30";"30073";"Castillon-du-Gard";"2021-01-29 11:07:00";40000;;;;;;;;;;;;;;;;;""
2021;4863;"2B";"2B208";"Perelli";"2021-01-29 12:01:00";100;;;;;;;;;;;;;;;;;""
2021;4919;"2B";"2B009";"Aléria";"2021-01-29 13:07:00";300;;;;;;;;;;;;;;;;;""
2021;4874;"2B";"2B123";"Ghisonaccia";"2021-01-29 13:54:00";2;;;;;;;;;;;;;;;;;""
2021;4885;"2B";"2B251";"Prunelli-di-Fiumorbo";"2021-01-29 15:05:00";2;;;;;;;;;;;;;;;;;""
2021;4896;"2B";"2B301";"San-Gavino-di-Tenda";"2021-01-29 15:28:00";8000;8000;;;;;;;;;;"2";;;;;;""
2021;4907;"2B";"2B123";"Ghisonaccia";"2021-01-29 16:07:00";150;;;;;;;;;;;;;;;;;""
2021;5320;"34";"34110";"Galargues";"2021-01-29 16:32:00";10775;;10775;;;;;;;;;"1";"Malveillance";;;;;""
2021;4930;"2B";"2B332";"Urtaca";"2021-01-29 16:39:00";10;;;;;;;;;;;;;;;;;""
2021;5385;"30";"30240";"Saint-Césaire-de-Gauzignan";"2021-01-29 18:12:00";15000;;;;;;;;;;;;;;;;;""
2021;5257;"13";"13104";"Sausset-les-Pins";"2021-01-29 23:34:00";2000;2000;;;;;;;;;;"1";"Involontaire (particulier)";;;;;""
2021;4963;"2B";"2B213";"Pianello";"2021-01-30 09:55:00";50000;;50000;;;;;;;;;"1";"Malveillance";;;;;""
2021;4974;"2B";"2B185";"Oletta";"2021-01-30 11:54:00";15000;1000;14000;;;;;;;;;"1";"Malveillance";;;;;""
2021;4985;"2B";"2B207";"Penta-di-Casinca";"2021-01-30 18:05:00";10000;10000;;;;;;;;;;"3";"Malveillance";;;;;""
2021;6391;"2A";"2A269";"Sari-Solenzara";"2021-02-02 19:16:00";10;;10;;;;;;;;;;;;;;;""
2021;299;"88";"88430";"Saint-Ouen-lès-Parey";"2021-02-03 18:25:00";4;4;;0;;;0;0;0;0;"Estimées";;;;;;;""
2021;5596;"2B";"2B033";"Bastia";"2021-02-04 17:10:00";10000;;10000;;;;;;;;;"1";"Malveillance";;;;;""
2021;5585;"04";"04005";"Allons";"2021-02-04 17:24:00";300;;;;;;;;;;;;;;;;;""
2021;5390;"66";"66190";"Salses-le-Château";"2021-02-05 13:39:00";2000;;2000;;;;;;;;;"1";"Involontaire (travaux)";;;;;""
2021;6402;"2A";"2A017";"Appietto";"2021-02-05 14:33:00";760;;760;;;;;;;;;"1";"Involontaire (travaux)";;;;;""
2021;5391;"66";"66030";"Calce";"2021-02-05 17:48:00";2500;;2500;;;;;;;;;"1";;;;;;""
2021;10860;"83";"83094";"Le Plan-de-la-Tour";"2021-02-05 20:02:00";4;4;;;;;;;;;;"5";"Involontaire (travaux)";;;;;""
2021;5392;"66";"66150";"Prats-de-Mollo-la-Preste";"2021-02-06 11:10:00";15000;;15000;;;;;;;;;"1";"Involontaire (travaux)";;;;;""
2021;5607;"2B";"2B281";"Sisco";"2021-02-07 18:14:00";2000;;;;;;;;;;;;;;;;;""
2021;6413;"2A";"2A139";"Lecci";"2021-02-08 12:17:00";5;;5;;;;;;;;;;"Accidentelle";;;;;""
2021;6079;"11";"11012";"Argeliers";"2021-02-09 17:49:00";57200;;57200;;;;;;;;;;;;;;;""
2021;705;"19";"19001";"Affieux";"2021-02-10 22:01:00";5;5;;0;;;0;0;0;0;"Estimées";;;;;;;""
2021;6149;"05";"05164";"Savines-le-Lac";"2021-02-17 11:31:00";17500;;17500;;;;;;;;;"1";"Involontaire (travaux)";;;;;""
2021;6080;"11";"11295";"Portel-des-Corbières";"2021-02-17 12:28:00";4000;;;;;;;;;;;;;;;;;""
2021;6653;"2B";"2B049";"Calenzana";"2021-02-17 16:12:00";3000;;;;;;;;;;;;;;;;;""
2021;1880;"38";"38075";"Chapareillan";"2021-02-18 12:00:00";10275;0;;10275;;;10275;0;0;0;"Mesurées";;"Involontaire (travaux)";;;;;""
2021;7207;"2A";"2A041";"Bonifacio";"2021-02-18 22:16:00";20;;20;;;;;;;;;;"Involontaire (particulier)";;;;;""
2021;6358;"04";"04209";"Sisteron";"2021-02-19 14:50:00";1000;;;;;;;;;;;;;;;;;""
2021;4;"46";"46208";"Montvalent";"2021-02-19 16:17:00";10000;0;;10000;;;10000;0;0;0;"Estimées";;"Involontaire (particulier)";;;;;""
2021;2791;"09";"09114";"Erp";"2021-02-19 18:29:00";90000;0;;50000;;;50000;40000;0;40000;"Mesurées";;;;;;;""
2021;2414;"64";"64545";"Urrugne";"2021-02-20 10:49:58";4500000;;;4500000;;;4500000;;;;;;;;;;;""
2021;5393;"66";"66140";"Pézilla-la-Rivière";"2021-02-20 11:14:00";5000;;5000;;;;;;;;;"1";"Involontaire (travaux)";;;;;""
2021;2415;"64";"64065";"Ascain";"2021-02-20 11:57:26";3500000;;;3500000;;;3500000;;;;;;"Malveillance";;;;;""
2021;2685;"40";"40192";"Mont-de-Marsan";"2021-02-20 12:52:00";2000;2000;;0;;;0;;;0;;;;;;;;""
2021;9259;"06";"06020";"La Bollène-Vésubie";"2021-02-20 15:11:00";500;;;;;;;;;;;"4";"Malveillance";;;;;""
2021;386;"15";"15180";"Saint-Clément";"2021-02-20 15:25:00";7500;0;;7500;;;7500;0;0;0;"Estimées";;"Involontaire (travaux)";;;;;""
2021;1952;"38";"38496";"Sonnay";"2021-02-20 16:27:00";300;0;;300;;;300;0;0;0;"Estimées";;;;;;;""
2021;385;"15";"15235";"Les Ternes";"2021-02-20 17:00:00";300;0;;300;;;300;0;0;0;"Estimées";;;;;;;""
2021;2421;"64";"64495";"Saint-Pée-sur-Nivelle";"2021-02-20 19:36:25";10000;;;10000;;;10000;;;;;;"Malveillance";;;;;""
2021;1656;"41";"41295";"Vineuil";"2021-02-20 20:46:00";6;0;;6;;;6;0;0;0;"Estimées";;"Malveillance";;;;;""
2021;103;"77";"77186";"Fontainebleau";"2021-02-21 00:00:00";1;1;;0;;;0;0;0;0;"Mesurées";;"Involontaire (particulier)";;;;;""
2021;300;"88";"88114";"Contrexéville";"2021-02-21 05:21:00";4;4;;0;;;0;0;0;0;"Estimées";;;;;;;""
2021;67;"15";"15153";"Pleaux";"2021-02-21 11:55:00";30000;0;;30000;;;30000;0;0;0;"Estimées";;;;;;;""
2021;5260;"13";"13103";"Salon-de-Provence";"2021-02-21 13:29:00";40;40;;;;;;;;;;"1";;;;;;""
2021;10869;"83";"83153";"Saint-Mandrier-sur-Mer";"2021-02-21 14:52:00";6500;6500;;;;;;;;;;"6";"Involontaire (particulier)";;;;;""
2021;6369;"04";"04070";"Digne-les-Bains";"2021-02-21 14:59:00";7400;600;6800;;;;;;;;;"5";"Involontaire (particulier)";;;;;""
2021;2430;"64";"64342";"Licq-Athérey";"2021-02-21 15:28:43";200;;;200;;;200;;;;;;"Involontaire (travaux)";;;;;""
2021;5;"46";"46143";"Lacapelle-Marival";"2021-02-21 16:28:00";3000;0;;3000;;;3000;0;0;0;"Estimées";;"Involontaire (particulier)";;;;;""
2021;302;"88";"88078";"Bruyères";"2021-02-21 16:45:00";2;2;;0;;;0;0;0;0;"Estimées";;;;;;;""
2021;303;"88";"88179";"Fouchécourt";"2021-02-21 16:50:00";100;100;;0;;;0;0;0;0;"Estimées";;;;;;;""
2021;6687;"2B";"2B095";"Corscia";"2021-02-21 17:50:00";10;;;;;;;;;;;;;;;;;""
2021;2091;"12";"12094";"Entraygues-sur-Truyère";"2021-02-22 01:00:00";60000;60000;;0;;;0;0;0;0;"Estimées";;"Accidentelle";;;;;"Données partielles ou non valides"
2021;7009;"84";"84088";"Pernes-les-Fontaines";"2021-02-22 12:16:00";200;200;;;;;;;;;;;"Accidentelle";;;;;""
2021;1955;"38";"38273";"Nantes-en-Ratier";"2021-02-22 13:34:00";50;0;;50;;;50;0;0;0;"Estimées";;;;;;;""
2021;1882;"38";"38075";"Chapareillan";"2021-02-22 13:43:00";50;0;;50;;;50;0;0;0;"Estimées";;;;;;;""
2021;9270;"06";"06083";"Menton";"2021-02-22 14:03:00";450;;;;;;;;;;;"2";;;;;;""
2021;1956;"38";"38383";"Saint-Étienne-de-Crossey";"2021-02-22 15:15:00";20;0;;20;;;20;0;0;0;"Estimées";;;;;;;""
2021;1883;"38";"38389";"Saint-Georges-d'Espéranche";"2021-02-22 17:25:00";400;0;;400;;;400;0;0;0;"Estimées";;;;;;;""
2021;3525;"10";"10295";"Polisot";"2021-02-23 14:44:00";20000;20000;;0;;;0;0;0;0;"Estimées";;;;;;;""
2021;6446;"05";"05046";"Embrun";"2021-02-23 15:00:00";100;;;;;;;;;;;;"Involontaire (travaux)";;;;;""
2021;10024;"2A";"2A266";"Salice";"2021-02-23 15:37:00";2;;2;;;;;;;;;"1";"Accidentelle";;;;;""
2021;1547;"72";"72195";"Mézeray";"2021-02-23 16:51:00";10;10;;0;;;0;0;0;0;"Estimées";;;;;;;""
2021;10035;"2A";"2A017";"Appietto";"2021-02-23 17:18:00";1;;1;;;;;;;;;;;;;;;""
2021;1658;"41";"41054";"Choussy";"2021-02-23 19:21:00";3;3;;0;;;0;0;0;0;"Estimées";;"Involontaire (particulier)";;;;;""
2021;66;"15";"15189";"Saint-Gérons";"2021-02-24 15:41:00";100;100;;0;;;0;0;0;0;"Mesurées";;"Involontaire (particulier)";;;;;""
2021;1548;"72";"72139";"Fyé";"2021-02-24 15:45:00";2;0;;2;;;2;0;0;0;"Estimées";;;;;;;""
2021;3052;"24";"24124";"Clermont-d'Excideuil";"2021-02-24 16:07:00";15000;15000;;0;;;0;;;;;;;;;;;""
2021;12;"39";"39070";"Bourg-de-Sirod";"2021-02-24 17:01:00";200;0;;200;;;200;0;0;0;"Estimées";;;;;;;""
2021;210;"23";"23224";"Saint-Oradoux-de-Chirouze";"2021-02-24 18:56:00";10000;10000;;0;;;0;0;0;0;"Estimées";;"Accidentelle";;;;;""
2021;10046;"2A";"2A139";"Lecci";"2021-02-24 19:18:00";1;;1;;;;;;;;;;"Involontaire (travaux)";;;;;""
2021;10057;"2A";"2A006";"Alata";"2021-02-25 12:28:00";60;;60;;;;;;;;;;"Involontaire (particulier)";;;;;""
2021;1836;"74";"74027";"La Balme-de-Thuy";"2021-02-25 13:24:00";1500;0;;1500;;;1500;0;0;0;"Estimées";;;;;;;""
2021;7;"39";"39306";"Macornay";"2021-02-25 13:46:00";100000;0;;50000;;;50000;50000;0;50000;"Estimées";;;;;;;""
2021;1373;"63";"63006";"Anzat-le-Luguet";"2021-02-25 13:51:00";90000;0;;45000;;;45000;45000;0;45000;"Estimées";;"Involontaire (travaux)";;;;;""
2021;6469;"05";"05090";"La Motte-en-Champsaur";"2021-02-25 13:53:00";5000;;;;;;;;;;;;"Accidentelle";;;;;""
2021;6753;"2B";"2B317";"Santa-Reparata-di-Moriani";"2021-02-25 14:18:00";40000;35000;5000;;;;;;;;;"3";"Involontaire (travaux)";;;;;""
2021;6588;"04";"04039";"Castellane";"2021-02-25 15:05:00";11600;1100;8700;;;;;;;1800;;"4";"Involontaire (travaux)";;;;;""
2021;8;"39";"39478";"Saint-Claude";"2021-02-25 15:11:00";3000;0;;3000;;;3000;0;0;0;"Estimées";;;;;;;""
2021;1884;"38";"38326";"Prunières";"2021-02-25 15:38:00";5000;0;;5000;;;5000;0;0;0;"Estimées";;;;;;;""
2021;309;"88";"88486";"Vagney";"2021-02-25 15:42:00";400;400;;0;;;0;0;0;0;"Estimées";;;;;;;""
2021;6764;"2B";"2B302";"San-Giovanni-di-Moriani";"2021-02-25 18:45:00";3000;;;;;;;;;;;;;;;;;""
2021;6788;"2B";"2B190";"Olmi-Cappella";"2021-02-26 14:05:00";65000;15000;50000;;;;;;;;;"1";"Malveillance";;;;;""
2021;310;"88";"88075";"La Bresse";"2021-02-26 17:08:00";5;0;;5;;;5;0;0;0;"Estimées";;;;;;;""
2021;629;"19";"19093";"Jugeals-Nazareth";"2021-02-26 17:34:00";100;100;;0;;;0;0;0;0;"Estimées";;;;;;;""
2021;896;"19";"19136";"Meymac";"2021-02-26 18:55:00";10;10;;0;;;0;0;0;0;"Estimées";;"Malveillance";;;;;""
2021;10068;"2A";"2A031";"Bastelica";"2021-02-27 12:56:00";1;;1;;;;;;;;;;;;;;;""
2021;311;"88";"88196";"Gérardmer";"2021-02-27 13:28:00";1;1;;0;;;0;0;0;0;"Estimées";;;;;;;""
2021;2161;"47";"47013";"Argenton";"2021-02-27 15:04:01";800;800;;0;;;0;;;0;;;"Involontaire (particulier)";;;;;""
2021;2117;"12";"12033";"Bozouls";"2021-02-27 16:00:00";1000;0;;1000;;;1000;0;0;0;"Estimées";;;;;;;"Données partielles ou non valides"
2021;2118;"12";"12111";"Goutrens";"2021-02-27 16:00:00";15000;0;;15000;;;15000;0;0;0;"Estimées";;;;;;;"Données partielles ou non valides"
2021;6810;"2B";"2B007";"Albertacce";"2021-02-27 18:13:00";30000;;30000;;;;;;;0;;"1";"Malveillance";;;;;""
2021;15;"46";"46050";"Cambayrac";"2021-02-27 18:26:00";200;0;;200;;;200;0;0;0;"Estimées";;;;;;;""
2021;1965;"38";"38075";"Chapareillan";"2021-02-28 11:28:00";1000;0;;1000;;;1000;0;0;0;"Estimées";;"Malveillance";;;;;""
2021;9281;"06";"06038";"Châteauneuf-Grasse";"2021-02-28 11:40:00";500;;;;;;;;;;;"1";"Involontaire (particulier)";;;;;""
2021;6821;"2B";"2B184";"Olcani";"2021-02-28 12:00:00";20000;;20000;;;;;;;;;"1";"Malveillance";;;;;""
2021;6899;"04";"04097";"La Javie";"2021-02-28 15:22:00";500;;;;;;;;;;;;"Involontaire (travaux)";;;;;""
2021;10079;"2A";"2A258";"Renno";"2021-02-28 15:53:00";360;;360;;;;;;;;;;;;;;;""
2021;7119;"05";"05090";"La Motte-en-Champsaur";"2021-02-28 17:15:00";250;;;;;;;;;;;;"Malveillance";;;;;""
2021;4088;"48";"48004";"Altier";"2021-03-01 14:20:00";30000;;30000;;;;;;;;;"1";"Involontaire (travaux)";;;;;""
2021;10887;"04";"04217";"Thoard";"2021-03-01 14:41:00";7300;5900;1300;;;;;;;100;;"3";"Involontaire (travaux)";;;;;""
2021;21;"77";"77186";"Fontainebleau";"2021-03-01 15:29:00";20;20;;0;;;0;0;0;0;"Mesurées";;"Involontaire (travaux)";;;;;""
2021;3053;"24";"24055";"Bourdeilles";"2021-03-01 19:14:00";3000;3000;;0;;;0;;;;;;"Accidentelle";;;;;""
2021;7185;"2B";"2B352";"Ville-di-Paraso";"2021-03-02 07:08:00";15000;;15000;;;;;;;;;"1";"Malveillance";;;;;""
2021;7196;"2B";"2B290";"Speloncato";"2021-03-02 07:40:00";10000;2000;8000;;;;;;;;;"1";"Malveillance";;;;;""
2021;7821;"2B";"2B281";"Sisco";"2021-03-02 11:09:00";30000;;30000;;;;;;;;;"1";"Malveillance";;;;;""
2021;9292;"06";"06136";"Sospel";"2021-03-02 11:40:00";100;;;;;;;;;;;"1";"Involontaire (particulier)";;;;;""
2021;8522;"48";"48095";"Mende";"2021-03-02 12:38:00";140;140;;;;;;;;;;"4";;;;;;""
2021;10852;"2A";"2A142";"Levie";"2021-03-02 13:12:00";1;;1;;;;;;;;;;"Involontaire (particulier)";;;;;""
2021;25;"19";"19145";"Moustier-Ventadour";"2021-03-02 16:18:00";10000;10000;;0;;;0;0;0;0;"Estimées";;;;;;;""
2021;24;"46";"46297";"Salviac";"2021-03-02 17:06:00";10000;0;;10000;;;10000;0;0;0;"Estimées";;;;;;;""
2021;899;"19";"19236";"Saint-Priest-de-Gimel";"2021-03-02 17:06:00";10000;10000;;0;;;0;0;0;0;"Estimées";;;;;;;""
2021;47;"81";"81043";"Busque";"2021-03-02 17:19:00";60;0;;60;;;60;0;0;0;"Estimées";;;;;;;""
2021;7854;"2B";"2B361";"Zilia";"2021-03-02 17:33:00";10000;10000;;;;;;;;;;"3";;;;;;""
2021;3035;"24";"24443";"Saint-Léon-sur-Vézère";"2021-03-02 21:34:00";200;200;;0;;;0;;;;;;"Involontaire (travaux)";;;;;""
2021;27;"39";"39517";"Sirod";"2021-03-03 11:01:00";2;0;;2;;;2;0;0;0;"Estimées";;;;;;;""
2021;7889;"2B";"2B364";"Zuani";"2021-03-03 11:56:00";120000;35000;85000;;;;;;;;;"1";;;;;;""
2021;10853;"2A";"2A008";"Albitreccia";"2021-03-03 13:08:00";150;;150;;;;;;;;;;"Involontaire (particulier)";;;;;""
2021;7922;"2B";"2B337";"Valle-di-Rostino";"2021-03-03 14:38:00";4960;4960;;;;;;;;;;"2";"Malveillance";;;;;""
2021;827;"61";"61079";"Ceton";"2021-03-03 15:51:00";1000;1000;;0;;;0;0;0;0;"Estimées";;;;;;;""
2021;2713;"40";"40168";"Magescq";"2021-03-03 17:30:00";200;200;;0;;;0;;;0;;;;;;;;""
2021;1664;"41";"41142";"Valencisse";"2021-03-03 18:14:00";20;20;;0;;;0;0;0;0;"Estimées";;;;;;;""
2021;7955;"2B";"2B145";"Loreto-di-Casinca";"2021-03-03 19:40:00";5000;5000;;;;;;;;;;"2";"Malveillance";;;;;""
2021;5261;"13";"13007";"Auriol";"2021-03-04 08:05:00";300;300;;;;;;;;;;"1";"Accidentelle";;;;;""
2021;7966;"2B";"2B194";"Ortale";"2021-03-04 09:34:00";200;;;;;;;;;;;;;;;;;""
2021;10854;"2A";"2A189";"Olmeto";"2021-03-04 11:09:00";120;;120;;;;;;;;;;;;;;;""
2021;7988;"2B";"2B213";"Pianello";"2021-03-04 12:41:00";130000;20000;110000;;;;;;;;;"3";;;;;;""
2021;8163;"04";"04028";"Beynes";"2021-03-04 12:49:00";12300;10200;;;;;;;;2100;;"5";"Involontaire (travaux)";;;;;""
2021;8417;"07";"07210";"Saint-Andéol-de-Vals";"2021-03-04 13:04:00";300;;300;;;;;;;;;"1";"Involontaire (travaux)";;;;;""
2021;9303;"06";"06050";"Coursegoules";"2021-03-04 13:57:00";40000;;40000;;;;;;;;;"3";"Malveillance";;;;;""
2021;8022;"2B";"2B227";"Pietricaggio";"2021-03-04 17:04:00";25000;;;;;;;;;;;;;;;;;""
2021;8428;"07";"07093";"Genestelle";"2021-03-04 17:09:00";2000;;2000;;;;;;;;;"1";"Involontaire (particulier)";;;;;""
2021;2451;"64";"64256";"Hasparren";"2021-03-04 18:07:18";500;;;500;;;500;;;;;;;;;;;""
2021;1666;"41";"41221";"Saint-Léonard-en-Beauce";"2021-03-04 19:04:00";3;0;;3;;;3;0;0;0;"Estimées";;"Involontaire (particulier)";;;;;""
2021;10849;"30";"30105";"Dourbies";"2021-03-04 19:59:00";15000;;;;;;;;;;;;;;;;;""
2021;7493;"05";"05052";"Eygliers";"2021-03-04 20:09:00";350;;;;;;;;;;;;"Malveillance";;;;;""
2021;8032;"2B";"2B145";"Loreto-di-Casinca";"2021-03-05 08:17:00";25000;25000;;;;;;;;;;"2";"Malveillance";;;;;""
2021;2843;"33";"33382";"Saint-Christoly-de-Blaye";"2021-03-05 12:48:00";15000;15000;;0;;;0;;;0;;;;;;;;""
2021;1549;"72";"72195";"Mézeray";"2021-03-05 15:42:00";1000;1000;;0;;;0;0;0;0;"Estimées";;;;;;;""
2021;2100;"12";"12011";"Arvieu";"2021-03-05 17:00:00";70000;0;;70000;;;70000;0;0;0;"Estimées";;;;;;;"Données partielles ou non valides"
2021;8065;"2B";"2B246";"La Porta";"2021-03-05 17:42:00";20000;20000;;;;;;;;;;"3";"Malveillance";;;;;""
2021;8076;"2B";"2B290";"Speloncato";"2021-03-05 17:58:00";300;;;;;;;;;;;;;;;;;""
2021;10891;"83";"83078";"Moissac-Bellevue";"2021-03-06 14:31:00";250;250;;;;;;;;;;"3";"Involontaire (particulier)";;;;;""
2021;1375;"63";"63006";"Anzat-le-Luguet";"2021-03-06 14:35:00";80000;0;;40000;;;40000;40000;0;40000;"Estimées";;"Involontaire (travaux)";;;;;""
2021;1550;"72";"72346";"La Suze-sur-Sarthe";"2021-03-06 15:08:00";700;700;;0;;;0;0;0;0;"Estimées";;"Involontaire (particulier)";;;;;""
2021;316;"88";"88048";"Bellefontaine";"2021-03-06 15:36:00";2;2;;0;;;0;0;0;0;"Estimées";;;;;;;""
2021;8440;"84";"84133";"La Tour-d'Aigues";"2021-03-06 15:50:00";2900;2840;;;;;;;;60;;"4";;;;;;""
2021;317;"88";"88530";"Xertigny";"2021-03-06 17:42:00";50;0;;50;;;50;0;0;0;"Estimées";;;;;;;""
2021;318;"88";"88289";"Martigny-les-Bains";"2021-03-06 18:31:00";10000;10000;;0;;;0;0;0;0;"Estimées";;;;;;;""
2021;8086;"05";"05052";"Eygliers";"2021-03-06 19:59:00";100;;;;;;;;;;;;"Malveillance";;;;;""
2021;973;"87";"87079";"La Jonchère-Saint-Maurice";"2021-03-07 16:29:00";400;0;;400;;;400;0;0;0;"Mesurées";;;;;;;""
2021;9315;"06";"06035";"Castellar";"2021-03-08 08:52:00";700;;;;;;;;;;;"1";;;;;;""
2021;10855;"2A";"2A026";"Azilone-Ampaza";"2021-03-08 10:33:00";3000;;3000;;;;;;;;;;;;;;;""
2021;9326;"06";"06149";"La Trinité";"2021-03-08 13:56:00";500;;;;;;;;;;;"1";"Involontaire (particulier)";;;;;""
2021;3450;"86";"86082";"Valence-en-Poitou";"2021-03-08 15:46:45";400;400;;0;;;0;;;0;;;;;;;;""
2021;8274;"04";"04040";"Le Castellard-Mélan";"2021-03-08 17:40:00";21000;10800;9700;;;;;;;500;;"3";"Involontaire (travaux)";;;;;""
2021;37;"39";"39269";"Jeurre";"2021-03-09 13:36:00";900;0;;900;;;900;0;0;0;"Estimées";;"Accidentelle";;;;;""
2021;1294;"45";"45194";"Mardié";"2021-03-09 14:02:00";250;0;;250;;;250;0;0;0;"Estimées";;;;;;;""
2021;1968;"38";"38399";"Saint-Jean-de-Bournay";"2021-03-09 15:01:00";3000;0;;3000;;;3000;0;0;0;"Estimées";;;;;;;""
2021;212;"23";"23247";"Saint-Vaury";"2021-03-09 15:51:00";8000;8000;;0;;;0;0;0;0;"Estimées";;;;;;;""
2021;2099;"12";"12215";"Saint-Christophe-Vallon";"2021-03-09 17:00:00";60000;60000;;0;;;0;0;0;0;"Estimées";;;;;;;"Données partielles ou non valides"
2021;974;"87";"87009";"Beaumont-du-Lac";"2021-03-09 17:04:00";5000;0;;5000;;;5000;0;0;0;"Mesurées";;"Involontaire (travaux)";;;;;""
2021;3453;"86";"86082";"Valence-en-Poitou";"2021-03-09 18:20:07";10000;10000;;0;;;0;;;0;;;;;;;;""
2021;3800;"07";"07286";"Saint-Pierreville";"2021-03-09 18:39:00";10000;10000;;;;;;;;;;"3";"Involontaire (travaux)";;;;;""
2021;10848;"30";"30081";"Chusclan";"2021-03-10 11:38:00";5000;;;;;;;;;;;;;;;;;""
2021;9226;"30";"30035";"Belvézet";"2021-03-10 14:09:00";10000;;;;;;;;;;;;;;;;;""
2021;2458;"64";"64140";"Boucau";"2021-03-10 16:25:40";10;10;;;;;;;;;;;;;;;;""
2021;1551;"72";"72089";"Conlie";"2021-03-10 17:10:00";2000;2000;;0;;;0;0;0;0;"Estimées";;;;;;;""
2021;1969;"38";"38374";"Saint-Chef";"2021-03-10 17:20:00";200;0;;200;;;200;0;0;0;"Estimées";;;;;;;""
2021;57;"15";"15127";"Molompize";"2021-03-10 17:52:00";50;50;;0;;;0;0;0;0;"Mesurées";;"Involontaire (travaux)";;;;;""
2021;6081;"11";"11351";"Saint-Laurent-de-la-Cabrerisse";"2021-03-10 17:52:00";150;;;;;;;;;;;;;;;;;""
2021;8627;"05";"05017";"La Bâtie-Neuve";"2021-03-10 19:10:00";41500;8500;33000;;;;;;;;;"5";"Involontaire (travaux)";;;;;""
2021;10396;"34";"34178";"Murviel-lès-Béziers";"2021-03-11 14:15:00";54906;;54906;;;;;;;;;"1";"Malveillance";;;;;""
2021;8584;"04";"04242";"Villeneuve";"2021-03-11 14:15:00";4100;4100;;;;;;;;;;"3";"Involontaire (travaux)";;;;;""
2021;6083;"11";"11273";"Paraza";"2021-03-11 14:26:00";26200;;;;;;;;;;;;;;;;;""
2021;8594;"04";"04112";"Manosque";"2021-03-11 15:00:00";1000;;;;;;;;;;;;"Involontaire (particulier)";;;;;""
2021;2459;"64";"64188";"Chéraute";"2021-03-11 15:44:09";35000;15000;;;;;;;;20000;;;"Involontaire (travaux)";;;;;""
2021;5394;"66";"66138";"Peyrestortes";"2021-03-11 17:07:00";5000;;5000;;;;;;;;;"1";;;;;;""
2021;5395;"66";"66190";"Salses-le-Château";"2021-03-12 13:59:00";15000;;15000;;;;;;;;;"1";"Malveillance";;;;;""
2021;2718;"40";"40307";"Sore";"2021-03-13 10:52:00";2;2;;0;;;0;;;0;;;"Involontaire (particulier)";;;;;""
2021;9337;"06";"06050";"Coursegoules";"2021-03-13 11:13:00";8000;;8000;;;;;;;;;"1";"Involontaire (travaux)";;;;;""
2021;9359;"06";"06133";"Sauze";"2021-03-13 11:50:00";15000;;;;;;;;;;;"1";"Involontaire (particulier)";;;;;""
2021;5397;"66";"66136";"Perpignan";"2021-03-13 14:55:00";5000;;5000;;;;;;;;;"2";"Involontaire (travaux)";;;;;""
2021;1970;"38";"38347";"Roybon";"2021-03-13 16:10:00";400;0;;400;;;400;0;0;0;"Estimées";;;;;;;""
2021;1971;"38";"38560";"Val-de-Virieu";"2021-03-13 16:34:00";10;0;;10;;;10;0;0;0;"Mesurées";;;;;;;""
2021;10994;"34";"34144";"Lunas";"2021-03-13 17:25:00";77012;;77012;;;;;;;;;"1";"Involontaire (travaux)";;;;;""
2021;8772;"2B";"2B235";"Pioggiola";"2021-03-13 17:35:00";100000;0;100000;;;;;;;;;"1";"Malveillance";;;;;""
2021;10452;"34";"34189";"Olonzac";"2021-03-14 01:27:00";1163;;1163;;;;;;;;;"1";"Malveillance";;;;;""
2021;8783;"2B";"2B333";"Vallecalle";"2021-03-14 08:28:00";170000;15000;150000;;;;;;;5000;;"1";"Malveillance";;;;;""
2021;8794;"2B";"2B208";"Perelli";"2021-03-14 09:52:00";15000;;;;;;;;;;;;;;;;;""
2021;8760;"05";"05067";;"2021-03-14 10:26:00";5;;;;;;;;;;;;;;;;;""
2021;9348;"06";"06074";"Lantosque";"2021-03-14 12:04:00";1000;;;;;;;;;;;"5";;;;;;""
2021;9481;"04";"04136";"La Mure-Argens";"2021-03-14 12:16:00";15300;15300;;;;;;;;;;"4";"Involontaire (particulier)";;;;;""
2021;8805;"2B";"2B355";"Volpajola";"2021-03-14 13:26:00";1000;;;;;;;;;;;;;;;;;""
2021;9248;"2B";"2B311";"Santa-Maria-Poggio";"2021-03-14 13:32:00";5000;;;;;;;;;;;;;;;;;""
2021;10909;"83";"83035";"Le Castellet";"2021-03-14 14:08:00";400;400;;;;;;;;;;"6";"Involontaire (particulier)";;;;;""
2021;8816;"2B";"2B145";"Loreto-di-Casinca";"2021-03-14 14:25:00";200;;;;;;;;;;;;;;;;;""
2021;10910;"83";"83099";"Puget-sur-Argens";"2021-03-14 15:35:00";2685;2685;;;;;;;;;;"4";"Involontaire (travaux)";;;;;""
2021;9370;"06";"06049";"Courmes";"2021-03-14 17:23:00";36000;6000;30000;;;;;;;;;"1";"Malveillance";;;;;""
2021;9381;"06";"06024";"Briançonnet";"2021-03-15 02:29:00";42500;2500;40000;;;;;;;;;"1";;;;;;""
2021;5262;"13";"13023";"Ceyreste";"2021-03-15 13:20:00";400;;;;;;;;;;;"1";"Involontaire (travaux)";;;;;""
2021;10911;"83";"83007";"Aups";"2021-03-15 14:27:00";4000;4000;;;;;;;;;;"4";"Accidentelle";;;;;""
2021;9437;"2B";"2B246";"La Porta";"2021-03-15 19:34:00";2000;;;;;;;;;;;;;;;;;""
2021;9459;"06";"06017";"Bézaudun-les-Alpes";"2021-03-15 20:33:00";2500;;;;;;;;;;;"1";"Malveillance";;;;;""
2021;10914;"83";"83113";"Saint-Julien";"2021-03-16 11:03:00";5000;5000;;;;;;;;;;"5";"Involontaire (particulier)";;;;;""
2021;9470;"06";"06049";"Courmes";"2021-03-16 11:25:00";7200;;7200;;;;;;;;;"1";"Involontaire (travaux)";;;;;""
2021;10856;"2A";"2A099";"Cozzano";"2021-03-16 14:19:00";2000;;2000;;;;;;;;;;;;;;;""
2021;5265;"13";"13098";"Saint-Mitre-les-Remparts";"2021-03-16 14:29:00";10;10;;;;;;;;;;"1";;;;;;""
2021;9935;"30";"30198";"Les Plantiers";"2021-03-16 14:51:00";5000;;;;;;;;;;;;;;;;;""
2021;9492;"06";"06051";"La Croix-sur-Roudoule";"2021-03-16 15:04:00";12000;;12000;;;;;;;;;"1";;;;;;""
2021;4109;"84";"84008";"Le Barroux";"2021-03-16 15:08:00";10;10;;;;;;;;;;;;;;;;""
2021;6084;"11";"11077";"Castelnau-d'Aude";"2021-03-16 15:27:00";16700;;;;;;;;;;;;;;;;;""
2021;10857;"2A";"2A006";"Alata";"2021-03-16 15:30:00";100;;100;;;;;;;;;;;;;;;""
2021;1672;"41";"41295";"Vineuil";"2021-03-16 15:46:00";2;0;;2;;;2;0;0;0;"Estimées";;;;;;;""
2021;5263;"13";"13044";"Grans";"2021-03-16 16:04:00";400;400;;;;;;;;;;"1";"Involontaire (particulier)";;;;;""
2021;5264;"13";"13034";"Eygalières";"2021-03-16 16:10:00";4000;4000;;;;;;;;;;"1";"Involontaire (particulier)";;;;;""
2021;9759;"2B";"2B246";"La Porta";"2021-03-16 16:21:00";20000;;;;;;;;;;;;;;;;;""
2021;10858;"2A";"2A142";"Levie";"2021-03-16 17:07:00";200;;200;;;;;;;;;;;;;;;""
2021;9770;"2B";"2B208";"Perelli";"2021-03-16 19:04:00";3000;;;;;;;;;;;;;;;;;""
2021;5267;"13";"13059";"Meyrargues";"2021-03-17 05:00:00";400;400;;;;;;;;;;"1";;;;;;""
2021;9559;"30";"30116";"Fournès";"2021-03-17 10:20:00";60000;;60000;;;;;;;;;"1";;;;;;""
2021;3454;"86";"86153";"Mazerolles";"2021-03-17 10:48:33";200;200;;0;;;0;;;0;;;;;;;;""
2021;9781;"2B";"2B356";"Zalana";"2021-03-17 12:22:00";30000;;;;;;;;;;;;;;;;;""
2021;6085;"11";"11151";"Fontiès-d'Aude";"2021-03-17 12:45:00";5000;;;;;;;;;;;;;;;;;""
2021;2804;"33";"33236";"Lège-Cap-Ferret";"2021-03-17 14:11:00";100;100;;0;;;0;;;0;;;;;;;;""
2021;5398;"66";"66127";"Opoul-Périllos";"2021-03-17 14:31:00";15000;;15000;;;;;;;;;"1";"Accidentelle";;;;;""
2021;9803;"2B";"2B302";"San-Giovanni-di-Moriani";"2021-03-17 14:36:00";30000;;;;;;;;;;;;;;;;;""
2021;2749;"40";"40028";"Bastennes";"2021-03-17 15:22:00";10000;10000;;0;;;0;;;0;;;;;;;;""
2021;9825;"2B";"2B350";"Vignale";"2021-03-17 15:33:00";3000;;;;;;;;;;;;;;;;;""
2021;10144;"84";"84076";"Mirabeau";"2021-03-17 16:44:00";300;;;;;;;;;;;;;;;;;""
2021;9537;"30";"30130";"Génolhac";"2021-03-17 17:21:00";2000;;;;;;;;;;;;;;;;;""
2021;410;"17";"17055";"Boscamnant";"2021-03-17 17:55:00";20000;20000;;0;;;0;0;0;0;"Mesurées";;"Accidentelle";;;;;""
2021;3594;"34";"34281";"Saint-Pargoire";"2021-03-17 18:28:00";44112;;44112;;;;;;;;;"1";"Involontaire (travaux)";;;;;""
2021;1674;"41";"41295";"Vineuil";"2021-03-17 18:36:00";1;0;;1;;;1;0;0;0;"Estimées";;;;;;;""
2021;9548;"30";"30086";"Collorgues";"2021-03-17 18:49:00";2000;;;;;;;;;;;;;;;;;""
2021;1675;"41";"41295";"Vineuil";"2021-03-17 20:13:00";200;0;;200;;;200;0;0;0;"Estimées";;;;;;;""
2021;3455;"86";"86227";"Saint-Laon";"2021-03-17 20:16:43";200;50;;0;;;0;;;150;;;"Accidentelle";;;;;""
2021;9946;"30";"30067";"La Capelle-et-Masmolène";"2021-03-18 12:14:00";4000;;;;;;;;;;;;;;;;;""
2021;10124;"04";"04070";"Digne-les-Bains";"2021-03-18 13:37:00";31700;31700;;;;;;;;;;"3";"Involontaire (particulier)";;;;;""
2021;2746;"40";"40311";"Taller";"2021-03-18 13:48:00";8000;8000;;0;;;0;;;0;;;;;;;;""
2021;6086;"11";"11351";"Saint-Laurent-de-la-Cabrerisse";"2021-03-18 16:59:00";16100;;;;;;;;;;;;;;;;;""
2021;6087;"11";"11255";"Montredon-des-Corbières";"2021-03-18 21:04:00";600;;;;;;;;;;;;;;;;;""
2021;10134;"05";"05031";"Champcella";"2021-03-20 11:52:00";4000;;;;;;;;;;;;;;;;;""
2021;10764;"30";"30188";"Ners";"2021-03-20 12:44:00";3000;;;;;;;;;;;;;;;;;""
2021;1678;"41";"41187";"Renay";"2021-03-20 13:39:00";3;0;;3;;;3;0;0;0;"Estimées";;"Accidentelle";;;;;""
2021;323;"88";"88413";"Saint-Dié-des-Vosges";"2021-03-20 14:12:00";1;1;;0;;;0;0;0;0;"Estimées";;;;;;;""
2021;2684;"40";"40111";"Geloux";"2021-03-20 14:22:00";20000;20000;;0;;;0;;;0;;;;;;;;""
2021;3609;"34";"34344";"La Grande-Motte";"2021-03-20 14:24:00";321;321;;;;;;;;;;"4";"Involontaire (particulier)";;;;;""
2021;10736;"2B";"2B167";"Montegrosso";"2021-03-20 15:39:00";5000;;;;;;;;;;;;;;;;;""
2021;10671;"34";"34226";"Quarante";"2021-03-20 15:45:00";10300;;;;;;;;;;;;"Malveillance";;;;;""
2021;3599;"34";"34092";"Cruzy";"2021-03-20 16:09:00";7298;;7298;;;;;;;;;"1";"Malveillance";;;;;""
2021;3954;"07";"07122";"Lachapelle-sous-Aubenas";"2021-03-20 16:21:00";100;;100;;;;;;;;;"4";;;;;;""
2021;1889;"38";"38247";"Montalieu-Vercieu";"2021-03-20 16:37:00";2500;0;;2500;;;2500;0;0;0;"Estimées";;"Malveillance";;;;;""
2021;2848;"33";"33284";"Mios";"2021-03-20 17:30:00";400;400;;0;;;0;;;0;;;"Accidentelle";;;;;""
2021;3955;"07";"07058";"Chassiers";"2021-03-20 17:34:00";100;;100;;;;;;;;;"1";;;;;;""
2021;10792;"06";"06017";"Bézaudun-les-Alpes";"2021-03-20 20:08:00";5000;;;;;;;;;;;"1";"Malveillance";;;;;""
2021;5399;"66";"66127";"Opoul-Périllos";"2021-03-20 20:45:00";30000;;30000;;;;;;;;;"1";;;;;;""
2021;5270;"13";"13097";"Saint-Martin-de-Crau";"2021-03-20 21:54:00";40;40;;;;;;;;;;"1";"Involontaire (particulier)";;;;;""
2021;10763;"30";"30239";"Sainte-Cécile-d'Andorge";"2021-03-20 23:06:00";1000;;;;;;;;;;;;;;;;;""
2021;3602;"34";"34214";"Pouzolles";"2021-03-21 10:04:00";216018;;216018;;;;;;;;;"1";"Involontaire (travaux)";;;;;""
2021;10220;"84";"84142";"Velleron";"2021-03-21 10:11:00";160;160;;;;;;;;;;;"Involontaire (travaux)";;;;;""
2021;5400;"66";"66019";"Bélesta";"2021-03-21 12:21:00";3000;;3000;;;;;;;;;"1";"Accidentelle";;;;;""
2021;2689;"40";"40197";"Morcenx-la-Nouvelle";"2021-03-21 14:13:00";500;500;;0;;;0;;;0;;;;;;;;""
2021;45;"37";"37124";"Larçay";"2021-03-21 15:36:00";18000;0;;18000;;;18000;0;0;0;"Mesurées";;;;;;;""
2021;1891;"38";"38382";"Saint-Égrève";"2021-03-21 15:50:00";100;0;;100;;;100;0;0;0;"Estimées";;"Involontaire (particulier)";;;;;""
2021;10765;"30";"30189";"Nîmes";"2021-03-21 15:56:00";800;;;;;;;;;;;;;;;;;""
2021;10762;"30";"30350";"Le Vigan";"2021-03-21 17:18:00";500;;;;;;;;;;;;;;;;;""
2021;5401;"66";"66212";"Torreilles";"2021-03-21 18:46:00";10000;;10000;;;;;;;;;"1";"Malveillance";;;;;""
2021;3625;"34";"34268";"Saint-Jean-de-la-Blaquière";"2021-03-21 20:32:00";2311;;2311;;;;;;;;;"1";"Malveillance";;;;;""
2021;5402;"66";"66069";"Espira-de-l'Agly";"2021-03-22 00:46:00";10000;5000;5000;;;;;;;;;"4";"Accidentelle";;;;;""
2021;5272;"13";"13001";"Aix-en-Provence";"2021-03-22 05:19:00";20;20;;;;;;;;;;"1";"Accidentelle";;;;;""
2021;3664;"34";"34016";"Aumelas";"2021-03-22 14:21:00";2453;;2453;;;;;;;;;"1";"Malveillance";;;;;""
2021;2463;"64";"64102";"Bayonne";"2021-03-22 15:18:26";2;2;;;;;;;;;;;"Malveillance";;;;;""
2021;2849;"33";"33529";"La Teste-de-Buch";"2021-03-22 15:57:00";1000;1000;;0;;;0;;;0;;;;;;;;""
2021;5403;"66";"66156";"Rabouillet";"2021-03-22 17:02:00";2000;2000;;;;;;;;;;"2";"Malveillance";;;;;""
2021;10990;"2B";"2B049";"Calenzana";"2021-03-22 17:35:00";3000;;;;;;;;;;;;;;;;;""
2021;10840;"30";"30194";"Peyremale";"2021-03-23 10:07:00";30000;;;;;;;;;;;;;;;;;""
2021;6088;"11";"11390";"Thézan-des-Corbières";"2021-03-23 13:16:00";70;;;;;;;;;;;;;;;;;""
2021;10882;"04";"04209";"Sisteron";"2021-03-23 13:59:00";100;;;;;;;;;;;;"Accidentelle";;;;;""
2021;6089;"11";"11203";"Lézignan-Corbières";"2021-03-23 14:38:00";29500;;;;;;;;;;;;;;;;;""
2021;901;"19";"19203";"Sainte-Fortunade";"2021-03-23 15:48:00";2000;2000;;0;;;0;0;0;0;"Estimées";;;;;;;""
2021;49;"81";"81105";"Graulhet";"2021-03-23 15:49:00";5000;0;;5000;;;5000;0;0;0;"Estimées";;;;;;;""
2021;3669;"34";"34304";"Soubès";"2021-03-23 17:28:00";1522;;1522;;;;;;;;;"1";"Malveillance";;;;;""
2021;6090;"11";"11077";"Castelnau-d'Aude";"2021-03-23 17:35:00";61434;;61434;;;;;;;;;;;;;;;""
2021;4648;"2A";"2A017";"Appietto";"2021-03-23 18:01:00";700;;500;;;;;;;200;;"1";;;;;;""
2021;10884;"04";"04152";"Pierrevert";"2021-03-23 18:12:00";700;700;;;;;;;;;;;"Involontaire (particulier)";;;;;""
2021;10885;"04";"04209";"Sisteron";"2021-03-24 09:36:00";20;;;;;;;;;;;;"Involontaire (particulier)";;;;;""
2021;3959;"07";"07284";"Saint-Pierre-Saint-Jean";"2021-03-24 09:40:00";2000;0;2000;;;;;;;;;"1";"Involontaire (particulier)";;;;;""
2021;3568;"04";"04152";"Pierrevert";"2021-03-24 10:34:00";330;;;;;;;;;;;;"Accidentelle";;;;;""
2021;10879;"30";"30332";"Trèves";"2021-03-24 11:51:00";100;;;;;;;;;;;;;;;;;""
2021;3674;"34";"34040";"Brenas";"2021-03-24 12:36:00";97834;;97834;;;;;;;;;"1";"Involontaire (travaux)";;;;;""
2021;3675;"34";"34144";"Lunas";"2021-03-24 12:52:00";8065;8065;;;;;;;;;;"3";"Involontaire (travaux)";;;;;""
2021;3960;"07";"07184";"Pranles";"2021-03-24 12:59:00";18000;18000;;;;;;;;;;"5";"Involontaire (particulier)";;;;;""
2021;2097;"12";"12208";"Saint-Affrique";"2021-03-24 14:00:00";10000;0;;10000;;;10000;0;0;0;"Estimées";;;;;;;"Données partielles ou non valides"
2021;1552;"72";"72024";"La Bazoge";"2021-03-24 14:14:00";10000;10000;;0;;;0;0;0;0;"Estimées";;;;;;;""
2021;4649;"2A";"2A359";"Zicavo";"2021-03-24 15:06:00";50;;50;;;;;;;;;;"Involontaire (particulier)";;;;;""
2021;10888;"04";"04242";"Villeneuve";"2021-03-24 15:15:00";1200;1200;;;;;;;;;;"4";"Involontaire (particulier)";;;;;""
2021;6091;"11";"11190";"La Redorte";"2021-03-24 15:21:00";500;;;;;;;;;;;;;;;;;""
2021;78;"46";"46281";"Saint-Médard-de-Presque";"2021-03-24 15:50:00";200;0;;200;;;200;0;0;0;"Estimées";;;;;;;""
2021;10996;"2B";"2B167";"Montegrosso";"2021-03-24 16:08:00";1000;;;;;;;;;;;;;;;;;""
2021;123;"37";"37133";"Loché-sur-Indrois";"2021-03-24 16:54:00";5000;0;;5000;;;5000;0;0;0;"Estimées";;;;;;;""
2021;11000;"2B";"2B290";"Speloncato";"2021-03-24 17:15:00";8000;;;;;;;;;;;;;;;;;""
2021;11001;"2B";"2B299";"San-Gavino-d'Ampugnani";"2021-03-24 17:29:00";1000;;;;;;;;;;;;;;;;;""
2021;411;"17";"17240";"Montendre";"2021-03-24 17:36:00";15;15;;0;;;0;0;0;0;"Mesurées";;;;;;;""
2021;902;"19";"19211";"Saint-Hilaire-Peyroux";"2021-03-24 17:38:00";100;0;;100;;;100;0;0;0;"Estimées";;;;;;;""
2021;412;"17";"17077";"Cercoux";"2021-03-24 18:05:00";1000;1000;;0;;;0;0;0;0;"Mesurées";;;;;;;""
2021;413;"17";"17110";"Clérac";"2021-03-24 18:42:00";10000;10000;;0;;;0;0;0;0;"Mesurées";;"Involontaire (travaux)";;;;;""
2021;11008;"2B";"2B280";"Silvareccio";"2021-03-25 12:06:00";40000;;;;;;;;;;;;;;;;;""
2021;4650;"2A";"2A323";"Tavaco";"2021-03-25 12:28:00";200;;200;;;;;;;;;;;;;;;""
2021;2096;"12";"12082";"La Couvertoirade";"2021-03-25 14:00:00";10000;0;;10000;;;10000;0;0;0;"Estimées";;;;;;;"Données partielles ou non valides"
2021;10967;"83";"83102";"Régusse";"2021-03-25 14:01:00";1690;1690;;;;;;;;;;"4";"Involontaire (particulier)";;;;;""
2021;1892;"38";"38231";"Meyrieu-les-Étangs";"2021-03-25 14:04:00";500;0;;500;;;500;0;0;0;"Estimées";;;;;;;""
2021;5275;"13";"13097";"Saint-Martin-de-Crau";"2021-03-25 14:46:00";5;5;;;;;;;;;;"1";"Involontaire (particulier)";;;;;""
2021;3818;"26";"26373";"Vesc";"2021-03-25 14:48:00";6000;;;;;;;;;;;"3";;;;;;""
2021;1893;"38";"38085";"Charvieu-Chavagneux";"2021-03-25 16:14:00";1500;0;;1500;;;1500;0;0;0;"Estimées";;;;;;;""
2021;5273;"13";"13007";"Auriol";"2021-03-25 17:27:00";1000;1000;;;;;;;;;;"1";;;;;;""
2021;1975;"38";"38059";"Brié-et-Angonnes";"2021-03-25 17:49:00";50;0;;50;;;50;0;0;0;"Estimées";;;;;;;""
2021;2730;"40";"40320";"Uchacq-et-Parentis";"2021-03-25 19:05:00";2000;2000;;0;;;0;;;0;;;"Accidentelle";;;;;""
2021;10934;"30";"30325";"Sumène";"2021-03-25 19:34:00";10000;;;;;;;;;;;;;;;;;""
2021;3962;"07";"07253";"Saint-Julien-du-Gua";"2021-03-25 20:17:00";10000;8000;2000;;;;;;;;;"3";;;;;;""
2021;10218;"34";"34092";"Cruzy";"2021-03-26 10:48:00";148;;;;;;;;;;;;;;;;;""
2021;3766;"05";"05141";;"2021-03-26 14:12:00";1200;1200;;;;;;;;;;"3";"Malveillance";;;;;""
2021;124;"37";"37018";"Ballan-Miré";"2021-03-26 14:49:00";400;0;;400;;;400;0;0;0;"Estimées";;;;;;;""
2021;6092;"11";"11386";"Talairan";"2021-03-26 15:11:00";10070;;;;;;;;;;;;;;;;;""
2021;10954;"05";"05020";;"2021-03-26 15:57:00";500;90;410;;;;;;;;;"4";"Malveillance";;;;;""
2021;2186;"47";"47234";"Saint-Caprais-de-Lerm";"2021-03-26 16:30:14";60;60;;0;;;0;;;0;;;"Involontaire (particulier)";;;;;""
2021;414;"17";"17386";"Saint-Pierre-du-Palais";"2021-03-26 16:55:00";10000;10000;;0;;;0;0;0;0;"Mesurées";;;;;;;""
2021;3534;"2B";"2B355";"Volpajola";"2021-03-26 17:20:00";2000;;;;;;;;;;;;;;;;;""
2021;1894;"38";"38075";"Chapareillan";"2021-03-26 17:48:00";3500;0;;3500;;;3500;0;0;0;"Estimées";;;;;;;""
2021;3067;"09";"09322";"Ustou";"2021-03-26 18:05:00";500;0;;500;;;500;0;0;0;"Mesurées";;;;;;;""
2021;6094;"11";"11351";"Saint-Laurent-de-la-Cabrerisse";"2021-03-26 19:00:00";250;;;;;;;;;;;;;;;;;""
2021;325;"88";"88293";"Maxey-sur-Meuse";"2021-03-26 19:16:00";1;0;;1;;;1;0;0;0;"Estimées";;;;;;;""
2021;1976;"38";"38176";"Frontonas";"2021-03-27 10:28:00";20;0;;20;;;20;0;0;0;"Estimées";;;;;;;""
2021;5411;"66";"66205";"Tautavel";"2021-03-27 11:03:00";10000;;10000;;;;;;;;;"1";;;;;;""
2021;3542;"2B";"2B281";"Sisco";"2021-03-27 11:47:00";500;;;;;;;;;;;;;;;;;""
2021;3536;"2B";"2B096";"Corte";"2021-03-27 14:54:00";123000;123000;;;;;;;;;;"4";;;;;;""
2021;1680;"41";"41104";"Huisseau-sur-Cosson";"2021-03-27 15:02:00";10000;0;;10000;;;10000;0;0;0;"Estimées";;;;;;;""
2021;2740;"40";"40192";"Mont-de-Marsan";"2021-03-27 15:18:00";300;300;;0;;;0;;;0;;;;;;;;""
2021;5277;"13";"13001";"Aix-en-Provence";"2021-03-27 15:48:00";100;100;;;;;;;;;;"1";"Malveillance";;;;;""
2021;3539;"2B";"2B235";"Pioggiola";"2021-03-27 15:54:00";2000;;;;;;;;;;;;;;;;;""
2021;10749;"48";"48194";"Vialas";"2021-03-27 16:22:00";1200;1200;;;;;;;;;;"5";"Involontaire (particulier)";;;;;""
2021;10395;"13";"13001";"Aix-en-Provence";"2021-03-27 16:41:00";500;500;;;;;;;;;;"1";"Accidentelle";;;;;""
2021;3540;"2B";"2B113";"Ficaja";"2021-03-27 16:49:00";12000;;;;;;;;;;;;;;;;;""
2021;3541;"2B";"2B255";"Quercitello";"2021-03-27 17:11:00";1000;;;;;;;;;;;;;;;;;""
2021;5278;"13";"13001";"Aix-en-Provence";"2021-03-27 17:25:00";20;20;;;;;;;;;;"1";"Malveillance";;;;;""
2021;3037;"24";"24488";"Saint-Pompont";"2021-03-27 17:35:00";10000;10000;;0;;;0;;;;;;;;;;;""
2021;5276;"13";"13103";"Salon-de-Provence";"2021-03-27 18:18:00";200;200;;;;;;;;;;"1";;;;;;""
2021;104;"77";"77186";"Fontainebleau";"2021-03-28 09:10:00";10;10;;0;;;0;0;0;0;"Mesurées";;"Involontaire (particulier)";;;;;""
2021;3054;"24";"24006";"Allas-les-Mines";"2021-03-28 11:29:00";5000;5000;;0;;;0;;;;;;"Accidentelle";;;;;""
2021;8527;"48";"48155";"Saint-Germain-de-Calberte";"2021-03-28 11:40:00";70;70;;;;;;;;;;"2";"Involontaire (particulier)";;;;;""
2021;1388;"45";"45049";"Bouzy-la-Forêt";"2021-03-28 15:37:00";5000;5000;;0;;;0;0;0;0;"Estimées";;"Involontaire (particulier)";;;;;""
2021;387;"15";"15217";"Saint-Victor";"2021-03-28 15:42:00";7500;7500;;0;;;0;0;0;0;"Mesurées";;"Accidentelle";;;;;""
2021;6095;"11";"11292";"La Pomarède";"2021-03-28 15:42:00";2000;;;;;;;;;;;;;;;;;""
2021;4102;"48";"48004";"Altier";"2021-03-28 15:54:00";30000;;30000;;;;;;;;;"1";"Involontaire (travaux)";;;;;""
2021;326;"88";"88294";"Mazeley";"2021-03-28 16:05:00";10;0;;10;;;10;0;0;0;"Estimées";;;;;;;""
2021;3580;"04";"04161";"Méolans-Revel";"2021-03-28 16:24:00";1000;;;;;;;;;;;;"Involontaire (particulier)";;;;;""
2021;4096;"48";"48144";"Sainte-Croix-Vallée-Française";"2021-03-28 17:56:00";21500;21500;;;;;;;;;;"4";;;;;;""
2021;5279;"13";"13065";"Mouriès";"2021-03-28 18:05:00";1000;1000;;;;;;;;;;"1";"Malveillance";;;;;""
2021;148;"85";"85109";"Les Herbiers";"2021-03-28 18:08:00";10;0;;10;;;10;0;0;0;"Estimées";;;;;;;""
2021;4651;"2A";"2A271";"Sarrola-Carcopino";"2021-03-28 18:16:00";100;;100;;;;;;;;;;"Involontaire (particulier)";;;;;""
2021;1977;"38";"38187";"Le Gua";"2021-03-28 18:56:00";10;0;;10;;;10;0;0;0;"Estimées";;;;;;;""
2021;2857;"33";"33473";"Saint-Savin";"2021-03-28 18:59:00";6991;3491;;0;;;0;;;3500;;;;;;;;""
2021;4095;"48";"48178";"Saint-Privat-de-Vallongue";"2021-03-28 19:40:00";1300;1200;100;;;;;;;;;"1";;;;;;""
2021;10962;"30";"30028";"Bagnols-sur-Cèze";"2021-03-28 20:06:00";2500;;;;;;;;;;;;;;;;;""
2021;4653;"2A";"2A258";"Renno";"2021-03-28 20:53:00";10925;3000;7925;;;;;;;;;"1";"Involontaire (travaux)";;;;;""
2021;4114;"48";"48116";"Pont de Montvert - Sud Mont Lozère";"2021-03-29 11:24:00";1000;;1000;;;;;;;;;"1";"Involontaire (particulier)";;;;;""
2021;4654;"2A";"2A362";"Zonza";"2021-03-29 11:26:00";100;;100;;;;;;;;;;;;;;;""
2021;3743;"34";"34341";"Villeveyrac";"2021-03-29 11:52:00";221628;;221628;;;;;;;;;"1";"Involontaire (travaux)";;;;;""
2021;3645;"83";"83056";"Figanières";"2021-03-29 11:57:00";1500;1500;;;;;;;;;;"3";"Involontaire (travaux)";;;;;""
2021;105;"39";"39021";"La Chailleuse";"2021-03-29 12:14:00";500;500;;0;;;0;0;0;0;"Estimées";;"Accidentelle";;;;;""
2021;6195;"11";"11157";"Fraissé-des-Corbières";"2021-03-29 12:43:00";23400;;;;;;;;;;;;;;;;;""
2021;4124;"48";"48015";"Pied-de-Borne";"2021-03-29 12:57:00";600;;600;;;;;;;;;"1";"Involontaire (travaux)";;;;;""
2021;722;"82";"82027";"Campsas";"2021-03-29 13:56:00";400;0;;400;;;400;0;0;0;"Estimées";;;;;;;""
2021;3737;"34";"34045";"Cabrières";"2021-03-29 14:14:00";16956;;16956;;;;;;;;;"1";"Involontaire (travaux)";;;;;""
2021;466;"15";"15120";"Mauriac";"2021-03-29 14:17:00";2500;0;;2500;;;2500;0;0;0;"Estimées";;;;;;;""
2021;5412;"66";"66066";"Enveitg";"2021-03-29 14:29:00";3000;1000;2000;;;;;;;;;"4";"Involontaire (travaux)";;;;;""
2021;3652;"83";"83030";"Camps-la-Source";"2021-03-29 14:30:00";1500;1500;;;;;;;;;;"3";"Involontaire (particulier)";;;;;""
2021;5413;"66";"66124";"Font-Romeu-Odeillo-Via";"2021-03-29 14:48:00";3000;500;2500;;;;;;;;;"3";"Malveillance";;;;;""
2021;1895;"38";"38361";"Saint-Arey";"2021-03-29 14:53:00";2000;0;;2000;;;2000;0;0;0;"Estimées";;;;;;;""
2021;3970;"07";"07267";"Saint-Martial";"2021-03-29 14:59:00";40000;10000;30000;;;;;;;;;"3";"Involontaire (particulier)";;;;;""
2021;2732;"40";"40217";"Parentis-en-Born";"2021-03-29 15:26:00";5;5;;0;;;0;;;0;;;;;;;;""
2021;71;"54";"54292";"Lamath";"2021-03-29 15:41:00";10000;10000;;0;;;0;0;0;0;"Estimées";;;;;;;""
2021;3575;"30";"30153";"Malons-et-Elze";"2021-03-29 16:07:00";57685;27085;30600;;;;;;;;;"5";;;;;;""
2021;3447;"41";"41154";"Morée";"2021-03-29 16:46:00";5000;0;;5000;;;5000;0;0;0;"Estimées";;;;;;;""
2021;1681;"41";"41154";"Morée";"2021-03-29 16:46:00";5000;0;;5000;;;5000;0;0;0;"Estimées";;;;;;;""
2021;407;"01";"01233";"Marchamp";"2021-03-29 16:48:00";10000;10000;;0;;;0;0;0;0;"Estimées";;;;;;;""
2021;2095;"12";"12067";"Le Clapier";"2021-03-29 17:00:00";100000;0;;100000;;;100000;0;0;0;"Estimées";;;;;;;"Données partielles ou non valides"
2021;975;"87";"87153";"Saint-Julien-le-Petit";"2021-03-29 17:56:00";10000;0;;10000;;;10000;0;0;0;"Mesurées";;;;;;;""
2021;1389;"45";"45347";"Vrigny";"2021-03-29 17:56:00";5;0;;5;;;5;0;0;0;"Estimées";;"Involontaire (particulier)";;;;;""
2021;2478;"64";"64256";"Hasparren";"2021-03-29 22:02:09";20000;;;20000;;;20000;;;;;;;;;;;""
2021;3750;"34";"34268";"Saint-Jean-de-la-Blaquière";"2021-03-29 22:05:00";977;;977;;;;;;;;;"1";"Malveillance";;;;;""
2021;2479;"64";"64256";"Hasparren";"2021-03-30 02:00:31";1;;;1;;;1;;;;;;;;;;;""
2021;3783;"2B";"2B286";"Sorbo-Ocagnano";"2021-03-30 04:49:00";5000;;;;;;;;;;;;;;;;;""
2021;2481;"64";"64213";"Espelette";"2021-03-30 09:16:49";3;;;3;;;3;;;;;;;;;;;""
2021;3918;"06";"06023";"Breil-sur-Roya";"2021-03-30 11:26:00";2000;;;;;;;;;;;"1";"Involontaire (particulier)";;;;;""
2021;72;"81";"81010";"Ambialet";"2021-03-30 11:29:00";2000;0;;2000;;;2000;0;0;0;"Estimées";;;;;;;""
2021;3767;"83";"83137";"Toulon";"2021-03-30 12:40:00";500;500;;;;;;;;;;"4";"Involontaire (particulier)";;;;;""
2021;3919;"06";"06017";"Bézaudun-les-Alpes";"2021-03-30 12:49:00";10000;;;;;;;;;;;"1";"Involontaire (particulier)";;;;;""
2021;331;"88";"88160";"Épinal";"2021-03-30 12:58:00";30;0;;30;;;30;0;0;0;"Estimées";;;;;;;""
2021;3778;"2B";"2B341";"Venaco";"2021-03-30 12:58:00";3000;;;;;;;;;;;;;;;;;""
2021;3893;"06";"06122";"Saint-Jeannet";"2021-03-30 12:59:00";1000;;;;;;;;;;;"1";"Involontaire (particulier)";;;;;""
2021;4224;"07";"07288";"Saint-Priest";"2021-03-30 12:59:00";20000;;20000;;;;;;;;;"1";"Involontaire (travaux)";;;;;""
2021;3798;"84";"84102";"Roussillon";"2021-03-30 13:34:00";200;200;;;;;;;;;;"4";;;;;;""
2021;4225;"07";"07161";"Montpezat-sous-Bauzon";"2021-03-30 13:39:00";5000;;5000;;;;;;;;;"1";"Involontaire (travaux)";;;;;""
2021;3779;"2B";"2B356";"Zalana";"2021-03-30 13:48:00";1000;;;;;;;;;;;;;;;;;""
2021;2690;"40";"40123";"Herm";"2021-03-30 14:05:00";2000;2000;;0;;;0;;;0;;;;;;;;""
2021;332;"88";"88302";"Le Ménil";"2021-03-30 14:27:00";50;0;;50;;;50;0;0;0;"Estimées";;;;;;;""
2021;3740;"34";"34103";"Fontès";"2021-03-30 14:50:00";2069;;2069;;;;;;;;;"1";"Involontaire (travaux)";;;;;""
2021;2094;"12";"12155";"Fondamente";"2021-03-30 15:00:00";60000;0;;60000;;;60000;0;0;0;"Estimées";;"Involontaire (travaux)";;;;;"Données partielles ou non valides"
2021;5383;"13";"13076";"Plan-d'Orgon";"2021-03-30 15:25:00";400;400;;;;;;;;;;"1";;;;;;""
2021;3701;"30";"30231";"Saint-André-de-Valborgne";"2021-03-30 15:54:00";5000;;;;;;;;;;;;;;;;;""
2021;6096;"11";"11098";"Conilhac-Corbières";"2021-03-30 16:02:00";5000;;;;;;;;;;;;;;;;;""
2021;97;"21";"21102";"Brazey-en-Morvan";"2021-03-30 16:10:00";3000;3000;;0;;;0;0;0;0;"Estimées";;;;;;;""
2021;4655;"2A";"2A048";"Calcatoggio";"2021-03-30 16:39:00";10000;;10000;;;;;;;;;"1";;;;;;""
2021;3762;"05";"05022";"Bréziers";"2021-03-30 16:55:00";11200;11200;;;;;;;;;;"4";"Malveillance";;;;;""
2021;11493;"57";"57489";"Mouterhouse";"2021-03-30 17:02:00";200;200;;0;;;0;0;0;0;"Estimées";;;"Non";;;;""
2021;5414;"66";"66176";"Saint-Hippolyte";"2021-03-30 17:07:00";12000;;12000;;;;;;;;;"1";;;;;;""
2021;2484;"64";"64124";"Bidarray";"2021-03-30 17:10:01";500;;;500;;;500;;;;;;;;;;;""
2021;81;"81";"81128";"Lacrouzette";"2021-03-30 17:27:00";2500;2500;;0;;;0;0;0;0;"Mesurées";;;;;;;""
2021;3700;"30";"30153";"Malons-et-Elze";"2021-03-30 17:49:00";4500;;;;;;;;;;;;;;;;;""
2021;2858;"33";"33214";"Lacanau";"2021-03-30 17:57:00";500;500;;0;;;0;;;0;;;"Accidentelle";;;;;""
2021;3742;"34";"34286";"Saint-Privat";"2021-03-30 18:06:00";6678;;6678;;;;;;;;;"1";"Involontaire (travaux)";;;;;""
2021;3699;"30";"30231";"Saint-André-de-Valborgne";"2021-03-30 18:07:00";300;;;;;;;;;;;;;;;;;""
2021;6097;"11";"11262";"Narbonne";"2021-03-30 18:21:00";400;;;;;;;;;;;;;;;;;""
2021;3885;"06";"06034";"Castagniers";"2021-03-30 18:37:00";1000;;;;;;;;;;;"1";"Malveillance";;;;;""
2021;96;"21";"21700";"Villers-Patras";"2021-03-30 18:50:00";4000;4000;;0;;;0;0;0;0;"Estimées";;;;;;;""
2021;1295;"45";"45187";"Lorris";"2021-03-30 18:57:00";2000;2000;;0;;;0;0;0;0;"Estimées";;;;;;;""
2021;1847;"74";"74076";"Choisy";"2021-03-30 19:04:00";2000;0;;2000;;;2000;0;0;0;"Estimées";;;;;;;""
2021;3771;"83";"83075";"Les Mayons";"2021-03-30 19:32:00";20;20;;;;;;;;;;"5";"Involontaire (particulier)";;;;;""
2021;1553;"72";"72066";"La Chapelle-Saint-Fray";"2021-03-31 02:01:00";1000;1000;;0;;;0;0;0;0;"Estimées";;;;;;;""
2021;2486;"64";"64218";"Estérençuby";"2021-03-31 06:06:32";5;;;5;;;5;;;;;;"Involontaire (particulier)";;;;;""
2021;2487;"64";"64499";"Salies-de-Béarn";"2021-03-31 08:29:37";10000;10000;;;;;;;;;;;"Involontaire (particulier)";;;;;""
2021;3776;"04";"04227";"Vachères";"2021-03-31 12:06:00";40;;;;;;;;;;;;;;;;;""
2021;3784;"2B";"2B355";"Volpajola";"2021-03-31 12:16:00";489000;89000;400000;;;;;;;;;"3";"Malveillance";;;;;""
2021;3920;"06";"06041";"Cipières";"2021-03-31 12:42:00";200;;;;;;;;;;;"1";"Involontaire (particulier)";;;;;""
2021;2093;"12";"12219";"Sainte-Eulalie-d'Olt";"2021-03-31 13:00:00";20000;0;;20000;;;20000;0;0;0;"Estimées";;;;;;;"Données partielles ou non valides"
2021;1898;"38";"38294";"Panossas";"2021-03-31 14:38:00";3000;0;;3000;;;3000;0;0;0;"Mesurées";;"Involontaire (travaux)";;;;;""
2021;2860;"33";"33310";"Origne";"2021-03-31 14:41:00";3000;3000;;0;;;0;;;0;;;;;;;;""
2021;102;"77";"77333";"Nemours";"2021-03-31 14:45:00";1500;1500;;0;;;0;0;0;0;"Estimées";;;;;;;""
2021;4187;"48";"48173";"Saint-Michel-de-Dèze";"2021-03-31 14:49:00";41200;41200;;;;;;;;;;"5";"Involontaire (particulier)";;;;;""
2021;5283;"13";"13110";"Trets";"2021-03-31 14:56:00";1000;1000;;;;;;;;;;"1";"Involontaire (travaux)";;;;;""
2021;806;"43";"43167";"Saint-Arcons-d'Allier";"2021-03-31 15:15:00";8500;8500;;0;;;0;0;0;0;"Mesurées";;"Involontaire (travaux)";;;;;""
2021;2805;"33";"33449";"Saint-Médard-en-Jalles";"2021-03-31 16:26:00";50;50;;0;;;0;;;0;;;"Malveillance";;;;;""
2021;4227;"07";"07032";"Berzème";"2021-03-31 16:59:00";15000;;15000;;;;;;;;;"1";"Involontaire (travaux)";;;;;""
2021;336;"88";"88074";"Brechainville";"2021-03-31 17:01:00";20000;20000;;0;;;0;0;0;0;"Estimées";;;;;;;""
2021;1979;"38";"38410";"Saint-Lattier";"2021-03-31 17:05:00";7000;7000;;0;;;0;0;0;0;"Estimées";;;;;;;""
2021;1980;"38";"38076";"La Chapelle-de-la-Tour";"2021-03-31 17:16:00";50;0;;50;;;50;0;0;0;"Estimées";;;;;;;""
2021;2107;"12";"12301";"Villeneuve";"2021-03-31 19:00:00";15000;0;;15000;;;15000;0;0;0;"Estimées";;"Involontaire (travaux)";;;;;"Données partielles ou non valides"
2021;1554;"72";"72181";"Le Mans";"2021-03-31 19:15:00";100;0;;100;;;100;0;0;0;"Estimées";;;;;;;""
2021;3777;"04";"04195";"Saint-Pons";"2021-03-31 19:50:00";50;;;;;;;;;;;;"Involontaire (travaux)";;;;;""
2021;1982;"38";"38294";"Panossas";"2021-03-31 20:59:00";200;0;;200;;;200;0;0;0;"Estimées";;;;;;;""
2021;2862;"33";"33022";"Avensan";"2021-04-01 00:53:00";20000;20000;;0;;;0;;;;;;"Accidentelle";;;;;""
2021;2863;"33";"33449";"Saint-Médard-en-Jalles";"2021-04-01 04:29:00";100;100;;0;;;0;;;0;;;"Accidentelle";;;;;""
2021;3786;"2B";"2B229";"Pietroso";"2021-04-01 08:08:00";800;;;;;;;;;;;;;;;;;""
2021;5590;"30";"30297";"Saint-Sauveur-Camprieu";"2021-04-01 08:32:00";49694;;;;;;;;;;;;"Involontaire (travaux)";;;;;""
2021;4230;"07";"07251";"Saint-Joseph-des-Bancs";"2021-04-01 10:36:00";57000;27000;30000;;;;;;;;;"2";"Involontaire (travaux)";;;;;""
2021;108;"46";"46114";"Frayssinet-le-Gélat";"2021-04-01 11:02:00";5000;0;;5000;;;5000;0;0;0;"Estimées";;;;;;;""
2021;3787;"2B";"2B251";"Prunelli-di-Fiumorbo";"2021-04-01 11:10:00";300;;;;;;;;;;;;;;;;;""
2021;3788;"2B";"2B030";"Barrettali";"2021-04-01 12:05:00";10000;;;;;;;;;;;;;;;;;""
2021;109;"46";"46018";"Le Bastit";"2021-04-01 12:25:00";20000;0;;20000;;;20000;0;0;0;"Estimées";;;;;;;""
2021;3789;"2B";"2B167";"Montegrosso";"2021-04-01 12:55:00";2000;;;;;;;;;;;;;;;;;""
2021;4231;"07";"07075";"Cros-de-Géorand";"2021-04-01 13:00:00";8000;;8000;;;;;;;;;"5";"Involontaire (particulier)";;;;;""
2021;3790;"2B";"2B053";"Campi";"2021-04-01 13:40:00";20000;;;;;;;;;;;;;;;;;""
2021;107;"81";"81125";"Lacaze";"2021-04-01 14:04:00";60000;60000;;0;;;0;0;0;0;"Estimées";;;;;;;""
2021;106;"81";"81125";"Lacaze";"2021-04-01 14:05:00";50000;50000;;0;;;0;0;0;0;"Estimées";;;;;;;""
2021;3807;"05";"05061";"Gap";"2021-04-01 14:20:00";3100;3100;;;;;;;;;;"5";"Involontaire (particulier)";;;;;""
2021;339;"88";"88032";"Ban-de-Laveline";"2021-04-01 14:40:00";500;500;;0;;;0;0;0;0;"Estimées";;;;;;;""
2021;3921;"06";"06116";"Saint-Auban";"2021-04-01 15:15:00";8000;1000;7000;;;;;;;;;"1";"Malveillance";;;;;""
2021;4194;"48";"48029";"Le Born";"2021-04-01 16:20:00";10000;;10000;;;;;;;;;"1";"Involontaire (travaux)";;;;;""
2021;130;"21";"21289";"Fussey";"2021-04-01 16:20:00";1500;1500;;0;;;0;0;0;0;"Estimées";;;;;;;""
2021;1555;"72";"72046";"Le Breil-sur-Mérize";"2021-04-01 16:31:00";100;100;;0;;;0;0;0;0;"Estimées";;;;;;;""
2021;5286;"13";"13108";"Tarascon";"2021-04-01 17:09:00";500;500;;;;;;;;;;"1";"Involontaire (particulier)";;;;;""
2021;1684;"41";"41059";"Le Controis-en-Sologne";"2021-04-01 17:26:00";5;0;;5;;;5;0;0;0;"Estimées";;;;;;;""
2021;3809;"05";"05008";"Aspremont";"2021-04-01 19:42:00";3300;3300;;;;;;;;;;"5";"Involontaire (particulier)";;;;;""
2021;4200;"48";"48075";"Ispagnac";"2021-04-01 20:19:00";62600;54100;8500;;;;;;;;;"4";"Involontaire (travaux)";;;;;""
2021;2493;"64";"64014";"Ainhoa";"2021-04-01 20:26:52";20000;;;20000;;;20000;;;;;;;;;;;""
2021;4237;"07";"07323";"Toulaud";"2021-04-01 20:39:00";2500;2500;;;;;;;;;;"3";;;;;;""
2021;3073;"09";"09060";"Bonnac";"2021-04-01 22:31:00";5000;0;;2000;;;2000;3000;0;3000;"Estimées";;;;;;;""
2021;6194;"11";"11203";"Lézignan-Corbières";"2021-04-02 08:38:00";100;;;;;;;;;;;;;;;;;""
2021;6098;"11";"11366";"Sainte-Valière";"2021-04-02 11:49:00";11329;;;;;;;;;;;;;;;;;""
2021;468;"15";"15006";"Anglards-de-Salers";"2021-04-02 12:40:00";500;500;;0;;;0;0;0;0;"Estimées";;"Involontaire (travaux)";;;;;""
2021;4007;"34";"34092";"Cruzy";"2021-04-02 14:04:00";14798;;14798;;;;;;;;;"1";"Involontaire (particulier)";;;;;""
2021;978;"87";"87050";"Couzeix";"2021-04-02 14:36:00";1000;0;;1000;;;1000;0;0;0;"Mesurées";;;;;;;""
2021;1368;"36";"36148";"Oulches";"2021-04-02 14:38:00";1670000;1620000;;50000;;;50000;0;0;0;"Estimées";;;;;;;""
2021;2867;"33";"33449";"Saint-Médard-en-Jalles";"2021-04-02 15:08:00";150;150;;0;;;0;;;0;;;"Involontaire (travaux)";;;;;""
2021;4792;"83";"83057";"Flassans-sur-Issole";"2021-04-02 15:27:00";600;600;;;;;;;;;;"2";"Involontaire (travaux)";;;;;""
2021;2104;"12";"12277";"Taussac";"2021-04-02 16:00:00";4000;4000;;0;;;0;0;0;0;"Estimées";;;;;;;"Données partielles ou non valides"
2021;3810;"04";"04201";"Saumane";"2021-04-02 16:10:00";2900;100;;;;;;;;2800;;"3";"Involontaire (particulier)";;;;;""
2021;4235;"07";"07224";"Saint-Cirgues-en-Montagne";"2021-04-02 16:16:00";15000;;15000;;;;;;;;;"1";"Involontaire (travaux)";;;;;""
2021;4238;"07";"07024";"Banne";"2021-04-02 16:54:00";10000;;10000;;;;;;;;;"1";"Involontaire (particulier)";;;;;""
2021;4656;"2A";"2A200";"Palneca";"2021-04-02 17:06:00";700;;700;;;;;;;;;;"Involontaire (particulier)";;;;;""
2021;4657;"2A";"2A024";"Aullène";"2021-04-02 17:38:00";500;;500;;;;;;;;;;;;;;;""
2021;4202;"48";"48168";"Saint-Léger-de-Peyre";"2021-04-02 17:47:00";75000;18800;56200;;;;;;;;;"1";"Involontaire (travaux)";;;;;""
2021;3819;"26";"26148";"Hauterives";"2021-04-02 18:22:00";6000;;;;;;;;;;;"3";;;;;;""
2021;5289;"13";"13103";"Salon-de-Provence";"2021-04-02 19:40:00";50;50;;;;;;;;;;"1";;;;;;""
2021;1984;"38";"38111";"Claix";"2021-04-02 20:00:00";100;0;;100;;;100;0;0;0;"Estimées";;;;;;;""
2021;2868;"33";"33051";"Biganos";"2021-04-02 22:04:00";200;200;;0;;;0;;;0;;;;;;;;""
2021;2811;"33";"33240";"Lesparre-Médoc";"2021-04-03 02:15:00";2;2;;0;;;0;;;0;;;;;;;;""
2021;6099;"11";"11262";"Narbonne";"2021-04-03 08:59:00";18000;;;;;;;;;;;;;;;;;""
2021;4797;"83";"83120";"Saint-Zacharie";"2021-04-03 10:12:00";2;2;;;;;;;;;;"5";"Involontaire (particulier)";;;;;""
2021;3812;"2B";"2B355";"Volpajola";"2021-04-03 11:13:00";5000;;;;;;;;;;;;;;;;;""
2021;4798;"83";"83046";"Cotignac";"2021-04-03 11:23:00";1000;1000;;;;;;;;;;"2";"Malveillance";;;;;""
2021;2203;"47";"47012";"Anzex";"2021-04-03 12:10:24";20000;20000;;0;;;0;;;0;;;"Involontaire (particulier)";;;;;""
2021;4239;"07";"07104";"Issamoulenc";"2021-04-03 12:41:00";2500;2500;;;;;;;;;;"3";"Involontaire (travaux)";;;;;""
2021;1901;"38";"38261";"Morestel";"2021-04-03 14:06:00";8500;0;;8500;;;8500;0;0;0;"Estimées";;;;;;;""
2021;341;"88";"88429";"Saint-Nabord";"2021-04-03 14:32:00";150;150;;0;;;0;0;0;0;"Estimées";;;;;;;""
2021;1556;"72";"72294";"Saint-Léonard-des-Bois";"2021-04-03 14:35:00";500;500;;0;;;0;0;0;0;"Estimées";;"Involontaire (particulier)";;;;;""
2021;2870;"33";"33318";"Pessac";"2021-04-03 14:44:00";2000;2000;;0;;;0;;;0;;;;;;;;""
2021;2871;"33";"33329";"Pompéjac";"2021-04-03 15:02:00";15000;15000;;0;;;0;;;0;;;;;;;;""
2021;4026;"34";"34024";"Balaruc-le-Vieux";"2021-04-03 15:37:00";12812;;12812;;;;;;;;;"1";"Involontaire (particulier)";;;;;""
2021;5382;"13";"13080";"Le Puy-Sainte-Réparade";"2021-04-03 15:58:00";1000;1000;;;;;;;;;;"1";;;;;;""
2021;3116;"33";"33022";"Avensan";"2021-04-03 16:19:00";3038300;3038300;;0;;;0;;;0;;;;;;;;""
2021;4008;"34";"34341";"Villeveyrac";"2021-04-03 16:22:00";5977;;5977;;;;;;;;;"1";"Involontaire (travaux)";;;;;""
2021;4243;"07";"07054";"Chanéac";"2021-04-03 16:26:00";1000;;1000;;;;;;;;;"1";;;;;;""
2021;143;"21";"21617";"Talant";"2021-04-03 16:30:00";200;0;;200;;;200;0;0;0;"Estimées";;;;;;;""
2021;979;"87";"87150";"Saint-Hilaire-les-Places";"2021-04-03 16:44:00";100000;0;;100000;;;100000;0;0;0;"Mesurées";;"Accidentelle";;;;;""
2021;5297;"13";"13072";"Peynier";"2021-04-03 17:18:00";100;100;;;;;;;;;;"1";"Involontaire (travaux)";;;;;""
2021;1686;"41";"41194";"Romorantin-Lanthenay";"2021-04-03 17:20:00";3000;0;;3000;;;3000;0;0;0;"Estimées";;;;;;;""
2021;2807;"33";"33408";"Saint-Genès-de-Lombaud";"2021-04-03 17:43:00";2000;2000;;0;;;0;;;0;;;;;;;;""
2021;157;"19";"19109";"Lascaux";"2021-04-03 17:44:00";5000;0;;5000;;;5000;0;0;0;"Estimées";;;;;;;""
2021;132;"81";"81319";"Villeneuve-sur-Vère";"2021-04-03 17:53:00";2000;0;;2000;;;2000;0;0;0;"Estimées";;"Involontaire (travaux)";;;;;""
2021;344;"88";"88426";"Saint-Maurice-sur-Moselle";"2021-04-03 19:02:00";20;20;;0;;;0;0;0;0;"Estimées";;;;;;;""
2021;345;"88";"88087";"Chantraine";"2021-04-03 19:17:00";1;1;;0;;;0;0;0;0;"Estimées";;;;;;;""
2021;151;"85";"85234";"Saint-Jean-de-Monts";"2021-04-04 01:50:00";100;0;;100;;;100;0;0;0;"Estimées";;;;;;;""
2021;2741;"40";"40046";"Biscarrosse";"2021-04-04 08:56:00";200;200;;0;;;0;;;0;;;"Involontaire (travaux)";;;;;""
2021;6100;"11";"11144";"Fitou";"2021-04-04 09:52:00";30;;;;;;;;;;;;;;;;;""
2021;3887;"30";"30274";"Saint-Julien-les-Rosiers";"2021-04-04 12:17:00";50;;;;;;;;;;;;;;;;;""
2021;4942;"26";"26014";"Arthémonay";"2021-04-04 12:43:00";100;;;;;;;;;;;;;;;;;""
2021;347;"88";"88450";"Senaide";"2021-04-04 12:56:00";600;600;;0;;;0;0;0;0;"Estimées";;;;;;;""
2021;1902;"38";"38485";"Seyssinet-Pariset";"2021-04-04 13:51:00";50;50;;0;;;0;0;0;0;"Estimées";;;;;;;""
2021;4291;"84";"84129";"Sorgues";"2021-04-04 14:25:00";100;100;;;;;;;;;;;;;;;;""
2021;141;"39";"39491";"Coteaux du Lizon";"2021-04-04 14:27:00";40000;0;;40000;;;40000;0;0;0;"Estimées";;;;;;;""
2021;401;"77";"77333";"Nemours";"2021-04-04 14:38:00";1;1;;0;;;0;0;0;0;"Mesurées";;"Involontaire (particulier)";;;;;""
2021;415;"17";"17240";"Montendre";"2021-04-04 15:03:00";150000;150000;;0;;;0;0;0;0;"Mesurées";;"Involontaire (travaux)";;;;;""
2021;348;"88";"88178";"Les Forges";"2021-04-04 15:04:00";100;100;;0;;;0;0;0;0;"Estimées";;;;;;;""
2021;4254;"07";"07223";"Saint-Cirgues-de-Prades";"2021-04-04 15:46:00";1000;;1000;;;;;;;;;"1";"Involontaire (particulier)";;;;;""
2021;4258;"07";"07079";"Désaignes";"2021-04-04 15:50:00";5000;5000;;;;;;;;;;"5";"Involontaire (particulier)";;;;;""
2021;349;"88";"88148";"Dommartin-lès-Remiremont";"2021-04-04 16:18:00";1;1;;0;;;0;0;0;0;"Estimées";;;;;;;""
2021;350;"88";"88468";"Le Thillot";"2021-04-04 16:29:00";300;0;;300;;;300;0;0;0;"Estimées";;;;;;;""
2021;4943;"26";"26258";"Puy-Saint-Martin";"2021-04-04 16:32:00";20000;;;;;;;;;;;"4";"Malveillance";;;;;""
2021;416;"17";"17118";"Corignac";"2021-04-04 16:40:00";2200;2200;;0;;;0;0;0;0;"Mesurées";;;;;;;""
2021;351;"88";"88408";"Rupt-sur-Moselle";"2021-04-04 16:44:00";500;500;;0;;;0;0;0;0;"Estimées";;;;;;;""
2021;1903;"38";"38316";"Pont-de-Chéruy";"2021-04-04 17:01:00";120;0;;120;;;120;0;0;0;"Estimées";;;;;;;""
2021;1687;"41";"41142";"Valencisse";"2021-04-04 17:19:00";200;0;;200;;;200;0;0;0;"Estimées";;;;;;;""
2021;417;"17";"17240";"Montendre";"2021-04-04 17:41:00";8000;8000;;0;;;0;0;0;0;"Mesurées";;;;;;;""
2021;2873;"33";"33382";"Saint-Christoly-de-Blaye";"2021-04-04 18:32:00";8000;8000;;0;;;0;;;0;;;;;;;;""
2021;830;"61";"61395";"Saint-Germain-des-Grois";"2021-04-04 18:34:00";40000;0;;40000;;;40000;0;0;0;"Estimées";;;;;;;""
2021;4009;"34";"34086";"Courniou";"2021-04-04 19:26:00";322;322;;;;;;;;;;"3";"Involontaire (travaux)";;;;;""
2021;167;"46";"46211";"Nuzéjouls";"2021-04-04 20:32:00";5000;0;;5000;;;5000;0;0;0;"Estimées";;;;;;;""
2021;418;"17";"17118";"Corignac";"2021-04-04 21:27:00";330;330;;0;;;0;0;0;0;"Mesurées";;;;;;;""
2021;5415;"66";"66044";"Castelnou";"2021-04-05 07:34:00";2000;;2000;;;;;;;;;"1";"Accidentelle";;;;;""
2021;1690;"41";"41148";"Montlivault";"2021-04-05 10:22:00";5;0;;5;;;5;0;0;0;"Estimées";;"Accidentelle";;;;;""
2021;4299;"84";"84041";"Crillon-le-Brave";"2021-04-05 11:29:00";10;10;;;;;;;;;;"4";;;;;;""
2021;2874;"33";"33382";"Saint-Christoly-de-Blaye";"2021-04-05 12:05:00";30000;25000;;0;;;0;;;5000;;;;;;;;""
2021;5291;"13";"13073";"Peypin";"2021-04-05 12:37:00";20;20;;;;;;;;;;"1";"Involontaire (particulier)";;;;;""
2021;3838;"2B";"2B184";"Olcani";"2021-04-05 12:45:00";5000;;;;;;;;;;;;;;;;;""
2021;4439;"34";"34285";"Saint-Pons-de-Mauchiens";"2021-04-05 12:55:00";28840;;28840;;;;;;;;;"1";"Involontaire (travaux)";;;;;""
2021;2710;"40";"40197";"Morcenx-la-Nouvelle";"2021-04-05 12:55:00";2000;2000;;0;;;0;;;0;;;;;;;;""
2021;6101;"11";"11164";"Ginestas";"2021-04-05 13:29:00";22600;;;;;;;;;;;;;;;;;""
2021;2695;"40";"40187";"Moliets-et-Maa";"2021-04-05 14:11:00";4;4;;0;;;0;;;0;;;"Malveillance";;;;;""
2021;2497;"64";"64157";"Buzy";"2021-04-05 15:33:35";300;;;300;;;300;;;;;;;;;;;""
2021;3898;"30";"30009";"Alzon";"2021-04-05 16:51:00";7000;;;;;;;;;;;;;;;;;""
2021;6102;"11";"11324";"Roubia";"2021-04-05 16:55:00";2000;;;;;;;;;;;;;;;;;""
2021;4338;"07";"07149";"Marcols-les-Eaux";"2021-04-05 18:12:00";2000;2000;;;;;;;;;;"3";;;;;;""
2021;3055;"24";"24326";"Peyzac-le-Moustier";"2021-04-05 18:13:00";15000;15000;;0;;;0;;;;;;;;;;;""
2021;3843;"2B";"2B314";"Santo-Pietro-di-Tenda";"2021-04-05 18:29:00";50;;;;;;;;;;;;;;;;;""
2021;6103;"11";"11262";"Narbonne";"2021-04-05 18:51:00";50;;;;;;;;;;;;;;;;;""
2021;2499;"64";"64499";"Salies-de-Béarn";"2021-04-05 18:53:58";5;;;5;;;5;;;;;;;;;;;""
2021;1692;"41";"41018";"Blois";"2021-04-05 19:07:00";200;0;;200;;;200;0;0;0;"Estimées";;"Malveillance";;;;;""
2021;2808;"33";"33322";"Le Pian-Médoc";"2021-04-05 19:17:00";3000;3000;;0;;;0;;;0;;;;;;;;""
2021;8542;"48";"48095";"Mende";"2021-04-05 20:27:00";600;600;;;;;;;;;;"4";;;;;;""
2021;5416;"66";"66069";"Espira-de-l'Agly";"2021-04-06 05:06:00";100000;20000;80000;;;;;;;;;"4";"Malveillance";;;;;""
2021;2839;"33";"33042";"Belin-Béliet";"2021-04-06 06:20:00";25000;25000;;0;;;0;;;0;;;;;;;;""
2021;3844;"2B";"2B046";"Cagnano";"2021-04-06 07:19:00";2000;;;;;;;;;;;;;;;;;""
2021;5293;"13";"13028";"La Ciotat";"2021-04-06 10:47:00";200;200;;;;;;;;;;"1";"Involontaire (particulier)";;;;;""
2021;4659;"2A";"2A288";"Sotta";"2021-04-06 10:54:00";300;;300;;;;;;;;;;"Involontaire (particulier)";;;;;""
2021;3904;"84";"84047";"Gargas";"2021-04-06 11:14:00";800;800;;;;;;;;;;;;;;;;""
2021;3941;"2B";"2B124";"Ghisoni";"2021-04-06 11:26:00";200;;;;;;;;;;;;;;;;;""
2021;169;"46";"46140";"Laburgade";"2021-04-06 11:36:00";1500;0;;1500;;;1500;0;0;0;"Estimées";;;;;;;""
2021;2720;"40";"40192";"Mont-de-Marsan";"2021-04-06 12:13:00";1800;1800;;0;;;0;;;0;;;;;;;;""
2021;4820;"83";"83021";"Bras";"2021-04-06 13:04:00";20000;20000;;;;;;;;;;"5";"Malveillance";;;;;""
2021;1986;"38";"38199";"Jardin";"2021-04-06 13:29:00";5000;5000;;0;;;0;0;0;0;"Estimées";;;;;;;""
2021;5294;"13";"13063";"Miramas";"2021-04-06 13:35:00";200;200;;;;;;;;;;"1";;;;;;""
2021;5295;"13";"13001";"Aix-en-Provence";"2021-04-06 14:37:00";30000;30000;;;;;;;;;;"1";;;;;;""
2021;159;"81";"81158";"Le Masnau-Massuguiès";"2021-04-06 14:53:00";150000;0;;150000;;;150000;0;0;0;"Estimées";;;;;;;""
2021;206;"81";"81158";"Le Masnau-Massuguiès";"2021-04-06 15:46:00";160000;0;;160000;;;160000;0;0;0;"Estimées";;;;;;;""
2021;4311;"84";"84088";"Pernes-les-Fontaines";"2021-04-06 15:55:00";100;100;;;;;;;;;;;;;;;;""
2021;981;"87";"87042";"Le Châtenet-en-Dognon";"2021-04-06 16:22:00";80000;0;;80000;;;80000;0;0;0;"Estimées";;;;;;;""
2021;3184;"56";"56165";"Ploërmel";"2021-04-06 16:31:00";10000;10000;;0;;;0;0;0;0;"Estimées";;;;;;;""
2021;1031;"16";"16232";"Mornac";"2021-04-06 16:39:00";2000;0;;2000;;;2000;0;0;0;"Estimées";;;;;;;""
2021;5285;"13";"13007";"Auriol";"2021-04-06 16:45:00";803300;740600;59700;;;;;;;3000;;"1";"Involontaire (particulier)";;;;;""
2021;3185;"56";"56075";"Guer";"2021-04-06 17:00:00";10000;10000;;0;;;0;0;0;0;"Estimées";;;;;;;""
2021;5306;"13";"13059";"Meyrargues";"2021-04-06 17:10:00";400;400;;;;;;;;;;"1";"Involontaire (particulier)";;;;;""
2021;5307;"13";"13101";"Saint-Savournin";"2021-04-06 17:40:00";100;100;;;;;;;;;;"1";;;;;;""
2021;4341;"07";"07110";"Joyeuse";"2021-04-06 18:40:00";8000;8000;;;;;;;;;;"4";"Accidentelle";;;;;""
2021;982;"87";"87176";"Saint-Priest-Ligoure";"2021-04-06 19:39:00";15000;0;;15000;;;15000;0;0;0;"Estimées";;;;;;;""
2021;3917;"30";"30216";"Robiac-Rochessadoule";"2021-04-06 20:59:00";2421;;;;;;;;;;;;;;;;;""
2021;5300;"13";"13067";"Orgon";"2021-04-06 20:59:00";400;400;;;;;;;;;;"1";"Involontaire (particulier)";;;;;""
2021;4825;"83";"83063";"La Garde-Freinet";"2021-04-06 21:39:00";200;200;;;;;;;;;;"3";"Involontaire (travaux)";;;;;""
2021;188;"19";"19140";"Monceaux-sur-Dordogne";"2021-04-07 06:37:00";65000;0;;65000;;;65000;0;0;0;"Estimées";;;;;;;""
2021;4826;"83";"83111";"Sainte-Anastasie-sur-Issole";"2021-04-07 07:02:00";200;200;;;;;;;;;;"2";"Involontaire (particulier)";;;;;""
2021;5308;"13";"13066";"Noves";"2021-04-07 10:00:00";2000;2000;;;;;;;;;;"1";"Involontaire (particulier)";;;;;""
2021;6105;"11";"11262";"Narbonne";"2021-04-07 11:34:00";250;;;;;;;;;;;;;;;;;""
2021;4342;"07";"07278";"Saint-Michel-de-Chabrillanoux";"2021-04-07 11:42:00";8000;8000;;;;;;;;;;"3";"Involontaire (particulier)";;;;;""
2021;4076;"06";"06163";"Tende";"2021-04-07 12:03:00";420000;330000;;;;;;;;90000;;"1";"Involontaire (travaux)";;;;;""
2021;5310;"13";"13060";"Meyreuil";"2021-04-07 12:09:00";40;40;;;;;;;;;;"1";"Involontaire (particulier)";;;;;""
2021;2500;"64";"64328";"Ledeuix";"2021-04-07 13:21:54";25000;25000;;;;;;;;;;;;;;;;""
2021;4486;"34";"34183";"Nissan-lez-Enserune";"2021-04-07 13:33:00";718;;718;;;;;;;;;"1";"Malveillance";;;;;""
2021;1987;"38";"38298";"Le Péage-de-Roussillon";"2021-04-07 13:50:00";200;0;;200;;;200;0;0;0;"Estimées";;;;;;;""
2021;176;"46";"46307";"Soturac";"2021-04-07 13:54:00";1500;0;;1500;;;1500;0;0;0;"Estimées";;;;;;;""
2021;1558;"72";"72300";"Saint-Mars-la-Brière";"2021-04-07 14:13:00";1500;0;;1500;;;1500;0;0;0;"Estimées";;"Involontaire (particulier)";;;;;""
2021;4317;"84";"84079";"Monieux";"2021-04-07 14:33:00";308100;307300;;;;;;;;800;;"2";"Involontaire (particulier)";;;;;""
2021;4319;"84";"84078";"Mondragon";"2021-04-07 14:53:00";3500;3500;;;;;;;;;;;;;;;;""
2021;2216;"47";"47228";"Saint-Antoine-de-Ficalba";"2021-04-07 15:41:15";2000;2000;;0;;;0;;;0;;;;;;;;""
2021;2696;"40";"40020";"Aurice";"2021-04-07 15:42:00";20000;20000;;0;;;0;;;0;;;;;;;;""
2021;4065;"05";"05131";"Saint-Auban-d'Oze";"2021-04-07 15:44:00";100;60;;;;;;;;40;;"5";"Involontaire (travaux)";;;;;""
2021;4205;"48";"48119";"Prévenchères";"2021-04-07 16:40:00";114700;96600;18100;;;;;;;;;"4";"Malveillance";;;;;""
2021;177;"46";"46182";"Luzech";"2021-04-07 16:52:00";5000;0;;5000;;;5000;0;0;0;"Estimées";;;;;;;""
2021;186;"37";"37096";"Dierre";"2021-04-07 17:18:00";2500;0;;2500;;;2500;0;0;0;"Estimées";;;;;;;""
2021;355;"88";"88465";"Capavenir Vosges";"2021-04-07 17:30:00";7500;0;;7500;;;7500;0;0;0;"Estimées";;;;;;;""
2021;4946;"26";"26215";"La Motte-Chalancon";"2021-04-07 17:44:00";5200;;5000;;;;;;;200;;"1";"Involontaire (travaux)";;;;;""
2021;2218;"47";"47012";"Anzex";"2021-04-07 17:55:19";10001;10000;;0;;;0;;;1;;;;;;;;""
2021;179;"46";"46164";"Lavercantière";"2021-04-07 18:04:00";1000;0;;1000;;;1000;0;0;0;"Estimées";;;;;;;""
2021;2894;"33";"33068";"Bourideys";"2021-04-07 18:53:00";3000;3000;;0;;;0;;;0;;;;;;;;""
2021;1702;"41";"41139";"Meusnes";"2021-04-07 19:15:00";1500;0;;1500;;;1500;0;0;0;"Estimées";;;;;;;""
2021;561;"49";"49041";"Brain-sur-Allonnes";"2021-04-07 22:00:00";10000;10000;;0;;;0;0;0;0;"Estimées";;;;;;;""
2021;5381;"13";"13063";"Miramas";"2021-04-08 05:59:00";20;20;;;;;;;;;;"1";"Accidentelle";;;;;""
2021;6106;"11";"11261";"Moux";"2021-04-08 06:45:00";1300;;;;;;;;;;;;;;;;;""
2021;6107;"11";"11203";"Lézignan-Corbières";"2021-04-08 08:08:00";3000;;;;;;;;;;;;;;;;;""
2021;6108;"11";"11203";"Lézignan-Corbières";"2021-04-08 08:08:00";3000;;;;;;;;;;;;;;;;;""
2021;6111;"11";"11276";"Paziols";"2021-04-08 08:11:00";400;;;;;;;;;;;;;;;;;""
2021;6112;"11";"11276";"Paziols";"2021-04-08 08:11:00";700;;;;;;;;;;;;;;;;;""
2021;6110;"11";"11276";"Paziols";"2021-04-08 08:11:00";500;;;;;;;;;;;;;;;;;""
2021;9808;"11";"11276";"Paziols";"2021-04-08 08:11:00";82300;;82300;;;;;;;;;;;;;;;""
2021;6109;"11";"11401";"Tuchan";"2021-04-08 08:11:00";10010;;;;;;;;;;;;;;;;;""
2021;5592;"30";"30138";"Langlade";"2021-04-08 10:02:00";32;;;;;;;;;;;;"Malveillance";;;;;""
2021;5594;"30";"30138";"Langlade";"2021-04-08 10:02:00";59;;;;;;;;;;;;"Malveillance";;;;;""
2021;5591;"30";"30138";"Langlade";"2021-04-08 10:02:00";12;;;;;;;;;;;;"Malveillance";;;;;""
2021;5593;"30";"30138";"Langlade";"2021-04-08 10:02:00";28;;;;;;;;;;;;"Malveillance";;;;;""
2021;2895;"33";"33183";"Gauriaguet";"2021-04-08 10:36:00";1000;1000;;0;;;0;;;0;;;"Involontaire (travaux)";;;;;""
2021;6113;"11";"11322";"Roquefort-des-Corbières";"2021-04-08 11:25:00";8000;;;;;;;;;;;;;;;;;""
2021;4523;"34";"34162";"Montagnac";"2021-04-08 11:42:00";991;;991;;;;;;;;;"5";"Involontaire (travaux)";;;;;""
2021;2088;"12";"12076";"Conques-en-Rouergue";"2021-04-08 12:00:00";30000;30000;;0;;;0;0;0;0;"Estimées";;;;;;;"Données partielles ou non valides"
2021;2697;"40";"40134";"Labouheyre";"2021-04-08 12:36:00";3000;3000;;0;;;0;;;0;;;;;;;;""
2021;4343;"07";"07187";"Prunet";"2021-04-08 12:41:00";165000;8000;157000;;;;;;;;;"4";"Involontaire (travaux)";;;;;""
2021;10397;"13";"13032";"Éguilles";"2021-04-08 13:54:00";100;100;;;;;;;;;;"1";"Involontaire (particulier)";;;;;""
2021;419;"17";"17077";"Cercoux";"2021-04-08 14:01:00";1018000;1018000;;0;;;0;0;0;0;"Mesurées";;"Involontaire (particulier)";;;;;""
2021;199;"37";"37008";"Athée-sur-Cher";"2021-04-08 14:01:00";2000;0;;2000;;;2000;0;0;0;"Estimées";;"Involontaire (travaux)";;;;;""
2021;1218;"89";"89063";"La Celle-Saint-Cyr";"2021-04-08 14:10:00";30000;0;;30000;;;30000;0;0;0;"Estimées";;;;;;;""
2021;3056;"24";"24411";"Saint-Front-sur-Nizonne";"2021-04-08 14:14:00";420000;420000;;0;;;0;;;;;;;;;;;""
2021;562;"49";"49041";"Brain-sur-Allonnes";"2021-04-08 14:21:00";4000;4000;;0;;;0;0;0;0;"Estimées";;;;;;;""
2021;5417;"66";"66118";"Montner";"2021-04-08 14:25:00";10000;;10000;;;;;;;;;"1";;;;;;""
2021;2817;"33";"33225";"Landiras";"2021-04-08 14:51:00";3000;3000;;0;;;0;;;0;;;"Involontaire (travaux)";;;;;""
2021;6114;"11";"11012";"Argeliers";"2021-04-08 15:15:00";10016;;;;;;;;;;;;;;;;;""
2021;6116;"11";"11012";"Argeliers";"2021-04-08 15:15:00";21800;;;;;;;;;;;;;;;;;""
2021;4067;"2B";"2B265";"Rutali";"2021-04-08 15:21:00";1500;;;;;;;;;;;;;;;;;""
2021;6117;"11";"11379";"Sigean";"2021-04-08 15:39:00";7000;;;;;;;;;;;;;;;;;""
2021;200;"37";"37225";"Saint-Martin-le-Beau";"2021-04-08 15:47:00";5000;0;;5000;;;5000;0;0;0;"Estimées";;"Involontaire (travaux)";;;;;""
2021;728;"82";"82108";"Meauzac";"2021-04-08 15:54:00";1000;0;;1000;;;1000;0;0;0;"Estimées";;;;;;;""
2021;1705;"41";"41059";"Le Controis-en-Sologne";"2021-04-08 16:02:00";2;0;;2;;;2;0;0;0;"Estimées";;"Involontaire (particulier)";;;;;""
2021;1391;"45";"45271";"Saint-Brisson-sur-Loire";"2021-04-08 16:46:00";10000;0;;10000;;;10000;0;0;0;"Estimées";;;;;;;""
2021;4010;"30";"30264";"Saint-Jean-de-Ceyrargues";"2021-04-08 17:15:00";6000;;;;;;;;;;;;;;;;;""
2021;6118;"11";"11012";"Argeliers";"2021-04-08 17:19:00";30080;;;;;;;;;;;;;;;;;""
2021;4537;"34";"34180";"Nébian";"2021-04-08 17:25:00";6485;;6485;;;;;;;;;"1";"Involontaire (particulier)";;;;;""
2021;4208;"48";"48166";"Cans et Cévennes";"2021-04-08 17:49:00";6200;6200;;;;;;;;;;"1";"Involontaire (particulier)";;;;;""
2021;471;"15";"15139";"Narnhac";"2021-04-08 17:49:00";500;0;;500;;;500;0;0;0;"Estimées";;"Involontaire (travaux)";;;;;""
2021;2089;"12";"12184";"Pomayrols";"2021-04-08 18:00:00";30000;0;;30000;;;30000;0;0;0;"Estimées";;;;;;;"Données partielles ou non valides"
2021;584;"15";"15215";"Saint-Simon";"2021-04-08 19:02:00";100;0;;100;;;100;0;0;0;"Mesurées";;"Involontaire (travaux)";;;;;""
2021;984;"87";"87018";"Blond";"2021-04-08 19:24:00";1500;0;;1500;;;1500;0;0;0;"Mesurées";;;;;;;""
2021;195;"19";"19041";"Chanac-les-Mines";"2021-04-08 20:01:00";10000;10000;;0;;;0;0;0;0;"Estimées";;;;;;;""
2021;420;"17";"17118";"Corignac";"2021-04-08 20:27:00";2500;2500;;0;;;0;0;0;0;"Mesurées";;;;;;;""
2021;358;"88";"88141";"Dombrot-sur-Vair";"2021-04-09 00:12:00";600;600;;0;;;0;0;0;0;"Estimées";;;;;;;""
2021;2900;"33";"33080";"Cadaujac";"2021-04-09 00:57:00";5000;5000;;0;;;0;;;0;;;;;;;;""
2021;2721;"40";"40134";"Labouheyre";"2021-04-09 04:38:00";4500;4500;;0;;;0;;;0;;;;;;;;""
2021;5319;"13";"13105";"Sénas";"2021-04-09 05:28:00";200;200;;;;;;;;;;"1";"Involontaire (particulier)";;;;;""
2021;1905;"38";"38468";"Salaise-sur-Sanne";"2021-04-09 08:36:00";1500;0;;1500;;;1500;0;0;0;"Estimées";;;;;;;""
2021;359;"88";"88073";"Brantigny";"2021-04-09 09:42:00";1;1;;0;;;0;0;0;0;"Estimées";;;;;;;""
2021;216;"21";"21360";"Lusigny-sur-Ouche";"2021-04-09 12:34:00";4000;4000;;0;;;0;0;0;0;"Estimées";;;;;;;""
2021;4836;"83";"83140";"Tourves";"2021-04-09 13:02:00";1500;1500;;;;;;;;;;"5";"Involontaire (particulier)";;;;;""
2021;203;"19";"19164";"Peyrelevade";"2021-04-09 14:09:00";30000;30000;;0;;;0;0;0;0;"Estimées";;"Accidentelle";;;;;""
2021;248;"38";"38229";"Meylan";"2021-04-09 14:18:00";10000;10000;;0;;;0;0;0;0;"Estimées";;;;;;;""
2021;1906;"38";"38535";"Vernas";"2021-04-09 14:58:00";30;0;;30;;;30;0;0;0;"Estimées";;;;;;;""
2021;4379;"84";"84088";"Pernes-les-Fontaines";"2021-04-09 15:35:00";100;100;;;;;;;;;;;;;;;;""
2021;4069;"2B";"2B195";"Ortiporio";"2021-04-09 15:48:00";50;;;;;;;;;;;;;;;;;""
2021;5419;"66";"66030";"Calce";"2021-04-09 15:54:00";5000;;5000;;;;;;;;;"1";;;;;;""
2021;4070;"2B";"2B354";"Vivario";"2021-04-09 16:09:00";100;;;;;;;;;;;;;;;;;""
2021;1708;"41";"41167";"Veuzain-sur-Loire";"2021-04-09 16:50:00";10000;0;;10000;;;10000;0;0;0;"Estimées";;;;;;;""
2021;563;"49";"49041";"Brain-sur-Allonnes";"2021-04-09 18:33:00";30000;30000;;0;;;0;0;0;0;"Estimées";;;;;;;""
2021;2087;"12";"12051";"Cantoin";"2021-04-09 19:00:00";10000;0;;10000;;;10000;0;0;0;"Estimées";;;;;;;"Données partielles ou non valides"
2021;5316;"13";"13001";"Aix-en-Provence";"2021-04-09 19:30:00";40;40;;;;;;;;;;"1";"Involontaire (particulier)";;;;;""
2021;1707;"41";"41248";"Couëtron-au-Perche";"2021-04-09 19:39:00";15;0;;15;;;15;0;0;0;"Estimées";;;;;;;""
2021;833;"61";"61229";"Loisail";"2021-04-09 21:29:00";150;150;;0;;;0;0;0;0;"Estimées";;;;;;;""
2021;4061;"04";"04111";"Mane";"2021-04-09 23:07:00";4300;3200;;;;;;;;1100;;"3";"Involontaire (particulier)";;;;;""
2021;360;"88";"88151";"Dompaire";"2021-04-09 23:45:00";1;1;;0;;;0;0;0;0;"Estimées";;;;;;;""
2021;421;"17";"17098";"Chenac-Saint-Seurin-d'Uzet";"2021-04-10 07:18:00";11300;11300;;0;;;0;0;0;0;"Mesurées";;"Accidentelle";;;;;""
2021;547;"23";"23054";"Charron";"2021-04-10 11:56:00";50;0;;50;;;50;0;0;0;"Mesurées";;"Malveillance";;;;;""
2021;6119;"11";"11308";"Raissac-sur-Lampy";"2021-04-10 14:31:00";4000;;;;;;;;;;;;;;;;;""
2021;1989;"38";"38462";"Saint-Théoffrey";"2021-04-10 17:30:00";300;0;;300;;;300;0;0;0;"Estimées";;;;;;;""
2021;2508;"64";"64495";"Saint-Pée-sur-Nivelle";"2021-04-10 17:42:56";3000;3000;;;;;;;;;;;;;;;;""
2021;5420;"66";"66165";"Rodès";"2021-04-10 23:26:00";5000;;5000;;;;;;;;;"1";"Malveillance";;;;;""
2021;5314;"13";"13076";"Plan-d'Orgon";"2021-04-11 09:29:00";20;20;;;;;;;;;;"1";"Involontaire (particulier)";;;;;""
2021;1990;"38";"38322";"Presles";"2021-04-11 13:10:00";100;0;;100;;;100;0;0;0;"Estimées";;;;;;;""
2021;4064;"05";"05040";"Chorges";"2021-04-11 15:39:00";40;;;;;;;;;;;;"Accidentelle";;;;;""
2021;1849;"74";"74154";"Lugrin";"2021-04-11 17:28:00";300;0;;300;;;300;0;0;0;"Estimées";;;;;;;""
2021;422;"17";"17243";"Montlieu-la-Garde";"2021-04-12 12:46:00";800;800;;0;;;0;0;0;0;"Mesurées";;;;;;;""
2021;4661;"2A";"2A351";"Villanova";"2021-04-13 12:09:00";200;;200;;;;;;;;;;"Involontaire (travaux)";;;;;""
2021;4350;"07";"07024";"Banne";"2021-04-13 16:09:00";124000;124000;;;;;;;;;;"6";;;;;;""
2021;4844;"83";"83026";"Cabasse";"2021-04-13 16:15:00";1500;1500;;;;;;;;;;"5";"Malveillance";;;;;""
2021;4349;"07";"07288";"Saint-Priest";"2021-04-13 16:20:00";9000;;9000;;;;;;;;;"1";"Involontaire (travaux)";;;;;""
2021;5421;"66";"66179";"Saint-Laurent-de-Cerdans";"2021-04-13 20:55:00";15000;10000;5000;;;;;;;;;"2";"Malveillance";;;;;""
2021;6120;"11";"11188";"La Palme";"2021-04-14 12:03:00";3700;;;;;;;;;;;;;;;;;""
2021;3057;"24";"24449";"Saint-Martial-d'Artenset";"2021-04-14 12:41:00";10000;10000;;0;;;0;;;;;;;;;;;""
2021;6121;"11";"11262";"Narbonne";"2021-04-14 13:04:00";2000;;;;;;;;;;;;;;;;;""
2021;1559;"72";"72230";"Parigné-le-Pôlin";"2021-04-14 14:03:00";3000;3000;;0;;;0;0;0;0;"Estimées";;"Involontaire (particulier)";;;;;""
2021;6123;"11";"11170";"Gruissan";"2021-04-14 14:10:00";100;;;;;;;;;;;;;;;;;""
2021;2752;"40";"40171";"Mano";"2021-04-14 14:47:00";1500;1500;;0;;;0;;;0;;;;;;;;""
2021;985;"87";"87158";"Saint-Laurent-sur-Gorre";"2021-04-14 15:45:00";300;0;;300;;;300;0;0;0;"Mesurées";;;;;;;""
2021;2731;"40";"40238";"Pujo-le-Plan";"2021-04-14 15:47:00";25000;25000;;0;;;0;;;0;;;;;;;;""
2021;227;"46";"46155";"Larnagol";"2021-04-14 15:50:00";3000;0;;3000;;;3000;0;0;0;"Estimées";;;;;;;""
2021;986;"87";"87013";"Bersac-sur-Rivalier";"2021-04-14 16:00:00";200;0;;200;;;200;0;0;0;"Mesurées";;;;;;;""
2021;2754;"40";"40279";"Saint-Paul-lès-Dax";"2021-04-14 16:48:00";2500;2500;;0;;;0;;;0;;;;;;;;""
2021;2691;"40";"40103";"Gaillères";"2021-04-14 17:06:00";64090;64090;;0;;;0;;;0;;;;;;;;""
2021;2509;"64";"64021";"Andoins";"2021-04-14 17:22:53";10;;;10;;;10;;;;;;"Involontaire (particulier)";;;;;""
2021;4364;"30";"30311";"Sauve";"2021-04-14 17:40:00";100;;;;;;;;;;;;;;;;;""
2021;3058;"24";"24316";"Parcoul-Chenaud";"2021-04-14 18:09:00";20000;20000;;0;;;0;;;;;;;;;;;""
2021;390;"77";"77370";"Poligny";"2021-04-14 18:52:00";300;300;;0;;;0;0;0;0;"Estimées";;;;;;;""
2021;4566;"34";"34166";"Montblanc";"2021-04-14 19:24:00";2356;;2356;;;;;;;;;"1";"Involontaire (travaux)";;;;;""
2021;423;"17";"17118";"Corignac";"2021-04-14 21:40:00";2500;2500;;0;;;0;0;0;0;"Mesurées";;;;;;;""
2021;1850;"74";"74185";"Monnetier-Mornex";"2021-04-14 23:16:00";200;0;;200;;;200;0;0;0;"Estimées";;;;;;;""
2021;4744;"07";"07168";"Orgnac-l'Aven";"2021-04-15 10:08:00";100;;100;;;;;;;;;"1";"Involontaire (particulier)";;;;;""
2021;1993;"38";"38417";"Sainte-Marie-d'Alloix";"2021-04-15 10:35:00";10;0;;10;;;10;0;0;0;"Estimées";;;;;;;""
2021;1560;"72";"72260";"Ruaudin";"2021-04-15 12:40:00";50;50;;0;;;0;0;0;0;"Estimées";;;;;;;""
2021;905;"19";"19223";"Saint-Martin-Sepert";"2021-04-15 12:50:00";300;300;;0;;;0;0;0;0;"Estimées";;;;;;;""
2021;4415;"84";"84118";"Saint-Saturnin-lès-Apt";"2021-04-15 14:40:00";10000;5000;5000;;;;;;;;;;"Involontaire (travaux)";;;;;""
2021;1710;"41";"41181";"Pouillé";"2021-04-15 14:53:00";45;0;;45;;;45;0;0;0;"Estimées";;;;;;;""
2021;232;"46";"46010";"Aujols";"2021-04-15 15:26:00";1000;0;;1000;;;1000;0;0;0;"Estimées";;;;;;;""
2021;6124;"11";"11262";"Narbonne";"2021-04-15 15:29:00";100;;;;;;;;;;;;;;;;;""
2021;228;"81";"81217";"Puycelsi";"2021-04-15 15:58:00";200;200;;0;;;0;0;0;0;"Estimées";;;;;;;""
2021;6192;"11";"11255";"Montredon-des-Corbières";"2021-04-15 17:05:00";1500;;;;;;;;;;;;;;;;;""
2021;3042;"24";"24053";"Boulazac Isle Manoire";"2021-04-15 17:44:00";100000;100000;;0;;;0;;;;;;;;;;;""
2021;4570;"34";"34113";"Gigean";"2021-04-15 17:46:00";8405;;8405;;;;;;;;;"1";;;;;;""
2021;549;"23";"23082";"Fleurat";"2021-04-15 18:11:00";80;80;;0;;;0;0;0;0;"Mesurées";;;;;;;""
2021;1561;"72";"72068";"La Chartre-sur-le-Loir";"2021-04-15 22:07:00";50;50;;0;;;0;0;0;0;"Estimées";;;;;;;""
2021;1392;"45";"45187";"Lorris";"2021-04-16 11:30:00";300;0;;300;;;300;0;0;0;"Estimées";;;;;;;""
2021;2692;"40";"40033";"Bélis";"2021-04-16 12:47:00";1;1;;0;;;0;;;0;;;"Involontaire (travaux)";;;;;""
2021;4664;"2A";"2A330";"Ucciani";"2021-04-16 15:50:00";800;;800;;;;;;;;;;;;;;;""
2021;6125;"11";"11397";"Trèbes";"2021-04-16 17:04:00";10;;;;;;;;;;;;;;;;;""
2021;424;"17";"17333";"Saint-Georges-de-Didonne";"2021-04-16 17:47:00";15;15;;0;;;0;0;0;0;"Mesurées";;;;;;;""
2021;1562;"72";"72094";"Coudrecieux";"2021-04-16 18:42:00";20;20;;0;;;0;0;0;0;"Estimées";;"Involontaire (particulier)";;;;;""
2021;4419;"30";"30324";"Souvignargues";"2021-04-16 18:51:00";200;;;;;;;;;;;;;;;;;""
2021;2716;"40";"40163";"Lüe";"2021-04-16 18:59:00";4500;4500;;0;;;0;;;0;;;;;;;;""
2021;5377;"13";"13108";"Tarascon";"2021-04-17 13:46:00";1000;1000;;;;;;;;;;"1";"Involontaire (particulier)";;;;;""
2021;394;"77";"77485";"Le Vaudoué";"2021-04-17 14:27:00";3000;3000;;0;;;0;0;0;0;"Estimées";;;;;;;""
2021;6129;"11";"11130";"Espezel";"2021-04-17 15:27:00";2500;;;;;;;;;;;;;;;;;""
2021;2717;"40";"40152";"Lesperon";"2021-04-17 15:29:00";1500;1500;;0;;;0;;;0;;;"Involontaire (particulier)";;;;;""
2021;586;"15";"15236";"Thiézac";"2021-04-17 16:18:00";500;500;;0;;;0;0;0;0;"Estimées";;;;;;;""
2021;4420;"30";"30229";"Saint-André-de-Majencoules";"2021-04-17 17:46:00";50;;;;;;;;;;;;;;;;;""
2021;6130;"11";"11386";"Talairan";"2021-04-17 18:15:00";10004;;;;;;;;;;;;;;;;;""
2021;3043;"24";"24256";"Marsac-sur-l'Isle";"2021-04-17 18:27:00";5000;5000;;0;;;0;;;;;;;;;;;""
2021;6132;"11";"11332";"Saint-André-de-Roquelongue";"2021-04-17 19:22:00";4000;;;;;;;;;;;;;;;;;""
2021;4421;"30";"30285";"Saint-Maurice-de-Cazevieille";"2021-04-17 19:41:00";4000;;;;;;;;;;;;;;;;;""
2021;4422;"30";"30204";"Potelières";"2021-04-17 20:23:00";200;;;;;;;;;;;;;;;;;""
2021;987;"87";"87187";"Saint-Yrieix-la-Perche";"2021-04-17 21:36:00";5000;0;;5000;;;5000;0;0;0;"Mesurées";;;;;;;""
2021;1563;"72";"72061";"La Chapelle-d'Aligné";"2021-04-18 03:21:00";6;0;;6;;;6;0;0;0;"Estimées";;;;;;;""
2021;6134;"11";"11433";"Villeneuve-Minervois";"2021-04-18 10:30:00";50;;;;;;;;;;;;;;;;;""
2021;1564;"72";"72231";"Parigné-l'Évêque";"2021-04-18 11:31:00";200;200;;0;;;0;0;0;0;"Estimées";;;;;;;""
2021;1713;"41";"41184";"Prunay-Cassereau";"2021-04-18 12:08:00";150;0;;150;;;150;0;0;0;"Estimées";;;;;;;""
2021;395;"77";"77156";"Darvault";"2021-04-18 12:21:00";10;10;;0;;;0;0;0;0;"Mesurées";;;;;;;""
2021;1907;"38";"38189";"Heyrieux";"2021-04-18 12:24:00";200;0;;200;;;200;0;0;0;"Estimées";;;;;;;""
2021;5422;"66";"66002";"Alénya";"2021-04-18 12:38:00";20000;;20000;;;;;;;;;"1";;;;;;""
2021;1714;"41";"41129";"Maslives";"2021-04-18 13:22:00";50;0;;50;;;50;0;0;0;"Estimées";;;;;;;""
2021;396;"77";"77485";"Le Vaudoué";"2021-04-18 14:21:00";10;10;;0;;;0;0;0;0;"Mesurées";;"Involontaire (travaux)";;;;;""
2021;1565;"72";"72167";"Louailles";"2021-04-18 14:21:00";1000;1000;;0;;;0;0;0;0;"Estimées";;;;;;;""
2021;458;"17";"17140";"Dolus-d'Oléron";"2021-04-18 15:10:00";800;800;;0;;;0;0;0;0;"Mesurées";;"Involontaire (particulier)";;;;;""
2021;1037;"16";"16192";"Terres-de-Haute-Charente";"2021-04-18 15:20:00";15000;15000;;0;;;0;0;0;0;"Estimées";;;;;;;""
2021;2243;"47";"47106";"Fumel";"2021-04-18 15:22:38";10000;10000;;0;;;0;;;0;;;;;;;;""
2021;364;"88";"88317";"Moussey";"2021-04-18 15:35:00";200;200;;0;;;0;0;0;0;"Estimées";;;;;;;""
2021;4447;"84";"84086";"Oppède";"2021-04-18 15:37:00";150;150;;;;;;;;;;;;;;;;""
2021;4448;"84";"84088";"Pernes-les-Fontaines";"2021-04-18 15:49:00";1;1;;;;;;;;;;;;;;;;""
2021;459;"17";"17140";"Dolus-d'Oléron";"2021-04-18 16:20:00";200;200;;0;;;0;0;0;0;"Mesurées";;;;;;;""
2021;3211;"56";"56075";"Guer";"2021-04-18 17:08:00";20000;0;;20000;;;20000;0;0;0;"Mesurées";;;;;;;""
2021;1566;"72";"72330";"Savigné-sous-le-Lude";"2021-04-18 17:41:00";20000;20000;;0;;;0;0;0;0;"Estimées";;;;;;;""
2021;5322;"13";"13051";"Lançon-Provence";"2021-04-18 18:08:00";300;300;;;;;;;;;;"1";;;;;;""
2021;4450;"84";"84129";"Sorgues";"2021-04-18 21:20:00";2400;2400;;;;;;;;;;"4";"Malveillance";;;;;""
2021;1715;"41";"41018";"Blois";"2021-04-19 09:05:00";21;0;;21;;;21;0;0;0;"Estimées";;"Accidentelle";;;;;""
2021;598;"15";"15088";"Lacapelle-Viescamp";"2021-04-19 10:33:00";300;300;;0;;;0;0;0;0;"Estimées";;;;;;;""
2021;365;"88";"88273";"Longchamp";"2021-04-19 11:23:00";15;15;;0;;;0;0;0;0;"Estimées";;;;;;;""
2021;5423;"66";"66008";"Argelès-sur-Mer";"2021-04-19 13:53:00";3000;;3000;;;;;;;;;"1";;;;;;""
2021;2748;"40";"40117";"Grenade-sur-l'Adour";"2021-04-19 14:03:00";300;300;;0;;;0;;;0;;;"Malveillance";;;;;""
2021;2245;"47";"47077";"Cuzorn";"2021-04-19 14:27:55";5;5;;0;;;0;;;0;;;"Involontaire (particulier)";;;;;""
2021;6137;"11";"11240";"Montazels";"2021-04-19 14:38:00";5000;;;;;;;;;;;;;;;;;""
2021;4747;"07";"07307";"Sanilhac";"2021-04-19 14:43:00";4000;1000;3000;;;;;;;;;"4";;;;;;""
2021;6140;"11";"11262";"Narbonne";"2021-04-19 14:58:00";100;;;;;;;;;;;;;;;;;""
2021;2910;"33";"33436";"Saint-Magne";"2021-04-19 15:46:00";50000;50000;;0;;;0;;;0;;;"Malveillance";;;;;""
2021;246;"37";"37253";"Sublaines";"2021-04-19 15:51:00";5000;0;;5000;;;5000;0;0;0;"Estimées";;;;;;;""
2021;273;"46";"46263";"Barguelonne-en-Quercy";"2021-04-19 16:09:00";5000;0;;5000;;;5000;0;0;0;"Estimées";;;;;;;""
2021;247;"49";"49041";"Brain-sur-Allonnes";"2021-04-19 16:41:00";40000;40000;;0;;;0;0;0;0;"Estimées";;;;;;;""
2021;6142;"11";"11170";"Gruissan";"2021-04-19 16:53:00";2358;;;;;;;;;;;;;;;;;""
2021;6143;"11";"11170";"Gruissan";"2021-04-19 16:53:00";3730;;;;;;;;;;;;;;;;;""
2021;6144;"11";"11170";"Gruissan";"2021-04-19 16:53:00";5948;;;;;;;;;;;;;;;;;""
2021;6145;"11";"11170";"Gruissan";"2021-04-19 16:53:00";2064;;;;;;;;;;;;;;;;;""
2021;6146;"11";"11170";"Gruissan";"2021-04-19 16:53:00";325;;;;;;;;;;;;;;;;;""
2021;3044;"24";"24053";"Boulazac Isle Manoire";"2021-04-19 17:21:00";1000;1000;;0;;;0;;;;;;"Involontaire (particulier)";;;;;""
2021;3045;"24";"24096";"Champagnac-de-Belair";"2021-04-19 17:40:00";3000;3000;;0;;;0;;;;;;;;;;;""
2021;2246;"47";"47013";"Argenton";"2021-04-19 17:50:58";1500;1500;;0;;;0;;;0;;;;;;;;""
2021;2837;"33";"33318";"Pessac";"2021-04-19 18:18:00";9000;9000;;0;;;0;;;0;;;"Malveillance";;;;;""
2021;5323;"13";"13103";"Salon-de-Provence";"2021-04-19 19:57:00";10;10;;;;;;;;;;"1";"Involontaire (particulier)";;;;;""
2021;1994;"38";"38431";"Saint-Nazaire-les-Eymes";"2021-04-19 20:52:00";100;0;;100;;;100;0;0;0;"Mesurées";;;;;;;""
2021;460;"17";"17118";"Corignac";"2021-04-19 20:57:00";13300;13300;;0;;;0;0;0;0;"Mesurées";;;;;;;""
2021;564;"49";"49041";"Brain-sur-Allonnes";"2021-04-20 14:36:00";5000;5000;;0;;;0;0;0;0;"Estimées";;;;;;;""
2021;2727;"40";"40215";"Ousse-Suzan";"2021-04-20 14:37:00";3000;3000;;0;;;0;;;0;;;"Involontaire (travaux)";;;;;""
2021;552;"23";"23257";"Vallière";"2021-04-20 14:53:00";30;0;;30;;;30;0;0;0;"Mesurées";;;;;;;""
2021;254;"43";"43192";"Saint-Haon";"2021-04-20 15:08:00";64000;28000;;36000;;;36000;0;0;0;"Mesurées";;;;;;;""
2021;6191;"11";"11152";"Fontjoncouse";"2021-04-20 15:38:00";10;;;;;;;;;;;;;;;;;""
2021;388;"77";"77333";"Nemours";"2021-04-20 15:56:00";20;0;;20;;;20;0;0;0;"Estimées";;;;;;;""
2021;2838;"33";"33203";"Hourtin";"2021-04-20 15:59:00";2000;2000;;0;;;0;;;0;;;"Malveillance";;;;;""
2021;249;"37";"37123";"Langeais";"2021-04-20 16:11:00";600;0;;600;;;600;0;0;0;"Estimées";;"Accidentelle";;;;;""
2021;1908;"38";"38523";"Varacieux";"2021-04-20 16:14:00";800;0;;800;;;800;0;0;0;"Estimées";;"Involontaire (travaux)";;;;;""
2021;5324;"13";"13074";"Peyrolles-en-Provence";"2021-04-20 16:24:00";10;10;;;;;;;;;;"1";"Accidentelle";;;;;""
2021;4541;"30";"30036";"Bernis";"2021-04-20 18:40:00";700;;;;;;;;;;;;;;;;;""
2021;1567;"72";"72319";"Sainte-Sabine-sur-Longève";"2021-04-20 19:34:00";100;0;;100;;;100;0;0;0;"Estimées";;;;;;;""
2021;445;"88";"88490";"Valleroy-le-Sec";"2021-04-20 21:44:00";10;10;;0;;;0;0;0;0;"Estimées";;;;;;;""
2021;461;"17";"17286";"Les Portes-en-Ré";"2021-04-21 08:12:00";3000;3000;;0;;;0;0;0;0;"Mesurées";;;;;;;""
2021;462;"17";"17077";"Cercoux";"2021-04-21 12:44:00";15000;15000;;0;;;0;0;0;0;"Mesurées";;;;;;;""
2021;3218;"56";"56105";"Lanvénégen";"2021-04-21 14:10:00";20000;0;;20000;;;20000;0;0;0;"Estimées";;;;;;;""
2021;389;"77";"77333";"Nemours";"2021-04-21 14:32:00";1000;1000;;0;;;0;0;0;0;"Estimées";;"Malveillance";;;;;""
2021;1569;"72";"72363";"Tuffé Val de la Chéronne";"2021-04-21 16:27:00";300;300;;0;;;0;0;0;0;"Estimées";;"Involontaire (particulier)";;;;;""
2021;258;"49";"49045";"La Breille-les-Pins";"2021-04-21 17:29:00";214100;214100;;0;;;0;0;0;0;"Mesurées";;;;;;;""
2021;1716;"41";"41295";"Vineuil";"2021-04-21 18:57:00";75;0;;75;;;75;0;0;0;"Estimées";;"Accidentelle";;;;;""
2021;1219;"89";"89368";"Saint-Sauveur-en-Puisaye";"2021-04-21 19:26:00";50000;0;;50000;;;50000;0;0;0;"Estimées";;"Involontaire (travaux)";;;;;""
2021;988;"87";"87176";"Saint-Priest-Ligoure";"2021-04-22 01:22:00";300;0;;300;;;300;0;0;0;"Mesurées";;;;;;;""
2021;6147;"11";"11011";"Aragon";"2021-04-22 05:54:00";2000;;;;;;;;;;;;;;;;;""
2021;2833;"33";"33100";"Cars";"2021-04-22 12:29:00";500;500;;0;;;0;;;0;;;"Accidentelle";;;;;""
2021;446;"88";"88305";"Moncel-sur-Vair";"2021-04-22 12:37:00";20;20;;0;;;0;0;0;0;"Estimées";;;;;;;""
2021;2739;"40";"40162";"Lucbardez-et-Bargues";"2021-04-22 14:43:00";12000;12000;;0;;;0;;;0;;;;;;;;""
2021;1718;"41";"41140";"Millançay";"2021-04-22 14:50:00";10000;0;;10000;;;10000;0;0;0;"Estimées";;;;;;;""
2021;5325;"13";"13051";"Lançon-Provence";"2021-04-22 14:58:00";8000;8000;;;;;;;;;;"1";"Involontaire (particulier)";;;;;""
2021;2916;"33";"33053";"Birac";"2021-04-22 15:37:00";5000;5000;;0;;;0;;;0;;;"Accidentelle";;;;;""
2021;275;"46";"46148";"Lalbenque";"2021-04-22 16:13:00";1500;0;;1500;;;1500;0;0;0;"Estimées";;"Involontaire (travaux)";;;;;""
2021;3229;"56";"56260";"Vannes";"2021-04-22 16:14:00";60000;0;;60000;;;60000;0;0;0;"Estimées";;;;;;;""
2021;463;"17";"17331";"Saint-Genis-de-Saintonge";"2021-04-22 16:20:00";4000;4000;;0;;;0;0;0;0;"Mesurées";;;;;;;""
2021;4684;"04";"04157";"Puimoisson";"2021-04-22 16:37:00";500;;;;;;;;;;;;;;;;;""
2021;2915;"33";"33229";"Lanton";"2021-04-22 17:37:00";1000;1000;;0;;;0;;;0;;;"Malveillance";;;;;""
2021;9318;"84";"84129";"Sorgues";"2021-04-22 18:02:00";3400;3400;;;;;;;;;;"4";"Involontaire (travaux)";;;;;""
2021;1040;"16";"16183";"Lésignac-Durand";"2021-04-22 18:09:00";20000;20000;;0;;;0;0;0;0;"Estimées";;;;;;;""
2021;5379;"13";"13059";"Meyrargues";"2021-04-22 18:30:00";60;60;;;;;;;;;;"1";"Involontaire (particulier)";;;;;""
2021;6148;"11";"11011";"Aragon";"2021-04-22 18:44:00";1400;;;;;;;;;;;;;;;;;""
2021;377;"39";"39038";"Barésia-sur-l'Ain";"2021-04-22 18:50:00";5000;0;;5000;;;5000;0;0;0;"Estimées";;;;;;;""
2021;255;"49";"49370";"Verrie";"2021-04-22 18:57:00";10000;10000;;0;;;0;0;0;0;"Estimées";;;;;;;""
2021;732;"82";"82123";"Montbartier";"2021-04-22 21:22:00";10000;0;;10000;;;10000;0;0;0;"Estimées";;;;;;;""
2021;1570;"72";"72344";"Spay";"2021-04-22 22:22:00";2000;2000;;0;;;0;0;0;0;"Estimées";;"Accidentelle";;;;;""
2021;447;"88";"88170";"Ferdrupt";"2021-04-22 23:14:00";2;2;;0;;;0;0;0;0;"Estimées";;;;;;;""
2021;989;"87";"87015";"Beynac";"2021-04-22 23:46:00";2000;0;;2000;;;2000;0;0;0;"Mesurées";;;;;;;""
2021;3465;"86";"86272";"Thuré";"2021-04-23 09:16:54";80000;80000;;0;;;0;;;0;;;;;;;;""
2021;615;"29";"29162";"Pleyben";"2021-04-23 11:25:00";350;0;;350;;;350;0;0;0;"Estimées";;"Involontaire (particulier)";;;;;""
2021;4964;"26";"26377";"Vinsobres";"2021-04-23 13:30:00";5000;;;;;;;;;;;;;;;;;""
2021;4629;"30";"30045";"Bordezac";"2021-04-23 13:39:00";1000;;;;;;;;;;;;;;;;;""
2021;2251;"47";"47117";"Hautefage-la-Tour";"2021-04-23 14:00:26";1000;1000;;0;;;0;;;0;;;;;;;;""
2021;1041;"16";"16090";"Châteauneuf-sur-Charente";"2021-04-23 14:18:00";10000;10000;;0;;;0;0;0;0;"Estimées";;;;;;;""
2021;259;"81";"81237";"Saint-Amancet";"2021-04-23 14:24:00";30;0;;30;;;30;0;0;0;"Estimées";;;;;;;""
2021;2253;"47";"47049";"Casseneuil";"2021-04-23 14:26:02";8;2;;0;;;0;;;6;;;;;;;;""
2021;370;"21";"21548";"Saint-Germain-de-Modéon";"2021-04-23 14:30:00";10800;10800;;0;;;0;0;0;0;"Mesurées";;;;;;;""
2021;4627;"30";"30248";"Saint-Dézéry";"2021-04-23 14:35:00";20000;;;;;;;;;;;;;;;;;""
2021;733;"82";"82155";"Saint-Antonin-Noble-Val";"2021-04-23 14:37:00";160000;160000;;0;;;0;0;0;0;"Estimées";;;;;;;""
2021;5328;"13";"13096";"Saintes-Maries-de-la-Mer";"2021-04-23 15:45:00";4000;4000;;;;;;;;;;"1";"Involontaire (particulier)";;;;;""
2021;5424;"66";"66049";"Céret";"2021-04-23 15:48:00";10000;5000;5000;;;;;;;;;"2";;;;;;""
2021;5329;"13";"13050";"Lambesc";"2021-04-23 15:56:00";100;100;;;;;;;;;;"1";"Involontaire (particulier)";;;;;""
2021;402;"77";"77186";"Fontainebleau";"2021-04-23 16:10:00";8500;8500;;0;;;0;0;0;0;"Estimées";;;;;;;""
2021;4626;"30";"30236";"Saint-Bonnet-de-Salendrinque";"2021-04-23 16:10:00";500;;;;;;;;;;;;;;;;;""
2021;1996;"38";"38332";"Renage";"2021-04-23 16:20:00";600;0;;600;;;600;0;0;0;"Estimées";;;;;;;""
2021;397;"77";"77224";"Hautefeuille";"2021-04-23 17:55:00";2000;2000;;0;;;0;0;0;0;"Estimées";;"Involontaire (particulier)";;;;;""
2021;1220;"89";"89369";"Saint-Sérotin";"2021-04-23 18:44:00";2500;2500;;0;;;0;0;0;0;"Estimées";;;;;;;""
2021;4624;"30";"30319";"Serviers-et-Labaume";"2021-04-23 19:01:00";300;;;;;;;;;;;;;;;;;""
2021;403;"77";"77339";"Noisy-sur-École";"2021-04-23 19:51:00";6000;6000;;0;;;0;0;0;0;"Mesurées";;;;;;;""
2021;283;"46";"46211";"Nuzéjouls";"2021-04-23 23:52:00";25000;0;;25000;;;25000;0;0;0;"Estimées";;;;;;;""
2021;2918;"33";"33177";"Gaillan-en-Médoc";"2021-04-24 08:59:00";20000;20000;;0;;;0;;;0;;;"Accidentelle";;;;;""
2021;3046;"24";"24155";"Douville";"2021-04-24 12:11:00";5000;5000;;0;;;0;;;;;;"Involontaire (particulier)";;;;;""
2021;2103;"12";"12199";"Rignac";"2021-04-24 13:00:00";10000;0;;10000;;;10000;0;0;0;"Estimées";;;;;;;"Données partielles ou non valides"
2021;1720;"41";"41242";"Selles-sur-Cher";"2021-04-24 13:39:00";500;0;;500;;;500;0;0;0;"Estimées";;;;;;;""
2021;4722;"48";"48049";;"2021-04-24 13:41:00";1000;;1000;;;;;;;;;"1";"Involontaire (particulier)";;;;;""
2021;451;"88";"88165";"Étival-Clairefontaine";"2021-04-24 14:47:00";100;0;;100;;;100;0;0;0;"Estimées";;;;;;;""
2021;3047;"24";"24436";"Saint-Laurent-des-Hommes";"2021-04-24 14:55:00";5000;5000;;0;;;0;;;;;;"Involontaire (travaux)";;;;;""
2021;617;"29";"29236";"Riec-sur-Bélon";"2021-04-24 15:03:00";1000;0;;1000;;;1000;0;0;0;"Estimées";;;;;;;""
2021;1721;"41";"41151";"Montrichard Val de Cher";"2021-04-24 15:09:00";10;0;;10;;;10;0;0;0;"Estimées";;;;;;;""
2021;2523;"64";"64388";"Momy";"2021-04-24 15:11:10";5000;;;5000;;;5000;;;;;;;;;;;""
2021;270;"55";"55023";"Avocourt";"2021-04-24 15:15:00";35000;0;;35000;;;35000;0;0;0;"Estimées";;;;;;;""
2021;262;"81";"81158";"Le Masnau-Massuguiès";"2021-04-24 15:38:00";50;0;;50;;;50;0;0;0;"Estimées";;;;;;;""
2021;590;"15";"15202";"Saint-Martin-Valmeroux";"2021-04-24 16:00:00";5000;5000;;0;;;0;0;0;0;"Mesurées";;"Involontaire (travaux)";;;;;""
2021;1909;"38";"38175";"Froges";"2021-04-24 16:03:00";700;0;;700;;;700;0;0;0;"Estimées";;"Involontaire (travaux)";;;;;""
2021;6150;"11";"11413";"Villardonnel";"2021-04-24 16:14:00";100;;;;;;;;;;;;;;;;;""
2021;4623;"30";"30069";"Carnas";"2021-04-24 16:27:00";15000;;;;;;;;;;;;;;;;;""
2021;1572;"72";"72158";"Lavaré";"2021-04-24 16:36:00";300;300;;0;;;0;0;0;0;"Estimées";;;;;;;""
2021;406;"77";"77050";"Bransles";"2021-04-24 17:01:00";4200;4200;;0;;;0;0;0;0;"Estimées";;;;;;;""
2021;2260;"47";"47247";"Saint-Jean-de-Duras";"2021-04-24 17:02:42";700;700;;0;;;0;;;0;;;"Involontaire (particulier)";;;;;""
2021;4644;"2B";"2B190";"Olmi-Cappella";"2021-04-24 17:32:00";5000;;;;;;;;;;;;;;;;;""
2021;4723;"48";"48029";"Le Born";"2021-04-24 17:34:00";36600;10600;26000;;;;;;;;;"1";"Malveillance";;;;;""
2021;3048;"24";"24360";"Sagelat";"2021-04-24 17:44:00";1500;1500;;0;;;0;;;;;;;;;;;""
2021;1573;"72";"72154";"La Flèche";"2021-04-24 18:14:00";100;100;;0;;;0;0;0;0;"Estimées";;;;;;;""
2021;408;"23";"23189";"Saint-Dizier-Masbaraud";"2021-04-24 18:35:00";20000;20000;;0;;;0;0;0;0;"Estimées";;"Involontaire (particulier)";;;;;""
2021;454;"88";"88349";"Plainfaing";"2021-04-24 19:40:00";20;20;;0;;;0;0;0;0;"Estimées";;;;;;;""
2021;1221;"89";"89268";"Mont-Saint-Sulpice";"2021-04-24 20:12:00";1500;0;;1500;;;1500;0;0;0;"Estimées";;;;;;;""
2021;409;"23";"23189";"Saint-Dizier-Masbaraud";"2021-04-24 21:01:00";5000;0;;5000;;;5000;0;0;0;"Estimées";;"Involontaire (particulier)";;;;;""
2021;4968;"06";"06126";"Saint-Martin-du-Var";"2021-04-24 21:25:00";80;;80;;;;;;;;;"1";"Involontaire (particulier)";;;;;""
2021;455;"88";"88203";"Girecourt-sur-Durbion";"2021-04-25 02:13:00";100;100;;0;;;0;0;0;0;"Estimées";;;;;;;""
2021;6151;"11";"11261";"Moux";"2021-04-25 08:05:00";7;;;;;;;;;;;;;;;;;""
2021;2261;"47";"47209";"Pont-du-Casse";"2021-04-25 08:33:05";5000;5000;;0;;;0;;;0;;;"Involontaire (particulier)";;;;;""
2021;267;"81";"81231";"Rouairoux";"2021-04-25 10:14:00";10;10;;0;;;0;0;0;0;"Estimées";;;;;;;""
2021;2102;"12";"12147";"Montagnol";"2021-04-25 12:00:00";20000;0;;20000;;;20000;0;0;0;"Estimées";;;;;;;"Données partielles ou non valides"
2021;4892;"83";"83003";"Ampus";"2021-04-25 12:18:00";3000;3000;;;;;;;;;;"5";"Naturelle";;;;;""
2021;449;"88";"88317";"Moussey";"2021-04-25 12:33:00";10000;0;;10000;;;10000;0;0;0;"Estimées";;"Involontaire (particulier)";;;;;""
2021;992;"87";"87181";"Saint-Sulpice-Laurière";"2021-04-25 13:05:00";20000;0;;20000;;;20000;0;0;0;"Mesurées";;;;;;;""
2021;1574;"72";"72127";"Étival-lès-le-Mans";"2021-04-25 13:14:00";100;0;;100;;;100;0;0;0;"Estimées";;;;;;;""
2021;4665;"2A";"2A359";"Zicavo";"2021-04-25 13:17:00";30000;;30000;;;;;;;;;;;;;;;""
2021;1722;"41";"41136";"Mer";"2021-04-25 14:06:00";10;0;;10;;;10;0;0;0;"Estimées";;;;;;;""
2021;398;"77";"77186";"Fontainebleau";"2021-04-25 14:12:00";10;10;;0;;;0;0;0;0;"Estimées";;;;;;;""
2021;1723;"41";"41071";"Crouy-sur-Cosson";"2021-04-25 14:14:00";500;0;;500;;;500;0;0;0;"Estimées";;"Accidentelle";;;;;""
2021;266;"49";"49041";"Brain-sur-Allonnes";"2021-04-25 14:35:00";15000;15000;;0;;;0;0;0;0;"Estimées";;;;;;;""
2021;557;"23";"23095";"Le Grand-Bourg";"2021-04-25 15:00:00";500;500;;0;;;0;0;0;0;"Mesurées";;"Involontaire (travaux)";;;;;""
2021;1724;"41";"41018";"Blois";"2021-04-25 15:04:00";40;0;;40;;;40;0;0;0;"Estimées";;;;;;;""
2021;1380;"63";"63336";"Saint-Donat";"2021-04-25 15:15:00";21500;21500;;0;;;0;0;0;0;"Mesurées";;"Accidentelle";;;;;""
2021;293;"08";"08105";"Charleville-Mézières";"2021-04-25 17:27:00";15000;15000;;0;;;0;0;0;0;"Estimées";;;;;;;""
2021;399;"77";"77186";"Fontainebleau";"2021-04-25 17:40:00";2;2;;0;;;0;0;0;0;"Mesurées";;;;;;;""
2021;558;"23";"23024";"Blessac";"2021-04-26 06:17:00";10;10;;0;;;0;0;0;0;"Mesurées";;"Involontaire (travaux)";;;;;""
2021;4695;"2B";"2B343";"Venzolasca";"2021-04-26 10:07:00";30000;;;;;;;;;;;;;;;;;""
2021;373;"39";"39177";"Hauteroche";"2021-04-26 13:35:00";400;0;;300;;;300;100;0;100;"Estimées";;;;;;;""
2021;430;"08";"08081";"Bogny-sur-Meuse";"2021-04-26 13:46:00";65000;65000;;0;;;0;0;0;0;"Mesurées";;;;;;;""
2021;4729;"2A";"2A345";"Vero";"2021-04-26 13:56:00";50;;50;;;;;;;;;;"Involontaire (particulier)";;;;;""
2021;6152;"11";"11069";"Carcassonne";"2021-04-26 15:28:00";6000;;;;;;;;;;;;;;;;;""
2021;4731;"2A";"2A211";"Petreto-Bicchisano";"2021-04-26 15:31:00";1;;1;;;;;;;;;;;;;;;""
2021;400;"77";"77490";"Vendrest";"2021-04-26 15:52:00";20000;20000;;0;;;0;0;0;0;"Estimées";;;;;;;""
2021;4732;"2A";"2A031";"Bastelica";"2021-04-26 16:20:00";200;;200;;;;;;;;;;;;;;;""
2021;404;"77";"77186";"Fontainebleau";"2021-04-27 10:24:00";1;1;;0;;;0;0;0;0;"Mesurées";;"Involontaire (particulier)";;;;;""
2021;371;"49";"49341";"Souzay-Champigny";"2021-04-27 13:32:00";15000;0;;15000;;;15000;0;0;0;"Estimées";;;;;;;""
2021;560;"23";"23035";"Budelière";"2021-04-27 14:03:00";500;500;;0;;;0;0;0;0;"Mesurées";;"Involontaire (travaux)";;;;;""
2021;1910;"38";"38452";"Saint-Romain-de-Surieu";"2021-04-27 16:48:00";100;0;;100;;;100;0;0;0;"Estimées";;;;;;;""
2021;372;"21";"21071";"Bèze";"2021-04-27 17:27:00";10000;10000;;0;;;0;0;0;0;"Estimées";;;;;;;""
2021;9319;"84";"84096";"Rasteau";"2021-04-27 22:45:00";300;300;;;;;;;;;;;"Involontaire (travaux)";;;;;""
2021;464;"17";"17051";"Le Bois-Plage-en-Ré";"2021-04-28 01:38:00";3000;3000;;0;;;0;0;0;0;"Estimées";;"Accidentelle";;;;;""
2021;405;"77";"77186";"Fontainebleau";"2021-04-28 12:57:00";1000;1000;;0;;;0;0;0;0;"Estimées";;;;;;;""
2021;2000;"38";"38244";"Monsteroux-Milieu";"2021-04-28 15:43:00";1500;1500;;0;;;0;0;0;0;"Estimées";;;;;;;""
2021;2921;"33";"33366";"Saint-André-de-Cubzac";"2021-04-28 17:53:00";50;50;;0;;;0;;;0;;;"Involontaire (particulier)";;;;;""
2021;4718;"30";"30128";"Générac";"2021-04-28 18:33:00";500;;;;;;;;;;;;;;;;;""
2021;1575;"72";"72058";"Changé";"2021-04-29 13:02:00";5;5;;0;;;0;0;0;0;"Estimées";;;;;;;""
2021;1487;"88";"88487";"Le Val-d'Ajol";"2021-04-29 15:00:00";100;100;;0;;;0;0;0;0;"Estimées";;"Involontaire (particulier)";;;;;""
2021;1576;"72";"72223";"Noyen-sur-Sarthe";"2021-04-29 18:09:00";50;0;;50;;;50;0;0;0;"Estimées";;"Involontaire (particulier)";;;;;""
2021;621;"29";"29025";"Cast";"2021-04-30 14:50:00";250;0;;50;;;50;200;0;200;"Estimées";;"Involontaire (travaux)";;;;;""
2021;436;"08";"08328";"Nouzonville";"2021-04-30 17:06:00";10400;10400;;0;;;0;0;0;0;"Mesurées";;;;;;;""
2021;696;"29";"29018";"Brennilis";"2021-05-01 15:41:00";5000;0;;5000;;;5000;0;0;0;"Estimées";;"Involontaire (travaux)";;;;;""
2021;465;"17";"17279";"Plassac";"2021-05-02 13:10:00";6000;6000;;0;;;0;0;0;0;"Mesurées";;;;;;;""
2021;6153;"11";"11024";"Bages";"2021-05-02 14:48:00";19700;;;;;;;;;;;;;;;;;""
2021;1729;"41";"41185";"Pruniers-en-Sologne";"2021-05-02 18:27:00";15;0;;15;;;15;0;0;0;"Estimées";;"Involontaire (travaux)";;;;;""
2021;2924;"33";"33253";"Loupiac";"2021-05-02 20:34:00";100;100;;0;;;0;;;0;;;"Involontaire (particulier)";;;;;""
2021;2927;"33";"33090";"Canéjan";"2021-05-03 09:37:00";20;20;;0;;;0;;;0;;;"Involontaire (travaux)";;;;;""
2021;699;"29";"29137";"Logonna-Daoulas";"2021-05-03 12:36:00";25;0;;25;;;25;0;0;0;"Mesurées";;;;;;;""
2021;1730;"41";"41211";"Saint-Georges-sur-Cher";"2021-05-03 13:49:00";40000;40000;;0;;;0;0;0;0;"Estimées";;;;;;;""
2021;384;"37";"37118";"Huismes";"2021-05-03 14:00:00";500;0;;500;;;500;0;0;0;"Estimées";;;;;;;""
2021;1732;"41";"41189";"Rilly-sur-Loire";"2021-05-03 14:12:00";15000;0;;15000;;;15000;0;0;0;"Estimées";;"Involontaire (travaux)";;;;;""
2021;3049;"24";"24137";"Coulaures";"2021-05-03 15:24:00";20000;20000;;0;;;0;;;;;;;;;;;""
2021;6154;"11";"11027";"Barbaira";"2021-05-03 16:48:00";500;;;;;;;;;;;;;;;;;""
2021;2926;"33";"33550";"Villenave-d'Ornon";"2021-05-03 17:18:00";6000;6000;;0;;;0;;;0;;;"Involontaire (particulier)";;;;;""
2021;1733;"41";"41235";"Sargé-sur-Braye";"2021-05-03 18:16:00";45;45;;0;;;0;0;0;0;"Estimées";;;;;;;""
2021;2747;"40";"40217";"Parentis-en-Born";"2021-05-03 19:16:00";3000;3000;;0;;;0;;;0;;;;;;;;""
2021;1734;"41";"41174";"Périgny";"2021-05-03 19:49:00";500;500;;0;;;0;0;0;0;"Estimées";;;;;;;""
2021;383;"81";"81192";"Murat-sur-Vèbre";"2021-05-03 21:34:00";600;0;;600;;;600;0;0;0;"Estimées";;;;;;;""
2021;393;"46";"46032";"Boissières";"2021-05-04 18:47:00";3000;0;;3000;;;3000;0;0;0;"Estimées";;;;;;;""
2021;438;"08";"08361";"Renwez";"2021-05-04 20:06:00";300;0;;300;;;300;0;0;0;"Estimées";;"Involontaire (particulier)";;;;;""
2021;6155;"11";"11148";"Fontcouverte";"2021-05-05 14:57:00";200;;;;;;;;;;;;;;;;;""
2021;439;"08";"08361";"Renwez";"2021-05-05 21:18:00";2000;0;;2000;;;2000;0;0;0;"Estimées";;"Involontaire (particulier)";;;;;""
2021;440;"08";"08212";"Harcy";"2021-05-06 10:46:00";100;0;;100;;;100;0;0;0;"Estimées";;"Involontaire (particulier)";;;;;""
2021;4756;"2B";"2B354";"Vivario";"2021-05-06 14:52:00";200;;;;;;;;;;;;;;;;;""
2021;1577;"72";"72291";"Saint-Jean-de-la-Motte";"2021-05-06 17:41:00";200;200;;0;;;0;0;0;0;"Estimées";;"Accidentelle";;;;;""
2021;5380;"13";"13001";"Aix-en-Provence";"2021-05-07 10:53:00";100;100;;;;;;;;;;"1";"Involontaire (particulier)";;;;;""
2021;6156;"11";"11068";"Capendu";"2021-05-08 07:31:00";20;;;;;;;;;;;;;;;;;""
2021;4789;"05";"05077";"Molines-en-Queyras";"2021-05-08 15:30:00";55000;4300;50700;;;;;;;;;"4";"Involontaire (particulier)";;;;;""
2021;427;"81";"81038";"Brens";"2021-05-08 18:03:00";200;0;;200;;;200;0;0;0;"Estimées";;;;;;;""
2021;5425;"66";"66088";"Ille-sur-Têt";"2021-05-08 20:24:00";6000;;6000;;;;;;;;;"2";"Involontaire (particulier)";;;;;""
2021;1578;"72";"72226";"Oizé";"2021-05-08 21:26:00";500;500;;0;;;0;0;0;0;"Estimées";;;;;;;""
2021;6157;"11";"11068";"Capendu";"2021-05-09 00:57:00";2000;;;;;;;;;;;;;;;;;""
2021;5080;"26";"26367";"Venterol";"2021-05-09 13:11:00";2500;;;;;;;;;;;;;;;;;""
2021;599;"15";"15108";"Val d'Arcomie";"2021-05-09 14:18:00";100;100;;0;;;0;0;0;0;"Mesurées";;;;;;;""
2021;2001;"38";"38294";"Panossas";"2021-05-09 15:26:00";100;0;;100;;;100;0;0;0;"Estimées";;"Accidentelle";;;;;""
2021;6158;"11";"11262";"Narbonne";"2021-05-09 16:42:00";50;;;;;;;;;;;;;;;;;""
2021;4899;"2A";"2A018";"Arbellara";"2021-05-09 17:39:00";1;;1;;;;;;;;;;;;;;;""
2021;6159;"11";"11048";"Boutenac";"2021-05-09 22:33:00";10;;;;;;;;;;;;;;;;;""
2021;4900;"2A";"2A249";"Propriano";"2021-05-10 08:03:00";450;;450;;;;;;;;;;"Involontaire (particulier)";;;;;""
2021;4902;"2A";"2A247";"Porto-Vecchio";"2021-05-10 08:16:00";10;;10;;;;;;;;;;;;;;;""
2021;4901;"2A";"2A276";"Serra-di-Ferro";"2021-05-10 12:19:00";200;;200;;;;;;;;;;"Involontaire (particulier)";;;;;""
2021;4903;"2A";"2A065";"Cargèse";"2021-05-10 13:41:00";50;;50;;;;;;;;;;"Involontaire (particulier)";;;;;""
2021;2002;"38";"38182";"Le Grand-Lemps";"2021-05-11 21:17:00";100;0;;100;;;100;0;0;0;"Estimées";;;;;;;""
2021;9320;"84";"84123";"Sault";"2021-05-14 09:08:00";2;2;;;;;;;;;;;"Involontaire (particulier)";;;;;""
2021;9321;"84";"84062";"Lagnes";"2021-05-14 12:31:00";4;4;;;;;;;;;;;;;;;;""
2021;6161;"11";"11202";"Leucate";"2021-05-16 09:34:00";2;;;;;;;;;;;;;;;;;""
2021;4856;"2B";"2B355";"Volpajola";"2021-05-17 10:18:00";80000;;80000;;;;;;;;;"1";"Malveillance";;;;;""
2021;5426;"66";"66058";"Corneilla-la-Rivière";"2021-05-17 10:32:00";15000;;15000;;;;;;;;;"1";"Malveillance";;;;;""
2021;4858;"2B";"2B274";"Scolca";"2021-05-17 13:15:00";49224;4000;45224;;;;;;;;;"1";"Malveillance";;;;;""
2021;4925;"83";"83107";"Roquebrune-sur-Argens";"2021-05-17 15:41:00";1000;1000;;;;;;;;;;"3";"Malveillance";;;;;""
2021;4859;"2B";"2B188";"Olmeta-di-Tuda";"2021-05-17 18:43:00";400;;;;;;;;;;;;;;;;;""
2021;5330;"13";"13001";"Aix-en-Provence";"2021-05-18 06:01:00";50;50;;;;;;;;;;"1";"Accidentelle";;;;;""
2021;5332;"13";"13039";"Fos-sur-Mer";"2021-05-18 09:51:00";200;200;;;;;;;;;;"1";"Involontaire (particulier)";;;;;""
2021;6162;"11";"11144";"Fitou";"2021-05-18 10:30:00";500;;;;;;;;;;;;;;;;;""
2021;522;"88";"88160";"Épinal";"2021-05-18 13:04:00";1;0;;1;;;1;0;0;0;"Estimées";;;;;;;""
2021;6163;"11";"11203";"Lézignan-Corbières";"2021-05-18 15:29:00";33600;;;;;;;;;;;;;;;;;""
2021;5427;"66";"66096";"Latour-de-France";"2021-05-18 15:37:00";20000;;20000;;;;;;;;;"1";"Involontaire (travaux)";;;;;""
2021;9322;"84";"84144";"Viens";"2021-05-18 15:51:00";10;10;;;;;;;;;;;;;;;;""
2021;9972;"66";"66176";"Saint-Hippolyte";"2021-05-18 17:27:00";10000;;;;;;;;;10000;;"6";;;;;;""
2021;6164;"11";"11140";"Ferrals-les-Corbières";"2021-05-18 17:55:00";2200;;;;;;;;;;;;;;;;;""
2021;2932;"33";"33012";"Arsac";"2021-05-18 19:23:00";200;200;;0;;;0;;;0;;;"Accidentelle";;;;;""
2021;4904;"2A";"2A272";"Sartène";"2021-05-18 20:37:00";10;;10;;;;;;;;;;"Malveillance";;;;;""
2021;6165;"11";"11068";"Capendu";"2021-05-18 23:02:00";173;;;;;;;;;;;;;;;;;""
2021;4862;"2B";"2B002";"Aghione";"2021-05-19 11:06:00";5000;;;;;;;;;;;;;;;;;""
2021;5428;"66";"66168";"Saint-André";"2021-05-19 14:07:00";2000;2000;;;;;;;;;;"4";"Accidentelle";;;;;""
2021;6166;"11";"11024";"Bages";"2021-05-19 16:02:00";77500;;65000;;;;;;;12500;;;;;;;;""
2021;4878;"34";"34225";"Puisserguier";"2021-05-19 18:14:00";831;;;;;;;;;;;"1";"Involontaire (particulier)";;;;;""
2021;6167;"11";"11068";"Capendu";"2021-05-19 22:11:00";1500;;;;;;;;;;;;;;;;;""
2021;5333;"13";"13081";"Rognac";"2021-05-20 03:59:00";100;100;;;;;;;;;;"1";"Malveillance";;;;;""
2021;4864;"2B";"2B346";"Vescovato";"2021-05-20 07:00:00";20000;;;;;;;;;;;;;;;;;""
2021;5334;"13";"13087";"Rousset";"2021-05-20 11:28:00";100;100;;;;;;;;;;"1";"Involontaire (particulier)";;;;;""
2021;4934;"83";"83033";"Carnoules";"2021-05-20 16:31:00";20;20;;;;;;;;;;"5";"Involontaire (particulier)";;;;;""
2021;5335;"13";"13048";"Jouques";"2021-05-21 11:54:00";100;100;;;;;;;;;;"1";"Involontaire (particulier)";;;;;""
2021;4935;"83";"83140";"Tourves";"2021-05-21 13:52:00";300;300;;;;;;;;;;"5";"Involontaire (particulier)";;;;;""
2021;4905;"2A";"2A062";"Carbuccia";"2021-05-21 18:29:00";20;;20;;;;;;;;;;"Involontaire (particulier)";;;;;""
2021;6168;"11";"11351";"Saint-Laurent-de-la-Cabrerisse";"2021-05-22 14:42:00";50500;;50500;;;;;;;;;;;;;;;""
2021;4906;"2A";"2A345";"Vero";"2021-05-22 16:53:00";50;;50;;;;;;;;;;"Involontaire (particulier)";;;;;""
2021;5430;"66";"66056";"Corbère-les-Cabanes";"2021-05-22 18:44:00";2000;;2000;;;;;;;;;"1";"Malveillance";;;;;""
2021;2933;"33";"33494";"Salaunes";"2021-05-24 18:52:00";30;5;;0;;;0;;;25;;;"Malveillance";;;;;""
2021;6190;"11";"11412";"Villardebelle";"2021-05-25 06:38:00";30;;;;;;;;;;;;;;;;;""
2021;5336;"13";"13069";"Pélissanne";"2021-05-25 13:17:00";100;100;;;;;;;;;;"1";"Involontaire (particulier)";;;;;""
2021;5337;"13";"13087";"Rousset";"2021-05-25 14:20:00";300;300;;;;;;;;;;"1";"Involontaire (particulier)";;;;;""
2021;6169;"11";"11068";"Capendu";"2021-05-25 21:03:00";2821;;;;;;;;;;;;;;;;;""
2021;4999;"2A";"2A200";"Palneca";"2021-05-26 09:01:00";150;;150;;;;;;;;;;;;;;;""
2021;4979;"2B";"2B007";"Albertacce";"2021-05-26 11:15:00";150;;;;;;;;;;;;;;;;;""
2021;5431;"66";"66214";"Tresserre";"2021-05-26 17:12:00";2000;;2000;;;;;;;;;"1";"Involontaire (travaux)";;;;;""
2021;1268;"17";"17452";"La Tremblade";"2021-05-27 07:28:00";1000;1000;;0;;;0;0;0;0;"Mesurées";;;;;;;""
2021;6170;"11";"11397";"Trèbes";"2021-05-27 14:58:00";30077;;;;;;;;;;;;;;;;;""
2021;5000;"2A";"2A266";"Salice";"2021-05-27 16:03:00";200;;200;;;;;;;;;"1";"Involontaire (particulier)";;;;;""
2021;6172;"11";"11188";"La Palme";"2021-05-27 19:39:00";1000;;;;;;;;;;;;;;;;;""
2021;2936;"33";"33382";"Saint-Christoly-de-Blaye";"2021-05-27 20:49:00";8000;8000;;0;;;0;;;0;;;;;;;;""
2021;5432;"66";"66172";"Saint-Estève";"2021-05-28 09:58:00";2000;;2000;;;;;;;;;"1";;;;;;""
2021;5035;"34";"34302";"Siran";"2021-05-28 12:28:00";4631;;4631;;;;;;;;;"1";"Involontaire (particulier)";;;;;""
2021;1911;"38";"38561";"Viriville";"2021-05-28 18:34:00";2500;2500;;0;;;0;0;0;0;"Estimées";;;;;;;""
2021;6173;"11";"11262";"Narbonne";"2021-05-28 20:06:00";50;;;;;;;;;;;;;;;;;""
2021;5433;"66";"66065";"Elne";"2021-05-29 09:59:00";4000;;4000;;;;;;;;;"1";;;;;;""
2021;5001;"2A";"2A247";"Porto-Vecchio";"2021-05-29 11:30:00";25;;25;;;;;;;;;;"Involontaire (particulier)";;;;;""
2021;5339;"13";"13114";"Ventabren";"2021-05-29 14:41:00";500;500;;;;;;;;;;"1";"Involontaire (particulier)";;;;;""
2021;6174;"11";"11188";"La Palme";"2021-05-29 16:43:00";150;;;;;;;;;;;;;;;;;""
2021;526;"88";"88098";"Chaumousey";"2021-05-29 20:27:00";1;1;;0;;;0;0;0;0;"Estimées";;;;;;;""
2021;5338;"13";"13014";"Berre-l'Étang";"2021-05-29 22:38:00";200;200;;;;;;;;;;"1";"Accidentelle";;;;;""
2021;1736;"41";"41269";"Vendôme";"2021-05-30 07:43:00";10;0;;10;;;10;0;0;0;"Estimées";;;;;;;""
2021;5039;"34";"34135";"Lespignan";"2021-05-30 12:23:00";340439;;340439;;;;;;;;;"1";"Involontaire (particulier)";;;;;""
2021;5371;"13";"13009";"La Barben";"2021-05-30 16:17:00";30;30;;;;;;;;;;"1";"Involontaire (particulier)";;;;;""
2021;5040;"34";"34341";"Villeveyrac";"2021-05-30 16:57:00";1333;;1333;;;;;;;;;"1";"Malveillance";;;;;""
2021;994;"87";"87041";"Châteauponsac";"2021-05-30 18:00:00";5000;0;;5000;;;5000;0;0;0;"Estimées";;;;;;;""
2021;6175;"11";"11363";"Saint-Pierre-des-Champs";"2021-05-30 18:10:00";300;;;;;;;;;;;;;;;;;""
2021;6176;"11";"11262";"Narbonne";"2021-05-30 19:27:00";100;;;;;;;;;;;;;;;;;""
2021;631;"88";"88413";"Saint-Dié-des-Vosges";"2021-05-31 13:12:00";1;1;;0;;;0;0;0;0;"Estimées";;;;;;;""
2021;4995;"2B";"2B057";"Canale-di-Verde";"2021-05-31 13:25:00";20000;;;;;;;;;;;;;;;;;""
2021;6177;"11";"11255";"Montredon-des-Corbières";"2021-05-31 13:30:00";300;;;;;;;;;;;;;;;;;""
2021;1395;"45";"45054";"Briarres-sur-Essonne";"2021-05-31 13:44:00";150000;0;;150000;;;150000;0;0;0;"Estimées";;;;;;;""
2021;4997;"2B";"2B355";"Volpajola";"2021-05-31 14:53:00";20000;;;;;;;;;;;;;;;;;""
2021;1738;"41";"41126";"Mareuil-sur-Cher";"2021-05-31 16:29:00";60;0;;60;;;60;0;0;0;"Mesurées";;;;;;;""
2021;3473;"86";"86049";"Chalais";"2021-05-31 16:34:24";120;20;;0;;;0;;;100;;;"Accidentelle";;;;;""
2021;1740;"41";"41102";"Houssay";"2021-05-31 17:57:00";30;0;;30;;;30;0;0;0;"Estimées";;"Involontaire (particulier)";;;;;""
2021;2940;"33";"33382";"Saint-Christoly-de-Blaye";"2021-05-31 21:14:00";2000;2000;;0;;;0;;;0;;;;;;;;""
2021;5340;"13";"13117";"Vitrolles";"2021-05-31 21:59:00";5;5;;;;;;;;;;"1";"Malveillance";;;;;""
2021;6178;"11";"11262";"Narbonne";"2021-05-31 22:08:00";10;;;;;;;;;;;;;;;;;""
2021;5341;"13";"13022";"Cassis";"2021-06-01 06:51:00";10;10;;;;;;;;;;"1";"Involontaire (particulier)";;;;;""
2021;2687;"40";"40200";"Moustey";"2021-06-01 08:50:00";700;700;;0;;;0;;;0;;;"Involontaire (travaux)";;;;;""
2021;5091;"2A";"2A004";"Ajaccio";"2021-06-01 13:57:00";15;;15;;;;;;;;;;"Involontaire (particulier)";;;;;""
2021;565;"49";"49045";"La Breille-les-Pins";"2021-06-01 14:14:00";150000;150000;;0;;;0;0;0;0;"Estimées";;;;;;;""
2021;5435;"66";"66015";"Banyuls-dels-Aspres";"2021-06-01 15:33:00";4000;;4000;;;;;;;;;"1";;;;;;""
2021;2941;"33";"33203";"Hourtin";"2021-06-01 16:40:00";1000;1000;;0;;;0;;;0;;;"Naturelle";;;;;""
2021;1913;"38";"38524";"Varces-Allières-et-Risset";"2021-06-03 08:19:00";100;0;;100;;;100;0;0;0;"Estimées";;;;;;;""
2021;5076;"34";"34206";"Poilhes";"2021-06-03 15:56:00";3235;;3235;;;;;;;;;"1";"Involontaire (particulier)";;;;;""
2021;5092;"2A";"2A103";"Cuttoli-Corticchiato";"2021-06-03 18:12:00";1095;;1095;;;;;;;;;;;;;;;""
2021;5436;"66";"66012";"Baho";"2021-06-03 19:00:00";10000;;10000;;;;;;;;;"1";;;;;;""
2021;5343;"13";"13053";"Mallemort";"2021-06-03 19:24:00";200;200;;;;;;;;;;"1";;;;;;""
2021;5093;"2A";"2A028";"Balogna";"2021-06-03 20:35:00";50;;50;;;;;;;;;;;;;;;""
2021;5094;"2A";"2A092";"Conca";"2021-06-03 21:45:00";50;;50;;;;;;;;;;;;;;;""
2021;5095;"2A";"2A266";"Salice";"2021-06-04 17:50:00";50;;50;;;;;;;;;;"Involontaire (travaux)";;;;;""
2021;5097;"2A";"2A198";"Ota";"2021-06-04 19:42:00";6;;6;;;;;;;;;"3";;;;;;""
2021;5098;"2A";"2A130";"Grosseto-Prugna";"2021-06-05 13:32:00";400;;400;;;;;;;;;;"Involontaire (particulier)";;;;;""
2021;5344;"13";"13098";"Saint-Mitre-les-Remparts";"2021-06-05 15:28:00";1000;1000;;;;;;;;;;"1";"Involontaire (particulier)";;;;;""
2021;5099;"2A";"2A336";"Valle-di-Mezzana";"2021-06-05 16:40:00";20;;20;;;;;;;;;"1";"Accidentelle";;;;;""
2021;9323;"84";"84045";"Faucon";"2021-06-05 21:33:00";20;20;;;;;;;;;;;;;;;;""
2021;2007;"38";"38561";"Viriville";"2021-06-05 21:46:00";50;0;;50;;;50;0;0;0;"Estimées";;;;;;;""
2021;5100;"2A";"2A278";"Serra-di-Scopamène";"2021-06-06 01:00:00";10;;10;;;;;;;;;;;;;;;""
2021;5437;"66";"66224";"Villelongue-de-la-Salanque";"2021-06-06 10:09:00";15000;;15000;;;;;;;;;"1";"Accidentelle";;;;;""
2021;677;"77";"77186";"Fontainebleau";"2021-06-06 12:00:00";1;1;;0;;;0;0;0;0;"Mesurées";;"Involontaire (particulier)";;;;;""
2021;5346;"13";"13108";"Tarascon";"2021-06-06 14:34:00";40;40;;;;;;;;;;"1";"Malveillance";;;;;""
2021;5051;"30";"30311";"Sauve";"2021-06-06 14:35:00";8000;;;;;;;;;;;;;;;;;""
2021;6189;"11";"11068";"Capendu";"2021-06-06 16:18:00";7723;;;;;;;;;;;;;;;;;""
2021;2715;"40";"40200";"Moustey";"2021-06-06 17:20:00";2000;2000;;0;;;0;;;0;;;;;;;;""
2021;5137;"34";"34206";"Poilhes";"2021-06-07 10:43:00";560104;;560104;;;;;;;;;"1";"Malveillance";;;;;""
2021;5138;"34";"34135";"Lespignan";"2021-06-07 12:23:00";188475;;188475;;;;;;;;;"1";"Malveillance";;;;;""
2021;5347;"13";"13063";"Miramas";"2021-06-07 12:29:00";100;100;;;;;;;;;;"1";;;;;;""
2021;5349;"13";"13047";"Istres";"2021-06-08 12:45:00";10000;10000;;;;;;;;;;"1";"Involontaire (particulier)";;;;;""
2021;5128;"34";"34138";"Lieuran-Cabrières";"2021-06-08 14:05:00";8975;;8975;;;;;;;;;"1";"Malveillance";;;;;""
2021;7984;"07";"07210";"Saint-Andéol-de-Vals";"2021-06-08 15:35:00";1000;1000;;;;;;;;;;"5";;;;;;""
2021;2686;"40";"40152";"Lesperon";"2021-06-08 15:35:00";500;500;;0;;;0;;;0;;;;;;;;""
2021;5438;"66";"66214";"Tresserre";"2021-06-08 17:18:00";8000;8000;;;;;;;;;;"4";"Involontaire (travaux)";;;;;""
2021;5348;"13";"13063";"Miramas";"2021-06-08 19:36:00";15000;15000;;;;;;;;;;"1";"Malveillance";;;;;""
2021;678;"77";"77339";"Noisy-sur-École";"2021-06-09 08:51:00";500;500;;0;;;0;0;0;0;"Estimées";;;;;;;""
2021;5439;"66";"66214";"Tresserre";"2021-06-09 12:06:00";4000;4000;;;;;;;;;;"4";"Accidentelle";;;;;""
2021;5441;"66";"66015";"Banyuls-dels-Aspres";"2021-06-09 12:12:00";30000;10000;20000;;;;;;;;;"2";"Involontaire (travaux)";;;;;""
2021;5442;"66";"66049";"Céret";"2021-06-09 14:21:00";2000;1000;1000;;;;;;;;;"3";"Involontaire (travaux)";;;;;""
2021;5443;"66";"66129";"Ortaffa";"2021-06-09 15:06:00";15000;;15000;;;;;;;;;"1";;;;;;""
2021;6179;"11";"11426";"Villegly";"2021-06-09 15:24:00";19311;;;;;;;;;;;;;;;;;""
2021;600;"15";"15142";"Neuvéglise-sur-Truyère";"2021-06-09 19:01:00";10;0;;10;;;10;0;0;0;"Mesurées";;"Involontaire (particulier)";;;;;""
2021;1854;"74";"74173";"Megève";"2021-06-09 20:17:00";10;0;;10;;;10;0;0;0;"Estimées";;;;;;;""
2021;5367;"13";"13117";"Vitrolles";"2021-06-10 01:25:00";300;300;;;;;;;;;;"1";;;;;;""
2021;9324;"84";"84084";"La Motte-d'Aigues";"2021-06-10 10:30:00";500;500;;;;;;;;;;;"Involontaire (travaux)";;;;;""
2021;5114;"30";"30031";"La Bastide-d'Engras";"2021-06-10 14:12:00";100;;;;;;;;;;;;;;;;;""
2021;5351;"13";"13087";"Rousset";"2021-06-10 17:04:00";10;10;;;;;;;;;;"1";"Naturelle";;;;;""
2021;576;"81";"81116";"Labastide-Saint-Georges";"2021-06-10 17:08:00";1500;500;;0;;;0;0;1000;1000;"Estimées";;"Involontaire (travaux)";;;;;""
2021;5350;"13";"13110";"Trets";"2021-06-10 17:58:00";20;20;;;;;;;;;;"1";"Naturelle";;;;;""
2021;7772;"11";"11170";"Gruissan";"2021-06-10 18:28:00";200;;;;;;;;;;;;;;;;;""
2021;5352;"13";"13028";"La Ciotat";"2021-06-11 07:51:00";200;200;;;;;;;;;;"1";"Accidentelle";;;;;""
2021;5356;"13";"13026";"Châteauneuf-les-Martigues";"2021-06-11 17:30:00";300;300;;;;;;;;;;"1";"Involontaire (particulier)";;;;;""
2021;1914;"38";"38499";"Susville";"2021-06-11 17:35:00";5000;0;;5000;;;5000;0;0;0;"Estimées";;;;;;;""
2021;5355;"13";"13085";"Roquefort-la-Bédoule";"2021-06-11 18:34:00";10;10;;;;;;;;;;"1";"Involontaire (particulier)";;;;;""
2021;5444;"66";"66190";"Salses-le-Château";"2021-06-12 03:02:00";10000;;10000;;;;;;;;;"1";"Accidentelle";;;;;""
2021;6180;"11";"11315";"Rieux-Minervois";"2021-06-12 13:07:00";17916;;;;;;;;;;;;;;;;;""
2021;6181;"11";"11014";"Armissan";"2021-06-12 14:04:00";9070;;;;;;;;;;;;;;;;;""
2021;7444;"34";"34032";"Béziers";"2021-06-12 15:32:00";41598;;41598;;;;;;;;;"1";"Involontaire (travaux)";;;;;""
2021;5153;"34";"34074";"Cessenon-sur-Orb";"2021-06-12 16:06:00";2557;;2557;;;;;;;;;"1";;;;;;""
2021;5763;"2A";"2A249";"Propriano";"2021-06-12 18:54:00";30;;30;;;;;;;;;;;;;;;""
2021;640;"88";"88090";"Charmes";"2021-06-12 20:43:00";5;5;;0;;;0;0;0;0;"Estimées";;;;;;;""
2021;6183;"11";"11370";"Salles-d'Aude";"2021-06-12 23:06:00";35396;;;;;;;;;;;;;;;;;""
2021;5176;"30";"30012";"Aramon";"2021-06-13 10:21:00";21661;;;;;;;;;;;;;;;;;""
2021;676;"77";"77186";"Fontainebleau";"2021-06-13 10:42:00";1;1;;0;;;0;0;0;0;"Mesurées";;"Involontaire (particulier)";;;;;""
2021;5765;"2A";"2A091";"Cognocoli-Monticchi";"2021-06-13 11:31:00";20;;20;;;;;;;;;;;;;;;""
2021;5766;"2A";"2A181";"Ocana";"2021-06-13 11:58:00";2000;;2000;;;;;;;;;;"Involontaire (particulier)";;;;;""
2021;2943;"33";"33164";"Fargues";"2021-06-13 13:25:00";3000;3000;;0;;;0;;;0;;;;;;;;""
2021;641;"88";"88106";"Ban-sur-Meurthe-Clefcy";"2021-06-13 14:37:00";30;0;;30;;;30;0;0;0;"Estimées";;;;;;;""
2021;5126;"2B";"2B049";"Calenzana";"2021-06-13 14:39:00";15000;;;;;;;;;;;;;;;;;""
2021;2719;"40";"40167";"Luxey";"2021-06-13 14:48:00";3000;3000;;0;;;0;;;0;;;;;;;;""
2021;5764;"2A";"2A272";"Sartène";"2021-06-13 15:31:00";200;;200;;;;;;;;;;;;;;;""
2021;5127;"2B";"2B239";"Poggio-d'Oletta";"2021-06-13 15:33:00";8000;;8000;;;;;;;;;"1";;;;;;""
2021;1397;"45";"45191";"Le Malesherbois";"2021-06-13 16:05:00";150;0;;150;;;150;0;0;0;"Estimées";;;;;;;""
2021;2693;"40";"40046";"Biscarrosse";"2021-06-13 16:37:00";30000;30000;;0;;;0;;;0;;;"Involontaire (particulier)";;;;;""
2021;5445;"66";"66024";"Le Boulou";"2021-06-13 17:08:00";2835;1000;1835;;;;;;;;;"2";"Involontaire (particulier)";;;;;""
2021;5358;"13";"13035";"Eyguières";"2021-06-13 18:40:00";600;600;;;;;;;;;;"1";"Involontaire (particulier)";;;;;""
2021;5158;"30";"30315";"Saze";"2021-06-13 19:28:00";40000;;;;;;;;;;;;;;;;;""
2021;5359;"13";"13007";"Auriol";"2021-06-13 19:34:00";40;40;;;;;;;;;;"1";"Accidentelle";;;;;""
2021;5595;"30";"30179";"Montfrin";"2021-06-13 21:23:00";1644;;;;;;;;;;;;;;;;;""
2021;5774;"2A";"2A211";"Petreto-Bicchisano";"2021-06-14 11:21:00";100;;;;;;;;;;;;"Involontaire (particulier)";;;;;""
2021;5211;"34";"34207";"Pomérols";"2021-06-14 11:46:00";15226;;15226;;;;;;;;;"1";"Accidentelle";;;;;""
2021;5360;"13";"13109";"Le Tholonet";"2021-06-14 11:55:00";2500;2500;;;;;;;;;;"1";"Involontaire (particulier)";;;;;""
2021;5446;"66";"66174";"Saint-Féliu-d'Avall";"2021-06-14 12:33:00";70000;;70000;;;;;;;;;"2";"Involontaire (travaux)";;;;;""
2021;592;"81";"81120";"Labruguière";"2021-06-14 13:09:00";150;0;;150;;;150;0;0;0;"Estimées";;;;;;;""
2021;9325;"84";"84078";"Mondragon";"2021-06-14 14:17:00";1500;1500;;;;;;;;;;;;;;;;""
2021;7773;"11";"11116";"Cuxac-d'Aude";"2021-06-14 15:01:00";5000;;;;;;;;;;;;;;;;;""
2021;5448;"66";"66006";"Ansignan";"2021-06-14 15:49:00";10000;;10000;;;;;;;;;"1";"Involontaire (travaux)";;;;;""
2021;7774;"11";"11397";"Trèbes";"2021-06-14 15:54:00";7500;;;;;;;;;;;;;;;;;""
2021;10106;"66";"66037";"Canet-en-Roussillon";"2021-06-14 16:09:00";10000;;;;;;;;;10000;;"6";;;;;;""
2021;1188;"29";"29215";"Plozévet";"2021-06-14 17:13:00";300;0;;300;;;300;0;0;0;"Mesurées";;;;;;;""
2021;7775;"11";"11226";"Mayreville";"2021-06-14 17:25:00";8000;;;;;;;;;;;;;;;;;""
2021;5775;"2A";"2A006";"Alata";"2021-06-14 18:11:00";1;;1;;;;;;;;;;"Involontaire (particulier)";;;;;""
2021;5157;"2B";"2B350";"Vignale";"2021-06-14 23:53:00";100;;;;;;;;;;;;;;;;;""
2021;644;"85";"85226";"Saint-Hilaire-de-Riez";"2021-06-15 01:23:00";200;0;;200;;;200;0;0;0;"Mesurées";;;;;;;""
2021;5361;"13";"13081";"Rognac";"2021-06-15 01:56:00";3000;3000;;;;;;;;;;"1";"Accidentelle";;;;;""
2021;5449;"66";"66227";"Villeneuve-de-la-Raho";"2021-06-15 07:14:00";4000;;4000;;;;;;;;;"1";;;;;;""
2021;5220;"2B";"2B350";"Vignale";"2021-06-15 11:26:00";10;;;;;;;;;;;;;;;;;""
2021;5203;"34";"34267";"Saint-Jean-de-Fos";"2021-06-15 12:45:00";14673;;14673;;;;;;;;;"1";"Malveillance";;;;;""
2021;5450;"66";"66011";"Bages";"2021-06-15 12:55:00";30000;;30000;;;;;;;;;"1";"Accidentelle";;;;;""
2021;2751;"40";"40281";"Saint-Pierre-du-Mont";"2021-06-15 13:20:00";500;500;;0;;;0;;;0;;;"Involontaire (travaux)";;;;;""
2021;645;"88";"88413";"Saint-Dié-des-Vosges";"2021-06-15 13:56:00";1;1;;0;;;0;0;0;0;"Estimées";;;;;;;""
2021;5362;"13";"13001";"Aix-en-Provence";"2021-06-15 15:15:00";500;500;;;;;;;;;;"1";"Involontaire (particulier)";;;;;""
2021;5223;"2B";"2B095";"Corscia";"2021-06-15 16:35:00";1500;;;;;;;;;;;;"Naturelle";;;;;""
2021;5777;"2A";"2A024";"Aullène";"2021-06-15 16:53:00";1;;1;;;;;;;;;;"Involontaire (travaux)";;;;;""
2021;2548;"64";"64024";"Anglet";"2021-06-15 17:08:28";10;;;10;;;10;;;;;;"Involontaire (particulier)";;;;;""
2021;5159;"30";"30337";"Vallabrix";"2021-06-15 19:28:00";4500;;;;;;;;;;;;;;;;;""
2021;604;"15";"15119";"Massiac";"2021-06-16 03:58:00";5000;5000;;0;;;0;0;0;0;"Estimées";;"Involontaire (travaux)";;;;;""
2021;5949;"66";"66148";"Port-Vendres";"2021-06-16 09:56:00";329600;;69400;;;;;;;260200;;"1";"Involontaire (travaux)";;;;;""
2021;5218;"34";"34032";"Béziers";"2021-06-16 13:55:00";9013;;9013;;;;;;;;;"1";"Malveillance";;;;;""
2021;5225;"2B";"2B320";"Tallone";"2021-06-16 14:02:00";10000;;;;;;;;;;;;;;;;;""
2021;5364;"13";"13112";"Velaux";"2021-06-16 15:03:00";100;100;;;;;;;;;;"1";"Involontaire (particulier)";;;;;""
2021;5778;"2A";"2A133";"Guitera-les-Bains";"2021-06-16 16:48:00";50;;50;;;;;;;;;;;;;;;""
2021;7708;"11";"11210";"Luc-sur-Orbieu";"2021-06-16 18:20:00";1448;;;;;;;;;;;;;;;;;""
2021;656;"88";"88160";"Épinal";"2021-06-16 20:35:00";1;1;;0;;;0;0;0;0;"Estimées";;;;;;;""
2021;658;"88";"88090";"Charmes";"2021-06-17 10:04:00";1;1;;0;;;0;0;0;0;"Estimées";;;;;;;""
2021;7709;"11";"11299";"Preixan";"2021-06-17 11:04:00";3000;;;;;;;;;;;;;;;;;""
2021;626;"08";"08242";"Laifour";"2021-06-17 21:55:00";900;0;;900;;;900;0;0;0;"Estimées";;;;;;;""
2021;5779;"2A";"2A098";"Coti-Chiavari";"2021-06-18 00:10:00";1;;1;;;;;;;;;;"Involontaire (particulier)";;;;;""
2021;5452;"66";"66136";"Perpignan";"2021-06-18 10:34:00";30000;;30000;;;;;;;;;"1";;;;;;""
2021;5780;"2A";"2A048";"Calcatoggio";"2021-06-18 13:10:00";100;;100;;;;;;;;;"1";"Involontaire (particulier)";;;;;""
2021;5233;"2B";"2B049";"Calenzana";"2021-06-18 15:29:00";8000;8000;;;;;;;;;;"3";"Malveillance";;;;;""
2021;659;"88";"88447";"Saulxures-sur-Moselotte";"2021-06-18 19:44:00";1;1;;0;;;0;0;0;0;"Estimées";;;;;;;""
2021;2011;"38";"38232";"Meyssiez";"2021-06-19 00:29:00";20;0;;20;;;20;0;0;0;"Estimées";;"Accidentelle";;;;;""
2021;5387;"13";"13055";"Marseille";"2021-06-19 05:38:00";450;;450;;;;;;;;;"1";;;;;;""
2021;756;"08";"08242";"Laifour";"2021-06-19 12:45:00";20;0;;20;;;20;0;0;0;"Estimées";;"Involontaire (travaux)";;;;;""
2021;628;"46";"46148";"Lalbenque";"2021-06-19 17:18:00";10000;0;;10000;;;10000;0;0;0;"Estimées";;"Involontaire (travaux)";;;;;""
2021;5453;"66";"66016";"Banyuls-sur-Mer";"2021-06-19 19:39:00";2000;2000;;;;;;;;;;"4";"Malveillance";;;;;""
2021;8581;"13";"13082";"Rognes";"2021-06-19 20:26:00";50;50;;;;;;;;;;"1";;;;;;""
2021;5782;"2A";"2A062";"Carbuccia";"2021-06-20 13:00:00";50;;50;;;;;;;;;;"Involontaire (travaux)";;;;;""
2021;8582;"13";"13106";"Septèmes-les-Vallons";"2021-06-20 21:26:00";20;20;;;;;;;;;;"1";;;;;;""
2021;9327;"84";"84101";"La Roque-sur-Pernes";"2021-06-21 15:29:00";2;2;;;;;;;;;;;"Involontaire (travaux)";;;;;""
2021;8585;"13";"13022";"Cassis";"2021-06-21 18:11:00";10;10;;;;;;;;;;"1";"Involontaire (particulier)";;;;;""
2021;5783;"2A";"2A247";"Porto-Vecchio";"2021-06-21 22:55:00";20;;20;;;;;;;;;;;;;;;""
2021;6184;"11";"11272";"Palaja";"2021-06-22 15:30:00";14807;;;;;;;;;;;;;;;;;""
2021;5375;"30";"30006";"Aimargues";"2021-06-22 17:20:00";118341;8341;;;;;;;;110000;;"1";;;;;;""
2021;7710;"11";"11069";"Carcassonne";"2021-06-22 17:37:00";4;;;;;;;;;;;;;;;;;""
2021;5786;"2A";"2A247";"Porto-Vecchio";"2021-06-23 06:16:00";6;;6;;;;;;;;;;;;;;;""
2021;5580;"2B";"2B341";"Venaco";"2021-06-23 14:15:00";8000;;;;;;;;;;;;;;;;;""
2021;5725;"34";"34063";"Caux";"2021-06-23 21:19:00";6465;;6465;;;;;;;;;"1";"Malveillance";;;;;""
2021;8586;"13";"13088";"Le Rove";"2021-06-23 23:48:00";15;15;;;;;;;;;;"1";"Involontaire (particulier)";;;;;""
2021;5617;"13";"13055";"Marseille";"2021-06-24 11:21:00";17000;17000;;;;;;;;;;"3";"Accidentelle";;;;;""
2021;5726;"34";"34332";"Vias";"2021-06-24 15:19:00";19660;;19660;;;;;;;;;"1";"Malveillance";;;;;""
2021;8587;"13";"13039";"Fos-sur-Mer";"2021-06-24 17:46:00";50;50;;;;;;;;;;"1";"Malveillance";;;;;""
2021;6482;"66";"66050";"Claira";"2021-06-25 13:53:00";40000;;;;;;;;;40000;;;;;;;;""
2021;6185;"11";"11040";"Bizanet";"2021-06-25 15:23:00";161054;50254;110800;;;;;;;;;;;;;;;""
2021;5788;"2A";"2A004";"Ajaccio";"2021-06-25 15:27:00";54000;;50000;;;;;;;4000;;"1";"Involontaire (particulier)";;;;;""
2021;5787;"2A";"2A288";"Sotta";"2021-06-25 15:27:00";341;;341;;;;;;;;;;"Malveillance";;;;;""
2021;10105;"66";"66176";"Saint-Hippolyte";"2021-06-25 16:31:00";10000;;;;;;;;;10000;;"6";"Malveillance";;;;;""
2021;6248;"83";"83068";"Grimaud";"2021-06-25 16:54:00";100;100;;;;;;;;;;"3";"Involontaire (particulier)";;;;;""
2021;8589;"13";"13051";"Lançon-Provence";"2021-06-25 18:20:00";70;70;;;;;;;;;;"1";;;;;;""
2021;5789;"2A";"2A362";"Zonza";"2021-06-26 09:04:00";1;;1;;;;;;;;;;"Malveillance";;;;;""
2021;5790;"2A";"2A345";"Vero";"2021-06-26 09:17:00";1;;1;;;;;;;;;;"Involontaire (particulier)";;;;;""
2021;5577;"34";"34080";"Colombières-sur-Orb";"2021-06-26 13:43:00";16243;;16243;;;;;;;;;"1";;;;;;""
2021;6186;"11";"11170";"Gruissan";"2021-06-26 14:04:00";500;;;;;;;;;;;;;;;;;""
2021;6187;"11";"11262";"Narbonne";"2021-06-26 15:58:00";13519;;;;;;;;;;;;;;;;;""
2021;8590;"13";"13103";"Salon-de-Provence";"2021-06-26 17:45:00";9800;9400;140;;;;;;;260;;"1";;;;;;""
2021;1919;"38";"38553";"Villefontaine";"2021-06-27 15:57:00";20;0;;20;;;20;0;0;0;"Estimées";;;;;;;""
2021;6485;"66";"66149";"Prades";"2021-06-27 17:22:00";1390;1390;;;;;;;;;;"4";"Malveillance";;;;;""
2021;1920;"38";"38298";"Le Péage-de-Roussillon";"2021-06-27 17:51:00";50;0;;50;;;50;0;0;0;"Estimées";;;;;;;""
2021;6188;"11";"11311";"Ribaute";"2021-06-27 19:56:00";50;;;;;;;;;;;;;;;;;""
2021;8593;"13";"13108";"Tarascon";"2021-06-28 01:48:00";100;100;;;;;;;;;;"1";"Accidentelle";;;;;""
2021;6270;"34";"34302";"Siran";"2021-06-28 05:05:00";491;491;;;;;;;;;;"4";"Malveillance";;;;;""
2021;8595;"13";"13004";"Arles";"2021-06-28 09:51:00";400;400;;;;;;;;;;"1";"Involontaire (particulier)";;;;;""
2021;8602;"13";"13091";"Saint-Cannat";"2021-06-28 11:07:00";10;10;;;;;;;;;;"1";;;;;;""
2021;6254;"83";"83153";"Saint-Mandrier-sur-Mer";"2021-06-28 11:13:00";3500;3500;;;;;;;;;;"4";"Involontaire (particulier)";;;;;""
2021;6288;"13";"13055";"Marseille";"2021-06-28 13:39:00";5000;;;;;;;;;5000;;"2";"Malveillance";;;;;""
2021;6493;"66";"66231";"Vingrau";"2021-06-28 14:48:00";12400;;12400;;;;;;;;;"1";"Malveillance";;;;;""
2021;2737;"40";"40222";"Pey";"2021-06-28 19:40:00";100;100;;0;;;0;;;0;;;;;;;;""
2021;6287;"13";"13055";"Marseille";"2021-06-28 22:44:00";200;;200;;;;;;;;;"1";;;;;;""
2021;8600;"13";"13044";"Grans";"2021-06-29 14:20:00";100;100;;;;;;;;;;"1";"Involontaire (travaux)";;;;;""
2021;6259;"83";"83028";"Callas";"2021-06-29 15:48:00";200;200;;;;;;;;;;"4";"Involontaire (travaux)";;;;;""
2021;7712;"11";"11069";"Carcassonne";"2021-06-29 18:58:00";10593;;;;;;;;;;;;;;;;;""
2021;8607;"13";"13051";"Lançon-Provence";"2021-06-30 00:27:00";4800;1400;3400;;;;;;;;;"1";;;;;;""
2021;6261;"83";"83094";"Le Plan-de-la-Tour";"2021-06-30 05:41:00";1000;1000;;;;;;;;;;"1";"Malveillance";;;;;""
2021;7713;"11";"11144";"Fitou";"2021-06-30 09:26:00";3000;;;;;;;;;;;;;;;;;""
2021;8606;"13";"13103";"Salon-de-Provence";"2021-06-30 12:39:00";20;20;;;;;;;;;;"1";"Involontaire (particulier)";;;;;""
2021;8601;"13";"13001";"Aix-en-Provence";"2021-06-30 13:37:00";100;100;;;;;;;;;;"1";;;;;;""
2021;8604;"13";"13109";"Le Tholonet";"2021-06-30 13:59:00";400;400;;;;;;;;;;"1";"Involontaire (particulier)";;;;;""
2021;8608;"13";"13028";"La Ciotat";"2021-06-30 14:16:00";10;10;;;;;;;;;;"1";"Involontaire (particulier)";;;;;""
2021;6211;"2B";"2B135";"Isolaccio-di-Fiumorbo";"2021-06-30 14:24:00";400;;;;;;;;;;;;"Involontaire (travaux)";;;;;""
2021;6267;"83";"83124";"Seillans";"2021-06-30 15:07:00";70000;70000;;;;;;;;;;"4";"Accidentelle";;;;;""
2021;7714;"11";"11261";"Moux";"2021-06-30 16:07:00";1828;;;;;;;;;;;;;;;;;""
2021;5860;"34";"34154";"Mauguio";"2021-06-30 16:13:00";9505;9505;;;;;;;;;;"3";"Malveillance";;;;;""
2021;7991;"07";"07343";"Vinezac";"2021-06-30 16:43:00";500;;500;;;;;;;;;"1";;;;;;""
2021;7715;"11";"11069";"Carcassonne";"2021-06-30 18:16:00";5156;;;;;;;;;;;;;;;;;""
2021;8603;"13";"13092";"Saint-Chamas";"2021-06-30 18:37:00";26500;15500;11000;;;;;;;;;"1";;;;;;""
2021;6703;"2A";"2A209";"Peri";"2021-06-30 19:41:00";300;;300;;;;;;;;;"1";"Accidentelle";;;;;""
2021;5865;"30";"30209";"Pujaut";"2021-06-30 22:41:00";2136;636;;;;;;;;1500;;"4";"Involontaire (particulier)";;;;;""
2021;6223;"34";"34166";"Montblanc";"2021-07-01 00:00:00";31848;;31848;;;;;;;;;"1";"Malveillance";;;;;""
2021;7716;"11";"11140";"Ferrals-les-Corbières";"2021-07-01 12:23:00";124;;;;;;;;;;;;;;;;;""
2021;6214;"2B";"2B206";"Penta-Acquatella";"2021-07-01 14:22:00";6000;;;;;;;;;;;;"Involontaire (particulier)";;;;;""
2021;8609;"13";"13005";"Aubagne";"2021-07-01 14:25:00";1200;1200;;;;;;;;;;"1";;;;;;""
2021;2125;"12";"12145";"Millau";"2021-07-01 15:00:00";600;0;;600;;;600;0;0;0;"Estimées";;"Naturelle";;;;;"Données partielles ou non valides"
2021;8610;"13";"13117";"Vitrolles";"2021-07-01 15:04:00";300;300;;;;;;;;;;"1";"Involontaire (particulier)";;;;;""
2021;955;"71";"71555";"Varennes-le-Grand";"2021-07-01 16:16:00";1;0;;1;;;1;0;0;0;"Mesurées";;;;;;;"Données partielles ou non valides"
2021;6217;"2B";"2B286";"Sorbo-Ocagnano";"2021-07-01 16:48:00";19000;19000;;;;;;;;;;"1";;;;;;""
2021;7717;"11";"11262";"Narbonne";"2021-07-01 17:42:00";20054;;;;;;;;;;;;;;;;;""
2021;6591;"26";"26135";"Ferrassières";"2021-07-01 18:06:00";2000;;;;;;;;;;;;;;;;;""
2021;7718;"11";"11069";"Carcassonne";"2021-07-01 21:04:00";6668;;;;;;;;;;;;;;;;;""
2021;10753;"13";"13075";"Plan-de-Cuques";"2021-07-01 23:44:00";100;100;;;;;;;;;;;;;;;;""
2021;8611;"13";"13071";"Les Pennes-Mirabeau";"2021-07-02 08:29:00";20;20;;;;;;;;;;"1";"Involontaire (particulier)";;;;;""
2021;6682;"06";"06073";"Isola";"2021-07-02 10:00:00";8000;;;;;;;;;;;"5";"Involontaire (travaux)";;;;;""
2021;6274;"83";"83034";"Carqueiranne";"2021-07-02 13:13:00";1000;1000;;;;;;;;;;"1";"Involontaire (particulier)";;;;;""
2021;6506;"66";"66049";"Céret";"2021-07-02 14:14:00";1260;;;;;;;;;1260;;;"Malveillance";;;;;""
2021;7719;"11";"11245";"Montgaillard";"2021-07-02 16:19:00";50;;;;;;;;;;;;;;;;;""
2021;6200;"30";"30217";"Rochefort-du-Gard";"2021-07-02 16:32:00";15432;10632;;;;;;;;4800;;"1";"Involontaire (particulier)";;;;;""
2021;8612;"13";"13053";"Mallemort";"2021-07-02 16:55:00";30;30;;;;;;;;;;"1";;;;;;""
2021;6206;"04";"04183";"Saint-Julien-du-Verdon";"2021-07-02 17:13:00";2900;2800;;;;;;;;100;;"4";"Involontaire (particulier)";;;;;""
2021;7720;"11";"11416";"Villarzel-Cabardès";"2021-07-02 17:42:00";5000;;;;;;;;;;;;;;;;;""
2021;2552;"64";"64477";"Saint-Étienne-de-Baïgorry";"2021-07-02 20:27:03";5;;;5;;;5;;;;;;"Involontaire (particulier)";;;;;""
2021;6704;"2A";"2A271";"Sarrola-Carcopino";"2021-07-03 10:34:00";20;;20;;;;;;;;;;;;;;;""
2021;6508;"66";"66071";"Estagel";"2021-07-03 11:04:00";860;;860;;;;;;;;;"1";"Malveillance";;;;;""
2021;2951;"33";"33376";"Saint-Aubin-de-Médoc";"2021-07-03 11:11:00";50;50;;0;;;0;;;0;;;"Accidentelle";;;;;""
2021;6466;"11";"11262";"Narbonne";"2021-07-03 12:10:00";1776900;599700;1177200;;;;;;;;;;;;;;;""
2021;7479;"2A";"2A130";"Grosseto-Prugna";"2021-07-03 12:39:00";100;;100;;;;;;;;;;"Involontaire (particulier)";;;;;""
2021;8614;"13";"13047";"Istres";"2021-07-03 14:01:00";10300;1100;9200;;;;;;;;;"1";"Accidentelle";;;;;""
2021;8613;"13";"13033";"Ensuès-la-Redonne";"2021-07-03 19:20:00";10;10;;;;;;;;;;"1";"Involontaire (particulier)";;;;;""
2021;6474;"04";"04166";"Riez";"2021-07-03 20:21:00";200;;;;;;;;;;;;"Involontaire (particulier)";;;;;""
2021;8615;"13";"13040";"Fuveau";"2021-07-04 19:06:00";300;300;;;;;;;;;;"1";"Involontaire (particulier)";;;;;""
2021;6278;"2B";"2B150";"Lumio";"2021-07-05 08:28:00";52500;;52500;;;;;;;;;"1";"Malveillance";;;;;""
2021;8617;"13";"13092";"Saint-Chamas";"2021-07-05 15:11:00";2;2;;;;;;;;;;"1";"Involontaire (particulier)";;;;;""
2021;7722;"11";"11170";"Gruissan";"2021-07-05 17:51:00";500;;;;;;;;;;;;;;;;;""
2021;9328;"84";"84003";"Apt";"2021-07-06 11:41:00";7800;;;;;;;;;;;;;;;;;""
2021;8619;"13";"13056";"Martigues";"2021-07-06 16:08:00";50;50;;;;;;;;;;"1";;;;;;""
2021;8618;"13";"13071";"Les Pennes-Mirabeau";"2021-07-06 17:45:00";50;50;;;;;;;;;;"1";"Involontaire (particulier)";;;;;""
2021;7455;"83";"83118";"Saint-Raphaël";"2021-07-06 19:13:00";40;40;;;;;;;;;;"5";"Involontaire (particulier)";;;;;""
2021;7485;"2A";"2A006";"Alata";"2021-07-07 12:37:00";15;;15;;;;;;;;;;"Malveillance";;;;;""
2021;6712;"30";"30140";"Lasalle";"2021-07-07 13:25:00";12;12;;;;;;;;;;"1";"Involontaire (particulier)";;;;;""
2021;7317;"06";"06079";"Mandelieu-la-Napoule";"2021-07-07 13:52:00";9500;;9500;;;;;;;;;"1";"Accidentelle";;;;;""
2021;8621;"13";"13019";"Cabriès";"2021-07-07 16:48:00";100;100;;;;;;;;;;"1";"Malveillance";;;;;""
2021;7723;"11";"11170";"Gruissan";"2021-07-07 17:58:00";900;;;;;;;;;;;;;;;;;""
2021;6290;"30";"30344";"Vergèze";"2021-07-07 18:10:00";90;90;;;;;;;;;;"4";"Involontaire (particulier)";;;;;""
2021;6366;"34";"34157";"Mèze";"2021-07-08 06:23:00";100;;;;;;;;;;;;;;;;;""
2021;6648;"2B";"2B039";"Bisinchi";"2021-07-08 07:43:00";300;;;;;;;;;;;;;;;;;""
2021;6368;"34";"34170";"Montouliers";"2021-07-08 11:22:00";1267;1267;;;;;;;;;;"4";"Involontaire (particulier)";;;;;""
2021;7724;"11";"11069";"Carcassonne";"2021-07-08 12:10:00";20;;;;;;;;;;;;;;;;;""
2021;8623;"13";"13071";"Les Pennes-Mirabeau";"2021-07-08 12:29:00";300;300;;;;;;;;;;"1";"Involontaire (particulier)";;;;;""
2021;6371;"34";"34281";"Saint-Pargoire";"2021-07-08 13:07:00";24458;24458;;;;;;;;;;"4";"Malveillance";;;;;""
2021;8624;"13";"13056";"Martigues";"2021-07-08 14:45:00";30;30;;;;;;;;;;"1";"Involontaire (travaux)";;;;;""
2021;7725;"11";"11397";"Trèbes";"2021-07-08 15:00:00";500;;;;;;;;;;;;;;;;;""
2021;7355;"66";"66012";"Baho";"2021-07-08 15:01:00";5000;;;;;;;;;5000;;"6";;;;;;""
2021;6359;"30";"30123";"Gallargues-le-Montueux";"2021-07-08 15:35:00";947;;947;;;;;;;;;"1";"Malveillance";;;;;""
2021;8625;"13";"13005";"Aubagne";"2021-07-08 18:50:00";20;20;;;;;;;;;;"1";"Malveillance";;;;;""
2021;7323;"66";"66012";"Baho";"2021-07-08 19:03:00";2000;;2000;;;;;;;;;"1";;;;;;""
2021;8622;"13";"13005";"Aubagne";"2021-07-08 20:29:00";50;50;;;;;;;;;;"1";;;;;;""
2021;7726;"11";"11069";"Carcassonne";"2021-07-09 12:03:00";1797;;;;;;;;;;;;;;;;;""
2021;6452;"34";"34310";"Thézan-lès-Béziers";"2021-07-09 13:31:00";1149;1149;;;;;;;;;;"4";"Involontaire (particulier)";;;;;""
2021;8626;"13";"13007";"Auriol";"2021-07-09 13:50:00";150;150;;;;;;;;;;"1";"Accidentelle";;;;;""
2021;7727;"11";"11048";"Boutenac";"2021-07-09 14:03:00";1000;;;;;;;;;;;;;;;;;""
2021;7728;"11";"11304";"Quillan";"2021-07-09 14:58:00";1500;;;;;;;;;;;;;;;;;""
2021;9329;"84";"84054";"L'Isle-sur-la-Sorgue";"2021-07-09 15:05:00";1;1;;;;;;;;;;;;;;;;""
2021;6411;"30";"30193";"Parignargues";"2021-07-09 15:21:00";54503;803;10800;;;;;;;42900;;"1";"Involontaire (travaux)";;;;;""
2021;7467;"83";"83133";"Tanneron";"2021-07-09 17:06:00";5;5;;;;;;;;;;"5";"Involontaire (travaux)";;;;;""
2021;6531;"66";"66190";"Salses-le-Château";"2021-07-09 17:22:00";16000;;16000;;;;;;;;;"1";"Accidentelle";;;;;""
2021;6705;"2A";"2A006";"Alata";"2021-07-09 18:29:00";70000;10000;60000;;;;;;;;;"1";"Malveillance";;;;;""
2021;6460;"34";"34036";"Le Bosc";"2021-07-10 05:34:00";2096;;2096;;;;;;;;;"1";"Accidentelle";;;;;""
2021;6654;"2B";"2B047";"Calacuccia";"2021-07-10 10:34:00";50;;;;;;;;;;;;;;;;;""
2021;7469;"83";"83121";"Salernes";"2021-07-10 11:47:00";150;150;;;;;;;;;;"4";"Involontaire (particulier)";;;;;""
2021;8631;"13";"13047";"Istres";"2021-07-10 15:29:00";7600;7600;;;;;;;;;;"1";"Involontaire (particulier)";;;;;""
2021;7488;"2A";"2A362";"Zonza";"2021-07-10 16:43:00";5;;5;;;;;;;;;;"Accidentelle";;;;;""
2021;2736;"40";"40296";"Seignosse";"2021-07-10 17:26:00";20;20;;0;;;0;;;0;;;;;;;;""
2021;8630;"13";"13073";"Peypin";"2021-07-10 18:07:00";100;100;;;;;;;;;;"1";"Malveillance";;;;;""
2021;7322;"66";"66189";"Saleilles";"2021-07-10 22:09:00";6000;;;;;;;;;6000;;"6";"Malveillance";;;;;""
2021;8632;"13";"13056";"Martigues";"2021-07-11 00:07:00";250;250;;;;;;;;;;"1";"Involontaire (particulier)";;;;;""
2021;8279;"11";"11165";"Ginoles";"2021-07-11 03:57:00";5000;;;;;;;;;;;;;;;;;""
2021;6470;"30";"30183";"Moulézan";"2021-07-11 10:34:00";74;;74;;;;;;;;;"1";"Involontaire (particulier)";;;;;""
2021;2954;"33";"33234";"Latresne";"2021-07-11 16:10:00";50;50;;0;;;0;;;0;;;;;;;;""
2021;7475;"83";"83140";"Tourves";"2021-07-11 16:50:00";50;50;;;;;;;;;;"2";"Involontaire (particulier)";;;;;""
2021;8634;"13";"13004";"Arles";"2021-07-11 20:05:00";700;700;;;;;;;;;;"1";;;;;;""
2021;8633;"13";"13001";"Aix-en-Provence";"2021-07-11 23:04:00";100;100;;;;;;;;;;"1";;;;;;""
2021;7778;"11";"11379";"Sigean";"2021-07-11 23:45:00";20;;;;;;;;;;;;;;;;;""
2021;7779;"11";"11124";"Durban-Corbières";"2021-07-12 12:50:00";6000;;;;;;;;;;;;;;;;;""
2021;8635;"13";"13040";"Fuveau";"2021-07-12 13:06:00";10;10;;;;;;;;;;"1";"Involontaire (particulier)";;;;;""
2021;6612;"34";"34281";"Saint-Pargoire";"2021-07-12 15:09:00";1066;;1066;;;;;;;;;"4";"Malveillance";;;;;""
2021;10185;"34";"34281";"Saint-Pargoire";"2021-07-12 15:10:00";543;543;;;;;;;;;;"4";"Malveillance";;;;;""
2021;7780;"11";"11269";"Ouveillan";"2021-07-12 15:44:00";1000;;;;;;;;;;;;;;;;;""
2021;6545;"66";"66044";"Castelnou";"2021-07-13 01:54:00";2000;;2000;;;;;;;;;"1";"Accidentelle";;;;;""
2021;6559;"04";"04070";"Digne-les-Bains";"2021-07-13 03:19:00";2000;;;;;;;;;;;;"Accidentelle";;;;;""
2021;7314;"13";"13055";"Marseille";"2021-07-13 09:46:00";64000;54700;9300;;;;;;;;;"5";;;;;;""
2021;2303;"47";"47315";"Trentels";"2021-07-13 11:30:39";20;20;;0;;;0;;;0;;;"Involontaire (particulier)";;;;;""
2021;8641;"13";"13030";"Cuges-les-Pins";"2021-07-13 12:12:00";200;200;;;;;;;;;;"1";"Accidentelle";;;;;""
2021;763;"85";"85163";"Noirmoutier-en-l'Île";"2021-07-13 13:40:00";10;0;;10;;;10;0;0;0;"Mesurées";;;;;;;""
2021;6575;"66";"66226";"Villemolaque";"2021-07-13 14:49:00";1430;;;;;;;;;1430;;"6";"Malveillance";;;;;""
2021;10398;"13";"13028";"La Ciotat";"2021-07-13 15:05:00";100;100;;;;;;;;;;"1";"Involontaire (particulier)";;;;;""
2021;6661;"2B";"2B096";"Corte";"2021-07-13 17:16:00";20000;;;;;;;;;;;;;;;;;""
2021;8637;"13";"13028";"La Ciotat";"2021-07-13 17:38:00";15;15;;;;;;;;;;"1";"Involontaire (particulier)";;;;;""
2021;8636;"13";"13005";"Aubagne";"2021-07-13 17:38:00";200;200;;;;;;;;;;"1";"Malveillance";;;;;""
2021;8640;"13";"13019";"Cabriès";"2021-07-13 17:46:00";50;50;;;;;;;;;;"1";;;;;;""
2021;8639;"13";"13063";"Miramas";"2021-07-13 19:47:00";100;100;;;;;;;;;;"1";"Malveillance";;;;;""
2021;6662;"2B";"2B054";"Campile";"2021-07-14 00:30:00";5000;5000;;;;;;;;;;"2";"Malveillance";;;;;""
2021;6663;"2B";"2B054";"Campile";"2021-07-14 01:37:00";8000;8000;;;;;;;;;;"2";"Malveillance";;;;;""
2021;7481;"83";"83106";"Rocbaron";"2021-07-14 02:16:00";500;500;;;;;;;;;;"5";"Malveillance";;;;;""
2021;6665;"2B";"2B002";"Aghione";"2021-07-14 10:14:00";33400;;;;;;;;;;;;"Involontaire (particulier)";;;;;""
2021;7491;"2A";"2A098";"Coti-Chiavari";"2021-07-14 12:02:00";60;;60;;;;;;;;;;"Accidentelle";;;;;""
2021;6686;"06";"06157";"Vence";"2021-07-14 12:05:00";89000;;89000;;;;;;;;;"1";"Involontaire (particulier)";;;;;""
2021;6668;"2B";"2B185";"Oletta";"2021-07-14 13:06:00";105050;25050;50000;;;;;;;30000;;"2";"Malveillance";;;;;""
2021;10754;"13";"13026";"Châteauneuf-les-Martigues";"2021-07-14 14:46:00";150;150;;;;;;;;;;"1";"Involontaire (particulier)";;;;;""
2021;8654;"13";"13041";"Gardanne";"2021-07-14 19:55:00";30;30;;;;;;;;;;"1";;;;;;""
2021;6596;"66";"66189";"Saleilles";"2021-07-14 21:31:00";30000;;;;;;;;;30000;;"6";"Involontaire (particulier)";;;;;""
2021;7315;"13";"13055";"Marseille";"2021-07-14 22:21:00";2000;;2000;;;;;;;;;"1";"Malveillance";;;;;""
2021;8655;"13";"13039";"Fos-sur-Mer";"2021-07-14 22:26:00";10;10;;;;;;;;;;"1";"Involontaire (particulier)";;;;;""
2021;8653;"13";"13075";"Plan-de-Cuques";"2021-07-14 23:00:00";10;10;;;;;;;;;;"1";"Involontaire (particulier)";;;;;""
2021;8643;"13";"13075";"Plan-de-Cuques";"2021-07-15 10:05:00";1500;1500;;;;;;;;;;"1";;;;;;""
2021;7781;"11";"11170";"Gruissan";"2021-07-15 11:58:00";20;;;;;;;;;;;;;;;;;""
2021;8658;"13";"13071";"Les Pennes-Mirabeau";"2021-07-15 12:39:00";32300;10000;22300;;;;;;;;;"1";"Accidentelle";;;;;""
2021;7494;"2A";"2A071";"Casalabriva";"2021-07-15 13:07:00";20;;20;;;;;;;;;;;;;;;""
2021;6597;"66";"66182";"Sainte-Marie-la-Mer";"2021-07-15 13:40:00";25000;;;;;;;;;25000;;"6";;;;;;""
2021;6572;"04";"04152";"Pierrevert";"2021-07-15 14:28:00";8200;700;;;;;;;;7500;;"4";"Malveillance";;;;;""
2021;6699;"34";"34226";"Quarante";"2021-07-15 16:59:00";11165;;11165;;;;;;;;;"1";"Accidentelle";;;;;""
2021;8657;"13";"13056";"Martigues";"2021-07-15 17:05:00";200;200;;;;;;;;;;"1";;;;;;""
2021;8656;"13";"13014";"Berre-l'Étang";"2021-07-15 17:20:00";100;100;;;;;;;;;;"1";"Involontaire (particulier)";;;;;""
2021;7487;"83";"83126";"La Seyne-sur-Mer";"2021-07-15 17:51:00";1000;1000;;;;;;;;;;"4";"Involontaire (particulier)";;;;;""
2021;8659;"13";"13047";"Istres";"2021-07-15 18:08:00";3;3;;;;;;;;;;"1";;;;;;""
2021;7077;"66";"66024";"Le Boulou";"2021-07-15 21:20:00";500;;500;;;;;;;;;"1";"Involontaire (particulier)";;;;;""
2021;7782;"11";"11083";"Caunettes-en-Val";"2021-07-15 21:34:00";17430;;;;;;;;;;;;;;;;;""
2021;6604;"66";"66088";"Ille-sur-Têt";"2021-07-15 21:53:00";1500;;;;;;;;;1500;;"6";"Malveillance";;;;;""
2021;8663;"13";"13081";"Rognac";"2021-07-16 04:30:00";350;350;;;;;;;;;;"1";"Malveillance";;;;;""
2021;8664;"13";"13081";"Rognac";"2021-07-16 04:41:00";1000;1000;;;;;;;;;;"1";"Malveillance";;;;;""
2021;8666;"13";"13081";"Rognac";"2021-07-16 05:05:00";200;200;;;;;;;;;;"1";"Malveillance";;;;;""
2021;7078;"66";"66008";"Argelès-sur-Mer";"2021-07-16 10:19:00";15000;;5000;;;;;;;10000;;"6";"Accidentelle";;;;;""
2021;8681;"13";"13005";"Aubagne";"2021-07-16 11:25:00";30;30;;;;;;;;;;"1";"Involontaire (particulier)";;;;;""
2021;8680;"13";"13007";"Auriol";"2021-07-16 11:55:00";20;20;;;;;;;;;;"1";"Involontaire (particulier)";;;;;""
2021;8676;"13";"13056";"Martigues";"2021-07-16 12:00:00";20;20;;;;;;;;;;"1";"Involontaire (particulier)";;;;;""
2021;7786;"11";"11307";"Raissac-d'Aude";"2021-07-16 12:15:00";50;;;;;;;;;;;;;;;;;""
2021;7785;"11";"11307";"Raissac-d'Aude";"2021-07-16 12:15:00";150;;;;;;;;;;;;;;;;;""
2021;7783;"11";"11307";"Raissac-d'Aude";"2021-07-16 12:15:00";50;;;;;;;;;;;;;;;;;""
2021;6684;"06";"06107";"La Roque-en-Provence";"2021-07-16 13:12:00";100;;;;;;;;;;;"1";"Naturelle";;;;;""
2021;9373;"84";"84003";"Apt";"2021-07-16 13:35:00";3300;;;;;;;;;;;;;;;;;""
2021;7489;"83";"83057";"Flassans-sur-Issole";"2021-07-16 13:38:00";50;50;;;;;;;;;;"4";"Involontaire (particulier)";;;;;""
2021;7080;"66";"66088";"Ille-sur-Têt";"2021-07-16 13:52:00";8100;;;;;;;;;8100;;"6";"Malveillance";;;;;""
2021;8679;"13";"13033";"Ensuès-la-Redonne";"2021-07-16 14:08:00";10;10;;;;;;;;;;"1";"Involontaire (particulier)";;;;;""
2021;8682;"13";"13069";"Pélissanne";"2021-07-16 14:36:00";500;500;;;;;;;;;;"1";"Involontaire (particulier)";;;;;""
2021;7081;"66";"66180";"Saint-Laurent-de-la-Salanque";"2021-07-16 14:58:00";15000;;;;;;;;;15000;;"6";"Malveillance";;;;;""
2021;7789;"11";"11190";"La Redorte";"2021-07-16 16:13:00";400;;;;;;;;;;;;;;;;;""
2021;8678;"13";"13056";"Martigues";"2021-07-16 16:22:00";59000;59000;;;;;;;;;;"1";"Involontaire (particulier)";;;;;""
2021;6674;"2B";"2B226";"Pietraserena";"2021-07-16 16:49:00";1;;;;;;;;;;;;"Naturelle";;;;;""
2021;7321;"66";"66115";"Montesquieu-des-Albères";"2021-07-16 17:58:00";100;;100;;;;;;;;;"1";"Malveillance";;;;;""
2021;7084;"66";"66115";"Montesquieu-des-Albères";"2021-07-16 18:00:00";870;;870;;;;;;;;;"1";"Malveillance";;;;;""
2021;8677;"13";"13075";"Plan-de-Cuques";"2021-07-16 18:23:00";100;100;;;;;;;;;;"1";;;;;;""
2021;7318;"13";"13055";"Marseille";"2021-07-16 23:05:00";300;100;200;;;;;;;;;"5";"Malveillance";;;;;""
2021;7474;"30";"30179";"Montfrin";"2021-07-16 23:33:00";341;320;;;;;;;;21;;"3";"Malveillance";;;;;""
2021;7793;"11";"11266";"Port-la-Nouvelle";"2021-07-17 02:19:00";10;;;;;;;;;;;;;;;;;""
2021;7093;"66";"66136";"Perpignan";"2021-07-17 04:34:00";20000;;;;;;;;;20000;;"6";"Malveillance";;;;;""
2021;8685;"13";"13073";"Peypin";"2021-07-17 15:09:00";800;800;;;;;;;;;;"1";"Involontaire (travaux)";;;;;""
2021;7495;"2A";"2A232";"Pila-Canale";"2021-07-17 15:12:00";1;;1;;;;;;;;;;;;;;;""
2021;8684;"13";"13077";"Port-de-Bouc";"2021-07-17 18:28:00";4;4;;;;;;;;;;"1";"Involontaire (particulier)";;;;;""
2021;9374;"84";"84113";"Saint-Martin-de-la-Brasque";"2021-07-17 19:18:00";140;;;;;;;;;;;;"Involontaire (particulier)";;;;;""
2021;7099;"66";"66045";"Catllar";"2021-07-18 10:47:00";2000;;;;;;;;;2000;;"6";;;;;;""
2021;6680;"2B";"2B195";"Ortiporio";"2021-07-18 14:20:00";100;;100;;;;;;;;;"1";"Malveillance";;;;;""
2021;6681;"2B";"2B195";"Ortiporio";"2021-07-18 14:20:00";600;;600;;;;;;;;;"1";"Malveillance";;;;;""
2021;7320;"66";"66121";"Néfiach";"2021-07-18 15:02:00";963400;434100;151400;;;;;;;377900;;"1";"Involontaire (particulier)";;;;;""
2021;7496;"83";"83063";"La Garde-Freinet";"2021-07-18 15:13:00";200;200;;;;;;;;;;"5";"Malveillance";;;;;""
2021;7268;"06";"06114";"Saint-André-de-la-Roche";"2021-07-18 15:23:00";3900;;3900;;;;;;;;;"1";"Accidentelle";;;;;""
2021;706;"81";"81019";"Assac";"2021-07-18 15:39:00";10000;0;;1000;;;1000;0;9000;9000;"Estimées";;"Accidentelle";;;;;""
2021;6638;"30";"30012";"Aramon";"2021-07-18 16:11:00";449;449;;;;;;;;;;"4";"Malveillance";;;;;""
2021;7524;"30";"30217";"Rochefort-du-Gard";"2021-07-18 17:06:00";229;229;;;;;;;;;;"4";"Malveillance";;;;;""
2021;6640;"30";"30217";"Rochefort-du-Gard";"2021-07-18 17:18:00";12931;910;;;;;;;;12021;;"1";"Malveillance";;;;;""
2021;8686;"13";"13056";"Martigues";"2021-07-18 18:41:00";600;600;;;;;;;;;;"1";"Malveillance";;;;;""
2021;8687;"13";"13056";"Martigues";"2021-07-18 18:43:00";1200;1200;;;;;;;;;;"1";"Malveillance";;;;;""
2021;8688;"13";"13056";"Martigues";"2021-07-18 18:45:00";1100;1100;;;;;;;;;;"1";"Malveillance";;;;;""
2021;7362;"66";"66178";"Saint-Jean-Pla-de-Corts";"2021-07-18 19:19:00";26800;;18800;;;;;;;8000;;"1";"Malveillance";;;;;""
2021;7363;"66";"66056";"Corbère-les-Cabanes";"2021-07-18 19:22:00";1000;;;;;;;;;1000;;"6";"Malveillance";;;;;""
2021;7367;"66";"66001";"L'Albère";"2021-07-18 22:12:00";23100;23100;;;;;;;;;;"4";"Malveillance";;;;;""
2021;8689;"13";"13056";"Martigues";"2021-07-18 22:16:00";100;100;;;;;;;;;;"1";"Involontaire (particulier)";;;;;""
2021;7499;"83";"83121";"Salernes";"2021-07-18 23:08:00";300;300;;;;;;;;;;"5";"Involontaire (particulier)";;;;;""
2021;8692;"13";"13056";"Martigues";"2021-07-19 03:56:00";100;100;;;;;;;;;;"1";;;;;;""
2021;7525;"30";"30203";"Portes";"2021-07-19 11:25:00";331;31;;;;;;;;300;;"3";"Accidentelle";;;;;""
2021;7375;"66";"66012";"Baho";"2021-07-19 13:17:00";304530;180700;130;;;;;;;123700;;"4";"Involontaire (travaux)";;;;;""
2021;8691;"13";"13056";"Martigues";"2021-07-19 13:50:00";200;200;;;;;;;;;;"1";"Involontaire (travaux)";;;;;""
2021;6739;"30";"30189";"Nîmes";"2021-07-19 14:10:00";2400;2400;;;;;;;;;;"4";"Malveillance";;;;;""
2021;7796;"11";"11048";"Boutenac";"2021-07-19 14:14:00";2840;;;;;;;;;;;;;;;;;""
2021;1751;"41";"41297";"Yvoy-le-Marron";"2021-07-19 14:30:00";20;0;;20;;;20;0;0;0;"Estimées";;;;;;;""
2021;8690;"13";"13106";"Septèmes-les-Vallons";"2021-07-19 14:42:00";20;20;;;;;;;;;;"1";"Involontaire (particulier)";;;;;""
2021;710;"49";"49336";"Somloire";"2021-07-19 14:46:00";80000;80000;;0;;;0;0;0;0;"Estimées";;;;;;;""
2021;1581;"72";"72124";"Écommoy";"2021-07-19 15:06:00";1500;1500;;0;;;0;0;0;0;"Estimées";;;;;;;""
2021;7377;"66";"66214";"Tresserre";"2021-07-19 15:23:00";1000;1000;;;;;;;;;;"5";"Involontaire (travaux)";;;;;""
2021;7309;"34";"34118";"Guzargues";"2021-07-19 15:50:00";2804;;;;;;;;;;;"1";"Malveillance";;;;;""
2021;7800;"11";"11198";"Laure-Minervois";"2021-07-19 16:06:00";61284;25500;;;;;;;;35784;;;;;;;;""
2021;7506;"83";"83047";"La Crau";"2021-07-19 16:37:00";3900;3900;;;;;;;;;;"5";"Malveillance";;;;;""
2021;7998;"07";"07161";"Montpezat-sous-Bauzon";"2021-07-19 18:12:00";600;600;;;;;;;;;;"3";;;;;;""
2021;9375;"84";"84035";"Cavaillon";"2021-07-19 18:29:00";3800;3800;;;;;;;;;;"4";"Naturelle";;;;;""
2021;7803;"11";"11095";"Comigne";"2021-07-19 19:00:00";25;;;;;;;;;;;;;;;;;""
2021;7379;"66";"66136";"Perpignan";"2021-07-19 19:15:00";10000;;;;;;;;;10000;;"6";"Involontaire (particulier)";;;;;""
2021;6879;"30";"30207";"Pouzilhac";"2021-07-20 10:22:00";12063;863;;;;;;;;11200;;"3";"Involontaire (travaux)";;;;;""
2021;7381;"66";"66108";"Millas";"2021-07-20 10:58:00";15000;;;;;;;;;15000;;"6";"Involontaire (travaux)";;;;;""
2021;7806;"11";"11170";"Gruissan";"2021-07-20 11:48:00";100;;;;;;;;;;;;;;;;;""
2021;7310;"34";"34172";"Montpellier";"2021-07-20 14:04:00";3019;;3019;;;;;;;;;"1";"Involontaire (particulier)";;;;;""
2021;7386;"66";"66136";"Perpignan";"2021-07-20 15:12:00";10000;;;;;;;;;10000;;"6";;;;;;""
2021;8693;"13";"13008";"Aurons";"2021-07-20 15:55:00";150;150;;;;;;;;;;"1";"Involontaire (particulier)";;;;;""
2021;8696;"13";"13001";"Aix-en-Provence";"2021-07-20 17:00:00";300;300;;;;;;;;;;"1";;;;;;""
2021;7500;"2A";"2A271";"Sarrola-Carcopino";"2021-07-20 17:22:00";20;;20;;;;;;;;;;"Involontaire (particulier)";;;;;""
2021;8280;"11";"11265";"Niort-de-Sault";"2021-07-20 18:40:00";5;;;;;;;;;;;;;;;;;""
2021;9376;"84";"84123";"Sault";"2021-07-20 19:06:00";300;;;;;;;;;;;;;;;;;""
2021;7275;"06";"06088";"Nice";"2021-07-20 19:10:00";300;;;;;;;;;;;"1";"Involontaire (particulier)";;;;;""
2021;8695;"13";"13056";"Martigues";"2021-07-20 20:38:00";20;20;;;;;;;;;;"1";"Malveillance";;;;;""
2021;7501;"2A";"2A017";"Appietto";"2021-07-21 10:45:00";1;;1;;;;;;;;;"1";"Involontaire (particulier)";;;;;""
2021;7807;"11";"11188";"La Palme";"2021-07-21 11:03:00";100;;;;;;;;;;;;;;;;;""
2021;8697;"13";"13001";"Aix-en-Provence";"2021-07-21 12:35:00";50;50;;;;;;;;;;"1";"Involontaire (particulier)";;;;;""
2021;7122;"30";"30284";"Saint-Martin-de-Valgalgues";"2021-07-21 14:02:00";31;31;;;;;;;;;;"4";"Malveillance";;;;;""
2021;8558;"48";"48097";"Moissac-Vallée-Française";"2021-07-21 15:34:00";18;18;;;;;;;;;;"2";"Naturelle";;;;;""
2021;1926;"38";"38363";"Saint-Barthélemy";"2021-07-21 16:12:00";30;30;;0;;;0;0;0;0;"Estimées";;;;;;;""
2021;1584;"72";"72309";"Saint-Paul-le-Gaultier";"2021-07-21 17:34:00";500;0;;500;;;500;0;0;0;"Estimées";;;;;;;""
2021;7808;"11";"11279";"Pennautier";"2021-07-21 18:21:00";81945;17245;15400;;;;;;;49300;;;;;;;;""
2021;8698;"13";"13056";"Martigues";"2021-07-21 18:32:00";50;50;;;;;;;;;;"1";"Malveillance";;;;;""
2021;9377;"84";"84026";"Cadenet";"2021-07-22 04:14:00";1000;;;;;;;;;;;;"Malveillance";;;;;""
2021;7429;"34";"34160";"Mons";"2021-07-22 12:54:00";1263;;1263;;;;;;;;;"1";"Accidentelle";;;;;""
2021;7939;"06";"06010";"Le Bar-sur-Loup";"2021-07-22 14:01:00";6200;1000;5200;;;;;;;;;"1";"Involontaire (particulier)";;;;;""
2021;8701;"13";"13019";"Cabriès";"2021-07-22 15:24:00";200;200;;;;;;;;;;"1";"Malveillance";;;;;""
2021;7319;"13";"13055";"Marseille";"2021-07-22 15:45:00";300;100;200;;;;;;;;;"5";"Malveillance";;;;;""
2021;7334;"34";"34296";"Saussines";"2021-07-22 18:09:00";5485;5485;;;;;;;;;;"3";"Accidentelle";;;;;""
2021;8700;"13";"13056";"Martigues";"2021-07-22 18:19:00";1100;1100;;;;;;;;;;"1";"Malveillance";;;;;""
2021;8281;"11";"11202";"Leucate";"2021-07-22 19:10:00";5;;;;;;;;;;;;;;;;;""
2021;8566;"48";"48162";;"2021-07-22 19:14:00";110;110;;;;;;;;;;"5";;;;;;""
2021;7809;"11";"11262";"Narbonne";"2021-07-22 22:08:00";500;;;;;;;;;;;;;;;;;""
2021;8699;"13";"13056";"Martigues";"2021-07-22 22:29:00";10;;;;;;;;;;;"1";"Malveillance";;;;;""
2021;1196;"29";"29039";"Concarneau";"2021-07-23 00:17:00";50;0;;50;;;50;0;0;0;"Estimées";;"Involontaire (particulier)";;;;;""
2021;7514;"83";"83106";"Rocbaron";"2021-07-23 01:41:00";600;600;;;;;;;;;;"5";"Malveillance";;;;;""
2021;8702;"13";"13081";"Rognac";"2021-07-23 04:19:00";200;200;;;;;;;;;;"1";;;;;;""
2021;8707;"13";"13014";"Berre-l'Étang";"2021-07-23 05:34:00";70;70;;;;;;;;;;"1";"Malveillance";;;;;""
2021;7505;"2A";"2A215";"Pianottoli-Caldarello";"2021-07-23 11:13:00";30;;30;;;;;;;;;;;;;;;""
2021;9378;"84";"84140";"Vaugines";"2021-07-23 14:28:00";29100;;;;;;;;;;;;"Accidentelle";;;;;""
2021;9973;"66";"66049";"Céret";"2021-07-23 15:28:00";300;300;;;;;;;;;;"4";"Involontaire (particulier)";;;;;""
2021;872;"15";"15187";"Saint-Flour";"2021-07-23 16:21:00";400;400;;0;;;0;0;0;0;"Mesurées";;"Involontaire (particulier)";;;;;""
2021;8709;"13";"13047";"Istres";"2021-07-23 21:11:00";700;700;;;;;;;;;;"1";"Involontaire (particulier)";;;;;""
2021;1269;"17";"17051";"Le Bois-Plage-en-Ré";"2021-07-23 21:35:00";1000;1000;;0;;;0;0;0;0;"Mesurées";;;;;;;""
2021;1758;"41";"41167";"Veuzain-sur-Loire";"2021-07-23 22:56:00";30;0;;30;;;30;0;0;0;"Estimées";;;;;;;""
2021;8704;"13";"13111";"Vauvenargues";"2021-07-23 23:12:00";20;;;;;;;;;;;"1";"Involontaire (particulier)";;;;;""
2021;7340;"34";"34341";"Villeveyrac";"2021-07-23 23:17:00";2501;2501;;;;;;;;;;"1";"Malveillance";;;;;""
2021;10399;"13";"13019";"Cabriès";"2021-07-24 00:37:00";1000;1000;;;;;;;;;;"1";"Malveillance";;;;;""
2021;7529;"05";"05046";"Embrun";"2021-07-24 00:39:00";400;;;;;;;;;;;;"Accidentelle";;;;;""
2021;7770;"11";"11261";"Moux";"2021-07-24 12:11:00";7666500;4273100;3002300;;;;;;;391100;;;;;;;;""
2021;10400;"13";"13075";"Plan-de-Cuques";"2021-07-24 12:26:00";250;250;;;;;;;;;;"1";;;;;;""
2021;1930;"38";"38113";"Clelles";"2021-07-24 12:26:00";3000;0;;3000;;;3000;0;0;0;"Estimées";;"Accidentelle";;;;;""
2021;9379;"84";"84141";"Vedène";"2021-07-24 14:18:00";6400;;;;;;;;;;;;;;;;;""
2021;8711;"13";"13050";"Lambesc";"2021-07-24 14:22:00";800;800;;;;;;;;;;"1";"Accidentelle";;;;;""
2021;7575;"13";"13055";"Marseille";"2021-07-24 14:54:00";3000;;3000;;;;;;;;;"1";"Malveillance";;;;;""
2021;7530;"05";"05061";"Gap";"2021-07-24 15:40:00";7500;500;;;;;;;;7000;;;"Involontaire (travaux)";;;;;""
2021;7507;"2A";"2A103";"Cuttoli-Corticchiato";"2021-07-24 16:20:00";30;;30;;;;;;;;;"1";"Involontaire (travaux)";;;;;""
2021;7811;"11";"11069";"Carcassonne";"2021-07-24 18:15:00";4554;;;;;;;;;;;;;;;;;""
2021;7414;"66";"66140";"Pézilla-la-Rivière";"2021-07-24 18:58:00";25000;;25000;;;;;;;;;"1";"Malveillance";;;;;""
2021;7812;"11";"11299";"Preixan";"2021-07-24 20:25:00";10952;;;;;;;;;;;;;;;;;""
2021;7813;"11";"11386";"Talairan";"2021-07-24 20:29:00";6500;;;;;;;;;;;;;;;;;""
2021;7875;"11";"11069";"Carcassonne";"2021-07-24 22:09:00";415;;;;;;;;;;;;;;;;;""
2021;10224;"34";"34141";"La Livinière";"2021-07-25 00:37:00";1823;1823;;;;;;;;;;"5";;;;;;""
2021;8720;"13";"13001";"Aix-en-Provence";"2021-07-25 00:43:00";490;490;;;;;;;;;;"1";;;;;;""
2021;7418;"66";"66069";"Espira-de-l'Agly";"2021-07-25 05:21:00";10000;;10000;;;;;;;;;"1";"Malveillance";;;;;""
2021;7814;"11";"11144";"Fitou";"2021-07-25 07:38:00";6730;;;;;;;;;;;;;;;;;""
2021;8040;"26";"26137";"Francillon-sur-Roubion";"2021-07-25 10:17:00";300;;300;;;;;;;;;"1";"Involontaire (particulier)";;;;;""
2021;8719;"13";"13056";"Martigues";"2021-07-25 10:47:00";230;230;;;;;;;;;;"1";"Malveillance";;;;;""
2021;7349;"30";"30133";"Le Grau-du-Roi";"2021-07-25 11:20:00";9;9;;;;;;;;;;"4";;;;;;""
2021;7815;"11";"11203";"Lézignan-Corbières";"2021-07-25 11:53:00";74246;;74246;;;;;;;;;;;;;;;""
2021;934;"82";"82007";"Auty";"2021-07-25 15:36:00";5000;5000;;0;;;0;0;0;0;"Estimées";;;;;;;""
2021;8717;"13";"13103";"Salon-de-Provence";"2021-07-25 15:40:00";3200;2600;600;;;;;;;;;"1";"Malveillance";;;;;""
2021;7818;"11";"11353";"Saint-Marcel-sur-Aude";"2021-07-25 16:16:00";5000;;;;;;;;;;;;;;;;;""
2021;7351;"30";"30225";"Sabran";"2021-07-25 16:42:00";227;7;;;;;;;;220;;"4";"Malveillance";;;;;""
2021;7473;"30";"30225";"Sabran";"2021-07-25 16:50:00";2;2;;;;;;;;;;"4";"Malveillance";;;;;""
2021;1146;"88";"88215";"Grandrupt";"2021-07-25 16:53:00";1;1;;0;;;0;0;0;0;"Estimées";;;;;;;""
2021;1147;"88";"88075";"La Bresse";"2021-07-25 16:56:00";1;0;;1;;;1;0;0;0;"Estimées";;;;;;;""
2021;7445;"04";"04113";"Marcoux";"2021-07-25 17:10:00";6100;6100;;;;;;;;;;"4";"Involontaire (particulier)";;;;;""
2021;7816;"11";"11170";"Gruissan";"2021-07-25 17:56:00";800;;;;;;;;;;;;;;;;;""
2021;7817;"11";"11069";"Carcassonne";"2021-07-25 19:36:00";6963;;;;;;;;;;;;;;;;;""
2021;7874;"11";"11037";"Berriac";"2021-07-25 19:51:00";436;;;;;;;;;;;;;;;;;""
2021;7873;"11";"11069";"Carcassonne";"2021-07-25 20:41:00";15;;;;;;;;;;;;;;;;;""
2021;7845;"11";"11413";"Villardonnel";"2021-07-26 00:33:00";1630;;;;;;;;;;;;;;;;;""
2021;7846;"11";"11413";"Villardonnel";"2021-07-26 00:33:00";650;;;;;;;;;;;;;;;;;""
2021;7872;"11";"11069";"Carcassonne";"2021-07-26 00:35:00";1;;;;;;;;;;;;;;;;;""
2021;7520;"83";"83106";"Rocbaron";"2021-07-26 02:00:00";200;200;;;;;;;;;;"5";"Malveillance";;;;;""
2021;7550;"34";"34186";"Octon";"2021-07-26 04:29:00";4902;;4902;;;;;;;;;"1";"Involontaire (particulier)";;;;;""
2021;8568;"48";"48075";"Ispagnac";"2021-07-26 12:30:00";500;;500;;;;;;;;;"1";"Involontaire (particulier)";;;;;""
2021;8725;"13";"13103";"Salon-de-Provence";"2021-07-26 13:58:00";800;450;350;;;;;;;;;"1";"Malveillance";;;;;""
2021;7938;"06";"06070";"Gréolières";"2021-07-26 14:37:00";500;;500;;;;;;;;;"1";"Naturelle";;;;;""
2021;8728;"13";"13117";"Vitrolles";"2021-07-26 15:04:00";40;40;;;;;;;;;;"1";"Malveillance";;;;;""
2021;7819;"11";"11027";"Barbaira";"2021-07-26 15:09:00";20;;;;;;;;;;;;;;;;;""
2021;7820;"11";"11266";"Port-la-Nouvelle";"2021-07-26 15:15:00";2360;;;;;;;;;;;;;;;;;""
2021;8733;"13";"13019";"Cabriès";"2021-07-26 15:41:00";18800;9400;9380;;;;;;;20;;"1";;;;;;""
2021;7937;"06";"06157";"Vence";"2021-07-26 16:48:00";300;;200;;;;;;;100;;"1";"Naturelle";;;;;""
2021;7936;"06";"06118";"Saint-Cézaire-sur-Siagne";"2021-07-26 17:32:00";100;;;;;;;;;;;"1";"Naturelle";;;;;""
2021;865;"46";"46148";"Lalbenque";"2021-07-26 17:38:00";2500;0;;2500;;;2500;0;0;0;"Estimées";;;;;;;""
2021;8729;"13";"13032";"Éguilles";"2021-07-26 19:39:00";22;22;;;;;;;;;;"1";;;;;;""
2021;7677;"11";"11255";"Montredon-des-Corbières";"2021-07-26 21:51:00";50;;;;;;;;;;;;;;;;;""
2021;7447;"04";"04144";"La Palud-sur-Verdon";"2021-07-27 09:38:00";220;;;;;;;;;;;;"Naturelle";;;;;""
2021;9380;"84";"84147";"Villelaure";"2021-07-27 12:31:00";180;;;;;;;;;;;;;;;;;""
2021;7871;"11";"11429";"Villemoustaussou";"2021-07-27 13:47:00";2371;;;;;;;;;;;;;;;;;""
2021;7847;"11";"11397";"Trèbes";"2021-07-27 13:52:00";4430;;;;;;;;;;;;;;;;;""
2021;7676;"11";"11069";"Carcassonne";"2021-07-27 14:07:00";6183;;;;;;;;;;;;;;;;;""
2021;7576;"13";"13055";"Marseille";"2021-07-27 15:07:00";1300;;1300;;;;;;;;;"1";"Malveillance";;;;;""
2021;7675;"11";"11423";"Villefloure";"2021-07-27 15:29:00";500;;;;;;;;;;;;;;;;;""
2021;1932;"38";"38034";"Beaurepaire";"2021-07-27 16:03:00";300;0;;300;;;300;0;0;0;"Estimées";;;;;;;""
2021;7511;"2A";"2A247";"Porto-Vecchio";"2021-07-27 16:45:00";10;;10;;;;;;;;;;;;;;;""
2021;7877;"11";"11069";"Carcassonne";"2021-07-27 20:51:00";10;;;;;;;;;;;;;;;;;""
2021;7512;"2A";"2A099";"Cozzano";"2021-07-28 02:00:00";2000;;2000;;;;;;;;;;"Accidentelle";;;;;""
2021;7674;"11";"11261";"Moux";"2021-07-28 02:46:00";3366;;;;;;;;;;;;;;;;;""
2021;8736;"13";"13038";"Fontvieille";"2021-07-28 15:48:00";20;20;;;;;;;;;;"1";"Involontaire (particulier)";;;;;""
2021;8747;"13";"13033";"Ensuès-la-Redonne";"2021-07-28 16:28:00";20;20;;;;;;;;;;"1";"Involontaire (particulier)";;;;;""
2021;7848;"11";"11132";"Fabrezan";"2021-07-28 17:23:00";200;;;;;;;;;;;;;;;;;""
2021;7940;"06";"06069";"Grasse";"2021-07-28 20:47:00";800;;;;;;;;;;;"2";"Naturelle";;;;;""
2021;7673;"11";"11203";"Lézignan-Corbières";"2021-07-28 22:49:00";10;;;;;;;;;;;;;;;;;""
2021;8756;"13";"13102";"Saint-Victoret";"2021-07-29 11:33:00";10;10;;;;;;;;;;"1";;;;;;""
2021;7941;"06";"06118";"Saint-Cézaire-sur-Siagne";"2021-07-29 11:47:00";7000;;;;;;;;;;;"1";"Naturelle";;;;;""
2021;8703;"2A";"2A139";"Lecci";"2021-07-29 12:15:00";10;;10;;;;;;;;;;"Involontaire (particulier)";;;;;""
2021;8750;"13";"13050";"Lambesc";"2021-07-29 12:51:00";300;300;;;;;;;;;;"1";"Involontaire (particulier)";;;;;""
2021;8755;"13";"13114";"Ventabren";"2021-07-29 13:03:00";1900;1900;;;;;;;;;;"1";"Involontaire (travaux)";;;;;""
2021;7609;"66";"66093";"Laroque-des-Albères";"2021-07-29 13:31:00";10000;10000;;;;;;;;;;"4";"Involontaire (particulier)";;;;;""
2021;7537;"04";"04172";"Roumoules";"2021-07-29 14:25:00";500;;;;;;;;;;;;"Involontaire (particulier)";;;;;""
2021;8715;"2A";"2A211";"Petreto-Bicchisano";"2021-07-29 16:30:00";20;;20;;;;;;;;;"1";"Involontaire (travaux)";;;;;""
2021;7735;"2B";"2B341";"Venaco";"2021-07-29 16:55:00";15;;;;;;;;;;;;;;;;;""
2021;8208;"2A";"2A017";"Appietto";"2021-07-29 17:25:00";357000;;357000;;;;;;;;;"1";"Malveillance";;;;;""
2021;8206;"2A";"2A017";"Appietto";"2021-07-29 17:25:00";37000;;37000;;;;;;;;;"1";"Malveillance";;;;;""
2021;7543;"83";"83037";"La Celle";"2021-07-29 18:15:00";150;150;;;;;;;;;;"5";"Involontaire (particulier)";;;;;""
2021;8722;"2A";"2A048";"Calcatoggio";"2021-07-29 20:02:00";200;;200;;;;;;;;;"1";"Accidentelle";;;;;""
2021;7535;"30";"30294";"Saint-Privat-des-Vieux";"2021-07-29 21:40:00";349;349;;;;;;;;;;"3";;;;;;""
2021;8752;"13";"13056";"Martigues";"2021-07-29 23:08:00";50;50;;;;;;;;;;"1";;;;;;""
2021;8754;"13";"13028";"La Ciotat";"2021-07-29 23:38:00";5;5;;;;;;;;;;"1";"Involontaire (particulier)";;;;;""
2021;8757;"13";"13056";"Martigues";"2021-07-30 01:58:00";50;50;;;;;;;;;;"1";;;;;;""
2021;7577;"04";"04134";"La Motte-du-Caire";"2021-07-30 02:24:00";8300;8300;;;;;;;;;;"4";"Naturelle";;;;;""
2021;9382;"84";"84135";"Uchaux";"2021-07-30 06:33:00";400;;;;;;;;;;;;;;;;;""
2021;7672;"11";"11379";"Sigean";"2021-07-30 06:34:00";20;;;;;;;;;;;;;;;;;""
2021;7568;"34";"34107";"Fraisse-sur-Agout";"2021-07-30 11:39:00";408;;408;;;;;;;;;"1";"Involontaire (particulier)";;;;;""
2021;7942;"06";"06161";"Villeneuve-Loubet";"2021-07-30 13:03:00";1000;;;;;;;;;;;"1";"Involontaire (particulier)";;;;;""
2021;7578;"04";"04174";"Saint-Benoît";"2021-07-30 13:44:00";200;;;;;;;;;;;;"Naturelle";;;;;""
2021;10228;"34";"34178";"Murviel-lès-Béziers";"2021-07-30 16:53:00";33696;;33696;;;;;;;;;"1";;;;;;""
2021;8758;"13";"13106";"Septèmes-les-Vallons";"2021-07-30 17:09:00";20;20;;;;;;;;;;"1";;;;;;""
2021;7544;"83";"83031";"Le Cannet-des-Maures";"2021-07-30 18:29:00";2000;2000;;;;;;;;;;"3";"Involontaire (particulier)";;;;;""
2021;817;"85";"85012";"La Barre-de-Monts";"2021-07-30 18:29:00";200;0;;200;;;200;0;0;0;"Mesurées";;"Malveillance";;;;;""
2021;1148;"88";"88458";"Socourt";"2021-07-30 21:51:00";1;1;;0;;;0;0;0;0;"Estimées";;;;;;;""
2021;7540;"05";"05003";"Aiguilles";"2021-07-31 13:44:00";5;5;;;;;;;;;;"4";"Naturelle";;;;;""
2021;7539;"05";"05034";;"2021-07-31 15:10:00";2;2;;;;;;;;;;"4";"Naturelle";;;;;""
2021;7621;"66";"66048";"Cerbère";"2021-07-31 16:11:00";99300;;99300;;;;;;;;;"1";"Involontaire (particulier)";;;;;""
2021;8724;"2A";"2A362";"Zonza";"2021-07-31 16:48:00";500;;500;;;;;;;;;;"Accidentelle";;;;;""
2021;7671;"11";"11258";"Moussan";"2021-07-31 16:58:00";10;;;;;;;;;;;;;;;;;""
2021;8763;"13";"13022";"Cassis";"2021-08-01 03:06:00";5;5;;;;;;;;;;"1";;;;;;""
2021;8726;"2A";"2A114";"Figari";"2021-08-01 03:14:00";20;;20;;;;;;;;;;"Malveillance";;;;;""
2021;8731;"2A";"2A163";"Monacia-d'Aullène";"2021-08-01 03:17:00";20;;20;;;;;;;;;;"Malveillance";;;;;""
2021;842;"85";"85012";"La Barre-de-Monts";"2021-08-01 08:24:00";50;50;;0;;;0;0;0;0;"Mesurées";;;;;;;""
2021;7943;"06";"06153";"Valdeblore";"2021-08-01 10:18:00";100;50;;;;;;;;50;;"4";"Naturelle";;;;;""
2021;7580;"04";"04166";"Riez";"2021-08-01 11:56:00";480;;;;;;;;;;;;"Involontaire (travaux)";;;;;""
2021;9383;"84";"84074";"Mérindol";"2021-08-01 12:26:00";1200;;;;;;;;;;;;;;;;;""
2021;7758;"34";"34328";"Vendémian";"2021-08-01 13:06:00";69781;;69781;;;;;;;;;"1";"Malveillance";;;;;""
2021;7670;"11";"11145";"Fleury";"2021-08-01 16:24:00";5;;;;;;;;;;;;;;;;;""
2021;7925;"04";"04024";"Beaujeu";"2021-08-01 16:59:00";6500;;;;;;;;;;;"4";"Naturelle";;;;;""
2021;7969;"06";"06095";"Peymeinade";"2021-08-01 17:48:00";5600;;;;;;;;;;;"1";;;;;;""
2021;8762;"13";"13063";"Miramas";"2021-08-01 18:36:00";500;500;;;;;;;;;;"1";"Malveillance";;;;;""
2021;7760;"34";"34131";"Lauret";"2021-08-01 19:25:00";4280;4280;;;;;;;;;;"4";"Malveillance";;;;;""
2021;7739;"2B";"2B170";"Morsiglia";"2021-08-01 20:47:00";1128;1128;;;;;;;;;;"2";"Involontaire (particulier)";;;;;""
2021;7669;"11";"11203";"Lézignan-Corbières";"2021-08-01 21:14:00";820;;;;;;;;;;;;;;;;;""
2021;7741;"2B";"2B150";"Lumio";"2021-08-02 06:54:00";517;;517;;;;;;;;;"1";"Involontaire (particulier)";;;;;""
2021;8282;"11";"11333";"Saint-Benoît";"2021-08-02 12:13:00";300;;;;;;;;;;;;;;;;;""
2021;8732;"2A";"2A228";"Pietrosella";"2021-08-02 13:12:00";500;;500;;;;;;;;;;;;;;;""
2021;7904;"34";"34180";"Nébian";"2021-08-02 14:17:00";134100;;134100;;;;;;;;;"1";"Malveillance";;;;;""
2021;9384;"84";"84069";"Malaucène";"2021-08-02 14:47:00";300;;;;;;;;;;;;;;;;;""
2021;8768;"13";"13001";"Aix-en-Provence";"2021-08-02 16:33:00";60;60;;;;;;;;;;"1";;;;;;""
2021;7744;"2B";"2B096";"Corte";"2021-08-02 16:34:00";811;;;;;;;;;;;;;;;;;""
2021;8766;"13";"13103";"Salon-de-Provence";"2021-08-02 16:46:00";1000;1000;;;;;;;;;;"1";"Involontaire (particulier)";;;;;""
2021;8765;"13";"13092";"Saint-Chamas";"2021-08-02 18:21:00";40;40;;;;;;;;;;"1";;;;;;""
2021;7910;"34";"34045";"Cabrières";"2021-08-02 18:44:00";1046;;1046;;;;;;;;;"1";"Malveillance";;;;;""
2021;8769;"13";"13063";"Miramas";"2021-08-02 19:45:00";60;60;;;;;;;;;;"1";"Malveillance";;;;;""
2021;8767;"13";"13059";"Meyrargues";"2021-08-02 20:10:00";100;100;;;;;;;;;;"1";;;;;;""
2021;7762;"34";"34116";"Grabels";"2021-08-02 21:17:00";53;53;;;;;;;;;;"4";"Malveillance";;;;;""
2021;8770;"13";"13001";"Aix-en-Provence";"2021-08-03 09:37:00";3;3;;;;;;;;;;"1";;;;;;""
2021;843;"85";"85012";"La Barre-de-Monts";"2021-08-03 14:59:00";15;15;;0;;;0;0;0;0;"Mesurées";;;;;;;""
2021;1763;"41";"41125";"Marcilly-en-Gault";"2021-08-03 15:06:00";6;0;;6;;;6;0;0;0;"Estimées";;;;;;;""
2021;8209;"2A";"2A209";"Peri";"2021-08-03 15:17:00";78000;;78000;;;;;;;;;"1";"Malveillance";;;;;""
2021;7745;"2B";"2B007";"Albertacce";"2021-08-03 15:44:00";2;;2;;;;;;;;;"1";"Involontaire (particulier)";;;;;""
2021;7634;"83";"83004";"Les Arcs";"2021-08-03 16:09:00";50;50;;;;;;;;;;"3";"Malveillance";;;;;""
2021;7756;"04";"04151";"Pierrerue";"2021-08-03 17:46:00";3200;;;;;;;;;;;;"Involontaire (travaux)";;;;;""
2021;7870;"34";"34183";"Nissan-lez-Enserune";"2021-08-03 18:00:00";53958;;53958;;;;;;;;;"1";;;;;;""
2021;7628;"30";"30195";"Peyrolles";"2021-08-03 19:54:00";154;144;;;;;;;;10;;"5";"Involontaire (particulier)";;;;;""
2021;7749;"2B";"2B248";"Prato-di-Giovellina";"2021-08-04 22:03:00";5;;5;;;;;;;;;"1";;;;;;""
2021;8773;"13";"13040";"Fuveau";"2021-08-05 15:01:00";500;500;;;;;;;;;;"1";"Involontaire (particulier)";;;;;""
2021;7946;"06";"06004";"Antibes";"2021-08-05 18:50:00";300;;;;;;;;;;;"1";"Involontaire (particulier)";;;;;""
2021;8739;"2A";"2A203";"Partinello";"2021-08-05 22:00:00";1;;1;;;;;;;;;"1";"Malveillance";;;;;""
2021;9385;"84";"84019";"Bollène";"2021-08-06 11:19:00";2;;;;;;;;;;;;;;;;;""
2021;8774;"13";"13048";"Jouques";"2021-08-06 15:31:00";10;10;;;;;;;;;;"1";"Involontaire (travaux)";;;;;""
2021;7757;"04";"04134";"La Motte-du-Caire";"2021-08-06 16:54:00";20;;;;;;;;;;;;"Involontaire (travaux)";;;;;""
2021;8776;"13";"13106";"Septèmes-les-Vallons";"2021-08-06 17:09:00";150;150;;;;;;;;;;"1";"Involontaire (particulier)";;;;;""
2021;1149;"88";"88236";"La Haye";"2021-08-06 19:02:00";50;50;;0;;;0;0;0;0;"Estimées";;;;;;;""
2021;7822;"11";"11098";"Conilhac-Corbières";"2021-08-07 06:14:00";5;;;;;;;;;;;;;;;;;""
2021;9386;"84";"84003";"Apt";"2021-08-07 11:02:00";10700;200;;;;;;;;10500;;"4";"Involontaire (particulier)";;;;;""
2021;7801;"2B";"2B143";"Linguizzetta";"2021-08-07 13:41:00";100000;;;;;;;;;100000;;"1";"Malveillance";;;;;""
2021;8662;"2A";"2A103";"Cuttoli-Corticchiato";"2021-08-07 14:58:00";35000;15000;20000;;;;;;;;;"1";"Malveillance";;;;;""
2021;7896;"66";"66107";"Maury";"2021-08-07 16:28:00";2000;;2000;;;;;;;;;"1";"Accidentelle";;;;;""
2021;8778;"13";"13056";"Martigues";"2021-08-07 17:54:00";30;30;;;;;;;;;;"1";"Involontaire (particulier)";;;;;""
2021;7759;"04";"04001";"Aiglun";"2021-08-07 19:37:00";2500;;;;;;;;;;;;"Naturelle";;;;;""
2021;7823;"11";"11202";"Leucate";"2021-08-07 21:10:00";1500;;;;;;;;;;;;;;;;;""
2021;8777;"13";"13056";"Martigues";"2021-08-07 22:46:00";20;20;;;;;;;;;;"1";"Involontaire (particulier)";;;;;""
2021;8745;"2A";"2A017";"Appietto";"2021-08-08 11:25:00";1;;1;;;;;;;;;"1";"Malveillance";;;;;""
2021;7945;"06";"06090";"Pégomas";"2021-08-08 12:46:00";300;;300;;;;;;;;;"1";"Accidentelle";;;;;""
2021;1092;"85";"85194";"Les Sables-d'Olonne";"2021-08-08 13:44:00";5;0;;5;;;5;0;0;0;"Mesurées";;"Involontaire (particulier)";;;;;""
2021;8779;"13";"13056";"Martigues";"2021-08-08 15:24:00";600;600;;;;;;;;;;"1";"Malveillance";;;;;""
2021;7795;"30";"30066";"Cannes-et-Clairan";"2021-08-08 17:22:00";1294;470;;;;;;;;824;;"2";"Malveillance";;;;;""
2021;7797;"30";"30012";"Aramon";"2021-08-08 17:32:00";37;37;;;;;;;;;;"4";"Malveillance";;;;;""
2021;8135;"06";"06071";"Guillaumes";"2021-08-08 19:00:00";250;;;;;;;;;;;"1";"Involontaire (particulier)";;;;;""
2021;7824;"11";"11262";"Narbonne";"2021-08-08 19:50:00";100;;;;;;;;;;;;;;;;;""
2021;8780;"13";"13047";"Istres";"2021-08-08 21:22:00";300;300;;;;;;;;;;"1";"Malveillance";;;;;""
2021;7906;"83";"83035";"Le Castellet";"2021-08-09 12:25:00";30;30;;;;;;;;;;"1";"Involontaire (particulier)";;;;;""
2021;8786;"13";"13041";"Gardanne";"2021-08-09 13:22:00";1400;0;;;;;;;;1400;;"1";;;;;;""
2021;8134;"06";"06071";"Guillaumes";"2021-08-09 14:50:00";25300;20000;;;;;;;;5300;;"4";;;;;;""
2021;10186;"34";"34256";"Saint-Geniès-des-Mourgues";"2021-08-09 15:38:00";387;;;;;;;;;;;;;;;;;""
2021;8784;"13";"13015";"Bouc-Bel-Air";"2021-08-09 16:24:00";9100;4600;;;;;;;;4500;;"1";"Accidentelle";;;;;""
2021;8782;"13";"13015";"Bouc-Bel-Air";"2021-08-09 19:11:00";300;300;;;;;;;;;;"1";"Involontaire (particulier)";;;;;""
2021;8781;"13";"13117";"Vitrolles";"2021-08-09 20:25:00";100;100;;;;;;;;;;"1";;;;;;""
2021;8044;"11";"11132";"Fabrezan";"2021-08-10 13:35:00";26018;;;;;;;;;;;;;;;;;""
2021;7928;"04";"04214";"Tartonne";"2021-08-10 14:50:00";28700;28700;;;;;;;;;;"4";"Involontaire (particulier)";;;;;""
2021;8785;"13";"13110";"Trets";"2021-08-10 18:35:00";480;;;;;;;;;480;;"1";"Accidentelle";;;;;""
2021;10238;"34";"34268";"Saint-Jean-de-la-Blaquière";"2021-08-10 21:00:00";303;;303;;;;;;;;;"1";"Malveillance";;;;;""
2021;10054;"2A";"2A272";"Sartène";"2021-08-10 21:12:00";1;;1;;;;;;;;;;"Naturelle";;;;;""
2021;10237;"34";"34036";"Le Bosc";"2021-08-10 21:29:00";43;;43;;;;;;;;;"1";"Malveillance";;;;;""
2021;10709;"48";"48194";"Vialas";"2021-08-11 00:26:00";1300;1300;;;;;;;;;;"3";;;;;;""
2021;8045;"11";"11426";"Villegly";"2021-08-11 13:24:00";122266;38581;83685;;;;;;;;;;;;;;;""
2021;8787;"13";"13015";"Bouc-Bel-Air";"2021-08-11 13:59:00";2;2;;;;;;;;;;"1";"Involontaire (travaux)";;;;;""
2021;8789;"13";"13005";"Aubagne";"2021-08-11 14:50:00";800;700;;;;;;;;100;;"1";"Accidentelle";;;;;""
2021;8316;"66";"66148";"Port-Vendres";"2021-08-11 16:26:00";3700;;3700;;;;;;;;;"1";"Accidentelle";;;;;""
2021;7929;"04";"04094";"Gréoux-les-Bains";"2021-08-11 17:56:00";16900;16900;;;;;;;;;;"5";"Accidentelle";;;;;""
2021;8429;"11";"11413";"Villardonnel";"2021-08-11 18:49:00";15;;;;;;;;;;;;;;;;;""
2021;1127;"77";"77186";"Fontainebleau";"2021-08-11 21:09:00";1;1;;0;;;0;0;0;0;"Mesurées";;"Involontaire (particulier)";;;;;""
2021;2699;"40";"40081";"Cère";"2021-08-11 21:13:00";1000;1000;;0;;;0;;;0;;;;;;;;""
2021;8788;"13";"13073";"Peypin";"2021-08-11 22:49:00";10;10;;;;;;;;;;"1";"Involontaire (particulier)";;;;;""
2021;8790;"13";"13114";"Ventabren";"2021-08-12 01:08:00";20;20;;;;;;;;;;"1";"Involontaire (particulier)";;;;;""
2021;9387;"84";"84142";"Velleron";"2021-08-12 03:51:00";20;;;;;;;;;;;;;;;;;""
2021;1768;"41";"41295";"Vineuil";"2021-08-12 07:48:00";1;0;;1;;;1;0;0;0;"Estimées";;;;;;;""
2021;8046;"11";"11397";"Trèbes";"2021-08-12 11:22:00";4200;;;;;;;;;;;;;;;;;""
2021;8047;"11";"11151";"Fontiès-d'Aude";"2021-08-12 11:37:00";2600;;;;;;;;;;;;;;;;;""
2021;8133;"06";"06053";"Daluis";"2021-08-12 15:06:00";30;;;;;;;;;;;"3";"Naturelle";;;;;""
2021;3491;"86";"86066";"Châtellerault";"2021-08-12 15:16:37";200;200;;0;;;0;;;0;;;;;;;;""
2021;8792;"13";"13107";"Simiane-Collongue";"2021-08-12 15:19:00";100;100;;;;;;;;;;"1";"Involontaire (travaux)";;;;;""
2021;2701;"40";"40163";"Lüe";"2021-08-12 15:42:00";4000;4000;;0;;;0;;;0;;;"Naturelle";;;;;""
2021;1769;"41";"41224";"Saint-Marc-du-Cor";"2021-08-12 16:22:00";15150;0;;150;;;150;0;15000;15000;"Estimées";;"Involontaire (travaux)";;;;;""
2021;9195;"66";"66029";"Caixas";"2021-08-12 19:02:00";200;200;;;;;;;;;;"3";"Accidentelle";;;;;""
2021;10056;"2A";"2A269";"Sari-Solenzara";"2021-08-12 19:28:00";20;;20;;;;;;;;;;"Accidentelle";;;;;""
2021;1770;"41";"41047";"La Chaussée-Saint-Victor";"2021-08-12 20:27:00";3;0;;3;;;3;0;0;0;"Estimées";;;;;;;""
2021;8048;"11";"11069";"Carcassonne";"2021-08-12 21:33:00";10;;;;;;;;;;;;;;;;;""
2021;8797;"13";"13086";"Roquevaire";"2021-08-13 01:40:00";10;10;;;;;;;;;;"1";"Accidentelle";;;;;""
2021;8796;"13";"13087";"Rousset";"2021-08-13 14:02:00";140;140;;;;;;;;;;"1";"Accidentelle";;;;;""
2021;8088;"66";"66158";"Rasiguères";"2021-08-13 15:25:00";15000;;15000;;;;;;;;;"1";"Accidentelle";;;;;""
2021;8793;"13";"13039";"Fos-sur-Mer";"2021-08-13 15:29:00";200;200;;;;;;;;;;"1";"Accidentelle";;;;;""
2021;1222;"89";"89102";"Chevannes";"2021-08-13 15:32:00";150400;400;;0;;;0;0;150000;150000;"Mesurées";;;;;;;""
2021;8049;"11";"11425";"Villegailhenc";"2021-08-13 15:37:00";2600;;;;;;;;;;;;;;;;;""
2021;8050;"11";"11425";"Villegailhenc";"2021-08-13 15:37:00";150;;;;;;;;;;;;;;;;;""
2021;8795;"13";"13041";"Gardanne";"2021-08-13 18:31:00";410;410;;;;;;;;;;"1";;;;;;""
2021;8051;"11";"11020";"Auriac";"2021-08-13 19:58:00";300;;;;;;;;;;;;;;;;;""
2021;8052;"11";"11397";"Trèbes";"2021-08-13 21:10:00";200;;;;;;;;;;;;;;;;;""
2021;8430;"11";"11255";"Montredon-des-Corbières";"2021-08-13 21:57:00";5000;;;;;;;;;;;;;;;;;""
2021;7962;"2B";"2B088";"Chiatra";"2021-08-13 22:55:00";300;;;;;;;;;;;;;;;;;""
2021;10406;"11";"11203";"Lézignan-Corbières";"2021-08-14 00:16:00";2000;;;;;;;;;;;;;;;;;""
2021;8801;"13";"13001";"Aix-en-Provence";"2021-08-14 08:24:00";100;100;;;;;;;;;;"1";;;;;;""
2021;1128;"77";"77186";"Fontainebleau";"2021-08-14 09:47:00";1;1;;0;;;0;0;0;0;"Mesurées";;"Involontaire (particulier)";;;;;""
2021;8053;"11";"11429";"Villemoustaussou";"2021-08-14 13:02:00";500;;;;;;;;;;;;;;;;;""
2021;3103;"09";"09039";"La Bastide-de-Bousignac";"2021-08-14 14:20:00";10000;0;;10000;;;10000;0;0;0;"Mesurées";;;;;;;""
2021;7971;"83";"83140";"Tourves";"2021-08-14 15:57:00";300;300;;;;;;;;;;"4";"Involontaire (particulier)";;;;;""
2021;7947;"30";"30209";"Pujaut";"2021-08-14 16:31:00";9306;8506;;;;;;;;800;;"5";"Malveillance";;;;;""
2021;8069;"07";"07334";"Les Vans";"2021-08-14 16:31:00";100;100;;;;;;;;;;"4";;;;;;""
2021;1417;"45";"45049";"Bouzy-la-Forêt";"2021-08-14 17:37:00";400;0;;400;;;400;0;0;0;"Estimées";;;;;;;""
2021;1150;"88";"88061";"Bleurville";"2021-08-14 18:26:00";10;10;;0;;;0;0;0;0;"Estimées";;;;;;;""
2021;8800;"13";"13056";"Martigues";"2021-08-14 18:46:00";20;20;;;;;;;;;;"1";;;;;;""
2021;8798;"13";"13056";"Martigues";"2021-08-14 19:52:00";20;20;;;;;;;;;;"1";"Malveillance";;;;;""
2021;8802;"13";"13023";"Ceyreste";"2021-08-14 22:27:00";5;5;;;;;;;;;;"1";"Malveillance";;;;;""
2021;10060;"2A";"2A272";"Sartène";"2021-08-14 22:45:00";100;;100;;;;;;;;;;"Malveillance";;;;;""
2021;8210;"2A";"2A272";"Sartène";"2021-08-14 23:06:00";8000;;8000;;;;;;;;;"1";"Malveillance";;;;;""
2021;8799;"13";"13019";"Cabriès";"2021-08-14 23:11:00";4;4;;;;;;;;;;"1";;;;;;""
2021;8070;"07";"07262";"Saint-Laurent-les-Bains-Laval-d'Aurelle";"2021-08-15 12:21:00";3;;3;;;;;;;;;"1";"Malveillance";;;;;""
2021;7963;"2B";"2B096";"Corte";"2021-08-15 12:35:00";3000;;3000;;;;;;;;;"1";"Involontaire (particulier)";;;;;""
2021;7954;"30";"30311";"Sauve";"2021-08-15 14:02:00";844;704;;;;;;;;140;;"2";;;;;;""
2021;8803;"13";"13019";"Cabriès";"2021-08-15 15:05:00";100;100;;;;;;;;;;"1";;;;;;""
2021;7950;"30";"30103";"Domazan";"2021-08-15 15:44:00";1409;1405;;;;;;;;4;;"3";"Involontaire (particulier)";;;;;""
2021;8018;"04";"04195";"Saint-Pons";"2021-08-15 15:57:00";1;;;;;;;;;;;;"Accidentelle";;;;;""
2021;8283;"11";"11144";"Fitou";"2021-08-15 21:57:00";1;;;;;;;;;;;;;;;;;""
2021;8096;"66";"66111";"Montalba-le-Château";"2021-08-15 23:20:00";44500;;44500;;;;;;;;;"1";"Malveillance";;;;;""
2021;10233;"34";"34165";"Montbazin";"2021-08-16 05:15:00";445051;;445051;;;;;;;;;"1";"Malveillance";;;;;""
2021;8055;"11";"11069";"Carcassonne";"2021-08-16 05:55:00";150;;;;;;;;;;;;;;;;;""
2021;1776;"41";"41097";"Gièvres";"2021-08-16 08:42:00";30;0;;30;;;30;0;0;0;"Estimées";;"Accidentelle";;;;;""
2021;9388;"84";"84141";"Vedène";"2021-08-16 09:14:00";470;470;;;;;;;;;;"4";"Malveillance";;;;;""
2021;8828;"2A";"2A163";"Monacia-d'Aullène";"2021-08-16 11:24:00";200;;200;;;;;;;;;;"Malveillance";;;;;""
2021;10401;"13";"13040";"Fuveau";"2021-08-16 11:48:00";5;5;;;;;;;;;;"1";;;;;;""
2021;8809;"13";"13087";"Rousset";"2021-08-16 11:48:00";5;5;;;;;;;;;;"1";;;;;;""
2021;10062;"2A";"2A300";"San-Gavino-di-Carbini";"2021-08-16 11:51:00";10;;10;;;;;;;;;;;;;;;""
2021;8247;"11";"11203";"Lézignan-Corbières";"2021-08-16 13:59:00";2000;;;;;;;;;;;;;;;;;""
2021;10063;"2A";"2A288";"Sotta";"2021-08-16 14:08:00";10;;10;;;;;;;;;;"Malveillance";;;;;""
2021;2750;"40";"40230";"Pontonx-sur-l'Adour";"2021-08-16 14:12:00";200;200;;0;;;0;;;0;;;"Involontaire (travaux)";;;;;""
2021;8061;"13";"13055";"Marseille";"2021-08-16 14:47:00";30100;2500;27600;;;;;;;;;"1";;;;;;""
2021;8804;"13";"13100";"Saint-Rémy-de-Provence";"2021-08-16 15:15:00";2;2;;;;;;;;;;"1";;;;;;""
2021;8807;"13";"13039";"Fos-sur-Mer";"2021-08-16 16:31:00";200;200;;;;;;;;;;"1";"Malveillance";;;;;""
2021;8028;"83";"83069";"Hyères";"2021-08-16 16:31:00";3000;1500;1500;;;;;;;;;"1";"Accidentelle";;;;;""
2021;8062;"13";"13055";"Marseille";"2021-08-16 17:19:00";4000;;4000;;;;;;;;;"1";;;;;;""
2021;8934;"83";"83067";"Gonfaron";"2021-08-16 17:43:00";68320000;54280000;9580000;;;;;;;4460000;;"5";"Involontaire (particulier)";;;;;""
2021;8106;"66";"66008";"Argelès-sur-Mer";"2021-08-16 19:15:00";5000;;5000;;;;;;;;;"1";"Involontaire (particulier)";;;;;""
2021;8810;"13";"13063";"Miramas";"2021-08-16 19:18:00";50;50;;;;;;;;;;"1";"Malveillance";;;;;""
2021;8056;"11";"11040";"Bizanet";"2021-08-16 19:23:00";298500;100500;53000;;;;;;;145000;;;;;;;;""
2021;10239;"34";"34162";"Montagnac";"2021-08-16 19:31:00";25273;25273;;;;;;;;;;"4";"Malveillance";;;;;""
2021;8172;"34";"34007";"Aigues-Vives";"2021-08-16 19:31:00";67160;67160;;;;;;;;;;"4";"Involontaire (particulier)";;;;;""
2021;8808;"13";"13071";"Les Pennes-Mirabeau";"2021-08-16 19:46:00";1200;1000;;;;;;;;200;;"1";;;;;;""
2021;8806;"13";"13082";"Rognes";"2021-08-16 20:59:00";800;800;;;;;;;;;;"1";;;;;;""
2021;8829;"2A";"2A163";"Monacia-d'Aullène";"2021-08-16 21:03:00";50;;50;;;;;;;;;;"Malveillance";;;;;""
2021;7975;"2B";"2B112";"Feliceto";"2021-08-16 22:24:00";37000;;37000;;;;;;;;;"1";"Malveillance";;;;;""
2021;8830;"2A";"2A092";"Conca";"2021-08-17 00:36:00";400;;400;;;;;;;;;;"Malveillance";;;;;""
2021;8057;"11";"11040";"Bizanet";"2021-08-17 01:20:00";367280;332280;35000;;;;;;;;;;;;;;;""
2021;9389;"84";"84012";"Beaumes-de-Venise";"2021-08-17 01:59:00";2397000;1317200;391600;;;;;;;688200;;"4";"Naturelle";;;;;""
2021;8058;"11";"11124";"Durban-Corbières";"2021-08-17 03:02:00";243000;;243000;;;;;;;;;;;;;;;""
2021;9974;"66";"66014";"Baixas";"2021-08-17 14:58:00";4000;;;;;;;;;4000;;"6";;;;;;""
2021;8235;"11";"11146";"Floure";"2021-08-17 15:13:00";5;;;;;;;;;;;;;;;;;""
2021;8812;"13";"13002";"Allauch";"2021-08-17 15:41:00";2261;1700;561;;;;;;;;;"1";"Involontaire (particulier)";;;;;""
2021;1596;"72";"72260";"Ruaudin";"2021-08-17 16:04:00";300;300;;0;;;0;0;0;0;"Estimées";;;;;;;""
2021;8117;"30";"30032";"Beaucaire";"2021-08-17 16:45:00";10744;6744;;;;;;;;4000;;"4";"Malveillance";;;;;""
2021;10188;"34";"34222";"Puilacher";"2021-08-17 17:12:00";1834;1834;;;;;;;;;;"4";"Involontaire (particulier)";;;;;""
2021;8331;"11";"11404";"Ventenac-Cabardès";"2021-08-17 17:48:00";1000;;;;;;;;;;;;;;;;;""
2021;8059;"11";"11285";"Peyriac-de-Mer";"2021-08-17 18:21:00";359072;34000;325072;;;;;;;;;;;;;;;""
2021;8811;"13";"13043";"Gignac-la-Nerthe";"2021-08-17 19:31:00";20;20;;;;;;;;;;"1";"Accidentelle";;;;;""
2021;8868;"34";"34294";"Saturargues";"2021-08-17 20:56:00";40;;;;;;;;;;;;;;;;;""
2021;8236;"11";"11386";"Talairan";"2021-08-18 00:25:00";100;;;;;;;;;;;;;;;;;""
2021;8909;"34";"34016";"Aumelas";"2021-08-18 04:37:00";17876;;17876;;;;;;;;;"1";"Malveillance";;;;;""
2021;8060;"11";"11099";"Conques-sur-Orbiel";"2021-08-18 12:07:00";6170;;;;;;;;;;;;;;;;;""
2021;8023;"30";"30189";"Nîmes";"2021-08-18 12:14:00";6113;6113;;;;;;;;;;"4";"Malveillance";;;;;""
2021;8186;"34";"34017";"Aumes";"2021-08-18 12:43:00";143957;;143957;;;;;;;;;"1";"Malveillance";;;;;""
2021;8187;"34";"34183";"Nissan-lez-Enserune";"2021-08-18 13:03:00";464040;464040;;;;;;;;;;"4";"Involontaire (particulier)";;;;;""
2021;8910;"34";"34281";"Saint-Pargoire";"2021-08-18 13:42:00";2516400;;2516400;;;;;;;;;;"Malveillance";;;;;""
2021;10402;"13";"13093";"Saint-Estève-Janson";"2021-08-18 13:43:00";70;70;;;;;;;;;;"1";;;;;;""
2021;8814;"13";"13080";"Le Puy-Sainte-Réparade";"2021-08-18 14:05:00";1600;;;;;;;;;1600;;"1";"Involontaire (travaux)";;;;;""
2021;8237;"11";"11069";"Carcassonne";"2021-08-18 14:30:00";9424;;;;;;;;;;;;;;;;;""
2021;8813;"13";"13109";"Le Tholonet";"2021-08-18 14:34:00";400;280;;;;;;;;120;;"1";;;;;;""
2021;8025;"30";"30263";"Saint-Hippolyte-du-Fort";"2021-08-18 15:06:00";5036;;;;;;;;;;;;"Involontaire (travaux)";;;;;""
2021;1780;"41";"41167";"Veuzain-sur-Loire";"2021-08-18 17:38:00";25;0;;25;;;25;0;0;0;"Estimées";;;;;;;""
2021;8815;"13";"13056";"Martigues";"2021-08-18 18:38:00";240;240;;;;;;;;;;"1";"Malveillance";;;;;""
2021;8284;"11";"11184";"Lafage";"2021-08-18 19:03:00";14700;;;;;;;;;;;;;;;;;""
2021;8286;"11";"11099";"Conques-sur-Orbiel";"2021-08-18 22:17:00";15;;;;;;;;;;;;;;;;;""
2021;8817;"13";"13082";"Rognes";"2021-08-18 22:56:00";900;900;;;;;;;;;;"1";;;;;;""
2021;8533;"13";"13001";"Aix-en-Provence";"2021-08-19 00:08:00";100;100;;;;;;;;;;"1";;;;;;""
2021;8143;"2B";"2B355";"Volpajola";"2021-08-19 01:39:00";25900;24500;;;;;;;;1400;;"2";"Malveillance";;;;;""
2021;8339;"66";"66069";"Espira-de-l'Agly";"2021-08-19 06:08:00";10000;;;;;;;;;10000;;"6";"Malveillance";;;;;""
2021;8913;"34";"34268";"Saint-Jean-de-la-Blaquière";"2021-08-19 12:46:00";153388;;153388;;;;;;;;;"1";"Malveillance";;;;;""
2021;8066;"30";"30339";"Val-d'Aigoual";"2021-08-19 13:12:00";286;286;;;;;;;;;;"2";"Malveillance";;;;;""
2021;8132;"06";"06116";"Saint-Auban";"2021-08-19 13:34:00";200;;;;;;;;;;;"2";;;;;;""
2021;8238;"11";"11151";"Fontiès-d'Aude";"2021-08-19 13:43:00";800;;;;;;;;;;;;;;;;;""
2021;9228;"26";"26342";"Solérieux";"2021-08-19 13:46:00";22700;9100;13600;;;;;;;;;"2";;;;;;""
2021;8576;"48";"48039";"Chanac";"2021-08-19 13:48:00";9300;;1100;;;;;;;8200;;"1";"Involontaire (particulier)";;;;;""
2021;2724;"40";"40197";"Morcenx-la-Nouvelle";"2021-08-19 14:01:00";100;100;;0;;;0;;;0;;;;;;;;""
2021;937;"82";"82020";"Bouillac";"2021-08-19 15:39:00";20000;0;;20000;;;20000;0;0;0;"Estimées";;;;;;;""
2021;8818;"13";"13106";"Septèmes-les-Vallons";"2021-08-19 16:28:00";50;50;;;;;;;;;;"1";"Involontaire (particulier)";;;;;""
2021;8239;"11";"11069";"Carcassonne";"2021-08-19 16:54:00";630;;;;;;;;;;;;;;;;;""
2021;8831;"2A";"2A288";"Sotta";"2021-08-19 17:48:00";10;;10;;;;;;;;;;"Malveillance";;;;;""
2021;10065;"2A";"2A114";"Figari";"2021-08-19 18:29:00";100;;100;;;;;;;;;;"Malveillance";;;;;""
2021;8432;"11";"11232";"Miraval-Cabardès";"2021-08-19 21:32:00";7235;;;;;;;;;;;;;;;;;""
2021;8431;"11";"11232";"Miraval-Cabardès";"2021-08-19 21:32:00";45;;;;;;;;;;;;;;;;;""
2021;8136;"06";"06065";"La Gaude";"2021-08-20 02:59:00";100;;;;;;;;;;;"1";;;;;;""
2021;8137;"06";"06027";"Cagnes-sur-Mer";"2021-08-20 03:50:00";1000;;;;;;;;;;;"2";;;;;;""
2021;1782;"41";"41241";"Selles-Saint-Denis";"2021-08-20 08:48:00";100;0;;100;;;100;0;0;0;"Estimées";;"Accidentelle";;;;;""
2021;8534;"13";"13069";"Pélissanne";"2021-08-20 11:46:00";10;10;;;;;;;;;;"1";"Involontaire (particulier)";;;;;""
2021;1223;"89";"89036";"La Belliole";"2021-08-20 13:42:00";40020;20;;0;;;0;0;40000;40000;"Estimées";;;;;;;""
2021;8287;"11";"11190";"La Redorte";"2021-08-20 14:25:00";1310;;;;;;;;;;;;;;;;;""
2021;8535;"13";"13002";"Allauch";"2021-08-20 15:15:00";10;10;;;;;;;;;;"1";;;;;;""
2021;8350;"66";"66190";"Salses-le-Château";"2021-08-20 15:56:00";170000;170000;;;;;;;;;;"4";"Malveillance";;;;;""
2021;10751;"83";"83015";"Bauduen";"2021-08-20 16:34:00";8700;8700;;;;;;;;;;"2";"Involontaire (particulier)";;;;;""
2021;10069;"2A";"2A004";"Ajaccio";"2021-08-20 17:00:00";1;;1;;;;;;;;;;"Involontaire (travaux)";;;;;""
2021;8240;"11";"11069";"Carcassonne";"2021-08-20 17:38:00";2403;;;;;;;;;;;;;;;;;""
2021;2978;"33";"33122";"Cestas";"2021-08-20 18:00:00";1994;1994;;0;;;0;;;0;;;"Naturelle";;;;;""
2021;1270;"17";"17452";"La Tremblade";"2021-08-20 18:10:00";300;300;;0;;;0;0;0;0;"Mesurées";;;;;;;""
2021;1017;"71";"71295";"Mervans";"2021-08-20 18:58:00";5;0;;5;;;5;0;0;0;"Estimées";;;;;;;"Données partielles ou non valides"
2021;8397;"04";"04176";"Sainte-Croix-du-Verdon";"2021-08-20 19:48:00";200;;;;;;;;;;;;"Involontaire (particulier)";;;;;""
2021;10067;"2A";"2A144";"Lopigna";"2021-08-20 20:01:00";120;;120;;;;;;;;;;;;;;;""
2021;8536;"13";"13004";"Arles";"2021-08-20 21:51:00";10;10;;;;;;;;;;"1";"Involontaire (particulier)";;;;;""
2021;10189;"34";"34103";"Fontès";"2021-08-21 11:13:00";1962;;1962;;;;;;;;;"1";"Accidentelle";;;;;""
2021;8130;"06";"06067";"Gorbio";"2021-08-21 11:50:00";600;;;;;;;;;;;"1";"Involontaire (particulier)";;;;;""
2021;10070;"2A";"2A247";"Porto-Vecchio";"2021-08-21 16:11:00";10;;10;;;;;;;;;;"Involontaire (particulier)";;;;;""
2021;8537;"13";"13001";"Aix-en-Provence";"2021-08-21 17:30:00";10000;10000;;;;;;;;;;"1";"Involontaire (particulier)";;;;;""
2021;1785;"41";"41018";"Blois";"2021-08-21 21:22:00";10;0;;10;;;10;0;0;0;"Estimées";;;;;;;""
2021;9230;"26";"26211";"Montségur-sur-Lauzon";"2021-08-22 03:13:00";400;;;;;;;;;;;;;;;;;""
2021;8242;"11";"11069";"Carcassonne";"2021-08-22 03:57:00";350;;;;;;;;;;;;;;;;;""
2021;1786;"41";"41018";"Blois";"2021-08-22 06:47:00";10;0;;10;;;10;0;0;0;"Estimées";;;;;;;""
2021;8243;"11";"11069";"Carcassonne";"2021-08-22 13:11:00";2160;;;;;;;;;;;;;;;;;""
2021;8244;"11";"11069";"Carcassonne";"2021-08-22 13:43:00";3220;;;;;;;;;;;;;;;;;""
2021;8360;"66";"66029";"Caixas";"2021-08-22 14:55:00";40000;40000;;;;;;;;;;"3";"Involontaire (particulier)";;;;;""
2021;1281;"15";"15002";"Alleuze";"2021-08-22 15:02:00";40;40;;0;;;0;0;0;0;"Mesurées";;;;;;;""
2021;8245;"11";"11069";"Carcassonne";"2021-08-22 15:07:00";11088;;;;;;;;;;;;;;;;;""
2021;8246;"11";"11397";"Trèbes";"2021-08-22 16:10:00";300;;;;;;;;;;;;;;;;;""
2021;8916;"34";"34157";"Mèze";"2021-08-22 16:38:00";3236;3236;;;;;;;;;;"4";"Malveillance";;;;;""
2021;8248;"11";"11386";"Talairan";"2021-08-22 19:21:00";16051;;;;;;;;;;;;;;;;;""
2021;8538;"13";"13063";"Miramas";"2021-08-22 20:31:00";200;200;;;;;;;;;;"1";"Malveillance";;;;;""
2021;8926;"34";"34239";"Saint-André-de-Sangonis";"2021-08-23 01:38:00";4389;;4389;;;;;;;;;"1";"Malveillance";;;;;""
2021;9390;"84";"84129";"Sorgues";"2021-08-23 09:26:00";40000;;;;;;;;;;;;;;;;;""
2021;2959;"33";"33015";"Arveyres";"2021-08-23 11:44:00";15;15;;0;;;0;;;0;;;;;;;;""
2021;8918;"34";"34328";"Vendémian";"2021-08-23 11:55:00";13;13;;;;;;;;;;"5";"Malveillance";;;;;""
2021;8223;"34";"34018";"Autignac";"2021-08-23 12:36:00";12554;;12554;;;;;;;;;"1";"Accidentelle";;;;;""
2021;8366;"66";"66037";"Canet-en-Roussillon";"2021-08-23 14:27:00";20000;;;;;;;;;20000;;"6";"Malveillance";;;;;""
2021;2964;"33";"33214";"Lacanau";"2021-08-23 14:47:00";10;10;;0;;;0;;;0;;;;;;;;""
2021;876;"49";"49002";"Allonnes";"2021-08-23 14:48:00";30000;30000;;0;;;0;0;0;0;"Estimées";;;;;;;""
2021;8337;"11";"11413";"Villardonnel";"2021-08-23 15:25:00";6000;;;;;;;;;;;;;;;;;""
2021;8249;"11";"11203";"Lézignan-Corbières";"2021-08-23 15:49:00";61307;;61307;;;;;;;;;;;;;;;""
2021;2970;"33";"33260";"Lugos";"2021-08-23 15:54:00";300;300;;0;;;0;;;0;;;;;;;;""
2021;2971;"33";"33260";"Lugos";"2021-08-23 16:01:00";400;400;;0;;;0;;;0;;;;;;;;""
2021;2975;"33";"33011";"Arès";"2021-08-23 16:33:00";5000;5000;;0;;;0;;;0;;;;;;;;""
2021;1935;"38";"38134";"Cour-et-Buis";"2021-08-23 16:45:00";200;0;;200;;;200;0;0;0;"Estimées";;;;;;;""
2021;8288;"11";"11203";"Lézignan-Corbières";"2021-08-23 17:02:00";1015;;;;;;;;;;;;;;;;;""
2021;8541;"13";"13048";"Jouques";"2021-08-23 17:03:00";21800;21300;500;;;;;;;;;"1";;;;;;""
2021;1936;"38";"38110";"Chuzelles";"2021-08-23 17:31:00";500;0;;500;;;500;0;0;0;"Estimées";;;;;;;""
2021;8290;"11";"11184";"Lafage";"2021-08-23 17:39:00";5000;;;;;;;;;;;;;;;;;""
2021;8543;"13";"13098";"Saint-Mitre-les-Remparts";"2021-08-23 18:06:00";200;200;;;;;;;;;;"1";;;;;;""
2021;8160;"30";"30225";"Sabran";"2021-08-23 18:47:00";86;;;;;;;;;;;;"Malveillance";;;;;""
2021;8540;"13";"13063";"Miramas";"2021-08-23 19:08:00";80;80;;;;;;;;;;"1";"Malveillance";;;;;""
2021;8250;"11";"11069";"Carcassonne";"2021-08-23 19:53:00";8755;;;;;;;;;;;;;;;;;""
2021;8157;"30";"30018";"Aspères";"2021-08-23 19:54:00";91;;;;;;;;;;;;"Malveillance";;;;;""
2021;8158;"30";"30352";"Villevieille";"2021-08-23 20:57:00";999;;;;;;;;;;;;"Malveillance";;;;;""
2021;8363;"11";"11210";"Luc-sur-Orbieu";"2021-08-23 21:01:00";1753;;;;;;;;;;;;;;;;;""
2021;10072;"2A";"2A272";"Sartène";"2021-08-24 10:57:00";3000;;3000;;;;;;;;;;"Accidentelle";;;;;""
2021;8211;"2A";"2A017";"Appietto";"2021-08-24 11:27:00";25000;;25000;;;;;;;;;"1";"Malveillance";;;;;""
2021;8671;"2A";"2A048";"Calcatoggio";"2021-08-24 12:37:00";140;;140;;;;;;;;;"1";"Malveillance";;;;;""
2021;8923;"34";"34045";"Cabrières";"2021-08-24 12:56:00";278905;;278905;;;;;;;;;"1";"Malveillance";;;;;""
2021;9000;"07";"07101";"Grospierres";"2021-08-24 13:44:00";50;50;;;;;;;;;;"3";"Involontaire (particulier)";;;;;""
2021;8433;"11";"11262";"Narbonne";"2021-08-24 14:55:00";1;;;;;;;;;;;;;;;;;""
2021;8332;"11";"11008";"Alet-les-Bains";"2021-08-24 15:55:00";1;;;;;;;;;;;;;;;;;""
2021;8545;"13";"13090";"Saint-Antonin-sur-Bayon";"2021-08-24 16:45:00";10;10;;;;;;;;;;"1";"Naturelle";;;;;""
2021;882;"46";"46032";"Boissières";"2021-08-24 18:27:00";3800;0;;3800;;;3800;0;0;0;"Estimées";;;;;;;""
2021;8292;"11";"11387";"Taurize";"2021-08-24 19:59:00";30;;;;;;;;;;;;;;;;;""
2021;8293;"11";"11225";"Mas-Saintes-Puelles";"2021-08-24 20:44:00";4500;;;;;;;;;;;;;;;;;""
2021;8434;"11";"11295";"Portel-des-Corbières";"2021-08-24 22:04:00";3000;;;;;;;;;;;;;;;;;""
2021;8546;"13";"13067";"Orgon";"2021-08-24 22:12:00";40;40;;;;;;;;;;"1";"Involontaire (particulier)";;;;;""
2021;881;"49";"49041";"Brain-sur-Allonnes";"2021-08-24 22:45:00";10000;10000;;0;;;0;0;0;0;"Estimées";;;;;;;""
2021;2979;"33";"33097";"Carcans";"2021-08-25 06:15:00";300;300;;0;;;0;;;0;;;"Naturelle";;;;;""
2021;8201;"83";"83079";"La Môle";"2021-08-25 12:15:00";2;2;;;;;;;;;;"5";"Involontaire (travaux)";;;;;""
2021;8202;"83";"83068";"Grimaud";"2021-08-25 12:40:00";2;2;;;;;;;;;;"3";"Involontaire (travaux)";;;;;""
2021;8205;"30";"30225";"Sabran";"2021-08-25 13:07:00";10;;;;;;;;;;;;"Involontaire (travaux)";;;;;""
2021;8203;"83";"83042";"Cogolin";"2021-08-25 14:25:00";2;2;;;;;;;;;;"3";"Involontaire (travaux)";;;;;""
2021;9391;"84";"84089";"Pertuis";"2021-08-25 14:57:00";1000;;;;;;;;;;;;;;;;;""
2021;892;"49";"49045";"La Breille-les-Pins";"2021-08-25 15:55:00";5500;5500;;0;;;0;0;0;0;"Estimées";;;;;;;""
2021;1420;"45";"45161";"Griselles";"2021-08-25 16:40:00";30000;0;;10000;;;10000;0;20000;20000;"Estimées";;"Malveillance";;;;;""
2021;8547;"13";"13063";"Miramas";"2021-08-25 16:44:00";500;500;;;;;;;;;;"1";"Malveillance";;;;;""
2021;8435;"11";"11040";"Bizanet";"2021-08-25 17:13:00";500;;;;;;;;;;;;;;;;;""
2021;8204;"83";"83012";"Barjols";"2021-08-25 19:29:00";300;300;;;;;;;;;;"3";"Naturelle";;;;;""
2021;8549;"13";"13063";"Miramas";"2021-08-25 20:18:00";200;200;;;;;;;;;;"1";"Malveillance";;;;;""
2021;8365;"11";"11111";"Cruscades";"2021-08-25 20:37:00";1194;;;;;;;;;;;;;;;;;""
2021;8375;"11";"11203";"Lézignan-Corbières";"2021-08-25 20:37:00";1129;;;;;;;;;;;;;;;;;""
2021;8436;"11";"11203";"Lézignan-Corbières";"2021-08-25 22:24:00";1000;;;;;;;;;;;;;;;;;""
2021;8216;"83";"83079";"La Môle";"2021-08-26 07:27:00";2;2;;;;;;;;;;"3";"Involontaire (travaux)";;;;;""
2021;2723;"40";"40243";"Rion-des-Landes";"2021-08-26 07:33:00";1500;1500;;0;;;0;;;0;;;"Accidentelle";;;;;""
2021;8925;"34";"34213";"Poussan";"2021-08-26 11:05:00";61647;;61647;;;;;;;;;"1";"Malveillance";;;;;""
2021;8396;"06";"06073";"Isola";"2021-08-26 12:30:00";98000;30000;28000;;;;;;;40000;;"1";"Naturelle";;;;;""
2021;8377;"66";"66205";"Tautavel";"2021-08-26 12:40:00";902900;351200;116400;;;;;;;435300;;"1";"Involontaire (particulier)";;;;;""
2021;1285;"15";"15153";"Pleaux";"2021-08-26 14:21:00";100;0;;100;;;100;0;0;0;"Mesurées";;"Accidentelle";;;;;""
2021;8333;"06";"06070";"Gréolières";"2021-08-26 14:26:00";300;;;;;;;;;;;"4";"Naturelle";;;;;""
2021;8251;"2B";"2B290";"Speloncato";"2021-08-26 15:48:00";400;;;;;;;;;;;;"Accidentelle";;;;;""
2021;8437;"11";"11099";"Conques-sur-Orbiel";"2021-08-26 17:06:00";1590;;;;;;;;;;;;;;;;;""
2021;908;"43";"43061";"Chaspinhac";"2021-08-26 17:46:00";480;200;;0;;;0;280;0;280;"Estimées";;;;;;;""
2021;8438;"11";"11126";"Escales";"2021-08-26 21:18:00";13813;;;;;;;;;;;;;;;;;""
2021;8441;"11";"11266";"Port-la-Nouvelle";"2021-08-26 21:21:00";1;;;;;;;;;;;;;;;;;""
2021;2984;"33";"33382";"Saint-Christoly-de-Blaye";"2021-08-27 00:22:00";10000;8000;;0;;;0;;;2000;;;;;;;;""
2021;9002;"07";"07288";"Saint-Priest";"2021-08-27 00:26:00";300;;300;;;;;;;;;"1";;;;;;""
2021;8299;"83";"83068";"Grimaud";"2021-08-27 01:18:00";100;100;;;;;;;;;;"5";"Involontaire (travaux)";;;;;""
2021;8253;"2B";"2B112";"Feliceto";"2021-08-27 05:45:00";500;;;;;;;;;;;;"Malveillance";;;;;""
2021;8554;"13";"13056";"Martigues";"2021-08-27 07:21:00";10;10;;;;;;;;;;"1";"Malveillance";;;;;""
2021;1605;"72";"72260";"Ruaudin";"2021-08-27 09:03:00";25;25;;0;;;0;0;0;0;"Estimées";;;;;;;""
2021;8670;"2A";"2A114";"Figari";"2021-08-27 09:54:00";30;;30;;;;;;;;;;"Malveillance";;;;;""
2021;8669;"2A";"2A288";"Sotta";"2021-08-27 10:05:00";20;;20;;;;;;;;;;"Malveillance";;;;;""
2021;8667;"2A";"2A163";"Monacia-d'Aullène";"2021-08-27 10:34:00";18000;;18000;;;;;;;;;"1";"Malveillance";;;;;""
2021;1937;"38";"38189";"Heyrieux";"2021-08-27 10:35:00";5;0;;5;;;5;0;0;0;"Estimées";;;;;;;""
2021;8668;"2A";"2A114";"Figari";"2021-08-27 11:01:00";8000;;8000;;;;;;;;;;"Malveillance";;;;;""
2021;8254;"2B";"2B110";"Favalello";"2021-08-27 13:29:00";3500;;;;;;;;;;;;"Malveillance";;;;;""
2021;3061;"24";"24436";"Saint-Laurent-des-Hommes";"2021-08-27 13:49:00";20000;20000;;0;;;0;;;;;;;;;;;""
2021;8929;"2A";"2A004";"Ajaccio";"2021-08-27 13:55:00";300;;300;;;;;;;;;"1";"Involontaire (travaux)";;;;;""
2021;8257;"2B";"2B149";"Lugo-di-Nazza";"2021-08-27 14:13:00";1500;;;;;;;;;;;;"Malveillance";;;;;""
2021;8258;"2B";"2B148";"Lucciana";"2021-08-27 14:23:00";300;;;;;;;;;;;;;;;;;""
2021;8304;"83";"83063";"La Garde-Freinet";"2021-08-27 15:31:00";2;2;;;;;;;;;;"3";"Involontaire (travaux)";;;;;""
2021;10073;"2A";"2A272";"Sartène";"2021-08-27 15:34:00";100;;100;;;;;;;;;;;;;;;""
2021;8552;"13";"13081";"Rognac";"2021-08-27 15:52:00";20;20;;;;;;;;;;"1";"Malveillance";;;;;""
2021;8580;"48";"48075";"Ispagnac";"2021-08-27 17:13:00";154800;90300;64500;;;;;;;;;"2";"Malveillance";;;;;""
2021;8376;"11";"11099";"Conques-sur-Orbiel";"2021-08-27 17:41:00";50;;;;;;;;;;;;;;;;;""
2021;2709;"40";"40034";"Bélus";"2021-08-27 17:46:00";1000;1000;;0;;;0;;;0;;;;;;;;""
2021;945;"46";"46197";"Le Montat";"2021-08-27 18:01:00";200;0;;200;;;200;0;0;0;"Estimées";;;;;;;""
2021;9003;"07";"07134";"Laurac-en-Vivarais";"2021-08-27 18:03:00";3000;;3000;;;;;;;;;"1";;;;;;""
2021;1271;"17";"17038";"Bedenac";"2021-08-28 00:02:00";5000;5000;;0;;;0;0;0;0;"Mesurées";;;;;;;""
2021;10074;"2A";"2A181";"Ocana";"2021-08-28 03:03:00";60;;60;;;;;;;;;"1";"Accidentelle";;;;;""
2021;8561;"13";"13047";"Istres";"2021-08-28 05:08:00";1500;1500;;;;;;;;;;"1";"Involontaire (particulier)";;;;;""
2021;8306;"83";"83148";"Vidauban";"2021-08-28 07:53:00";2;2;;;;;;;;;;"5";"Involontaire (travaux)";;;;;""
2021;1792;"41";"41029";"Candé-sur-Beuvron";"2021-08-28 09:37:00";3;0;;3;;;3;0;0;0;"Estimées";;;;;;;""
2021;8295;"11";"11069";"Carcassonne";"2021-08-28 10:51:00";2417;;;;;;;;;;;;;;;;;""
2021;8315;"06";"06038";"Châteauneuf-Grasse";"2021-08-28 11:11:00";400;;;;;;;;;;;"2";;;;;;""
2021;8560;"13";"13044";"Grans";"2021-08-28 11:38:00";10;10;;;;;;;;;;"1";"Involontaire (particulier)";;;;;""
2021;946;"46";"46322";"Trespoux-Rassiels";"2021-08-28 11:45:00";415;0;;415;;;415;0;0;0;"Estimées";;;;;;;""
2021;8957;"34";"34036";"Le Bosc";"2021-08-28 12:25:00";113183;;113183;;;;;;;;;"1";"Malveillance";;;;;""
2021;9004;"07";"07201";"Ruoms";"2021-08-28 12:53:00";4000;4000;;;;;;;;;;"3";;;;;;""
2021;8314;"13";"13055";"Marseille";"2021-08-28 13:12:00";2300;;2300;;;;;;;;;"1";;;;;;""
2021;8958;"34";"34083";"Combes";"2021-08-28 13:28:00";1253;;1253;;;;;;;;;"1";"Accidentelle";;;;;""
2021;8267;"30";"30331";"Tresques";"2021-08-28 14:01:00";143;143;;;;;;;;;;"2";"Accidentelle";;;;;""
2021;8272;"05";"05106";"Prunières";"2021-08-28 15:45:00";10;;;;;;;;;;;;;;;;;""
2021;2725;"40";"40184";"Mimizan";"2021-08-28 15:52:00";600000;600000;;0;;;0;;;0;;;"Involontaire (particulier)";;;;;""
2021;10234;"34";"34158";"Minerve";"2021-08-28 16:15:00";378;;378;;;;;;;;;"1";"Involontaire (particulier)";;;;;""
2021;8408;"34";"34178";"Murviel-lès-Béziers";"2021-08-28 16:59:00";2840;;2840;;;;;;;;;"1";"Malveillance";;;;;""
2021;2743;"40";"40296";"Seignosse";"2021-08-28 17:02:00";447900;431100;;0;;;0;;;16800;;;;;;;;""
2021;8297;"11";"11145";"Fleury";"2021-08-28 18:20:00";14470;;;;;;;;;;;;;;;;;""
2021;8574;"13";"13037";"La Fare-les-Oliviers";"2021-08-28 18:44:00";400;400;;;;;;;;;;"1";"Involontaire (particulier)";;;;;""
2021;8575;"13";"13056";"Martigues";"2021-08-28 18:48:00";210;210;;;;;;;;;;"1";"Malveillance";;;;;""
2021;9096;"66";"66002";"Alénya";"2021-08-28 19:51:00";75000;;;;;;;;;75000;;"6";"Malveillance";;;;;""
2021;8264;"30";"30171";"Molières-sur-Cèze";"2021-08-28 20:23:00";231;101;;;;;;;;130;;"3";"Accidentelle";;;;;""
2021;1608;"72";"72143";"Le Grand-Lucé";"2021-08-28 21:45:00";50;50;;0;;;0;0;0;0;"Estimées";;"Involontaire (particulier)";;;;;""
2021;8559;"13";"13051";"Lançon-Provence";"2021-08-28 22:16:00";5;5;;;;;;;;;;"1";"Involontaire (particulier)";;;;;""
2021;9097;"66";"66046";"Caudiès-de-Fenouillèdes";"2021-08-29 00:31:00";6000;;6000;;;;;;;;;"1";"Malveillance";;;;;""
2021;8961;"34";"34154";"Mauguio";"2021-08-29 03:58:00";17607;;17607;;;;;;;;;"1";"Involontaire (particulier)";;;;;""
2021;8570;"13";"13060";"Meyreuil";"2021-08-29 17:36:00";43900;43900;;;;;;;;;;"1";;;;;;""
2021;8577;"13";"13017";"Boulbon";"2021-08-29 17:51:00";300;300;;;;;;;;;;"1";"Involontaire (particulier)";;;;;""
2021;8962;"34";"34213";"Poussan";"2021-08-29 17:58:00";157;;157;;;;;;;;;"1";"Accidentelle";;;;;""
2021;2744;"40";"40064";"Canenx-et-Réaut";"2021-08-29 21:13:00";1000;1000;;0;;;0;;;0;;;;;;;;""
2021;8328;"11";"11210";"Luc-sur-Orbieu";"2021-08-29 21:36:00";2215;;;;;;;;;;;;;;;;;""
2021;2988;"33";"33454";"Saint-Morillon";"2021-08-29 22:06:00";30000;30000;;0;;;0;;;0;;;"Accidentelle";;;;;""
2021;2704;"40";"40210";"Onesse-Laharie";"2021-08-30 03:26:00";824;824;;0;;;0;;;0;;;;;;;;""
2021;8278;"2B";"2B231";"Pigna";"2021-08-30 06:14:00";400;;;;;;;;;;;;"Malveillance";;;;;""
2021;8310;"83";"83107";"Roquebrune-sur-Argens";"2021-08-30 06:54:00";50;50;;;;;;;;;;"4";"Malveillance";;;;;""
2021;947;"37";"37198";"Rillé";"2021-08-30 07:13:00";60000;0;;60000;;;60000;0;0;0;"Estimées";;;;;;;""
2021;8964;"34";"34180";"Nébian";"2021-08-30 11:01:00";16050;;16050;;;;;;;;;"1";"Malveillance";;;;;""
2021;8565;"13";"13019";"Cabriès";"2021-08-30 12:09:00";50;50;;;;;;;;;;"1";"Involontaire (particulier)";;;;;""
2021;9006;"07";"07109";"Joannas";"2021-08-30 14:25:00";65000;65000;;;;;;;;;;"5";;;;;;""
2021;1939;"38";"38065";"Châbons";"2021-08-30 14:28:00";15;0;;15;;;15;0;0;0;"Estimées";;;;;;;""
2021;9029;"07";"07033";"Bessas";"2021-08-30 14:32:00";1000;;;;;;;;;;;"1";"Accidentelle";;;;;""
2021;3062;"24";"24463";"Saint-Médard-d'Excideuil";"2021-08-30 14:50:00";20000;20000;;0;;;0;;;;;;;;;;;""
2021;2702;"40";"40094";"Escource";"2021-08-30 15:17:00";2000;2000;;0;;;0;;;0;;;"Involontaire (particulier)";;;;;""
2021;8567;"13";"13001";"Aix-en-Provence";"2021-08-30 15:18:00";50;50;;;;;;;;;;"1";"Involontaire (travaux)";;;;;""
2021;2348;"47";"47212";"Poussignac";"2021-08-30 17:40:12";2000;2000;;0;;;0;;;0;;;;;;;;""
2021;9393;"84";"84068";"Lourmarin";"2021-08-30 23:53:00";1000;;;;;;;;;;;;;;;;;""
2021;2990;"33";"33376";"Saint-Aubin-de-Médoc";"2021-08-31 02:35:00";50000;50000;;0;;;0;;;0;;;"Accidentelle";;;;;""
2021;9106;"66";"66046";"Caudiès-de-Fenouillèdes";"2021-08-31 07:06:00";20;;20;;;;;;;;;"1";"Malveillance";;;;;""
2021;1135;"77";"77339";"Noisy-sur-École";"2021-08-31 08:19:00";3000;3000;;0;;;0;0;0;0;"Estimées";;;;;;;""
2021;8388;"30";"30035";"Belvézet";"2021-08-31 14:09:00";5458;;2058;;;;;;;3400;;"1";"Malveillance";;;;;""
2021;9032;"07";"07053";"Chandolas";"2021-08-31 15:25:00";608800;498400;94600;;;;;;;15800;;"2";;;;;;""
2021;10408;"11";"11203";"Lézignan-Corbières";"2021-08-31 16:12:00";5000;;;;;;;;;;;;;;;;;""
2021;959;"46";"46252";"Les Pechs du Vers";"2021-08-31 16:54:00";5000;0;;5000;;;5000;0;0;0;"Estimées";;"Accidentelle";;;;;""
2021;1136;"77";"77339";"Noisy-sur-École";"2021-08-31 17:01:00";50;50;;0;;;0;0;0;0;"Estimées";;;;;;;""
2021;960;"46";"46022";"Bélaye";"2021-08-31 18:18:00";100;0;;100;;;100;0;0;0;"Estimées";;;;;;;""
2021;9049;"30";"30167";"Meyrannes";"2021-08-31 19:06:00";300;;;;;;;;;;;;;;;;;""
2021;1106;"85";"85226";"Saint-Hilaire-de-Riez";"2021-08-31 19:22:00";2500;0;;2500;;;2500;0;0;0;"Mesurées";;;;;;;""
2021;8418;"2B";"2B185";"Oletta";"2021-08-31 19:39:00";100;;100;;;;;;;;;"1";"Malveillance";;;;;""
2021;9033;"07";"07331";"Vals-les-Bains";"2021-08-31 22:20:00";600;;600;;;;;;;;;"1";;;;;;""
2021;10190;"34";"34341";"Villeveyrac";"2021-08-31 22:49:00";17734;;17734;;;;;;;;;"1";"Malveillance";;;;;""
2021;2992;"33";"33376";"Saint-Aubin-de-Médoc";"2021-09-01 09:20:00";550000;550000;;0;;;0;;;0;;;;;;;;""
2021;8969;"34";"34142";"Lodève";"2021-09-01 09:38:00";1855;;1855;;;;;;;;;"1";"Malveillance";;;;;""
2021;8419;"2B";"2B122";"Gavignano";"2021-09-01 11:59:00";100;;;;;;;;;;;;;;;;;""
2021;8421;"2B";"2B218";"Piedicorte-di-Gaggio";"2021-09-01 12:20:00";8100;8100;;;;;;;;;;"2";"Malveillance";;;;;""
2021;8564;"13";"13063";"Miramas";"2021-09-01 13:46:00";50;50;;;;;;;;;;"1";"Malveillance";;;;;""
2021;1000;"46";"46138";"Cœur de Causse";"2021-09-01 17:16:00";3000;0;;3000;;;3000;0;0;0;"Estimées";;;;;;;""
2021;8563;"13";"13002";"Allauch";"2021-09-01 18:00:00";3500;3500;;;;;;;;;;"1";;;;;;""
2021;1001;"46";"46267";"Saint-Germain-du-Bel-Air";"2021-09-01 18:19:00";200;0;;200;;;200;0;0;0;"Estimées";;;;;;;""
2021;10078;"2A";"2A104";"Eccica-Suarella";"2021-09-02 09:13:00";20;;20;;;;;;;;;;"Accidentelle";;;;;""
2021;10077;"2A";"2A186";"Olivese";"2021-09-02 11:39:00";300;;300;;;;;;;;;"1";;;;;;""
2021;1164;"77";"77186";"Fontainebleau";"2021-09-02 16:21:00";6000;6000;;0;;;0;0;0;0;"Estimées";;;;;;;""
2021;9037;"07";"07314";"Silhac";"2021-09-02 16:59:00";150;150;;;;;;;;;;"5";"Involontaire (travaux)";;;;;""
2021;1796;"41";"41145";"Monthou-sur-Bièvre";"2021-09-02 17:46:00";90;0;;90;;;90;0;0;0;"Estimées";;;;;;;""
2021;1426;"45";"45146";"La Ferté-Saint-Aubin";"2021-09-02 18:24:00";1000;0;;1000;;;1000;0;0;0;"Estimées";;"Involontaire (travaux)";;;;;""
2021;8972;"34";"34164";"Montaud";"2021-09-02 18:34:00";686;;686;;;;;;;;;"1";"Accidentelle";;;;;""
2021;997;"49";"49018";"Baugé-en-Anjou";"2021-09-02 19:40:00";10000;0;;10000;;;10000;0;0;0;"Estimées";;;;;;;""
2021;8887;"83";"83013";"La Bastide";"2021-09-02 22:53:00";45;45;;;;;;;;;;"5";"Involontaire (particulier)";;;;;""
2021;9069;"11";"11116";"Cuxac-d'Aude";"2021-09-03 01:10:00";10;;;;;;;;;;;;;;;;;""
2021;999;"49";"49138";"Les Bois d'Anjou";"2021-09-03 03:50:00";5000;5000;;0;;;0;0;0;0;"Estimées";;;;;;;""
2021;8888;"83";"83068";"Grimaud";"2021-09-03 09:32:00";2;2;;;;;;;;;;"5";"Involontaire (travaux)";;;;;""
2021;8890;"83";"83068";"Grimaud";"2021-09-03 09:53:00";2;2;;;;;;;;;;"5";"Involontaire (travaux)";;;;;""
2021;8834;"2B";"2B267";"Saliceto";"2021-09-03 14:05:00";15;;;;;;;;;;;;"Naturelle";;;;;""
2021;1003;"76";"76142";"Brémontier-Merval";"2021-09-03 15:25:00";10000;0;;10000;;;10000;0;0;0;"Estimées";;;;;;;""
2021;8824;"13";"13051";"Lançon-Provence";"2021-09-03 16:38:00";500;500;;;;;;;;;;"1";"Naturelle";;;;;""
2021;1612;"72";"72223";"Noyen-sur-Sarthe";"2021-09-04 05:27:00";10000;10000;;0;;;0;0;0;0;"Estimées";;;;;;;""
2021;8827;"13";"13082";"Rognes";"2021-09-04 11:19:00";10;10;;;;;;;;;;"1";"Involontaire (particulier)";;;;;""
2021;2031;"38";"38120";"La Combe-de-Lancey";"2021-09-04 12:50:00";10;0;;10;;;10;0;0;0;"Estimées";;;;;;;""
2021;8826;"13";"13027";"Châteaurenard";"2021-09-04 16:58:00";50;50;;;;;;;;;;"1";"Accidentelle";;;;;""
2021;1020;"49";"49041";"Brain-sur-Allonnes";"2021-09-04 18:25:00";5000;5000;;0;;;0;0;0;0;"Estimées";;;;;;;""
2021;8822;"13";"13056";"Martigues";"2021-09-05 11:44:00";5;5;;;;;;;;;;"1";"Accidentelle";;;;;""
2021;1021;"49";"49041";"Brain-sur-Allonnes";"2021-09-05 15:39:00";10000;10000;;0;;;0;0;0;0;"Estimées";;;;;;;""
2021;1272;"17";"17118";"Corignac";"2021-09-05 16:53:00";3000;3000;;0;;;0;0;0;0;"Mesurées";;;;;;;""
2021;2996;"33";"33380";"Val-de-Livenne";"2021-09-05 17:57:00";3000;3000;;0;;;0;;;0;;;;;;;;""
2021;8894;"83";"83076";"Mazaugues";"2021-09-05 18:35:00";20;20;;;;;;;;;;"4";"Malveillance";;;;;""
2021;2997;"33";"33200";"Le Haillan";"2021-09-05 20:42:00";30;10;;0;;;0;;;20;;;;;;;;""
2021;2998;"33";"33376";"Saint-Aubin-de-Médoc";"2021-09-06 07:12:00";30000;30000;;0;;;0;;;0;;;;;;;;""
2021;8837;"2B";"2B046";"Cagnano";"2021-09-06 12:50:00";1000;;1000;;;;;;;;;"1";"Malveillance";;;;;""
2021;8820;"13";"13026";"Châteauneuf-les-Martigues";"2021-09-06 13:54:00";400;400;;;;;;;;;;"1";"Accidentelle";;;;;""
2021;8839;"2B";"2B033";"Bastia";"2021-09-06 15:54:00";4000;4000;;;;;;;;;;"3";;;;;;""
2021;1064;"46";"46202";"Montdoumerc";"2021-09-06 17:09:00";6000;0;;6000;;;6000;0;0;0;"Estimées";;;;;;;""
2021;9038;"07";"07080";"Devesset";"2021-09-06 17:46:00";20;;20;;;;;;;;;"1";;;;;;""
2021;10409;"11";"11099";"Conques-sur-Orbiel";"2021-09-06 19:20:00";1100;;;;;;;;;;;;;;;;;""
2021;8821;"13";"13010";"Barbentane";"2021-09-06 20:14:00";15;15;;;;;;;;;;"1";"Accidentelle";;;;;""
2021;1273;"17";"17038";"Bedenac";"2021-09-06 20:50:00";5000;5000;;0;;;0;0;0;0;"Mesurées";;;;;;;""
2021;8840;"2B";"2B245";"Porri";"2021-09-07 00:31:00";2500;2500;;;;;;;;;;"2";;;;;;""
2021;3002;"33";"33011";"Arès";"2021-09-07 03:12:00";15000;15000;;0;;;0;;;0;;;;;;;;""
2021;1079;"37";"37178";"Panzoult";"2021-09-07 08:22:00";3400;0;;3400;;;3400;0;0;0;"Estimées";;;;;;;""
2021;1071;"49";"49041";"Brain-sur-Allonnes";"2021-09-07 10:14:00";20000;20000;;0;;;0;0;0;0;"Estimées";;;;;;;""
2021;8863;"04";"04166";"Riez";"2021-09-07 12:26:00";340;;;;;;;;;;;;"Naturelle";;;;;""
2021;8842;"2B";"2B042";"Borgo";"2021-09-07 14:01:00";12000;2000;10000;;;;;;;;;"1";"Malveillance";;;;;""
2021;8843;"2B";"2B143";"Linguizzetta";"2021-09-07 14:15:00";334500;83200;22200;;;;;;;229100;;"5";"Malveillance";;;;;""
2021;8897;"83";"83086";"Le Muy";"2021-09-07 14:16:00";1900;1900;;;;;;;;;;"5";"Involontaire (particulier)";;;;;""
2021;1274;"17";"17099";"Chepniers";"2021-09-07 14:42:00";38600;38600;;0;;;0;0;0;0;"Mesurées";;;;;;;""
2021;8819;"13";"13049";"Lamanon";"2021-09-07 16:47:00";1450;1450;;;;;;;;;;"1";"Accidentelle";;;;;""
2021;9040;"07";"07100";"Gravières";"2021-09-07 17:08:00";12000;12000;;;;;;;;;;"4";"Malveillance";;;;;""
2021;8898;"83";"83125";"Seillons-Source-d'Argens";"2021-09-07 18:28:00";30;30;;;;;;;;;;"5";"Naturelle";;;;;""
2021;1077;"46";"46022";"Bélaye";"2021-09-07 19:29:00";100;0;;100;;;100;0;0;0;"Estimées";;"Malveillance";;;;;""
2021;1078;"46";"46022";"Bélaye";"2021-09-07 20:12:00";500;0;;500;;;500;0;0;0;"Estimées";;"Malveillance";;;;;""
2021;3004;"33";"33494";"Salaunes";"2021-09-07 21:22:00";500;500;;0;;;0;;;0;;;;;;;;""
2021;8845;"2B";"2B343";"Venzolasca";"2021-09-08 01:19:00";1500;;;;;;;;;;;;"Malveillance";;;;;""
2021;8846;"2B";"2B343";"Venzolasca";"2021-09-08 03:00:00";3500;;;;;;;;;;;;"Malveillance";;;;;""
2021;1172;"85";"85235";"Saint-Juire-Champgillon";"2021-09-08 04:14:00";200;0;;200;;;200;0;0;0;"Mesurées";;;;;;;""
2021;8848;"2B";"2B145";"Loreto-di-Casinca";"2021-09-08 05:00:00";5000;500;4500;;;;;;;;;"1";"Malveillance";;;;;""
2021;1799;"41";"41018";"Blois";"2021-09-08 06:24:00";30;0;;30;;;30;0;0;0;"Estimées";;;;;;;""
2021;1616;"72";"72054";"Champagné";"2021-09-08 10:40:00";300;300;;0;;;0;0;0;0;"Estimées";;;;;;;""
2021;1617;"72";"72058";"Changé";"2021-09-08 11:28:00";1500;1500;;0;;;0;0;0;0;"Estimées";;;;;;;""
2021;1084;"49";"49045";"La Breille-les-Pins";"2021-09-08 11:50:00";10000;10000;;0;;;0;0;0;0;"Estimées";;;;;;;""
2021;8930;"06";"06023";"Breil-sur-Roya";"2021-09-08 12:58:00";5800;;;;;;;;;;;"2";;;;;;""
2021;9041;"07";"07347";"Vocance";"2021-09-08 12:58:00";500;500;;;;;;;;;;"3";;;;;;""
2021;1618;"72";"72058";"Changé";"2021-09-08 15:49:00";1;1;;0;;;0;0;0;0;"Estimées";;"Involontaire (travaux)";;;;;""
2021;9042;"07";"07098";"Gourdon";"2021-09-08 16:05:00";5000;;5000;;;;;;;;;"1";"Accidentelle";;;;;""
2021;9043;"07";"07126";"Lagorce";"2021-09-08 16:23:00";25000;25000;;;;;;;;;;"3";;;;;;""
2021;2101;"12";"12145";"Millau";"2021-09-08 17:00:00";50000;50000;;0;;;0;0;0;0;"Estimées";;;;;;;"Données partielles ou non valides"
2021;9068;"11";"11322";"Roquefort-des-Corbières";"2021-09-09 08:07:00";5;;;;;;;;;;;;;;;;;""
2021;1940;"38";"38315";"Le Pont-de-Beauvoisin";"2021-09-09 15:49:00";70;0;;70;;;70;0;0;0;"Estimées";;;;;;;""
2021;1087;"49";"49002";"Allonnes";"2021-09-09 16:34:00";800;0;;800;;;800;0;0;0;"Estimées";;;;;;;""
2021;3005;"33";"33529";"La Teste-de-Buch";"2021-09-09 20:19:00";100;100;;0;;;0;;;0;;;;;;;;""
2021;1275;"17";"17337";"Saint-Georges-d'Oléron";"2021-09-10 13:44:00";250;250;;0;;;0;0;0;0;"Mesurées";;;;;;;""
2021;10112;"13";"13071";"Les Pennes-Mirabeau";"2021-09-10 21:07:00";100;100;;;;;;;;;;"1";;;;;;""
2021;2037;"38";"38451";"Saint-Romain-de-Jalionas";"2021-09-11 16:00:00";100;0;;100;;;100;0;0;0;"Estimées";;;;;;;""
2021;8876;"2B";"2B354";"Vivario";"2021-09-11 16:44:00";450;;;;;;;;;;;;"Naturelle";;;;;""
2021;2038;"38";"38297";"Arandon-Passins";"2021-09-11 20:47:00";5;0;;5;;;5;0;0;0;"Estimées";;;;;;;""
2021;3006;"33";"33376";"Saint-Aubin-de-Médoc";"2021-09-12 14:41:00";200;200;;0;;;0;;;0;;;;;;;;""
2021;10403;"13";"13106";"Septèmes-les-Vallons";"2021-09-12 18:47:00";300;300;;;;;;;;;;"1";"Accidentelle";;;;;""
2021;9394;"84";"84099";"Robion";"2021-09-12 23:29:00";500;;;;;;;;;;;;;;;;;""
2021;10115;"13";"13088";"Le Rove";"2021-09-13 03:04:00";5;5;;;;;;;;;;"1";"Involontaire (particulier)";;;;;""
2021;8931;"06";"06023";"Breil-sur-Roya";"2021-09-13 13:36:00";300;;;;;;;;;;;"1";"Involontaire (particulier)";;;;;""
2021;1619;"72";"72217";"Neuville-sur-Sarthe";"2021-09-13 14:56:00";20;20;;0;;;0;0;0;0;"Estimées";;;;;;;""
2021;8883;"2B";"2B185";"Oletta";"2021-09-13 15:09:00";17220;;17220;;;;;;;;;"1";"Malveillance";;;;;""
2021;2742;"40";"40320";"Uchacq-et-Parentis";"2021-09-13 19:53:00";10;10;;0;;;0;;;0;;;;;;;;""
2021;1154;"88";"88389";"Repel";"2021-09-13 21:27:00";50;50;;0;;;0;0;0;0;"Estimées";;;;;;;""
2021;10114;"13";"13056";"Martigues";"2021-09-13 21:39:00";5;5;;;;;;;;;;;;;;;;""
2021;10116;"13";"13042";"Gémenos";"2021-09-14 02:08:00";5;5;;;;;;;;;;"1";"Involontaire (particulier)";;;;;""
2021;9395;"84";"84118";"Saint-Saturnin-lès-Apt";"2021-09-14 10:55:00";16;7;9;;;;;;;;;"2";"Naturelle";;;;;""
2021;1942;"38";"38023";"Avignonet";"2021-09-14 15:32:00";1;0;;1;;;1;0;0;0;"Estimées";;;;;;;""
2021;8932;"2B";"2B207";"Penta-di-Casinca";"2021-09-15 14:41:00";20;;;;;;;;;;;;;;;;;""
2021;10117;"13";"13065";"Mouriès";"2021-09-15 18:33:00";10000;10000;;;;;;;;;;"1";"Involontaire (travaux)";;;;;""
2021;9066;"11";"11251";"Val-de-Dagne";"2021-09-15 18:41:00";5;;;;;;;;;;;;;;;;;""
2021;1155;"49";"49041";"Brain-sur-Allonnes";"2021-09-16 18:44:00";5000;5000;;0;;;0;0;0;0;"Estimées";;;;;;;""
2021;8956;"2B";"2B341";"Venaco";"2021-09-16 23:43:00";120;;;;;;;;;;;;;;;;;""
2021;1160;"49";"49045";"La Breille-les-Pins";"2021-09-17 13:59:00";20000;20000;;0;;;0;0;0;0;"Estimées";;;;;;;""
2021;9187;"66";"66176";"Saint-Hippolyte";"2021-09-17 15:03:00";15000;;;;;;;;;15000;;"6";;;;;;""
2021;2753;"40";"40155";"Linxe";"2021-09-17 19:10:00";8000;8000;;0;;;0;;;0;;;;;;;;""
2021;3511;"86";"86032";"Bonneuil-Matours";"2021-09-18 10:23:28";900;900;;0;;;0;;;0;;;;;;;;""
2021;9062;"05";"05073";"Lazer";"2021-09-18 14:46:00";3000;;;;;;;;;;;"3";"Involontaire (travaux)";;;;;""
2021;9249;"83";"83058";"Flayosc";"2021-09-19 17:35:00";100;100;;;;;;;;;;"4";"Accidentelle";;;;;""
2021;9061;"06";"06079";"Mandelieu-la-Napoule";"2021-09-19 18:27:00";5000;;;;;;;;;;;"1";"Accidentelle";;;;;""
2021;9252;"83";"83029";"Callian";"2021-09-20 19:37:00";2;2;;;;;;;;;;"4";"Naturelle";;;;;""
2021;9008;"2B";"2B315";"Santo-Pietro-di-Venaco";"2021-09-20 23:18:00";500;;;;;;;;;;;;;;;;;""
2021;10118;"13";"13118";"Coudoux";"2021-09-21 15:25:00";200;200;;;;;;;;;;"1";;;;;;""
2021;10410;"11";"11190";"La Redorte";"2021-09-22 16:12:00";4000;;;;;;;;;;;;;;;;;""
2021;10119;"13";"13056";"Martigues";"2021-09-23 11:50:00";300;300;;;;;;;;;;"1";"Malveillance";;;;;""
2021;2705;"40";"40184";"Mimizan";"2021-09-23 14:46:00";200;200;;0;;;0;;;0;;;;;;;;""
2021;9078;"2B";"2B303";"San-Giuliano";"2021-09-24 12:33:00";800;;;;;;;;;;;;;;;;;""
2021;10081;"2A";"2A060";"Cannelle";"2021-09-24 16:23:00";1534;;1534;;;;;;;;;;;;;;;""
2021;9081;"2B";"2B341";"Venaco";"2021-09-25 01:04:00";30;;;;;;;;;;;;;;;;;""
2021;10083;"2A";"2A323";"Tavaco";"2021-09-25 10:28:00";857;;857;;;;;;;;;"1";"Involontaire (particulier)";;;;;""
2021;9162;"2A";"2A103";"Cuttoli-Corticchiato";"2021-09-25 15:26:00";2677;;2677;;;;;;;;;"1";"Malveillance";;;;;""
2021;10120;"13";"13056";"Martigues";"2021-09-25 19:00:00";100;100;;;;;;;;;;"1";"Malveillance";;;;;""
2021;9253;"06";"06039";"Châteauneuf-Villevieille";"2021-09-26 13:52:00";250;;;;;;;;;;;"1";"Naturelle";;;;;""
2021;2041;"38";"38347";"Roybon";"2021-09-26 17:11:00";10;0;;10;;;10;0;0;0;"Estimées";;"Naturelle";;;;;""
2021;1961;"68";"68329";"Stosswihr";"2021-09-26 18:02:00";200;200;;0;;;0;0;0;0;"Estimées";;;;;;;""
2021;10084;"2A";"2A348";"Vico";"2021-09-26 23:43:00";589;;589;;;;;;;;;"1";;;;;;""
2021;9155;"34";"34332";"Vias";"2021-09-27 15:23:00";70550;;70550;;;;;;;;;"1";"Involontaire (particulier)";;;;;""
2021;10411;"11";"11262";"Narbonne";"2021-09-27 19:08:00";50;;;;;;;;;;;;;;;;;""
2021;9276;"83";"83075";"Les Mayons";"2021-09-27 19:09:00";60;60;;;;;;;;;;"3";"Naturelle";;;;;""
2021;9131;"2B";"2B095";"Corscia";"2021-09-28 10:25:00";40;;;;;;;;;;;;;;;;;""
2021;9158;"34";"34001";"Abeilhan";"2021-09-28 10:52:00";17280;;17280;;;;;;;;;"1";"Involontaire (travaux)";;;;;""
2021;10085;"2A";"2A362";"Zonza";"2021-09-28 11:49:00";1;;1;;;;;;;;;;"Involontaire (particulier)";;;;;""
2021;9254;"06";"06048";"Contes";"2021-09-28 14:08:00";60;;;;;;;;;;;"1";"Naturelle";;;;;""
2021;9396;"84";"84074";"Mérindol";"2021-09-28 15:15:00";300;;;;;;;;;;;;;;;;;""
2021;9206;"66";"66037";"Canet-en-Roussillon";"2021-09-29 16:22:00";10000;;;;;;;;;10000;;"6";"Malveillance";;;;;""
2021;9297;"83";"83092";"Pignans";"2021-09-30 09:24:00";20;20;;;;;;;;;;"3";"Involontaire (travaux)";;;;;""
2021;10086;"2A";"2A270";"Sari-d'Orcino";"2021-09-30 09:50:00";2;;2;;;;;;;;;"1";;;;;;""
2021;9164;"2B";"2B188";"Olmeta-di-Tuda";"2021-09-30 11:41:00";1000;;;;;;;;;;;;"Involontaire (travaux)";;;;;""
2021;10412;"11";"11145";"Fleury";"2021-09-30 12:53:00";55884;55884;;;;;;;;;;;;;;;;""
2021;10087;"2A";"2A004";"Ajaccio";"2021-09-30 14:33:00";2200;;2200;;;;;;;;;"2";;;;;;""
2021;10121;"13";"13066";"Noves";"2021-09-30 15:41:00";200;200;;;;;;;;;;"1";"Accidentelle";;;;;""
2021;10191;"34";"34268";"Saint-Jean-de-la-Blaquière";"2021-09-30 17:50:00";5851;5851;;;;;;;;;;"3";"Malveillance";;;;;""
2021;3019;"33";"33537";"Uzeste";"2021-09-30 20:31:00";3000;3000;;0;;;0;;;0;;;;;;;;""
2021;10128;"34";"34268";"Saint-Jean-de-la-Blaquière";"2021-10-01 14:31:00";7191;;7191;;;;;;;;;"1";"Malveillance";;;;;""
2021;9171;"2B";"2B275";"Sermano";"2021-10-01 14:43:00";15000;;;;;;;;;;;;;;;;;""
2021;9172;"2B";"2B316";"Santa-Reparata-di-Balagna";"2021-10-01 17:12:00";1000;;;;;;;;;;;;;;;;;""
2021;9174;"30";"30198";"Les Plantiers";"2021-10-02 13:40:00";10000;;;;;;;;;;;;;;;;;""
2021;10014;"06";"06103";"Roquebillière";"2021-10-02 14:48:00";500;;;;;;;;;;;;;;;;;""
2021;9220;"66";"66053";"Collioure";"2021-10-02 20:01:00";200;;200;;;;;;;;;"1";"Involontaire (particulier)";;;;;""
2021;9168;"05";"05126";"Rosans";"2021-10-03 21:08:00";1;;;;;;;;;;;"1";"Naturelle";;;;;""
2021;10122;"13";"13098";"Saint-Mitre-les-Remparts";"2021-10-03 21:27:00";100;100;;;;;;;;;;"1";"Naturelle";;;;;""
2021;10432;"2A";"2A032";"Bastelicaccia";"2021-10-04 12:13:00";1335;;1335;;;;;;;;;;"Involontaire (travaux)";;;;;""
2021;10123;"13";"13005";"Aubagne";"2021-10-07 08:26:00";300;300;;;;;;;;;;"1";"Accidentelle";;;;;""
2021;10413;"11";"11145";"Fleury";"2021-10-08 11:09:00";10;;;;;;;;;;;;;;;;;""
2021;10433;"2A";"2A349";"Viggianello";"2021-10-08 11:16:00";8000;;8000;;;;;;;;;;"Involontaire (travaux)";;;;;""
2021;2706;"40";"40200";"Moustey";"2021-10-08 17:11:00";12000;6000;;0;;;0;;;6000;;;;;;;;""
2021;10435;"2A";"2A271";"Sarrola-Carcopino";"2021-10-09 11:40:00";532;;532;;;;;;;;;;"Involontaire (particulier)";;;;;""
2021;10434;"2A";"2A119";"Frasseto";"2021-10-09 15:37:00";50;;50;;;;;;;;;;"Involontaire (particulier)";;;;;""
2021;10458;"2B";"2B251";"Prunelli-di-Fiumorbo";"2021-10-09 17:30:00";12000;;;;;;;;;;;;"Malveillance";;;;;""
2021;10460;"2B";"2B047";"Calacuccia";"2021-10-09 19:40:00";15;;;;;;;;;;;;"Involontaire (travaux)";;;;;""
2021;10129;"34";"34186";"Octon";"2021-10-10 12:09:00";68072;;68072;;;;;;;;;"1";"Malveillance";;;;;""
2021;10436;"2A";"2A272";"Sartène";"2021-10-10 12:21:00";2000;;2000;;;;;;;;;;"Involontaire (particulier)";;;;;""
2021;9490;"2A";"2A006";"Alata";"2021-10-10 12:48:00";157305;300;157005;;;;;;;;;"1";"Involontaire (particulier)";;;;;""
2021;10437;"2A";"2A104";"Eccica-Suarella";"2021-10-10 15:51:00";2000;;2000;;;;;;;;;;;;;;;""
2021;10438;"2A";"2A108";"Évisa";"2021-10-10 18:27:00";7957;957;7000;;;;;;;;;"4";"Naturelle";;;;;""
2021;10440;"2A";"2A348";"Vico";"2021-10-10 19:52:00";1054;;1054;;;;;;;;;;;;;;;""
2021;10442;"2A";"2A001";"Afa";"2021-10-11 10:52:00";35400;;35400;;;;;;;;;;"Involontaire (travaux)";;;;;""
2021;10568;"2B";"2B175";"Nessa";"2021-10-11 12:22:00";5000;;;;;;;;;;;;"Naturelle";;;;;""
2021;10566;"2B";"2B123";"Ghisonaccia";"2021-10-11 14:22:00";20000;;;;;;;;;;;;;;;;;""
2021;1249;"46";"46100";"Faycelles";"2021-10-11 15:46:00";2000;0;;2000;;;2000;0;0;0;"Estimées";;;;;;;""
2021;2373;"47";"47007";"Allons";"2021-10-11 16:47:10";5000;5000;;0;;;0;;;0;;;"Involontaire (particulier)";;;;;""
2021;10567;"2B";"2B185";"Oletta";"2021-10-11 17:06:00";20000;;;;;;;;;;;;;;;;;""
2021;9342;"30";"30022";"Aujac";"2021-10-11 22:42:00";1200;;;;;;;;;;;;;;;;;""
2021;10414;"11";"11170";"Gruissan";"2021-10-12 05:00:00";3397;;;;;;;;;;;;;;;;;""
2021;10569;"2B";"2B235";"Pioggiola";"2021-10-12 12:36:00";50;;;;;;;;;;;;;;;;;""
2021;10444;"2A";"2A032";"Bastelicaccia";"2021-10-12 14:48:00";1000;;1000;;;;;;;;;;"Involontaire (particulier)";;;;;""
2021;10130;"34";"34147";"Magalas";"2021-10-12 14:49:00";34839;30000;4839;;;;;;;;;"1";"Malveillance";;;;;""
2021;10445;"2A";"2A048";"Calcatoggio";"2021-10-12 15:51:00";4;;4;;;;;;;;;;"Involontaire (particulier)";;;;;""
2021;9517;"34";"34093";"Dio-et-Valquières";"2021-10-12 18:30:00";72005;;72005;;;;;;;;;"1";"Involontaire (travaux)";;;;;""
2021;10572;"2B";"2B147";"Lozzi";"2021-10-12 18:39:00";500;;;;;;;;;;;;"Malveillance";;;;;""
2021;10574;"2B";"2B046";"Cagnano";"2021-10-13 07:30:00";5000;;;;;;;;;;;;"Malveillance";;;;;""
2021;9480;"13";"13055";"Marseille";"2021-10-13 10:58:00";1200;10;1190;;;;;;;;;"5";"Malveillance";;;;;""
2021;9516;"34";"34074";"Cessenon-sur-Orb";"2021-10-13 13:23:00";20000;20000;;;;;;;;;;"1";;;;;;""
2021;10573;"2B";"2B077";"Castellare-di-Casinca";"2021-10-13 14:26:00";10000;;;;;;;;;;;;"Malveillance";;;;;""
2021;9452;"66";"66190";"Salses-le-Château";"2021-10-13 14:44:00";5000;;5000;;;;;;;;;"1";"Involontaire (particulier)";;;;;""
2021;10447;"2A";"2A295";"Sant'Andréa-d'Orcino";"2021-10-13 16:27:00";303;;303;;;;;;;;;;"Involontaire (travaux)";;;;;""
2021;10132;"34";"34017";"Aumes";"2021-10-13 17:46:00";34718;34718;;;;;;;;;;"1";"Malveillance";;;;;""
2021;10133;"34";"34056";"Castelnau-de-Guers";"2021-10-13 18:03:00";80994;80994;;;;;;;;;;"1";"Malveillance";;;;;""
2021;10235;"34";"34001";"Abeilhan";"2021-10-13 18:15:00";16365;;;;;;;;;;;;;;;;;""
2021;10415;"11";"11040";"Bizanet";"2021-10-14 00:42:00";1000;;;;;;;;;;;;;;;;;""
2021;9778;"2A";"2A103";"Cuttoli-Corticchiato";"2021-10-14 16:00:00";16000;1000;15000;;;;;;;;;"1";"Involontaire (particulier)";;;;;""
2021;10135;"34";"34199";"Pézenas";"2021-10-14 16:45:00";31099;0;31099;;;;;;;;;"1";"Involontaire (travaux)";;;;;""
2021;10125;"13";"13088";"Le Rove";"2021-10-14 16:53:00";50;50;;;;;;;;;;"1";;;;;;""
2021;2044;"38";"38200";"Jarrie";"2021-10-14 20:00:00";50;0;;50;;;50;0;0;0;"Estimées";;;;;;;""
2021;10448;"2A";"2A228";"Pietrosella";"2021-10-15 07:56:00";1;;1;;;;;;;;;;"Involontaire (particulier)";;;;;""
2021;10580;"2B";"2B079";"Castello-di-Rostino";"2021-10-15 15:26:00";30000;;;;;;;;;;;;;;;;;""
2021;10581;"2B";"2B152";"Luri";"2021-10-15 16:24:00";2000;;;;;;;;;;;;;;;;;""
2021;9455;"66";"66225";"Villelongue-dels-Monts";"2021-10-15 16:35:00";1000;1000;;;;;;;;;;"3";"Accidentelle";;;;;""
2021;10449;"2A";"2A001";"Afa";"2021-10-16 14:05:00";3000;;3000;;;;;;;;;;;;;;;""
2021;10461;"2A";"2A359";"Zicavo";"2021-10-16 14:26:00";1000;;1000;;;;;;;;;;;;;;;""
2021;10426;"83";"83107";"Roquebrune-sur-Argens";"2021-10-16 15:02:00";50;50;;;;;;;;;;"3";"Involontaire (particulier)";;;;;""
2021;10587;"2B";"2B147";"Lozzi";"2021-10-16 15:25:00";30000;;;;;;;;;;;;;;;;;""
2021;9777;"06";"06070";"Gréolières";"2021-10-17 12:50:00";8500;;;;;;;;;;;"2";"Accidentelle";;;;;""
2021;10594;"2B";"2B355";"Volpajola";"2021-10-17 18:56:00";20000;;;;;;;;;;;;;;;;;""
2021;10416;"11";"11264";"Névian";"2021-10-18 12:20:00";500;;;;;;;;;;;;;;;;;""
2021;1291;"81";"81209";"Pont-de-Larn";"2021-10-18 14:25:00";30;0;;30;;;30;0;0;0;"Estimées";;;;;;;""
2021;9515;"34";"34165";"Montbazin";"2021-10-18 15:08:00";42408;0;42408;;;;;;;;;"1";"Involontaire (travaux)";;;;;""
2021;3024;"33";"33056";"Blanquefort";"2021-10-18 16:04:00";500;500;;0;;;0;;;0;;;;;;;;""
2021;10465;"2A";"2A048";"Calcatoggio";"2021-10-19 11:04:00";5;;5;;;;;;;;;;"Involontaire (particulier)";;;;;""
2021;9776;"06";"06059";"Èze";"2021-10-19 12:58:00";3000;;;;;;;;;;;"1";"Involontaire (particulier)";;;;;""
2021;10464;"2A";"2A271";"Sarrola-Carcopino";"2021-10-19 14:10:00";50;;50;;;;;;;;;;"Involontaire (particulier)";;;;;""
2021;3026;"33";"33005";"Andernos-les-Bains";"2021-10-19 14:10:00";10000;10000;;0;;;0;;;0;;;"Involontaire (particulier)";;;;;""
2021;10466;"2A";"2A247";"Porto-Vecchio";"2021-10-19 18:54:00";3000;;3000;;;;;;;;;;"Involontaire (travaux)";;;;;""
2021;2379;"47";"47252";"Sainte-Livrade-sur-Lot";"2021-10-20 11:40:41";20;20;;0;;;0;;;0;;;;;;;;""
2021;10673;"83";"83019";"Bormes-les-Mimosas";"2021-10-20 12:50:00";1000;1000;;;;;;;;;;"3";"Involontaire (particulier)";;;;;""
2021;10015;"06";"06074";"Lantosque";"2021-10-20 12:58:00";2000;;;;;;;;;;;"1";"Involontaire (particulier)";;;;;""
2021;10603;"2B";"2B172";"Murato";"2021-10-20 14:25:00";2000;;;;;;;;;;;;;;;;;""
2021;10405;"13";"13028";"La Ciotat";"2021-10-20 15:32:00";500;500;;;;;;;;;;"1";"Involontaire (particulier)";;;;;""
2021;10467;"2A";"2A326";"Tolla";"2021-10-20 16:53:00";3323;;3323;;;;;;;;;;"Involontaire (travaux)";;;;;""
2021;2380;"47";"47190";"Montpezat";"2021-10-20 17:39:49";40;20;;0;;;0;;;20;;;"Involontaire (particulier)";;;;;""
2021;10404;"13";"13033";"Ensuès-la-Redonne";"2021-10-20 20:56:00";200;200;;;;;;;;;;"1";"Involontaire (particulier)";;;;;""
2021;1811;"41";"41097";"Gièvres";"2021-10-21 01:20:00";30;0;;30;;;30;0;0;0;"Estimées";;"Accidentelle";;;;;""
2021;1812;"41";"41249";"Souesmes";"2021-10-21 16:16:00";10;0;;10;;;10;0;0;0;"Estimées";;;;;;;""
2021;10468;"2A";"2A359";"Zicavo";"2021-10-21 16:35:00";6000;;6000;;;;;;;;;;;;;;;""
2021;9579;"34";"34341";"Villeveyrac";"2021-10-22 11:47:00";7572;0;7572;;;;;;;;;"1";"Involontaire (travaux)";;;;;""
2021;10611;"2B";"2B366";"Chisa";"2021-10-22 13:53:00";7000;;;;;;;;;;;;;;;;;""
2021;10469;"2A";"2A359";"Zicavo";"2021-10-22 14:19:00";12000;;12000;;;;;;;;;;;;;;;""
2021;10655;"2B";"2B341";"Venaco";"2021-10-22 15:06:00";20000;;;;;;;;;;;;;;;;;""
2021;10471;"2A";"2A200";"Palneca";"2021-10-23 16:20:00";184200;;184200;;;;;;;;;;"Malveillance";;;;;""
2021;10136;"34";"34268";"Saint-Jean-de-la-Blaquière";"2021-10-23 16:25:00";8000;;8000;;;;;;;;;"1";"Involontaire (particulier)";;;;;""
2021;10417;"11";"11255";"Montredon-des-Corbières";"2021-10-23 18:13:00";150;;;;;;;;;;;;;;;;;""
2021;10470;"2A";"2A270";"Sari-d'Orcino";"2021-10-23 23:36:00";25;;25;;;;;;;;;;"Involontaire (particulier)";;;;;""
2021;10619;"2B";"2B167";"Montegrosso";"2021-10-24 14:20:00";30000;;;;;;;;;;;;;;;;;""
2021;10472;"2A";"2A359";"Zicavo";"2021-10-24 17:35:00";50;;50;;;;;;;;;;"Accidentelle";;;;;""
2021;2381;"47";"47109";"Gavaudun";"2021-10-25 11:26:29";100;100;;0;;;0;;;0;;;"Accidentelle";;;;;""
2021;10016;"06";"06054";"Drap";"2021-10-25 12:51:00";400;;;;;;;;;;;"1";"Involontaire (particulier)";;;;;""
2021;10622;"2B";"2B182";"Occhiatana";"2021-10-25 14:05:00";10000;;;;;;;;;;;;;;;;;""
2021;10017;"06";"06023";"Breil-sur-Roya";"2021-10-25 14:51:00";250;;;;;;;;;;;"1";"Involontaire (particulier)";;;;;""
2021;10628;"2B";"2B289";"Soveria";"2021-10-25 15:47:00";106000;;106000;;;;;;;;;"1";"Malveillance";;;;;""
2021;2623;"64";"64129";"Billère";"2021-10-26 08:16:30";4;;;4;;;4;;;;;;"Malveillance";;;;;""
2021;10475;"2A";"2A186";"Olivese";"2021-10-26 10:15:00";50;;50;;;;;;;;;;;;;;;""
2021;10630;"2B";"2B050";"Calvi";"2021-10-26 12:45:00";5000;;;;;;;;;;;;;;;;;""
2021;10631;"2B";"2B356";"Zalana";"2021-10-26 13:23:00";10000;;;;;;;;;;;;;;;;;""
2021;10632;"2B";"2B079";"Castello-di-Rostino";"2021-10-26 15:09:00";70000;10000;60000;;;;;;;;;"1";"Malveillance";;;;;""
2021;10633;"2B";"2B007";"Albertacce";"2021-10-26 15:16:00";100;;;;;;;;;;;;;;;;;""
2021;10634;"2B";"2B205";"Patrimonio";"2021-10-26 15:56:00";1500;;;;;;;;;;;;;;;;;""
2021;10420;"11";"11148";"Fontcouverte";"2021-10-27 13:12:00";18760;;;;;;;;;;;;;;;;;""
2021;9646;"34";"34135";"Lespignan";"2021-10-27 14:44:00";800;800;;;;;;;;;;"1";;;;;;""
2021;9654;"04";"04144";"La Palud-sur-Verdon";"2021-10-27 17:37:00";4;;;;;;;;;;;;"Involontaire (particulier)";;;;;""
2021;10476;"2A";"2A091";"Cognocoli-Monticchi";"2021-10-27 20:43:00";2;;2;;;;;;;;;;"Involontaire (travaux)";;;;;""
2021;10641;"2B";"2B223";"Pietralba";"2021-10-28 12:34:00";30000;;;;;;;;;;;;;;;;;""
2021;9651;"34";"34135";"Lespignan";"2021-10-28 13:41:00";378600;0;378600;;;;;;;;;"1";"Malveillance";;;;;""
2021;10421;"11";"11063";"Campagne-sur-Aude";"2021-10-28 13:52:00";500;;;;;;;;;;;;;;;;;""
2021;10645;"2B";"2B039";"Bisinchi";"2021-10-29 15:29:00";3000;;;;;;;;;;;;;;;;;""
2021;2386;"47";"47195";"Nérac";"2021-10-29 15:59:49";1;1;;0;;;0;;;0;;;"Involontaire (particulier)";;;;;""
2021;1948;"38";"38108";"Choranche";"2021-10-30 02:02:00";5000;0;;5000;;;5000;0;0;0;"Estimées";;;;;;;""
2021;2387;"47";"47199";"Pardaillan";"2021-10-30 08:00:05";1;1;;0;;;0;;;0;;;"Involontaire (travaux)";;;;;""
2021;9859;"66";"66010";"Ayguatébia-Talau";"2021-10-31 15:43:00";30;30;;;;;;;;;;"5";"Malveillance";;;;;""
2021;9862;"66";"66168";"Saint-André";"2021-11-03 06:44:00";6000;500;;;;;;;;5500;;"2";"Accidentelle";;;;;""
2021;9863;"66";"66006";"Ansignan";"2021-11-03 12:18:00";1000;1000;;;;;;;;;;"5";"Involontaire (particulier)";;;;;""
2021;10657;"2B";"2B261";"Rogliano";"2021-11-04 14:54:00";8000;;;;;;;;;;;;;;;;;""
2021;1819;"41";"41101";"Herbault";"2021-11-04 17:56:00";10;0;;10;;;10;0;0;0;"Estimées";;;;;;;""
2021;9987;"66";"66069";"Espira-de-l'Agly";"2021-11-05 15:44:00";2000;;;;;;;;;2000;;"5";"Malveillance";;;;;""
2021;9990;"66";"66069";"Espira-de-l'Agly";"2021-11-06 08:50:00";40000;;40000;;;;;;;;;"5";"Malveillance";;;;;""
2021;9999;"66";"66205";"Tautavel";"2021-11-07 17:52:00";300;300;;;;;;;;;;"5";"Malveillance";;;;;""
2021;10482;"11";"11245";"Montgaillard";"2021-11-08 13:36:00";2;;;;;;;;;;;;;;;;;""
2021;10236;"34";"34268";"Saint-Jean-de-la-Blaquière";"2021-11-08 16:12:00";282;;282;;;;;;;;;"1";"Malveillance";;;;;""
2021;10005;"66";"66214";"Tresserre";"2021-11-09 11:49:00";7000;;;;;;;;;7000;;"6";;;;;;""
2021;10006;"66";"66042";"Cassagnes";"2021-11-09 15:20:00";2000;;;;;;;;;2000;;"6";"Involontaire (particulier)";;;;;""
2021;10010;"05";"05046";"Embrun";"2021-11-10 12:19:00";30;;;;;;;;;;;;"Malveillance";;;;;""
2021;1824;"41";"41198";"Saint-Aignan";"2021-11-10 18:21:00";5;0;;5;;;5;0;0;0;"Estimées";;;;;;;""
2021;10145;"07";"07193";"Rocher";"2021-11-14 16:59:00";1000;1000;;;;;;;;;;"3";;;;;;""
2021;10483;"11";"11370";"Salles-d'Aude";"2021-11-16 17:54:00";20;;;;;;;;;;;;;;;;;""
2021;10095;"66";"66140";"Pézilla-la-Rivière";"2021-11-18 09:47:00";5000;;;;;;;;;5000;;"6";"Accidentelle";;;;;""
2021;10484;"11";"11251";"Val-de-Dagne";"2021-11-18 09:58:00";4500;;;;;;;;;;;;;;;;;""
2021;2391;"47";"47317";"Verteuil-d'Agenais";"2021-11-18 17:59:42";5;5;;0;;;0;;;0;;;"Involontaire (particulier)";;;;;""
2021;10131;"66";"66210";"Thuir";"2021-11-19 15:06:00";5000;5000;;;;;;;;;;"5";;;;;;""
2021;10486;"11";"11255";"Montredon-des-Corbières";"2021-11-19 15:59:00";100;;;;;;;;;;;;;;;;;""
2021;10479;"2A";"2A114";"Figari";"2021-11-20 17:31:00";10;;10;;;;;;;;;;;;;;;""
2021;10487;"11";"11151";"Fontiès-d'Aude";"2021-11-22 15:56:00";500;;;;;;;;;;;;;;;;;""
2021;10480;"2A";"2A089";"Ciamannacce";"2021-11-22 17:44:00";15;;15;;;;;;;;;;"Involontaire (travaux)";;;;;""
2021;1857;"08";"08486";"Vireux-Molhain";"2021-11-29 16:39:00";30;0;;30;;;30;0;0;0;"Estimées";;"Involontaire (travaux)";;;;;""
2021;10662;"2B";"2B187";"Olmeta-di-Capocorso";"2021-12-05 11:23:00";6000;;;;;;;;;;;;;;;;;""
2021;10663;"2B";"2B364";"Zuani";"2021-12-06 14:11:00";150;;;;;;;;;;;;;;;;;""
2021;10713;"83";"83011";"Bargemon";"2021-12-07 14:14:00";3200;3200;;;;;;;;;;"5";"Involontaire (particulier)";;;;;""
2021;10347;"06";"06134";"Séranon";"2021-12-11 15:12:00";18000;;10000;;;;;;;8000;;"1";"Involontaire (particulier)";;;;;""
2021;10348;"06";"06072";"Ilonse";"2021-12-11 16:18:00";3000;;;;;;;;;;;"1";"Involontaire (particulier)";;;;;""
2021;10349;"06";"06074";"Lantosque";"2021-12-16 17:23:00";5000;;;;;;;;;;;"5";"Malveillance";;;;;""
2021;10353;"06";"06015";"Berre-les-Alpes";"2021-12-17 16:01:00";1500;;;;;;;;;;;"2";;;;;;""
2021;10481;"2A";"2A108";"Évisa";"2021-12-17 16:47:00";600;;600;;;;;;;;;;"Involontaire (particulier)";;;;;""
2021;1832;"41";"41047";"La Chaussée-Saint-Victor";"2021-12-18 12:33:00";10;0;;10;;;10;0;0;0;"Estimées";;;;;;;""
2021;10488;"11";"11387";"Taurize";"2021-12-18 19:39:00";10;;;;;;;;;;;;;;;;;""
2021;10384;"07";"07200";"Le Roux";"2021-12-19 04:35:00";45000;;45000;;;;;;;;;"1";;;;;;""
2021;10668;"2B";"2B343";"Venzolasca";"2021-12-19 11:30:00";80000;80000;;;;;;;;;;"2";"Malveillance";;;;;""
2021;10439;"2A";"2A200";"Palneca";"2021-12-19 13:39:00";60;;60;;;;;;;;;;"Involontaire (particulier)";;;;;""
2021;10386;"07";"07161";"Montpezat-sous-Bauzon";"2021-12-19 17:30:00";2500;2500;;;;;;;;;;"3";;;;;;""
2021;10350;"06";"06050";"Coursegoules";"2021-12-20 14:27:00";38000;;;;;;;;;;;"1";"Malveillance";;;;;""
2021;1624;"41";"41217";"Saint-Julien-de-Chédon";"2021-12-21 19:35:00";100;0;;100;;;100;0;0;0;"Estimées";;;;;;;""
2021;1831;"41";"41217";"Saint-Julien-de-Chédon";"2021-12-21 19:35:00";100;0;;100;;;100;0;0;0;"Estimées";;;;;;;""
2021;1856;"77";"77339";"Noisy-sur-École";"2021-12-23 10:29:00";1;1;;0;;;0;0;0;0;"Mesurées";;"Involontaire (particulier)";;;;;""
2021;10351;"06";"06127";"Saint-Martin-Vésubie";"2021-12-23 12:52:00";2000;;;;;;;;;;;"3";;;;;;""
2021;10669;"2B";"2B341";"Venaco";"2021-12-24 15:23:00";500;;;;;;;;;;;;;;;;;""
2021;10450;"2A";"2A092";"Conca";"2021-12-27 19:16:00";20;;20;;;;;;;;;;;;;;;""
2022;13845;"06";"06050";"Coursegoules";"2022-01-01 08:20:00";5000;;5000;;;;;;;;;"1";"Malveillance";;;;;""
2022;16667;"04";"04210";"Soleilhas";"2022-01-02 17:39:00";1500;1500;;;;;;;;;;;"Involontaire (travaux)";;;;;""
2022;13568;"06";"06074";"Lantosque";"2022-01-04 17:10:00";5000;1000;4000;;;;;;;;;"1";"Involontaire (particulier)";;;;;""
2022;14942;"84";"84012";"Beaumes-de-Venise";"2022-01-05 09:38:00";5;5;;;;;;;;;;"4";"Involontaire (travaux)";;;;;""
2022;14358;"66";"66048";"Cerbère";"2022-01-05 10:17:00";764;;764;;;;;;;;;"1";"Accidentelle";;;;;""
2022;13606;"2B";"2B354";"Vivario";"2022-01-05 11:10:00";10000;10000;;;;;;;;;;"5";"Malveillance";;;;;""
2022;17000;"34";"34268";"Saint-Jean-de-la-Blaquière";"2022-01-06 16:24:00";784;0;784;;;;;;;;;"1";"Malveillance";;;;;""
2022;14946;"84";"84052";"Grambois";"2022-01-06 17:52:00";15;;;;;;;;;15;;;"Involontaire (particulier)";;;;;""
2022;13791;"2A";"2A004";"Ajaccio";"2022-01-07 15:41:00";10;;10;;;;;;;;;;"Involontaire (particulier)";;;;;""
2022;15943;"11";"11401";"Tuchan";"2022-01-07 18:46:00";7900;;;;;;;;;;;;"Accidentelle";;;;;""
2022;13792;"2A";"2A017";"Appietto";"2022-01-10 14:12:00";100;;100;;;;;;;;;"1";"Involontaire (particulier)";;;;;""
2022;13579;"06";"06163";"Tende";"2022-01-10 15:15:00";600;;;;;;;;;;;"1";"Involontaire (particulier)";;;;;""
2022;13611;"2B";"2B210";"Pero-Casevecchie";"2022-01-12 09:49:00";70000;25000;45000;;;;;;;;;"5";"Malveillance";;;;;""
2022;15681;"13";"13071";"Les Pennes-Mirabeau";"2022-01-12 14:35:00";600;600;;;;;;;;;;"1";"Involontaire (particulier)";;;;;""
2022;13793;"2A";"2A017";"Appietto";"2022-01-12 14:40:00";10;;10;;;;;;;;;"1";;;;;;""
2022;15792;"13";"13060";"Meyreuil";"2022-01-12 14:57:00";400;400;;;;;;;;;;"1";"Involontaire (particulier)";;;;;""
2022;13802;"2A";"2A041";"Bonifacio";"2022-01-13 13:15:00";100;;100;;;;;;;;;;;;;;;""
2022;13803;"2A";"2A215";"Pianottoli-Caldarello";"2022-01-13 14:27:00";30;;30;;;;;;;;;;;;;;;""
2022;20450;"06";"06050";"Coursegoules";"2022-01-13 14:51:00";500;;;;;;;;;;;;;;;;;""
2022;19547;"13";"13053";"Mallemort";"2022-01-13 15:29:00";20;20;;;;;;;;;;"1";"Involontaire (particulier)";;;;;""
2022;13617;"2B";"2B225";"Pietra-di-Verde";"2022-01-13 16:26:00";6000;6000;;;;;;;;;;"3";"Involontaire (particulier)";;;;;""
2022;18252;"84";"84008";"Le Barroux";"2022-01-13 19:12:00";400;400;;;;;;;;;;;;;;;;""
2022;20052;"30";"30283";"Saint-Martial";"2022-01-14 13:15:00";4280;4280;;;;;;;;;;"2";;;;;;""
2022;13619;"2B";"2B329";"Tralonca";"2022-01-14 17:26:00";300;;;;;;;;;;;;;;;;;""
2022;13620;"2B";"2B039";"Bisinchi";"2022-01-14 17:53:00";100;;;;;;;;;;;;;;;;;""
2022;13621;"2B";"2B305";"San-Martino-di-Lota";"2022-01-15 14:09:00";8050;;8050;;;;;;;;;"1";"Malveillance";;;;;""
2022;13804;"2A";"2A247";"Porto-Vecchio";"2022-01-15 14:41:00";40;;40;;;;;;;;;;;;;;;""
2022;14844;"48";"48022";;"2022-01-15 15:00:00";3000;;3000;;;;;;;;;"1";;;;;;""
2022;13623;"2B";"2B097";"Costa";"2022-01-15 15:16:00";10;;;;;;;;;;;;;;;;;""
2022;13805;"2A";"2A154";"Marignana";"2022-01-15 16:14:00";30;;30;;;;;;;;;;;;;;;""
2022;21263;"07";"07202";"Sablières";"2022-01-15 18:06:00";27000;;27000;;;;;;;;;"1";;;;;;""
2022;21752;"2A";"2A258";"Renno";"2022-01-16 12:48:00";3000;;3000;;;;;;;;;"1";"Malveillance";;;;;""
2022;21764;"04";"04090";"Le Fugeret";"2022-01-16 13:23:00";221200;221200;;;;;;;;;;"5";"Involontaire (travaux)";;;;;""
2022;1670;"67";"67295";"Mittelbergheim";"2022-01-16 14:04:00";2;0;;2;;;2;0;0;0;"Estimées";;;;;;;""
2022;13627;"2B";"2B036";"Bigorno";"2022-01-16 14:20:00";9500;1500;8000;;;;;;;;;"1";"Malveillance";;;;;""
2022;21374;"07";"07315";"La Souche";"2022-01-16 16:34:00";50000;;50000;;;;;;;;;"1";"Involontaire (particulier)";;;;;""
2022;19514;"13";"13056";"Martigues";"2022-01-17 02:37:00";20;20;;;;;;;;;;"1";;;;;;""
2022;21798;"04";"04061";"Colmars";"2022-01-17 11:41:00";105700;105700;;;;;;;;;;"5";"Involontaire (particulier)";;;;;""
2022;15276;"07";"07093";"Genestelle";"2022-01-17 16:58:00";15000;;15000;;;;;;;;;"1";"Involontaire (particulier)";;;;;""
2022;15944;"11";"11285";"Peyriac-de-Mer";"2022-01-17 17:46:00";6000;;;;;;;;;;;;"Involontaire (particulier)";;;;;""
2022;13557;"06";"06050";"Coursegoules";"2022-01-17 21:09:00";1500;;1500;;;;;;;;;"1";;;;;;""
2022;13806;"2A";"2A247";"Porto-Vecchio";"2022-01-18 00:40:00";10;;;;;;;;;10;;;"Involontaire (travaux)";;;;;""
2022;13807;"2A";"2A141";"Letia";"2022-01-18 11:49:00";3;;3;;;;;;;;;;;;;;;""
2022;13547;"06";"06057";"L'Escarène";"2022-01-18 13:03:00";3000;;3000;;;;;;;;;"1";;;;;;""
2022;18337;"30";"30279";"Saint-Laurent-la-Vernède";"2022-01-18 13:09:00";4000;;;;;;;;;;;;;;;;;""
2022;13591;"06";"06096";"Pierlas";"2022-01-18 16:36:00";42000;;42000;;;;;;;;;"1";"Involontaire (particulier)";;;;;""
2022;13808;"2A";"2A212";"Piana";"2022-01-18 17:10:00";50;;50;;;;;;;;;;;;;;;""
2022;13809;"2A";"2A351";"Villanova";"2022-01-19 11:22:00";50;;50;;;;;;;;;;;;;;;""
2022;14208;"66";"66141";"Pia";"2022-01-19 16:45:00";10000;;;;;;;;;10000;;"6";;;;;;""
2022;13813;"2A";"2A065";"Cargèse";"2022-01-20 10:55:00";30;;30;;;;;;;;;;;;;;;""
2022;19469;"13";"13053";"Mallemort";"2022-01-20 15:41:00";200;200;;;;;;;;;;"1";;;;;;""
2022;13633;"2B";"2B167";"Montegrosso";"2022-01-20 16:06:00";300;;;;;;;;;;;;;;;;;""
2022;13624;"07";"07202";"Sablières";"2022-01-20 17:11:00";214923;74500;140400;;;;;;;23;;"3";"Involontaire (particulier)";;;;;""
2022;13634;"2B";"2B281";"Sisco";"2022-01-21 11:31:00";500;;;;;;;;;;;;;;;;;""
2022;13602;"06";"06163";"Tende";"2022-01-21 13:59:00";48000;10000;38000;;;;;;;;;"1";"Involontaire (particulier)";;;;;""
2022;13646;"07";"07074";"Creysseilles";"2022-01-21 16:18:00";6000;6000;;;;;;;;;;"5";"Accidentelle";;;;;""
2022;13636;"2B";"2B290";"Speloncato";"2022-01-21 17:36:00";500;;;;;;;;;;;;;;;;;""
2022;13525;"34";"34286";"Saint-Privat";"2022-01-21 17:48:00";29299;0;29299;;;;;;;;;"1";"Malveillance";;;;;""
2022;20451;"06";"06020";"La Bollène-Vésubie";"2022-01-22 02:01:00";30;;;;;;;;;;;;;;;;;""
2022;18339;"30";"30132";"La Grand-Combe";"2022-01-22 12:22:00";1000;;;;;;;;;;;;;;;;;""
2022;15945;"11";"11370";"Salles-d'Aude";"2022-01-22 13:19:00";1300;;;;;;;;;;;;"Malveillance";;;;;""
2022;13823;"06";"06050";"Coursegoules";"2022-01-22 17:55:00";1500;;1500;;;;;;;;;"1";"Malveillance";;;;;""
2022;13855;"34";"34156";"Mérifons";"2022-01-23 11:41:00";82618;;82618;;;;;;;;;"1";"Involontaire (travaux)";;;;;""
2022;19436;"13";"13030";"Cuges-les-Pins";"2022-01-23 11:48:00";20000;20000;;;;;;;;;;"1";"Involontaire (particulier)";;;;;""
2022;20452;"06";"06160";"Villeneuve-d'Entraunes";"2022-01-23 12:10:00";150;;;;;;;;;;;;;;;;;""
2022;13638;"2B";"2B225";"Pietra-di-Verde";"2022-01-23 13:48:00";5000;;;;;;;;;;;;;;;;;""
2022;13613;"06";"06033";"Carros";"2022-01-23 13:52:00";1000;;1000;;;;;;;;;"1";"Malveillance";;;;;""
2022;18309;"84";"84137";"Vaison-la-Romaine";"2022-01-23 13:53:00";30;30;;;;;;;;;;"4";;;;;;""
2022;19536;"13";"13001";"Aix-en-Provence";"2022-01-23 15:32:00";200;200;;;;;;;;;;"1";"Involontaire (particulier)";;;;;""
2022;13866;"34";"34041";"Brignac";"2022-01-23 16:48:00";84;0;84;;;;;;;;;"1";;;;;;""
2022;19491;"13";"13100";"Saint-Rémy-de-Provence";"2022-01-23 17:50:00";100;100;;;;;;;;;;"1";"Involontaire (particulier)";;;;;""
2022;13834;"06";"06053";"Daluis";"2022-01-24 12:05:00";12000;;;;;;;;;;;"1";"Involontaire (particulier)";;;;;""
2022;13639;"2B";"2B039";"Bisinchi";"2022-01-24 15:09:00";2500;;;;;;;;;;;;;;;;;""
2022;13689;"04";"04051";"Châteauneuf-Miravail";"2022-01-24 16:02:00";6400;4000;2400;;;;;;;;;"1";"Involontaire (particulier)";;;;;""
2022;20;"15";"15081";"Jou-sous-Monjou";"2022-01-24 18:38:00";50000;0;;50000;;;50000;0;0;0;"Estimées";;"Involontaire (travaux)";;;;;""
2022;1608;"88";"88258";"Lamarche";"2022-01-24 21:36:00";4;4;;0;;;0;0;0;0;"Estimées";;;;;;;""
2022;14359;"66";"66193";"Serdinya";"2022-01-25 13:08:00";18600;;18600;;;;;;;;;"1";"Involontaire (travaux)";;;;;""
2022;18;"15";"15202";"Saint-Martin-Valmeroux";"2022-01-25 13:57:00";800;0;;800;;;800;0;0;0;"Estimées";;"Involontaire (travaux)";;;;;""
2022;13642;"2B";"2B184";"Olcani";"2022-01-25 16:28:00";300;;;;;;;;;;;;;;;;;""
2022;20454;"06";"06141";"Toudon";"2022-01-25 17:41:00";150;;;;;;;;;;;;;;;;;""
2022;14020;"07";"07093";"Genestelle";"2022-01-26 12:17:00";170980;30000;140980;;;;;;;;;"3";"Involontaire (particulier)";;;;;""
2022;14053;"06";"06033";"Carros";"2022-01-26 12:44:00";1600;;1600;;;;;;;;;"1";;;;;;""
2022;15265;"07";"07153";"Mayres";"2022-01-26 13:51:00";5000;;;;;;;;;;;"3";"Involontaire (particulier)";;;;;""
2022;14845;"48";"48119";"Prévenchères";"2022-01-26 15:55:00";80000;;80000;;;;;;;;;"1";"Involontaire (travaux)";;;;;""
2022;19710;"13";"13005";"Aubagne";"2022-01-26 16:21:00";20;20;;;;;;;;;;"1";"Involontaire (particulier)";;;;;""
2022;19525;"13";"13092";"Saint-Chamas";"2022-01-26 17:36:00";400;400;;;;;;;;;;"1";;;;;;""
2022;19480;"13";"13068";"Paradou";"2022-01-26 17:50:00";600;600;;;;;;;;;;"1";;;;;;""
2022;15946;"11";"11398";"Treilles";"2022-01-27 07:21:00";500;;;;;;;;;;;;"Accidentelle";;;;;""
2022;21750;"2A";"2A031";"Bastelica";"2022-01-27 10:08:00";720000;15000;700000;;;;;;;5000;;"1";;;;;;""
2022;14846;"48";"48036";"Cassagnas";"2022-01-27 12:57:00";10000;;10000;;;;;;;;;"1";"Involontaire (particulier)";;;;;""
2022;14447;"66";"66049";"Céret";"2022-01-27 13:28:00";6000;;;;;;;;;6000;;"6";"Involontaire (particulier)";;;;;""
2022;15947;"11";"11375";"Seignalens";"2022-01-27 14:03:00";22900;;;;;;;;;;;;;;;;;""
2022;14848;"48";"48116";"Pont de Montvert - Sud Mont Lozère";"2022-01-27 14:09:00";200000;;200000;;;;;;;;;;"Involontaire (travaux)";;;;;""
2022;14849;"48";"48117";"Pourcharesses";"2022-01-27 14:58:00";10000;;10000;;;;;;;;;"1";;;;;;""
2022;14086;"06";"06029";"Cannes";"2022-01-27 15:03:00";10;;10;;;;;;;;;"2";;;;;;""
2022;14075;"06";"06021";"Bonson";"2022-01-27 17:18:00";250;;250;;;;;;;;;"1";;;;;;""
2022;4;"71";"71170";"Demigny";"2022-01-27 18:37:00";10;0;;10;;;10;0;0;0;"Estimées";;;;;;;""
2022;17292;"30";"30316";"Sénéchas";"2022-01-28 06:26:00";5000;;;;;;;;;;;;;;;;;""
2022;14482;"66";"66069";"Espira-de-l'Agly";"2022-01-28 07:30:00";500;;500;;;;;;;;;"1";;;;;;""
2022;14850;"48";"48119";"Prévenchères";"2022-01-28 11:27:00";1000;;1000;;;;;;;;;"1";;;;;;""
2022;14669;"06";"06041";"Cipières";"2022-01-28 14:25:00";1500;;;;;;;;;;;"1";"Malveillance";;;;;""
2022;17220;"34";"34268";"Saint-Jean-de-la-Blaquière";"2022-01-28 15:00:00";26625;26625;;;;;;;;;;"1";"Malveillance";;;;;""
2022;14119;"04";"04139";"Noyers-sur-Jabron";"2022-01-28 15:13:00";500;500;;;;;;;;;;;;;;;;""
2022;13647;"2B";"2B354";"Vivario";"2022-01-28 16:36:00";200;;;;;;;;;;;;"Malveillance";;;;;""
2022;14769;"34";"34214";"Pouzolles";"2022-01-28 16:53:00";97231;;97231;;;;;;;;;"1";"Involontaire (travaux)";;;;;""
2022;19447;"13";"13065";"Mouriès";"2022-01-28 17:23:00";2000;2000;;;;;;;;;;"1";"Accidentelle";;;;;""
2022;15146;"2A";"2A322";"Tasso";"2022-01-28 18:30:00";70100;18000;52100;;;;;;;;;"4";;;;;;""
2022;15948;"11";"11200";"Lespinassière";"2022-01-29 04:48:00";9690;;;;;;;;;;;;;;;;;""
2022;14548;"66";"66224";"Villelongue-de-la-Salanque";"2022-01-29 08:36:00";10000;;;;;;;;;10000;;"6";"Involontaire (particulier)";;;;;""
2022;18356;"84";"84135";"Uchaux";"2022-01-29 09:43:00";50;50;;;;;;;;;;;"Involontaire (particulier)";;;;;""
2022;17271;"30";"30154";"Mandagout";"2022-01-29 10:34:00";6376;6376;;;;;;;;;;"4";"Involontaire (particulier)";;;;;""
2022;13652;"2B";"2B317";"Santa-Reparata-di-Moriani";"2022-01-29 11:23:00";5000;;;;;;;;;;;;;;;;;""
2022;13649;"2B";"2B135";"Isolaccio-di-Fiumorbo";"2022-01-29 13:44:00";50000;10000;40000;;;;;;;;;"1";"Malveillance";;;;;""
2022;14852;"48";"48055";"Cultures";"2022-01-29 14:11:00";100;;100;;;;;;;;;"1";"Involontaire (travaux)";;;;;""
2022;20453;"06";"06140";"Le Tignet";"2022-01-29 14:21:00";400;;;;;;;;;;;;;;;;;""
2022;14853;"48";"48151";"Saint-Frézal-d'Albuges";"2022-01-29 15:22:00";30000;;30000;;;;;;;;;"1";"Involontaire (particulier)";;;;;""
2022;22;"15";"15162";"Riom-ès-Montagnes";"2022-01-29 15:22:00";1000;0;;1000;;;1000;0;0;0;"Estimées";;"Involontaire (travaux)";;;;;""
2022;19503;"13";"13021";"Carry-le-Rouet";"2022-01-29 15:27:00";5;5;;;;;;;;;;"1";;;;;;""
2022;13814;"2A";"2A017";"Appietto";"2022-01-29 15:35:00";50;;50;;;;;;;;;;"Involontaire (particulier)";;;;;""
2022;19798;"26";"26367";"Venterol";"2022-01-29 16:49:00";1100;1000;;;;;;;;100;;"5";;;;;;""
2022;14854;"48";"48151";"Saint-Frézal-d'Albuges";"2022-01-29 17:00:00";20000;;20000;;;;;;;;;"1";"Involontaire (travaux)";;;;;""
2022;15210;"07";"07307";"Sanilhac";"2022-01-29 18:16:00";10000;;;;;;;;;;;"3";"Involontaire (particulier)";;;;;""
2022;15949;"11";"11262";"Narbonne";"2022-01-30 06:36:00";16300;;;;;;;;;;;;"Malveillance";;;;;""
2022;19458;"13";"13005";"Aubagne";"2022-01-30 11:48:00";50;50;;;;;;;;;;"1";"Involontaire (particulier)";;;;;""
2022;14648;"06";"06062";"Fontan";"2022-01-30 12:00:00";46000;6000;40000;;;;;;;;;"1";;;;;;""
2022;18362;"84";"84003";"Apt";"2022-01-30 12:16:00";100;100;;;;;;;;;;;;;;;;""
2022;14725;"06";"06003";"Andon";"2022-01-30 12:50:00";850;250;600;;;;;;;;;"1";"Involontaire (particulier)";;;;;""
2022;15950;"11";"11251";"Val-de-Dagne";"2022-01-30 13:22:00";8900;;;;;;;;;;;;"Malveillance";;;;;""
2022;21749;"2A";"2A031";"Bastelica";"2022-01-30 16:04:00";50000;;50000;;;;;;;;;"1";"Involontaire (travaux)";;;;;""
2022;14637;"66";"66020";"Bolquère";"2022-01-31 00:59:00";900;;;;;;;;;900;;"6";"Involontaire (particulier)";;;;;""
2022;15243;"07";"07148";"Malbosc";"2022-01-31 12:44:00";5000;5000;;;;;;;;;;"4";"Malveillance";;;;;""
2022;13509;"83";"83012";"Barjols";"2022-01-31 14:18:00";1000;1000;;;;;;;;;;"5";"Involontaire (particulier)";;;;;""
2022;18366;"84";"84119";"Saint-Saturnin-lès-Avignon";"2022-01-31 14:50:00";500;500;;;;;;;;;;;;;;;;""
2022;6;"85";"85239";"Saint-Maixent-sur-Vie";"2022-01-31 16:01:00";10;0;;10;;;10;0;0;0;"Mesurées";;"Involontaire (particulier)";;;;;""
2022;15583;"04";"04081";"Esparron-de-Verdon";"2022-01-31 16:18:00";1900;1900;;;;;;;;;;;"Involontaire (travaux)";;;;;""
2022;18404;"84";"84051";"Goult";"2022-01-31 20:21:00";3000;3000;;;;;;;;;;;;;;;;""
2022;13815;"2A";"2A040";"Bocognano";"2022-01-31 22:51:00";300;;300;;;;;;;;;;;;;;;""
2022;18405;"84";"84094";"Puyméras";"2022-02-01 02:57:00";10;;10;;;;;;;;;"1";"Involontaire (particulier)";;;;;""
2022;13816;"2A";"2A098";"Coti-Chiavari";"2022-02-01 12:28:00";500;;500;;;;;;;;;;;;;;;""
2022;13663;"2B";"2B016";"Antisanti";"2022-02-01 14:48:00";1500;;;;;;;;;;;;;;;;;""
2022;13664;"2B";"2B251";"Prunelli-di-Fiumorbo";"2022-02-01 15:16:00";3000;;;;;;;;;;;;;;;;;""
2022;13665;"2B";"2B007";"Albertacce";"2022-02-01 15:23:00";493700;373200;120500;;;;;;;;;"4";"Involontaire (travaux)";;;;;""
2022;13669;"2B";"2B207";"Penta-di-Casinca";"2022-02-01 15:44:00";222400;180000;42400;;;;;;;;;"2";"Malveillance";;;;;""
2022;15634;"48";"48148";"Saint-Étienne-Vallée-Française";"2022-02-01 16:20:00";1500;;1500;;;;;;;;;"3";"Involontaire (travaux)";;;;;""
2022;18409;"84";"84093";"Puget";"2022-02-01 16:45:00";1000;1000;;;;;;;;;;"4";;;;;;""
2022;19591;"13";"13005";"Aubagne";"2022-02-01 17:41:00";20;20;;;;;;;;;;"1";"Involontaire (particulier)";;;;;""
2022;19558;"13";"13051";"Lançon-Provence";"2022-02-01 18:06:00";22600;20000;2600;;;;;;;;;"1";;;;;;""
2022;13817;"2A";"2A154";"Marignana";"2022-02-01 18:09:00";200;;200;;;;;;;;;;;;;;;""
2022;13671;"2B";"2B046";"Cagnano";"2022-02-01 18:56:00";600;;;;;;;;;;;;"Malveillance";;;;;""
2022;20386;"66";"66072";"Estavar";"2022-02-01 22:43:00";1233;;;;;;;;;1233;;"6";"Involontaire (particulier)";;;;;""
2022;15951;"11";"11024";"Bages";"2022-02-01 23:13:00";3150;;;;;;;;;;;;;;;;;""
2022;15952;"11";"11262";"Narbonne";"2022-02-01 23:17:00";200;;;;;;;;;;;;;;;;;""
2022;13672;"2B";"2B145";"Loreto-di-Casinca";"2022-02-02 08:25:00";1000;;;;;;;;;;;;;;;;;""
2022;17231;"34";"34286";"Saint-Privat";"2022-02-02 10:52:00";471;471;0;;;;;;;;;"1";"Malveillance";;;;;""
2022;13674;"2B";"2B356";"Zalana";"2022-02-02 13:31:00";36000;6000;30000;;;;;;;;;"1";"Malveillance";;;;;""
2022;13676;"2B";"2B007";"Albertacce";"2022-02-02 16:04:00";10;;;;;;;;;;;;"Accidentelle";;;;;""
2022;19569;"13";"13001";"Aix-en-Provence";"2022-02-02 17:11:00";5;5;;;;;;;;;;"1";;;;;;""
2022;13677;"2B";"2B039";"Bisinchi";"2022-02-02 17:45:00";500;;;;;;;;;;;;;;;;;""
2022;13679;"2B";"2B281";"Sisco";"2022-02-02 17:48:00";2000;;;;;;;;;;;;"Malveillance";;;;;""
2022;13680;"2B";"2B059";"Canavaggia";"2022-02-02 18:09:00";2000;;;;;;;;;;;;"Malveillance";;;;;""
2022;13681;"2B";"2B003";"Aiti";"2022-02-02 18:13:00";200;;;;;;;;;;;;"Malveillance";;;;;""
2022;20457;"06";"06005";"Ascros";"2022-02-03 11:01:00";3500;;;;;;;;;;;;;;;;;""
2022;13918;"13";"13055";"Marseille";"2022-02-03 12:09:00";300;;;;;;;;;;;"1";;;;;;""
2022;13820;"2A";"2A100";"Cristinacce";"2022-02-03 12:11:00";500;;;;;;;;;500;;;;;;;;""
2022;14341;"83";"83015";"Bauduen";"2022-02-03 14:20:00";40000;40000;;;;;;;;;;"2";"Involontaire (particulier)";;;;;""
2022;15144;"34";"34268";"Saint-Jean-de-la-Blaquière";"2022-02-03 14:46:00";5703;0;5703;;;;;;;;;"1";"Malveillance";;;;;""
2022;13821;"2A";"2A100";"Cristinacce";"2022-02-03 18:14:00";1;;1;;;;;;;;;;"Involontaire (travaux)";;;;;""
2022;17489;"34";"34079";"Clermont-l'Hérault";"2022-02-03 18:32:00";13496;;13496;;;;;;;;;"1";"Involontaire (travaux)";;;;;""
2022;19580;"13";"13047";"Istres";"2022-02-03 18:44:00";25000;10000;15000;;;;;;;;;"1";;;;;;""
2022;13822;"2A";"2A254";"Quenza";"2022-02-04 07:41:00";1;;;;;;;;;1;;"4";"Involontaire (travaux)";;;;;""
2022;14787;"04";"04036";"Le Brusquet";"2022-02-04 15:00:00";39300;39300;;;;;;;;;;"3";"Involontaire (travaux)";;;;;""
2022;13824;"2A";"2A254";"Quenza";"2022-02-04 17:38:00";1;;;;;;;;;1;;"4";"Involontaire (travaux)";;;;;""
2022;13825;"2A";"2A300";"San-Gavino-di-Carbini";"2022-02-04 17:51:00";1;;1;;;;;;;;;;"Involontaire (particulier)";;;;;""
2022;7797;"38";"38405";"Saint-Joseph-de-Rivière";"2022-02-04 19:40:00";10;10;;0;;;0;0;0;0;"Estimées";;;;;;;""
2022;17056;"66";"66039";"Caramany";"2022-02-05 12:36:00";10000;;10000;;;;;;;;;"1";"Involontaire (particulier)";;;;;""
2022;17078;"66";"66133";"Palau-del-Vidre";"2022-02-05 12:52:00";10000;;;;;;;;;10000;;"6";;;;;;""
2022;15638;"48";"48116";"Pont de Montvert - Sud Mont Lozère";"2022-02-05 14:49:00";10000;;10000;;;;;;;;;"1";"Involontaire (particulier)";;;;;""
2022;21751;"2A";"2A040";"Bocognano";"2022-02-05 15:18:00";3500;;3500;;;;;;;;;"1";;;;;;""
2022;18449;"84";"84129";"Sorgues";"2022-02-05 15:57:00";5;5;;;;;;;;;;"4";;;;;;""
2022;13826;"2A";"2A017";"Appietto";"2022-02-05 17:45:00";500;;500;;;;;;;;;;;;;;;""
2022;3181;"56";"56247";"Sulniac";"2022-02-05 19:02:00";1;0;;1;;;1;0;0;0;"Estimées";;;;;;;""
2022;15953;"11";"11006";"Albas";"2022-02-06 08:44:00";12208;;;;;;;;;;;;;;;;;""
2022;15954;"11";"11143";"Feuilla";"2022-02-06 10:49:00";200;;;;;;;;;;;;"Involontaire (particulier)";;;;;""
2022;15955;"11";"11256";"Montséret";"2022-02-06 11:14:00";8000;;;;;;;;;;;;"Involontaire (particulier)";;;;;""
2022;15635;"48";"48194";"Vialas";"2022-02-06 11:30:00";100;;100;;;;;;;;;"3";"Involontaire (travaux)";;;;;""
2022;13686;"2B";"2B167";"Montegrosso";"2022-02-06 11:51:00";5000;;;;;;;;;;;;"Malveillance";;;;;""
2022;15956;"11";"11211";"Magrie";"2022-02-06 12:29:00";300;;;;;;;;;;;;"Involontaire (travaux)";;;;;""
2022;14346;"83";"83050";"Draguignan";"2022-02-06 14:57:00";200;200;;;;;;;;;;"1";"Involontaire (particulier)";;;;;""
2022;19646;"13";"13050";"Lambesc";"2022-02-06 17:11:00";100;100;;;;;;;;;;"1";"Involontaire (particulier)";;;;;""
2022;19688;"13";"13080";"Le Puy-Sainte-Réparade";"2022-02-06 18:26:00";1000;1000;;;;;;;;;;"1";;;;;;""
2022;18453;"84";"84105";"Saignon";"2022-02-06 19:52:00";10;10;;;;;;;;;;;;;;;;""
2022;16602;"06";"06159";"Villefranche-sur-Mer";"2022-02-07 00:50:00";500;;500;;;;;;;;;"1";;;;;;""
2022;19666;"13";"13066";"Noves";"2022-02-07 09:48:00";100;100;;;;;;;;;;"1";"Involontaire (particulier)";;;;;""
2022;19016;"06";"06134";"Séranon";"2022-02-07 11:33:00";700;;700;;;;;;;;;"1";"Involontaire (travaux)";;;;;""
2022;21895;"05";"05022";"Bréziers";"2022-02-07 12:21:00";9600;8300;1300;;;;;;;;;"5";"Malveillance";;;;;""
2022;17402;"04";"04233";"Vaumeilh";"2022-02-07 13:28:00";10200;4400;;;;;;;;5800;;"3";"Involontaire (travaux)";;;;;""
2022;15974;"11";"11024";"Bages";"2022-02-07 14:41:00";10;;;;;;;;;;;;;;;;;""
2022;17413;"04";"04172";"Roumoules";"2022-02-07 15:11:00";200;200;;;;;;;;;;;"Involontaire (particulier)";;;;;""
2022;18994;"06";"06068";"Gourdon";"2022-02-07 20:18:00";2500;;2500;;;;;;;;;"1";;;;;;""
2022;18021;"04";"04086";"Faucon-de-Barcelonnette";"2022-02-08 11:08:00";97000;8000;;;;;;;;89000;;"5";"Involontaire (particulier)";;;;;""
2022;14357;"83";"83072";"Lorgues";"2022-02-08 11:58:00";1500;1500;;;;;;;;;;"5";"Involontaire (particulier)";;;;;""
2022;9591;"65";"65295";"Luz-Saint-Sauveur";"2022-02-08 14:44:00";400000;50000;;50000;;;50000;300000;0;300000;"Estimées";;"Malveillance";;;;;""
2022;15690;"34";"34286";"Saint-Privat";"2022-02-08 15:14:00";20000;20000;;;;;;;;;;"1";"Involontaire (particulier)";;;;;""
2022;15636;"48";"48097";"Moissac-Vallée-Française";"2022-02-08 15:40:00";1500;;1500;;;;;;;;;"3";;;;;;""
2022;13828;"2A";"2A114";"Figari";"2022-02-08 16:29:00";10;;10;;;;;;;;;;"Involontaire (travaux)";;;;;""
2022;17720;"30";"30068";"Cardet";"2022-02-08 16:40:00";500;;;;;;;;;;;;;;;;;""
2022;18340;"30";"30270";"Saint-Jean-du-Pin";"2022-02-08 16:41:00";100;;;;;;;;;;;;;;;;;""
2022;13741;"2B";"2B346";"Vescovato";"2022-02-08 17:36:00";50000;50000;;;;;;;;;;"3";;;;;;""
2022;18032;"04";"04112";"Manosque";"2022-02-08 17:48:00";800;800;;;;;;;;;;"5";"Involontaire (particulier)";;;;;""
2022;15958;"11";"11330";"Rustiques";"2022-02-08 18:42:00";50;;;;;;;;;;;;"Involontaire (particulier)";;;;;""
2022;19027;"06";"06067";"Gorbio";"2022-02-08 18:48:00";150;;;;;;;;;;;"1";"Involontaire (particulier)";;;;;""
2022;13829;"2A";"2A300";"San-Gavino-di-Carbini";"2022-02-09 09:48:00";20;;20;;;;;;;;;;"Involontaire (particulier)";;;;;""
2022;19049;"06";"06088";"Nice";"2022-02-09 11:50:00";350;;350;;;;;;;;;"1";"Involontaire (particulier)";;;;;""
2022;17699;"30";"30154";"Mandagout";"2022-02-09 11:57:00";36;36;;;;;;;;;;"2";"Involontaire (particulier)";;;;;""
2022;18472;"84";"84088";"Pernes-les-Fontaines";"2022-02-09 12:34:00";2;2;;;;;;;;;;"2";"Involontaire (particulier)";;;;;""
2022;13751;"2B";"2B356";"Zalana";"2022-02-09 13:17:00";10000;10000;;;;;;;;;;"2";"Malveillance";;;;;""
2022;18054;"04";"04209";"Sisteron";"2022-02-09 14:08:00";62300;62300;;;;;;;;;;"3";"Involontaire (particulier)";;;;;""
2022;54;"46";"46334";"Le Vigan";"2022-02-09 14:22:00";15000;0;;15000;;;15000;0;0;0;"Estimées";;;;;;;""
2022;18423;"05";"05016";"La Bâtie-Montsaléon";"2022-02-09 16:03:00";190;190;;;;;;;;;;"4";"Involontaire (particulier)";;;;;""
2022;15639;"48";"48166";"Cans et Cévennes";"2022-02-09 17:15:00";30000;;30000;;;;;;;;;"3";"Involontaire (travaux)";;;;;""
2022;17710;"30";"30051";"Branoux-les-Taillades";"2022-02-09 17:43:00";100;;;;;;;;;;;;;;;;;""
2022;13755;"2B";"2B124";"Ghisoni";"2022-02-09 18:09:00";300;;;;;;;;;;;;;;;;;""
2022;18358;"34";"34162";"Montagnac";"2022-02-09 18:28:00";3361;;3361;;;;;;;;;"1";"Malveillance";;;;;""
2022;19061;"06";"06074";"Lantosque";"2022-02-10 10:27:00";400;;;;;;;;;;;"1";"Involontaire (travaux)";;;;;""
2022;13831;"2A";"2A270";"Sari-d'Orcino";"2022-02-10 12:57:00";300;;300;;;;;;;;;"1";;;;;;""
2022;3619;"09";"09018";"Arrout";"2022-02-10 13:26:00";50000;0;;20000;;;20000;30000;0;30000;"Mesurées";;;;;;;""
2022;13760;"2B";"2B346";"Vescovato";"2022-02-10 14:31:00";28000;28000;;;;;;;;;;"2";"Malveillance";;;;;""
2022;24;"15";"15045";"Chaudes-Aigues";"2022-02-10 14:55:00";10000;0;;10000;;;10000;0;0;0;"Estimées";;"Involontaire (travaux)";;;;;""
2022;18161;"66";"66058";"Corneilla-la-Rivière";"2022-02-10 15:06:00";2000;;2000;;;;;;;;;"1";;;;;;""
2022;19005;"04";"04039";"Castellane";"2022-02-10 15:42:00";289400;37400;252000;;;;;;;;;"1";"Involontaire (particulier)";;;;;""
2022;21894;"05";"05073";"Lazer";"2022-02-10 15:51:00";2900;900;;;;;;;;2000;;"3";"Involontaire (travaux)";;;;;""
2022;25;"15";"15045";"Chaudes-Aigues";"2022-02-10 16:10:00";150000;150000;;0;;;0;0;0;0;"Estimées";;"Involontaire (travaux)";;;;;""
2022;18564;"05";"05166";"Serres";"2022-02-10 16:25:00";1500;620;800;;;;;;;80;;"5";"Involontaire (particulier)";;;;;""
2022;19635;"13";"13092";"Saint-Chamas";"2022-02-10 17:42:00";30;30;;;;;;;;;;"1";;;;;;""
2022;13830;"2A";"2A271";"Sarrola-Carcopino";"2022-02-10 20:47:00";26;;26;;;;;;;;;"1";;;;;;""
2022;19655;"13";"13097";"Saint-Martin-de-Crau";"2022-02-10 22:52:00";50;50;;;;;;;;;;"1";"Involontaire (particulier)";;;;;""
2022;15640;"48";"48162";;"2022-02-11 13:25:00";120000;;120000;;;;;;;;;"3";;;;;;""
2022;19613;"13";"13073";"Peypin";"2022-02-11 14:25:00";100;100;;;;;;;;;;"1";"Accidentelle";;;;;""
2022;13763;"2B";"2B095";"Corscia";"2022-02-11 14:59:00";321000;220000;101000;;;;;;;;;"4";"Malveillance";;;;;""
2022;19624;"13";"13056";"Martigues";"2022-02-11 15:51:00";2000;2000;;;;;;;;;;"1";;;;;;""
2022;18651;"30";"30198";"Les Plantiers";"2022-02-11 18:29:00";2000;;;;;;;;;;;;;;;;;""
2022;19853;"07";"07329";"Valgorge";"2022-02-11 23:13:00";5000;;;;;;;;;;;"1";;;;;;""
2022;15642;"48";"48162";;"2022-02-12 09:51:00";10000;;10000;;;;;;;;;"3";"Involontaire (particulier)";;;;;""
2022;14365;"83";"83026";"Cabasse";"2022-02-12 11:17:00";200;200;;;;;;;;;;"2";"Involontaire (travaux)";;;;;""
2022;13764;"2B";"2B109";"Farinole";"2022-02-12 13:33:00";250;;;;;;;;;;;;"Accidentelle";;;;;""
2022;13765;"2B";"2B302";"San-Giovanni-di-Moriani";"2022-02-12 13:58:00";3000;;;;;;;;;;;;"Malveillance";;;;;""
2022;15641;"48";"48053";"Cubières";"2022-02-12 13:59:00";20000;;20000;;;;;;;;;"1";"Involontaire (travaux)";;;;;""
2022;19602;"13";"13025";"Châteauneuf-le-Rouge";"2022-02-12 14:08:00";15;15;;;;;;;;;;"1";"Involontaire (particulier)";;;;;""
2022;15959;"11";"11015";"Arques";"2022-02-12 15:26:00";20;;;;;;;;;;;;"Malveillance";;;;;""
2022;13768;"2B";"2B281";"Sisco";"2022-02-12 15:47:00";300;;;;;;;;;;;;"Malveillance";;;;;""
2022;13769;"2B";"2B281";"Sisco";"2022-02-12 17:08:00";800;;;;;;;;;;;;"Malveillance";;;;;""
2022;13772;"2B";"2B235";"Pioggiola";"2022-02-12 17:39:00";200;;;;;;;;;;;;"Malveillance";;;;;""
2022;3184;"56";"56089";"Inguiniel";"2022-02-12 18:08:00";1;1;;0;;;0;0;0;0;"Mesurées";;;;;;;""
2022;15643;"48";"48022";;"2022-02-12 18:13:00";40000;;40000;;;;;;;;;"3";;;;;;""
2022;13833;"2A";"2A254";"Quenza";"2022-02-12 18:18:00";1;;1;;;;;;;;;;;;;;;""
2022;13835;"2A";"2A258";"Renno";"2022-02-12 19:16:00";20;;20;;;;;;;;;"1";;;;;;""
2022;15960;"11";"11132";"Fabrezan";"2022-02-12 22:11:00";20;;;;;;;;;;;;"Accidentelle";;;;;""
2022;15961;"11";"11261";"Moux";"2022-02-13 00:23:00";150;;;;;;;;;;;;"Malveillance";;;;;""
2022;19183;"66";"66030";"Calce";"2022-02-13 13:33:00";1500;;1500;;;;;;;;;"1";;;;;;""
2022;19083;"06";"06074";"Lantosque";"2022-02-13 13:57:00";5000;1000;4000;;;;;;;;;"1";;;;;;""
2022;13776;"2B";"2B036";"Bigorno";"2022-02-13 14:02:00";100;;;;;;;;;;;;"Malveillance";;;;;""
2022;18983;"06";"06103";"Roquebillière";"2022-02-13 15:09:00";13000;3000;10000;;;;;;;;;"1";"Malveillance";;;;;""
2022;55;"46";"46126";"Goujounac";"2022-02-13 16:21:00";20000;0;;20000;;;20000;0;0;0;"Estimées";;;;;;;""
2022;19677;"13";"13110";"Trets";"2022-02-13 17:21:00";2000;2000;;;;;;;;;;"1";"Involontaire (particulier)";;;;;""
2022;19194;"66";"66065";"Elne";"2022-02-13 21:25:00";10000;;;;;;;;;10000;;"5";;;;;;""
2022;19205;"66";"66052";"Codalet";"2022-02-14 14:03:00";300;300;;;;;;;;;;"4";;;;;;""
2022;19699;"13";"13019";"Cabriès";"2022-02-15 16:49:00";5;5;;;;;;;;;;"1";"Involontaire (particulier)";;;;;""
2022;1695;"67";"67437";"Saverne";"2022-02-16 16:48:00";10;0;;10;;;10;0;0;0;"Estimées";;;;;;;""
2022;13431;"13";"13046";"Gréasque";"2022-02-16 23:15:00";5;5;;;;;;;;;;"1";"Malveillance";;;;;""
2022;13432;"13";"13067";"Orgon";"2022-02-17 19:15:00";40;40;;;;;;;;;;"1";;;;;;""
2022;1000;"39";"39128";"Chaussin";"2022-02-18 00:12:00";8;0;;8;;;8;0;0;0;"Mesurées";;;;;;;""
2022;13433;"13";"13050";"Lambesc";"2022-02-18 14:28:00";200;200;;;;;;;;;;"1";;;;;;""
2022;1001;"39";"39051";"Biarne";"2022-02-18 14:56:00";5;0;;5;;;5;0;0;0;"Mesurées";;;;;;;""
2022;21842;"07";"07226";"Saint-Clément";"2022-02-18 16:04:00";94600;;94600;;;;;;;;;"1";"Involontaire (particulier)";;;;;""
2022;14376;"83";"83007";"Aups";"2022-02-18 16:46:00";2500;2500;;;;;;;;;;"5";"Involontaire (particulier)";;;;;""
2022;13434;"13";"13048";"Jouques";"2022-02-19 10:26:00";5;5;;;;;;;;;;"1";;;;;;""
2022;26;"43";"43049";"Chamalières-sur-Loire";"2022-02-19 14:30:00";11500;8250;;0;;;0;3250;0;3250;"Mesurées";;"Involontaire (travaux)";;;;;""
2022;3188;"56";"56007";"Auray";"2022-02-19 14:45:00";1;0;;1;;;1;0;0;0;"Mesurées";;"Malveillance";;;;;""
2022;20041;"05";"05047";"Éourres";"2022-02-19 14:58:00";10500;10500;;;;;;;;;;"3";"Involontaire (particulier)";;;;;""
2022;20589;"34";"34178";"Murviel-lès-Béziers";"2022-02-19 15:55:00";5423;0;5423;;;;;;;;;"1";"Involontaire (travaux)";;;;;""
2022;21043;"66";"66230";"Vinça";"2022-02-20 08:13:00";2500;2500;;;;;;;;;;"5";"Involontaire (particulier)";;;;;""
2022;21715;"06";"06074";"Lantosque";"2022-02-20 13:27:00";5000;;5000;;;;;;;;;"1";"Malveillance";;;;;""
2022;20971;"26";"26232";"Peyrus";"2022-02-20 17:31:00";2000;;;;;;;;;;;;;;;;;""
2022;20390;"06";"06041";"Cipières";"2022-02-20 17:42:00";400;;400;;;;;;;;;"1";"Malveillance";;;;;""
2022;20401;"06";"06041";"Cipières";"2022-02-20 22:57:00";2000;;;;;;;;;;;"1";;;;;;""
2022;13837;"2A";"2A362";"Zonza";"2022-02-21 06:39:00";1;;1;;;;;;;;;"3";;;;;;""
2022;18637;"84";"84150";"Visan";"2022-02-21 13:28:00";10000;10000;;;;;;;;;;"1";"Involontaire (travaux)";;;;;""
2022;18638;"84";"84102";"Roussillon";"2022-02-21 13:54:00";15000;;;;;;;;;;;;;;;;;""
2022;15962;"11";"11240";"Montazels";"2022-02-21 14:58:00";300;;;;;;;;;;;;"Involontaire (travaux)";;;;;""
2022;21154;"66";"66049";"Céret";"2022-02-21 15:14:00";7650;7650;;;;;;;;;;"4";"Malveillance";;;;;""
2022;20455;"06";"06074";"Lantosque";"2022-02-21 15:28:00";150;;;;;;;;;;;;;;;;;""
2022;14394;"83";"83118";"Saint-Raphaël";"2022-02-21 15:58:00";10000;10000;;;;;;;;;;"3";"Accidentelle";;;;;""
2022;13927;"2B";"2B292";"Sant'Andréa-di-Bozio";"2022-02-21 16:10:00";30000;;;;;;;;;;;;"Malveillance";;;;;""
2022;21844;"07";"07107";"Jaujac";"2022-02-21 18:35:00";1000;1000;;;;;;;;;;"4";"Accidentelle";;;;;""
2022;14396;"83";"83010";"Bargème";"2022-02-21 19:26:00";15000;15000;;;;;;;;;;"5";"Involontaire (travaux)";;;;;""
2022;5905;"32";"32134";"Frégouville";"2022-02-21 20:05:00";50;0;;50;;;50;0;0;0;"Estimées";;;;;;;""
2022;20931;"34";"34341";"Villeveyrac";"2022-02-22 11:08:00";10895;;10895;;;;;;;;;"1";"Involontaire (travaux)";;;;;""
2022;13435;"13";"13098";"Saint-Mitre-les-Remparts";"2022-02-22 12:38:00";50;50;;;;;;;;;;"1";;;;;;""
2022;20710;"04";"04042";"Castellet-lès-Sausses";"2022-02-22 12:39:00";36900;36900;;;;;;;;;;"4";"Involontaire (particulier)";;;;;""
2022;3189;"56";"56021";"Brandérion";"2022-02-22 14:14:00";10;0;;10;;;10;0;0;0;"Mesurées";;;;;;;""
2022;13942;"2B";"2B235";"Pioggiola";"2022-02-23 09:17:00";2000;1000;1000;;;;;;;;;"1";"Malveillance";;;;;""
2022;13838;"2A";"2A146";"Loreto-di-Tallano";"2022-02-23 11:52:00";20;;20;;;;;;;;;"1";;;;;;""
2022;13437;"13";"13112";"Velaux";"2022-02-23 12:35:00";2000;2000;;;;;;;;;;"1";"Involontaire (particulier)";;;;;""
2022;13939;"2B";"2B079";"Castello-di-Rostino";"2022-02-23 13:02:00";11350;;11350;;;;;;;;;"1";"Malveillance";;;;;""
2022;21737;"06";"06074";"Lantosque";"2022-02-23 13:21:00";2500;;;;;;;;;;;"1";"Malveillance";;;;;""
2022;13708;"2A";"2A048";"Calcatoggio";"2022-02-23 14:49:00";1000;;1000;;;;;;;;;"1";"Malveillance";;;;;""
2022;15963;"11";"11351";"Saint-Laurent-de-la-Cabrerisse";"2022-02-23 15:11:00";1800;;;;;;;;;;;;"Involontaire (particulier)";;;;;""
2022;21810;"66";"66010";"Ayguatébia-Talau";"2022-02-23 15:18:00";300;300;;;;;;;;;;"4";"Involontaire (particulier)";;;;;""
2022;13839;"2A";"2A070";"Casaglione";"2022-02-23 15:21:00";50;;;;;;;;;50;;"1";"Accidentelle";;;;;""
2022;21847;"07";"07062";"Chazeaux";"2022-02-23 15:30:00";5000;;;;;;;;;;;"3";"Involontaire (travaux)";;;;;""
2022;21726;"06";"06048";"Contes";"2022-02-23 15:35:00";500;;;;;;;;;;;"1";"Involontaire (particulier)";;;;;""
2022;21297;"66";"66012";"Baho";"2022-02-23 17:24:00";10000;;;;;;;;;10000;;"6";"Malveillance";;;;;""
2022;14399;"83";"83113";"Saint-Julien";"2022-02-23 18:22:00";700;700;;;;;;;;;;"1";"Involontaire (travaux)";;;;;""
2022;13695;"2A";"2A011";"Altagène";"2022-02-24 10:45:00";93000;;93000;;;;;;;;;;;;;;;""
2022;21748;"06";"06013";"Belvédère";"2022-02-24 12:34:00";900;;;;;;;;;;;"1";;;;;;""
2022;13949;"2B";"2B235";"Pioggiola";"2022-02-24 14:42:00";350000;5000;345000;;;;;;;;;"1";"Malveillance";;;;;""
2022;13705;"2A";"2A008";"Albitreccia";"2022-02-24 15:26:00";1700;;1700;;;;;;;;;;;;;;;""
2022;15964;"11";"11244";"Montfort-sur-Boulzane";"2022-02-24 17:28:00";600;;;;;;;;;;;;"Involontaire (travaux)";;;;;""
2022;14812;"2A";"2A324";"Tavera";"2022-02-24 17:30:00";50;;50;;;;;;;;;"1";"Malveillance";;;;;""
2022;21805;"2A";"2A024";"Aullène";"2022-02-24 17:40:00";387700;;373300;;;;;;;14400;;"1";"Malveillance";;;;;""
2022;13438;"13";"13084";"La Roque-d'Anthéron";"2022-02-25 10:45:00";10000;10000;;;;;;;;;;"1";"Involontaire (travaux)";;;;;""
2022;15965;"11";"11366";"Sainte-Valière";"2022-02-25 10:56:00";14200;;;;;;;;;;;;"Accidentelle";;;;;""
2022;13951;"2B";"2B183";"Ogliastro";"2022-02-25 10:56:00";200;;;;;;;;;;;;"Malveillance";;;;;""
2022;21628;"05";"05003";"Aiguilles";"2022-02-25 10:57:00";6500;;6500;;;;;;;;;"1";"Involontaire (particulier)";;;;;""
2022;18341;"30";"30282";"Saint-Marcel-de-Careiret";"2022-02-25 14:03:00";25000;;;;;;;;;;;;;;;;;""
2022;21849;"07";"07171";"Payzac";"2022-02-25 14:19:00";5000;5000;;;;;;;;;;"4";"Involontaire (particulier)";;;;;""
2022;13439;"13";"13035";"Eyguières";"2022-02-25 15:16:00";30;30;;;;;;;;;;"1";"Involontaire (travaux)";;;;;""
2022;21886;"34";"34268";"Saint-Jean-de-la-Blaquière";"2022-02-25 15:45:00";41039;0;41039;;;;;;;;;"1";"Malveillance";;;;;""
2022;16606;"34";"34268";"Saint-Jean-de-la-Blaquière";"2022-02-25 15:45:00";28877;0;28877;;;;;;;;;"1";"Malveillance";;;;;""
2022;14406;"83";"83107";"Roquebrune-sur-Argens";"2022-02-25 15:56:00";20;20;;;;;;;;;;"2";"Involontaire (particulier)";;;;;""
2022;18816;"84";"84102";"Roussillon";"2022-02-25 16:28:00";57700;2900;44500;;;;;;;10300;;;;;;;;""
2022;21595;"30";"30066";"Cannes-et-Clairan";"2022-02-25 18:33:00";3000;;;;;;;;;;;;;;;;;""
2022;14407;"83";"83121";"Salernes";"2022-02-25 20:06:00";500;500;;;;;;;;;;"4";"Involontaire (particulier)";;;;;""
2022;13442;"13";"13047";"Istres";"2022-02-26 00:26:00";8;8;;;;;;;;;;"1";;;;;;""
2022;13956;"2B";"2B290";"Speloncato";"2022-02-26 11:12:00";80000;;;;;;;;;;;;"Malveillance";;;;;""
2022;13440;"13";"13114";"Ventabren";"2022-02-26 12:57:00";60;60;;;;;;;;;;"1";"Involontaire (travaux)";;;;;""
2022;3630;"09";"09124";"Le Fossat";"2022-02-26 13:06:00";20000;0;;20000;;;20000;0;0;0;"Mesurées";;;;;;;""
2022;13441;"13";"13068";"Paradou";"2022-02-26 13:19:00";1000;1000;;;;;;;;;;"1";"Involontaire (travaux)";;;;;""
2022;13445;"13";"13111";"Vauvenargues";"2022-02-26 13:32:00";5;5;;;;;;;;;;"1";"Involontaire (particulier)";;;;;""
2022;15644;"48";"48183";;"2022-02-26 13:45:00";400;;400;;;;;;;;;"1";"Involontaire (travaux)";;;;;""
2022;21704;"06";"06112";"Le Rouret";"2022-02-26 13:49:00";1000;;;;;;;;;;;"1";"Involontaire (particulier)";;;;;""
2022;39;"43";"43251";"Vals-près-le-Puy";"2022-02-26 13:50:00";8835;5000;;0;;;0;3835;0;3835;"Mesurées";;;;;;;""
2022;13444;"13";"13117";"Vitrolles";"2022-02-26 14:04:00";200;200;;;;;;;;;;"1";"Involontaire (travaux)";;;;;""
2022;15966;"11";"11431";"Villeneuve-les-Corbières";"2022-02-26 14:11:00";400;;;;;;;;;;;;"Accidentelle";;;;;""
2022;21817;"06";"06153";"Valdeblore";"2022-02-26 14:22:00";70000;30000;40000;;;;;;;;;"4";"Involontaire (particulier)";;;;;""
2022;13958;"2B";"2B145";"Loreto-di-Casinca";"2022-02-26 14:39:00";190000;190000;;;;;;;;;;"3";"Malveillance";;;;;""
2022;8173;"38";"38272";"Murinais";"2022-02-26 15:02:00";5000;5000;;0;;;0;0;0;0;"Estimées";;;;;;;""
2022;21884;"34";"34268";"Saint-Jean-de-la-Blaquière";"2022-02-26 15:17:00";21073;;21073;;;;;;;;;"1";"Malveillance";;;;;""
2022;21850;"07";"07233";"Saint-Étienne-de-Serre";"2022-02-26 16:13:00";30000;;30000;;;;;;;;;"1";"Involontaire (travaux)";;;;;""
2022;21661;"05";"05161";"La Salle-les-Alpes";"2022-02-26 16:36:00";1000;1000;;;;;;;;;;"4";"Malveillance";;;;;""
2022;21851;"07";"07200";"Le Roux";"2022-02-26 16:52:00";134800;14500;116900;;;;;;;3400;;"1";"Involontaire (particulier)";;;;;""
2022;7334;"61";"61006";"Argentan";"2022-02-26 17:12:04";500;0;;500;;;500;0;;;;;"Malveillance";;;;;"Données partielles ou non valides"
2022;13840;"2A";"2A362";"Zonza";"2022-02-26 17:38:00";1;;;;;;;;;1;;;"Involontaire (particulier)";;;;;""
2022;492;"82";"82141";"Pommevic";"2022-02-26 18:31:00";300;0;;300;;;300;0;0;0;"Estimées";;;;;;;"Données partielles ou non valides"
2022;13443;"13";"13110";"Trets";"2022-02-26 18:53:00";100;100;;;;;;;;;;"1";"Involontaire (travaux)";;;;;""
2022;21887;"34";"34016";"Aumelas";"2022-02-27 09:53:00";21500;;21500;;;;;;;;;"1";"Malveillance";;;;;""
2022;13372;"05";"05046";"Embrun";"2022-02-27 13:19:00";6316;1500;16;;;;;;;4800;;"4";"Involontaire (travaux)";;;;;""
2022;21776;"05";"05024";"Valdoule";"2022-02-27 15:02:00";3091;460;2600;;;;;;;31;;"1";"Involontaire (particulier)";;;;;""
2022;10819;"40";"40041";"Beyries";"2022-02-27 15:43:00";2200;2200;;0;;;0;;;0;"Estimées";;;"Non";;;;""
2022;13450;"13";"13039";"Fos-sur-Mer";"2022-02-27 15:49:00";20;20;;;;;;;;;;"1";;;;;;""
2022;15645;"48";"48127";"Monts-de-Randon";"2022-02-27 16:17:00";22000;;22000;;;;;;;;;"1";"Involontaire (travaux)";;;;;""
2022;15967;"11";"11071";"Cascastel-des-Corbières";"2022-02-27 16:54:00";500;;;;;;;;;;;;"Involontaire (travaux)";;;;;""
2022;13843;"2A";"2A006";"Alata";"2022-02-28 10:18:00";100;;;;;;;;;100;;"2";;;;;;""
2022;14851;"48";"48178";"Saint-Privat-de-Vallongue";"2022-02-28 12:16:00";10000;;10000;;;;;;;;;"3";"Involontaire (travaux)";;;;;""
2022;15969;"11";"11262";"Narbonne";"2022-02-28 13:23:00";24500;;;;;;;;;;;;"Involontaire (travaux)";;;;;""
2022;47;"15";"15175";"Saint-Cernin";"2022-02-28 13:25:00";30000;0;;30000;;;30000;0;0;0;"Estimées";;"Involontaire (travaux)";;;;;""
2022;13844;"2A";"2A028";"Balogna";"2022-02-28 13:27:00";1;;1;;;;;;;;;"1";;;;;;""
2022;21822;"06";"06050";"Coursegoules";"2022-02-28 13:30:00";5000;2000;3000;;;;;;;;;"3";"Malveillance";;;;;""
2022;18856;"84";"84050";"Gordes";"2022-02-28 13:40:00";100;100;;;;;;;;;;"1";;;;;;""
2022;46;"15";"15187";"Saint-Flour";"2022-02-28 15:08:00";3000;0;;3000;;;3000;0;0;0;"Estimées";;"Involontaire (travaux)";;;;;""
2022;15970;"11";"11001";"Aigues-Vives";"2022-02-28 16:24:00";20007;;;;;;;;;;;;"Accidentelle";;;;;""
2022;13451;"13";"13082";"Rognes";"2022-02-28 16:37:00";100;100;;;;;;;;;;"1";"Involontaire (particulier)";;;;;""
2022;30;"43";"43231";"Salettes";"2022-02-28 16:52:00";4650;1000;;0;;;0;3650;0;3650;"Mesurées";;;;;;;""
2022;7825;"38";"38562";"Vizille";"2022-02-28 17:04:00";600;0;;600;;;600;0;0;0;"Estimées";;;;;;;""
2022;18866;"84";"84014";"Beaumont-de-Pertuis";"2022-03-01 09:36:00";5;5;;;;;;;;;;"1";;;;;;""
2022;21821;"06";"06129";"Saint-Sauveur-sur-Tinée";"2022-03-01 10:12:00";40;;;;;;;;;;;;"Malveillance";;;;;""
2022;3637;"09";"09189";"Mérens-les-Vals";"2022-03-01 11:31:00";150000;10000;;0;;;0;140000;0;140000;"Mesurées";;;;;;;""
2022;15646;"48";"48145";"Saint-Denis-en-Margeride";"2022-03-01 11:35:00";60000;;60000;;;;;;;;;"1";"Involontaire (travaux)";;;;;""
2022;15647;"48";"48100";"Montbel";"2022-03-01 13:08:00";20000;;20000;;;;;;;;;"1";"Involontaire (travaux)";;;;;""
2022;21820;"06";"06021";"Bonson";"2022-03-01 13:45:00";4000;;;;;;;;;;;"1";;;;;;""
2022;21858;"07";"07267";"Saint-Martial";"2022-03-01 14:21:00";30000;;30000;;;;;;;;;"1";;;;;;""
2022;15971;"11";"11015";"Arques";"2022-03-01 17:10:00";24300;;;;;;;;;;;;"Malveillance";;;;;""
2022;1012;"39";"39110";"La Charme";"2022-03-01 18:35:00";15;0;;15;;;15;0;0;0;"Estimées";;;;;;;""
2022;13452;"13";"13065";"Mouriès";"2022-03-01 19:33:00";20;20;;;;;;;;;;"1";"Involontaire (particulier)";;;;;""
2022;12490;"18";"18234";"Saint-Saturnin";"2022-03-01 19:40:00";2;0;;2;;;2;0;0;0;"Estimées";;;"Non";;;;""
2022;21818;"06";"06050";"Coursegoules";"2022-03-01 19:44:00";200;;;;;;;;;;;"1";"Malveillance";;;;;""
2022;14813;"2A";"2A272";"Sartène";"2022-03-02 00:58:00";1;;1;;;;;;;;;;;;;;;""
2022;11533;"33";"33248";"Listrac-Médoc";"2022-03-02 08:00:00";15000;15000;;0;;;0;;;0;"Estimées";;"Accidentelle";"Non";;;;""
2022;13418;"04";"04112";"Manosque";"2022-03-02 11:18:00";50;50;;;;;;;;;;"4";"Involontaire (particulier)";;;;;""
2022;13409;"30";"30133";"Le Grau-du-Roi";"2022-03-02 12:29:00";300;;;;;;;;;;;;;;;;;""
2022;14456;"83";"83008";"Bagnols-en-Forêt";"2022-03-02 13:03:00";200;200;;;;;;;;;;"4";"Involontaire (travaux)";;;;;""
2022;18918;"84";"84145";"Villars";"2022-03-02 14:46:00";1500;;;;;;;;;;;;;;;;;""
2022;1014;"39";"39485";"Val Suran";"2022-03-02 16:55:00";20;0;;20;;;20;0;0;0;"Estimées";;"Involontaire (particulier)";;;;;""
2022;14816;"2A";"2A048";"Calcatoggio";"2022-03-03 11:52:00";20;;20;;;;;;;;;"1";;;;;;""
2022;21893;"06";"06048";"Contes";"2022-03-03 14:03:00";100;;;;;;;;;;;"1";;;;;;""
2022;15972;"11";"11337";"Saint-Couat-d'Aude";"2022-03-03 15:06:00";28400;;;;;;;;;;;;"Involontaire (particulier)";;;;;""
2022;18933;"84";"84145";"Villars";"2022-03-03 18:37:00";1100;;;;;;;;;;;;;;;;;""
2022;14023;"2B";"2B167";"Montegrosso";"2022-03-03 19:04:00";100;;;;;;;;;;;;;;;;;""
2022;1018;"39";"39084";"Cernans";"2022-03-03 20:20:00";400;0;;400;;;400;0;0;0;"Estimées";;"Involontaire (travaux)";;;;;""
2022;10818;"40";"40065";"Capbreton";"2022-03-04 09:17:00";4;4;;0;;;0;;;0;"Estimées";;;"Non";;;;""
2022;13424;"05";"05065";"Guillestre";"2022-03-04 13:05:00";3724;;3700;;;;;;;24;;"1";"Involontaire (travaux)";;;;;""
2022;15143;"34";"34070";"Cébazan";"2022-03-04 14:48:00";4571;0;4571;;;;;;;;;"1";"Malveillance";;;;;""
2022;15649;"48";"48139";"Saint Bonnet-Laval";"2022-03-04 15:30:00";10000;;10000;;;;;;;;;"1";;;;;;""
2022;13413;"04";"04110";"Mallemoisson";"2022-03-04 16:31:00";2400;800;1600;;;;;;;;;"4";"Involontaire (particulier)";;;;;""
2022;13453;"13";"13080";"Le Puy-Sainte-Réparade";"2022-03-04 17:03:00";50;50;;;;;;;;;;"1";"Involontaire (particulier)";;;;;""
2022;13454;"13";"13062";"Mimet";"2022-03-04 17:07:00";200;200;;;;;;;;;;"1";"Involontaire (particulier)";;;;;""
2022;7840;"38";"38075";"Chapareillan";"2022-03-04 17:37:00";10000;0;;10000;;;10000;0;0;0;"Estimées";;;;;;;""
2022;13414;"04";"04195";"Saint-Pons";"2022-03-04 19:53:00";100;100;;;;;;;;;;;;;;;;""
2022;21892;"05";"05132";"Saint-Bonnet-en-Champsaur";"2022-03-05 13:40:00";400;400;;;;;;;;;;"4";;;;;;""
2022;13703;"07";"07150";"Mariac";"2022-03-05 14:21:00";45000;;45000;;;;;;;;;"6";"Involontaire (particulier)";;;;;""
2022;13449;"13";"13084";"La Roque-d'Anthéron";"2022-03-05 14:37:00";100;100;;;;;;;;;;"1";;;;;;""
2022;269;"74";"74254";"Saint-Sylvestre";"2022-03-05 18:38:00";800;0;;800;;;800;0;0;0;"Estimées";;"Involontaire (travaux)";;;;;""
2022;13410;"30";"30022";"Aujac";"2022-03-05 18:41:00";2317;;2317;;;;;;;;;"1";;;;;;""
2022;13581;"66";"66058";"Corneilla-la-Rivière";"2022-03-05 19:04:00";1000;;1000;;;;;;;;;"1";;;;;;""
2022;13584;"66";"66176";"Saint-Hippolyte";"2022-03-06 12:02:00";10000;;;;;;;;;10000;;"6";;;;;;""
2022;11535;"33";"33248";"Listrac-Médoc";"2022-03-06 12:46:00";1500;1500;;0;;;0;;;0;"Estimées";;;"Non";;;;""
2022;49;"43";"43115";"Laussonne";"2022-03-06 13:43:00";10500;2500;;0;;;0;8000;0;8000;"Mesurées";;;;;;;""
2022;6708;"72";"72047";"Brette-les-Pins";"2022-03-06 14:20:00";2;2;;0;;;0;0;0;0;"Estimées";;;;;;;""
2022;13448;"13";"13107";"Simiane-Collongue";"2022-03-06 14:53:00";10;10;;;;;;;;;;"1";;;;;;""
2022;15650;"48";"48017";"Banassac-Canilhac";"2022-03-06 15:37:00";20000;;20000;;;;;;;;;"3";"Involontaire (travaux)";;;;;""
2022;19000;"84";"84072";"Mazan";"2022-03-06 15:38:00";30;30;;;;;;;;;;;;;;;;""
2022;15651;"48";"48049";;"2022-03-06 19:02:00";50000;;50000;;;;;;;;;"3";"Involontaire (travaux)";;;;;""
2022;116;"15";"15175";"Saint-Cernin";"2022-03-06 19:32:00";20000;0;;20000;;;20000;0;0;0;"Estimées";;"Involontaire (travaux)";;;;;""
2022;13560;"34";"34310";"Thézan-lès-Béziers";"2022-03-07 07:46:00";706;;706;;;;;;;;;"1";"Malveillance";;;;;""
2022;1768;"67";"67282";"Marlenheim";"2022-03-07 10:45:00";2;0;;2;;;2;0;0;0;"Estimées";;;;;;;""
2022;13420;"04";"04208";"Simiane-la-Rotonde";"2022-03-07 12:59:00";7900;7900;;;;;;;;;;"5";"Involontaire (particulier)";;;;;""
2022;7873;"38";"38263";"Morette";"2022-03-07 13:38:00";2000;0;;2000;;;2000;0;0;0;"Estimées";;"Involontaire (travaux)";;;;;""
2022;14029;"2B";"2B015";"Ampriani";"2022-03-07 14:22:00";5000;;;;;;;;;;;;;;;;;""
2022;13567;"05";"05046";"Embrun";"2022-03-07 14:36:00";900;900;;;;;;;;;;"4";"Involontaire (particulier)";;;;;""
2022;15973;"11";"11024";"Bages";"2022-03-07 14:41:00";5;;;;;;;;;;;;"Malveillance";;;;;""
2022;15652;"48";"48092";"Marvejols";"2022-03-07 15:00:00";10000;;10000;;;;;;;;;"1";"Involontaire (travaux)";;;;;""
2022;13528;"30";"30099";"Cros";"2022-03-07 15:23:00";6000;;;;;;;;;;;;;;;;;""
2022;13446;"13";"13110";"Trets";"2022-03-07 15:25:00";1200;1200;;;;;;;;;;"1";;;;;;""
2022;15653;"48";"48090";"Le Malzieu-Ville";"2022-03-07 15:36:00";10000;;10000;;;;;;;;;"1";"Involontaire (travaux)";;;;;""
2022;14465;"83";"83121";"Salernes";"2022-03-07 16:49:00";700;700;;;;;;;;;;"4";"Involontaire (travaux)";;;;;""
2022;12199;"87";"87046";"Cognac-la-Forêt";"2022-03-07 17:23:22";5;5;;;0;0;;;;;"Mesurées";;"Involontaire (particulier)";"Non";;;;""
2022;15654;"48";"48040";;"2022-03-07 19:07:00";60000;;60000;;;;;;;;;"1";"Involontaire (particulier)";;;;;""
2022;3199;"56";"56034";"Carnac";"2022-03-07 20:16:00";1;1;;0;;;0;0;0;0;"Mesurées";;"Involontaire (particulier)";;;;;""
2022;19007;"84";"84082";"Mormoiron";"2022-03-07 21:51:00";270;270;;;;;;;;;;;;;;;;""
2022;7876;"38";"38379";"Saint-Clair-sur-Galaure";"2022-03-08 11:01:00";300;0;;300;;;300;0;0;0;"Estimées";;"Involontaire (travaux)";;;;;""
2022;15975;"11";"11198";"Laure-Minervois";"2022-03-08 12:47:00";400;;;;;;;;;;;;"Involontaire (particulier)";;;;;""
2022;1792;"88";"88356";"Les Poulières";"2022-03-08 14:21:00";20;20;;0;;;0;0;0;0;"Estimées";;;;;;;""
2022;15976;"11";"11379";"Sigean";"2022-03-08 14:48:00";150;;;;;;;;;;;;"Involontaire (travaux)";;;;;""
2022;13725;"13";"13051";"Lançon-Provence";"2022-03-08 15:03:00";2000;2000;;;;;;;;;;"1";"Involontaire (particulier)";;;;;""
2022;13722;"13";"13016";"La Bouilladisse";"2022-03-08 17:51:00";5;5;;;;;;;;;;"1";;;;;;""
2022;13724;"13";"13047";"Istres";"2022-03-08 18:05:00";2000;2000;;;;;;;;;;"1";"Malveillance";;;;;""
2022;15977;"11";"11145";"Fleury";"2022-03-08 18:56:00";5000;;;;;;;;;;;;"Involontaire (travaux)";;;;;""
2022;13727;"13";"13082";"Rognes";"2022-03-09 09:13:00";10;10;;;;;;;;;;"1";;;;;;""
2022;83;"41";"41018";"Blois";"2022-03-09 09:51:00";30;0;;30;;;30;0;0;0;"Estimées";;;;;;;""
2022;13520;"30";"30279";"Saint-Laurent-la-Vernède";"2022-03-09 11:11:00";5000;;;;;;;;;;;;;;;;;""
2022;84;"41";"41018";"Blois";"2022-03-09 13:59:00";20;0;;20;;;20;0;0;0;"Estimées";;;;;;;""
2022;13729;"13";"13047";"Istres";"2022-03-09 14:19:00";200;200;;;;;;;;;;"1";"Involontaire (particulier)";;;;;""
2022;14466;"83";"83058";"Flayosc";"2022-03-09 14:29:00";1500;1500;;;;;;;;;;"4";"Involontaire (travaux)";;;;;""
2022;13698;"2A";"2A004";"Ajaccio";"2022-03-09 14:54:00";38000;;38000;;;;;;;;;"1";"Malveillance";;;;;""
2022;7887;"38";"38182";"Le Grand-Lemps";"2022-03-09 15:24:00";500;0;;500;;;500;0;0;0;"Estimées";;;;;;;""
2022;70;"21";"21582";"Santenay";"2022-03-09 15:36:00";75000;75000;;0;;;0;0;0;0;"Estimées";;"Involontaire (travaux)";;;;;""
2022;1212;"21";"21714";"Vosne-Romanée";"2022-03-09 16:21:00";100;0;;100;;;100;0;0;0;"Estimées";;"Involontaire (travaux)";;;;;""
2022;13561;"05";"05104";"Poligny";"2022-03-09 16:47:00";3000;3000;;;;;;;;;;;;;;;;""
2022;1213;"21";"21008";"Alise-Sainte-Reine";"2022-03-09 17:02:00";100;0;;100;;;100;0;0;0;"Estimées";;;;;;;""
2022;10939;"40";"40152";"Lesperon";"2022-03-09 17:21:00";30;30;;0;;;0;;;0;"Estimées";;"Accidentelle";"Non";;;;""
2022;14821;"2A";"2A324";"Tavera";"2022-03-09 17:49:00";15;;15;;;;;;;;;"1";"Involontaire (travaux)";;;;;""
2022;13702;"2A";"2A348";"Vico";"2022-03-09 17:57:00";5000;;5000;;;;;;;;;;;;;;;""
2022;118;"15";"15149";"Paulhenc";"2022-03-10 06:02:00";10000;0;;10000;;;10000;0;0;0;"Estimées";;"Involontaire (travaux)";;;;;""
2022;1215;"21";"21419";"Molesme";"2022-03-10 10:50:00";200;0;;200;;;200;0;0;0;"Estimées";;;;;;;""
2022;13856;"2A";"2A040";"Bocognano";"2022-03-10 11:57:00";550;;500;;;;;;;50;;"1";"Accidentelle";;;;;""
2022;13597;"66";"66058";"Corneilla-la-Rivière";"2022-03-10 12:29:00";10000;;;;;;;;;10000;;"3";;;;;;""
2022;13563;"05";"05058";"Freissinières";"2022-03-10 12:51:00";800;800;;;;;;;;;;"5";"Involontaire (particulier)";;;;;""
2022;68;"71";"71165";"Cussy-en-Morvan";"2022-03-10 15:52:00";2500;2500;;0;;;0;0;0;0;"Estimées";;"Involontaire (travaux)";;;;;""
2022;4387;"39";"39468";"Rothonay";"2022-03-10 19:33:00";100;0;;100;;;100;0;0;0;"Estimées";;;;;;;""
2022;14822;"2A";"2A141";"Letia";"2022-03-10 19:38:00";3;;3;;;;;;;;;"3";;;;;;""
2022;14048;"2B";"2B235";"Pioggiola";"2022-03-11 11:04:00";13000;3000;10000;;;;;;;;;"1";"Malveillance";;;;;""
2022;1217;"21";"21409";"Meuilley";"2022-03-11 11:39:00";800;0;;800;;;800;0;0;0;"Estimées";;"Involontaire (particulier)";;;;;""
2022;14049;"2B";"2B079";"Castello-di-Rostino";"2022-03-11 13:55:00";3500;;3500;;;;;;;;;"1";"Malveillance";;;;;""
2022;14472;"83";"83072";"Lorgues";"2022-03-11 14:33:00";500;500;;;;;;;;;;"4";"Involontaire (particulier)";;;;;""
2022;13782;"2A";"2A004";"Ajaccio";"2022-03-11 15:41:00";2800;;2800;;;;;;;;;"1";"Malveillance";;;;;""
2022;2620;"88";"88198";"Gerbépal";"2022-03-11 19:12:00";50;50;;0;;;0;0;0;0;"Estimées";;;;;;;""
2022;13655;"04";"04095";"L'Hospitalet";"2022-03-12 09:23:00";9000;9000;;;;;;;;;;"4";"Involontaire (travaux)";;;;;""
2022;270;"74";"74280";"Thônes";"2022-03-12 09:57:00";2500;2500;;0;;;0;0;0;0;"Estimées";;"Involontaire (travaux)";;;;;""
2022;14051;"2B";"2B290";"Speloncato";"2022-03-12 10:08:00";112000;2000;110000;;;;;;;;;"1";"Malveillance";;;;;""
2022;13851;"04";"04162";"Revest-des-Brousses";"2022-03-12 12:28:00";11800;1100;8000;;;;;;;2700;;"2";"Involontaire (particulier)";;;;;""
2022;13731;"13";"13059";"Meyrargues";"2022-03-12 13:03:00";2000;2000;;;;;;;;;;"1";;;;;;""
2022;13801;"2A";"2A031";"Bastelica";"2022-03-12 13:36:00";825;;825;;;;;;;;;"1";"Malveillance";;;;;""
2022;18276;"2A";"2A006";"Alata";"2022-03-12 13:53:00";30;;30;;;;;;;;;"1";"Involontaire (travaux)";;;;;""
2022;13658;"04";"04141";"Ongles";"2022-03-12 14:43:00";700;700;;;;;;;;;;;"Involontaire (particulier)";;;;;""
2022;13659;"04";"04136";"La Mure-Argens";"2022-03-12 14:58:00";18200;18200;;;;;;;;;;"4";"Accidentelle";;;;;""
2022;14052;"2B";"2B190";"Olmi-Cappella";"2022-03-12 17:07:00";300;;;;;;;;;;;;;;;;;""
2022;14473;"83";"83094";"Le Plan-de-la-Tour";"2022-03-13 00:16:00";1000;1000;;;;;;;;;;"5";"Involontaire (travaux)";;;;;""
2022;13732;"13";"13001";"Aix-en-Provence";"2022-03-13 04:31:00";2000;2000;;;;;;;;;;"1";;;;;;""
2022;86;"41";"41018";"Blois";"2022-03-13 07:41:00";80;0;;80;;;80;0;0;0;"Estimées";;;;;;;""
2022;13733;"13";"13001";"Aix-en-Provence";"2022-03-13 10:22:00";400;400;;;;;;;;;;"1";;;;;;""
2022;13779;"2A";"2A117";"Forciolo";"2022-03-13 11:37:00";1010;;1010;;;;;;;;;"1";;;;;;""
2022;13735;"13";"13082";"Rognes";"2022-03-14 10:17:00";100;100;;;;;;;;;;"1";"Involontaire (particulier)";;;;;""
2022;18280;"2A";"2A017";"Appietto";"2022-03-14 16:34:00";1;;1;;;;;;;;;"1";"Involontaire (travaux)";;;;;""
2022;19136;"84";"84133";"La Tour-d'Aigues";"2022-03-15 17:01:00";300;;;;;;;;;;;;;;;;;""
2022;14055;"2B";"2B231";"Pigna";"2022-03-15 18:29:00";500;;;;;;;;;;;;;;;;;""
2022;87;"41";"41016";"Billy";"2022-03-15 19:59:00";10;0;;10;;;10;0;0;0;"Estimées";;"Involontaire (particulier)";;;;;""
2022;2621;"88";"88225";"Hadol";"2022-03-15 20:25:00";30;30;;0;;;0;0;0;0;"Estimées";;;;;;;""
2022;13852;"04";"04070";"Digne-les-Bains";"2022-03-16 14:38:00";4300;20;;;;;;;;4280;;"3";"Malveillance";;;;;""
2022;10820;"40";"40192";"Mont-de-Marsan";"2022-03-16 14:45:00";500;500;;0;;;0;;;0;"Estimées";;;"Non";;;;""
2022;13736;"13";"13001";"Aix-en-Provence";"2022-03-16 18:45:00";5;5;;;;;;;;;;"1";;;;;;""
2022;2622;"88";"88190";"Frizon";"2022-03-16 21:03:00";4;4;;0;;;0;0;0;0;"Estimées";;;;;;;""
2022;18284;"2A";"2A146";"Loreto-di-Tallano";"2022-03-17 17:30:00";30;;30;;;;;;;;;"1";"Involontaire (particulier)";;;;;""
2022;13777;"2A";"2A117";"Forciolo";"2022-03-17 18:29:00";38516;;38516;;;;;;;;;"1";;;;;;""
2022;21596;"2A";"2A324";"Tavera";"2022-03-17 19:19:00";5;;5;;;;;;;;;;"Involontaire (particulier)";;;;;""
2022;13737;"13";"13071";"Les Pennes-Mirabeau";"2022-03-18 08:37:00";5;5;;;;;;;;;;"1";;;;;;""
2022;3202;"56";"56165";"Ploërmel";"2022-03-18 16:09:00";1;0;;1;;;1;0;0;0;"Mesurées";;"Involontaire (particulier)";;;;;""
2022;14059;"2B";"2B235";"Pioggiola";"2022-03-18 23:43:00";500;;;;;;;;;;;;;;;;;""
2022;21598;"2A";"2A249";"Propriano";"2022-03-19 12:15:00";10;;10;;;;;;;;;;;;;;;""
2022;21599;"2A";"2A048";"Calcatoggio";"2022-03-19 13:30:00";30;;30;;;;;;;;;;;;;;;""
2022;13739;"13";"13080";"Le Puy-Sainte-Réparade";"2022-03-19 14:33:00";2000;2000;;;;;;;;;;"1";"Involontaire (particulier)";;;;;""
2022;13738;"13";"13114";"Ventabren";"2022-03-19 14:36:00";150;150;;;;;;;;;;"1";;;;;;""
2022;119;"15";"15268";"Le Rouget-Pers";"2022-03-19 15:01:00";300;300;;0;;;0;0;0;0;"Mesurées";;"Involontaire (travaux)";;;;;""
2022;10821;"40";"40037";"Benquet";"2022-03-19 15:45:00";1000;1000;;0;;;0;;;0;"Estimées";;;"Non";;;;""
2022;793;"29";"29150";"Moëlan-sur-Mer";"2022-03-19 15:51:00";2500;0;;2500;;;2500;0;0;0;"Estimées";;;;;;;""
2022;2650;"88";"88379";"Rehaincourt";"2022-03-19 16:30:00";200;200;;0;;;0;0;0;0;"Estimées";;;;;;;""
2022;13748;"13";"13110";"Trets";"2022-03-20 11:30:00";1500;1500;;;;;;;;;;"1";;;;;;""
2022;7844;"16";"16072";"Chadurie";"2022-03-20 11:48:00";15000;15000;;;;;;;;;"Estimées";;;"Non";;;;""
2022;72;"37";"37199";"Rilly-sur-Vienne";"2022-03-20 16:21:00";500;0;;500;;;500;0;0;0;"Estimées";;;;;;;""
2022;617;"35";"35211";"Paimpont";"2022-03-20 17:59:00";500;0;;500;;;500;0;0;0;"Estimées";;;;;;;""
2022;14203;"06";"06102";"Rimplas";"2022-03-21 12:30:00";5000;2500;2500;;;;;;;;;"3";"Involontaire (particulier)";;;;;""
2022;10214;"47";"47202";"Paulhiac";"2022-03-21 12:43:36";60000;60000;;;0;0;;;;;"Estimées";;;"Non";0;0;0;""
2022;93;"41";"41049";"Chémery";"2022-03-21 14:01:00";30;0;;30;;;30;0;0;0;"Estimées";;;;;;;""
2022;13854;"2A";"2A040";"Bocognano";"2022-03-21 14:27:00";3800;;3800;;;;;;;;;"1";;;;;;""
2022;11159;"64";"64014";"Ainhoa";"2022-03-21 15:34:00";200;200;;;;;;;;;"Estimées";;"Involontaire (travaux)";"Non";;;;""
2022;495;"82";"82112";"Moissac";"2022-03-21 15:41:00";5000;0;;5000;;;5000;0;0;0;"Estimées";;;;;;;"Données partielles ou non valides"
2022;12201;"87";"87127";"La Roche-l'Abeille";"2022-03-21 16:26:36";30000;20000;;10000;;;;;;;"Estimées";;"Involontaire (particulier)";"Non";;;;""
2022;14246;"13";"13082";"Rognes";"2022-03-21 16:35:00";100;100;;;;;;;;;;"1";"Involontaire (particulier)";;;;;""
2022;10817;"40";"40287";"Sanguinet";"2022-03-21 16:51:00";36000;36000;;0;;;0;;;0;"Estimées";;"Involontaire (travaux)";"Non";;;;""
2022;13853;"2A";"2A330";"Ucciani";"2022-03-22 09:51:00";7800;1000;6800;;;;;;;;;"5";"Involontaire (travaux)";;;;;""
2022;14483;"83";"83097";"Pourrières";"2022-03-22 10:52:00";400;400;;;;;;;;;;"2";"Involontaire (particulier)";;;;;""
2022;14484;"83";"83007";"Aups";"2022-03-22 11:10:00";11500;11500;;;;;;;;;;"4";"Involontaire (particulier)";;;;;""
2022;13977;"05";"05122";"La Roche-de-Rame";"2022-03-22 11:19:00";1000;1000;;;;;;;;;;;"Involontaire (travaux)";;;;;""
2022;74;"81";"81227";"Roquecourbe";"2022-03-22 12:26:00";6000;6000;;0;;;0;0;0;0;"Estimées";;"Accidentelle";;;;;""
2022;23150;"19";"19081";"Eyrein";"2022-03-22 12:28:40";91000;91000;;;;;;;;;"Mesurées";;;"Non";;;;"Données partielles ou non valides"
2022;15978;"11";"11045";"Bouriège";"2022-03-22 13:45:00";2000;;;;;;;;;;;;"Accidentelle";;;;;""
2022;217;"08";"08487";"Vireux-Wallerand";"2022-03-22 13:47:00";100;0;;100;;;100;0;0;0;"Estimées";;;;;;;""
2022;794;"29";"29189";"Plougastel-Daoulas";"2022-03-22 14:32:00";1000;0;;1000;;;1000;0;0;0;"Estimées";;"Malveillance";;;;;""
2022;184;"49";"49045";"La Breille-les-Pins";"2022-03-22 14:36:00";1700000;1700000;;0;;;0;0;0;0;"Estimées";;"Accidentelle";;;;;""
2022;4581;"39";"39183";"Crotenay";"2022-03-22 15:22:00";20;20;;0;;;0;0;0;0;"Estimées";;;;;;;""
2022;20458;"06";"06083";"Menton";"2022-03-22 17:14:00";300;;;;;;;;;;;;;;;;;""
2022;11542;"33";"33214";"Lacanau";"2022-03-22 18:10:00";2000;2000;;0;;;0;;;0;"Estimées";;;"Non";;;;""
2022;6709;"72";"72260";"Ruaudin";"2022-03-22 18:18:00";50;50;;0;;;0;0;0;0;"Estimées";;;;;;;""
2022;19159;"84";"84102";"Roussillon";"2022-03-22 18:51:00";2500;2500;;;;;;;;;;"4";;;;;;""
2022;14247;"13";"13022";"Cassis";"2022-03-22 18:58:00";5620;5620;;;;;;;;;;"1";"Malveillance";;;;;""
2022;14145;"07";"07045";"Burzet";"2022-03-22 19:58:00";20000;;20000;;;;;;;;;"1";"Involontaire (travaux)";;;;;""
2022;8005;"38";"38423";"Saint-Martin-le-Vinoux";"2022-03-23 11:05:00";10000;0;;10000;;;10000;0;0;0;"Estimées";;;;;;;""
2022;14249;"13";"13082";"Rognes";"2022-03-23 12:03:00";4500;4500;;;;;;;;;;"1";"Involontaire (particulier)";;;;;""
2022;14146;"07";"07114";"Labatie-d'Andaure";"2022-03-23 12:09:00";3000;;3000;;;;;;;;;"1";;;;;;""
2022;95;"41";"41120";"Lunay";"2022-03-23 12:13:00";70000;70000;;0;;;0;0;0;0;"Estimées";;;;;;;""
2022;99;"46";"46040";"Cabrerets";"2022-03-23 12:28:00";200000;0;;200000;;;200000;0;0;0;"Estimées";;"Accidentelle";;;;;""
2022;21609;"2A";"2A266";"Salice";"2022-03-23 12:50:00";30;;30;;;;;;;;;;"Involontaire (particulier)";;;;;""
2022;219;"08";"08363";"Revin";"2022-03-23 13:42:00";300;0;;300;;;300;0;0;0;"Estimées";;;;;;;""
2022;10586;"24";"24147";"Cubjac-Auvézère-Val d'Ans";"2022-03-23 13:59:00";60000;60000;;0;;;0;;;;"Estimées";;;"Non";;;;""
2022;14248;"13";"13071";"Les Pennes-Mirabeau";"2022-03-23 14:25:00";2000;2000;;;;;;;;;;"1";"Malveillance";;;;;""
2022;14489;"83";"83121";"Salernes";"2022-03-23 14:31:00";3000;3000;;;;;;;;;;"4";"Involontaire (travaux)";;;;;""
2022;3362;"60";"60632";"Thiescourt";"2022-03-23 14:51:00";1500;1500;;0;;;0;0;0;0;"Estimées";;;;;;;""
2022;2655;"88";"88181";"Fraize";"2022-03-23 15:01:00";150;150;;0;;;0;0;0;0;"Estimées";;;;;;;""
2022;2656;"88";"88356";"Les Poulières";"2022-03-23 15:17:00";20;20;;0;;;0;0;0;0;"Mesurées";;;;;;;""
2022;21604;"2A";"2A348";"Vico";"2022-03-23 15:57:00";1500;;1500;;;;;;;;;;;;;;;""
2022;12038;"87";"87159";"Saint-Léger-la-Montagne";"2022-03-23 16:02:02";20;20;;;0;0;;;;;"Mesurées";;;"Non";;;;""
2022;10588;"24";"24081";"Carlux";"2022-03-23 16:21:00";10000;10000;;0;;;0;;;;"Estimées";;;"Non";;;;""
2022;5782;"27";"27456";"Pinterville";"2022-03-23 16:31:00";100;0;;100;;;100;0;0;0;"Estimées";;;;;;;"Données partielles ou non valides"
2022;11440;"33";"33233";"Laruscade";"2022-03-23 16:41:00";20000;20000;;0;;;0;;;0;"Estimées";;;"Non";;;;""
2022;214;"15";"15175";"Saint-Cernin";"2022-03-23 16:46:00";10000;0;;10000;;;10000;0;0;0;"Estimées";;"Involontaire (travaux)";;;;;""
2022;21608;"2A";"2A200";"Palneca";"2022-03-23 19:50:00";80;;80;;;;;;;;;;;;;;;""
2022;795;"29";"29113";"Lanmeur";"2022-03-23 20:11:00";50;0;;50;;;50;0;0;0;"Estimées";;"Involontaire (particulier)";;;;;""
2022;100;"46";"46146";"Ladirat";"2022-03-23 20:27:00";5000;0;;5000;;;5000;0;0;0;"Estimées";;"Accidentelle";;;;;""
2022;7333;"61";"61043";"Berd'huis";"2022-03-23 22:02:09";5000;0;;5000;;;5000;0;;;;;"Malveillance";;;;;"Données partielles ou non valides"
2022;21605;"2A";"2A268";"Sampolo";"2022-03-23 23:12:00";800;;800;;;;;;;;;;;;;;;""
2022;14251;"13";"13068";"Paradou";"2022-03-24 06:12:00";5;5;;;;;;;;;;"1";"Involontaire (particulier)";;;;;""
2022;14069;"2B";"2B223";"Pietralba";"2022-03-24 09:14:00";56000;36000;20000;;;;;;;;;"2";"Malveillance";;;;;""
2022;14123;"06";"06135";"Sigale";"2022-03-24 10:15:00";29000;10000;19000;;;;;;;;;"3";"Involontaire (particulier)";;;;;""
2022;14125;"06";"06153";"Valdeblore";"2022-03-24 10:24:00";396400;40000;;;;;;;;356400;;"1";"Involontaire (travaux)";;;;;""
2022;13989;"05";"05004";"Ancelle";"2022-03-24 10:47:00";339545;117345;215700;;;;;;;6500;;"1";"Malveillance";;;;;""
2022;14250;"13";"13056";"Martigues";"2022-03-24 11:08:00";1000;1000;;;;;;;;;;"1";"Involontaire (particulier)";;;;;""
2022;2292;"90";"90033";"Delle";"2022-03-24 11:32:00";200;200;;0;;;0;0;0;0;"Estimées";;;;;;;""
2022;14704;"2A";"2A158";"Mela";"2022-03-24 11:34:00";10000;;10000;;;;;;;;;;;;;;;""
2022;13988;"05";"05147";"Saint-Julien-en-Champsaur";"2022-03-24 11:48:00";35700;17800;16500;;;;;;;1400;;"3";"Malveillance";;;;;""
2022;15655;"48";"48195";;"2022-03-24 11:57:00";40000;;40000;;;;;;;;;"3";"Involontaire (particulier)";;;;;""
2022;14492;"83";"83135";"Tavernes";"2022-03-24 12:02:00";300;300;;;;;;;;;;"1";"Involontaire (travaux)";;;;;""
2022;80;"43";"43136";"Monistrol-d'Allier";"2022-03-24 12:11:00";20800;13800;;7000;;;7000;0;0;0;"Mesurées";;"Involontaire (particulier)";;;;;""
2022;19166;"84";"84133";"La Tour-d'Aigues";"2022-03-24 12:36:00";3500;;;;;;;;;;;;"Involontaire (travaux)";;;;;""
2022;11541;"33";"33322";"Le Pian-Médoc";"2022-03-24 12:37:00";700;700;;0;;;0;;;0;"Estimées";;;"Non";;;;""
2022;14701;"2A";"2A108";"Évisa";"2022-03-24 12:38:00";20000;;20000;;;;;;;;;"1";;;;;;""
2022;12933;"10";"10317";"Les Riceys";"2022-03-24 12:57:00";30500;0;;30500;;;30500;0;0;0;"Estimées";;;;;;;""
2022;14496;"83";"83011";"Bargemon";"2022-03-24 13:57:00";20000;20000;;;;;;;;;;"4";"Involontaire (travaux)";;;;;""
2022;12202;"87";"87039";"Château-Chervix";"2022-03-24 13:57:41";8000;4000;;4000;0;0;;;;;"Mesurées";;"Malveillance";"Non";;;;""
2022;14120;"06";"06050";"Coursegoules";"2022-03-24 14:12:00";150;;;;;;;;;;;;;;;;;""
2022;14150;"07";"07329";"Valgorge";"2022-03-24 14:15:00";1500;;1500;;;;;;;;;"1";;;;;;""
2022;292;"53";"53119";"L'Huisserie";"2022-03-24 14:32:00";1000;1000;;0;;;0;0;0;0;"Mesurées";;;;;;;""
2022;12934;"10";"10317";"Les Riceys";"2022-03-24 14:34:00";40000;40000;;0;;;0;0;0;0;"Estimées";;;;;;;""
2022;13985;"05";"05039";"Aubessagne";"2022-03-24 14:38:00";1100;1100;;;;;;;;;;;"Malveillance";;;;;""
2022;13984;"05";"05141";;"2022-03-24 14:51:00";38008;35308;;;;;;;;2700;;"5";"Malveillance";;;;;""
2022;1321;"21";"21454";"Nicey";"2022-03-24 14:54:00";3000;0;;1000;;;1000;2000;0;2000;"Estimées";;;;;;;""
2022;19168;"84";"84102";"Roussillon";"2022-03-24 15:02:00";1800;;;;;;;;;;;;;;;;;""
2022;23110;"57";"57294";"Hanviller";"2022-03-24 15:10:00";20;20;;0;;;0;0;0;0;"Estimées";;;"Non";;;;""
2022;497;"82";"82042";"Cazes-Mondenard";"2022-03-24 15:10:00";10000;0;;10000;;;10000;0;0;0;"Estimées";;;;;;;"Données partielles ou non valides"
2022;21610;"2A";"2A249";"Propriano";"2022-03-24 15:20:00";500;;500;;;;;;;;;;;;;;;""
2022;15657;"48";"48092";"Marvejols";"2022-03-24 15:29:00";3000;;3000;;;;;;;;;"1";;;;;;""
2022;14706;"2A";"2A310";"Santa-Maria-Figaniella";"2022-03-24 15:31:00";5000;4000;1000;;;;;;;;;"3";;;;;;""
2022;11443;"33";"33076";"Budos";"2022-03-24 15:33:00";40000;40000;;0;;;0;;;0;"Estimées";;;"Non";;;;""
2022;15656;"48";"48070";"Grandrieu";"2022-03-24 15:34:00";10000;;10000;;;;;;;;;"1";"Involontaire (travaux)";;;;;""
2022;14122;"06";"06103";"Roquebillière";"2022-03-24 15:38:00";5000;5000;;;;;;;;;;"3";"Accidentelle";;;;;""
2022;81;"43";"43177";"Saint-Didier-en-Velay";"2022-03-24 15:57:00";22500;18000;;0;;;0;4500;0;4500;"Mesurées";;"Involontaire (travaux)";;;;;""
2022;14707;"2A";"2A258";"Renno";"2022-03-24 16:34:00";5000;4000;1000;;;;;;;;;"3";;;;;;""
2022;5630;"56";"56083";"Hennebont";"2022-03-24 16:37:00";15;0;;15;;;15;0;0;0;"Estimées";;;;;;;""
2022;8010;"38";"38287";"Oyeu";"2022-03-24 16:42:00";200;0;;200;;;200;0;0;0;"Estimées";;;;;;;""
2022;15980;"11";"11096";"Comus";"2022-03-24 17:02:00";2500;;;;;;;;;;;;"Malveillance";;;;;""
2022;14255;"13";"13033";"Ensuès-la-Redonne";"2022-03-24 17:03:00";50;50;;;;;;;;;;"1";;;;;;""
2022;220;"15";"15088";"Lacapelle-Viescamp";"2022-03-24 17:20:00";200;200;;0;;;0;0;0;0;"Mesurées";;"Involontaire (travaux)";;;;;""
2022;13904;"34";"34279";"Saint-Nazaire-de-Ladarez";"2022-03-24 17:27:00";63576;;63576;;;;;;;;;;"Malveillance";;;;;""
2022;101;"46";"46102";"Figeac";"2022-03-24 17:44:00";1000;0;;1000;;;1000;0;0;0;"Estimées";;;;;;;""
2022;14254;"13";"13072";"Peynier";"2022-03-24 17:46:00";5;5;;;;;;;;;;"1";"Involontaire (particulier)";;;;;""
2022;14071;"2B";"2B281";"Sisco";"2022-03-24 17:52:00";600;;;;;;;;;;;;;;;;;""
2022;15658;"48";"48189";;"2022-03-24 18:02:00";20000;;20000;;;;;;;;;"1";"Involontaire (travaux)";;;;;""
2022;11442;"33";"33005";"Andernos-les-Bains";"2022-03-24 19:08:00";2;2;;0;;;0;;;0;"Estimées";;"Malveillance";"Non";;;;""
2022;11546;"33";"33322";"Le Pian-Médoc";"2022-03-24 23:47:00";100;100;;0;;;0;;;0;"Estimées";;;"Non";;;;""
2022;129;"46";"46020";"Beauregard";"2022-03-25 10:26:00";5000;0;;5000;;;5000;0;0;0;"Estimées";;;;;;;""
2022;14072;"2B";"2B182";"Occhiatana";"2022-03-25 11:24:00";15000;4000;3000;;;;;;;8000;;"3";"Malveillance";;;;;""
2022;14073;"2B";"2B281";"Sisco";"2022-03-25 11:27:00";6000;;;;;;;;;;;;;;;;;""
2022;14699;"2A";"2A031";"Bastelica";"2022-03-25 11:28:00";143200;10000;133200;;;;;;;;;"1";;;;;;""
2022;14497;"83";"83050";"Draguignan";"2022-03-25 11:35:00";300;300;;;;;;;;;;"5";"Accidentelle";;;;;""
2022;102;"43";"43012";"Aurec-sur-Loire";"2022-03-25 11:36:00";5400;5400;;0;;;0;0;0;0;"Mesurées";;"Accidentelle";;;;;""
2022;14118;"06";"06067";"Gorbio";"2022-03-25 11:44:00";112000;82000;30000;;;;;;;;;"5";;;;;;""
2022;14074;"2B";"2B183";"Ogliastro";"2022-03-25 11:59:00";2000;;;;;;;;;;;;;;;;;""
2022;10711;"24";"24129";"Condat-sur-Trincou";"2022-03-25 12:19:00";500;500;;0;;;0;;;;"Estimées";;;"Non";;;;""
2022;105;"43";"43162";"Retournac";"2022-03-25 12:27:00";14300;14300;;0;;;0;0;0;0;"Mesurées";;;;;;;""
2022;14155;"07";"07064";"Le Cheylard";"2022-03-25 12:40:00";15000;;15000;;;;;;;;;"1";"Involontaire (travaux)";;;;;""
2022;14076;"2B";"2B318";"Taglio-Isolaccio";"2022-03-25 12:51:00";8000;;;;;;;;;;;;;;;;;""
2022;10794;"23";"23069";"Crocq";"2022-03-25 13:06:00";500;500;;;;0;;;;;"Estimées";;"Involontaire (travaux)";"Non";0;0;0;""
2022;619;"35";"35168";"Val d'Anast";"2022-03-25 13:42:00";5000;5000;;0;;;0;0;0;0;"Estimées";;;;;;;""
2022;10712;"24";"24200";"Grand-Brassac";"2022-03-25 14:07:00";30000;30000;;0;;;0;;;;"Estimées";;;"Non";;;;""
2022;2785;"88";"88413";"Saint-Dié-des-Vosges";"2022-03-25 14:08:00";10;10;;0;;;0;0;0;0;"Estimées";;;;;;;""
2022;12509;"18";"18185";"Presly";"2022-03-25 14:31:00";2000;0;;2000;;;2000;0;0;0;"Estimées";;;"Non";;;;""
2022;106;"43";"43162";"Retournac";"2022-03-25 14:44:00";12000;12000;;0;;;0;0;0;0;"Mesurées";;;;;;;""
2022;15660;"48";"48076";;"2022-03-25 14:47:00";8000;;8000;;;;;;;;;"4";"Involontaire (travaux)";;;;;""
2022;14498;"83";"83141";"Trans-en-Provence";"2022-03-25 14:52:00";1000;1000;;;;;;;;;;"3";"Involontaire (particulier)";;;;;""
2022;14156;"07";"07010";"Annonay";"2022-03-25 15:04:00";24000;;24000;;;;;;;;;"1";"Involontaire (travaux)";;;;;""
2022;131;"46";"46154";"Laramière";"2022-03-25 15:14:00";15000;0;;15000;;;15000;0;0;0;"Estimées";;;;;;;""
2022;14499;"83";"83145";"Varages";"2022-03-25 15:34:00";1000;1000;;;;;;;;;;"3";"Involontaire (particulier)";;;;;""
2022;15661;"48";"48197";;"2022-03-25 15:38:00";5000;;5000;;;;;;;;;"1";"Involontaire (travaux)";;;;;""
2022;132;"46";"46328";"Varaire";"2022-03-25 15:53:00";30000;0;;30000;;;30000;0;0;0;"Estimées";;;;;;;""
2022;227;"15";"15179";"Saint-Cirgues-de-Malbert";"2022-03-25 16:12:00";15000;15000;;0;;;0;0;0;0;"Estimées";;"Involontaire (travaux)";;;;;""
2022;135;"41";"41059";"Le Controis-en-Sologne";"2022-03-25 16:14:00";15;0;;15;;;15;0;0;0;"Estimées";;;;;;;""
2022;13993;"05";"05095";"Le Noyer";"2022-03-25 16:18:00";240;240;;;;;;;;;;"4";"Malveillance";;;;;""
2022;14157;"07";"07194";"Rochessauve";"2022-03-25 16:48:00";5000;;;;;;;;;;;"3";"Involontaire (travaux)";;;;;""
2022;228;"15";"15199";"Saint-Martial";"2022-03-25 17:17:00";20000;20000;;0;;;0;0;0;0;"Estimées";;"Involontaire (travaux)";;;;;""
2022;7332;"61";"61244";"Mahéru";"2022-03-25 17:19:19";50000;0;;50000;;;50000;0;;;;;"Malveillance";;;;;"Données partielles ou non valides"
2022;21613;"2A";"2A348";"Vico";"2022-03-25 18:00:00";1000;;1000;;;;;;;;;;;;;;;""
2022;14079;"2B";"2B079";"Castello-di-Rostino";"2022-03-25 18:19:00";400;;;;;;;;;;;;;;;;;""
2022;2789;"88";"88048";"Bellefontaine";"2022-03-25 18:56:00";70;70;;0;;;0;0;0;0;"Mesurées";;"Involontaire (particulier)";;;;;""
2022;14700;"2A";"2A117";"Forciolo";"2022-03-25 18:59:00";73000;;73000;;;;;;;;;"1";"Involontaire (travaux)";;;;;""
2022;232;"08";"08218";"Les Hautes-Rivières";"2022-03-25 19:16:00";4000;0;;4000;;;4000;0;0;0;"Estimées";;;;;;;""
2022;5639;"56";"56078";"Guidel";"2022-03-25 19:47:00";10000;0;;10000;;;10000;0;0;0;"Estimées";;;;;;;""
2022;13991;"05";"05124";"La Rochette";"2022-03-25 20:59:00";208;8;200;;;;;;;;;"1";"Malveillance";;;;;""
2022;231;"15";"15014";"Aurillac";"2022-03-25 21:06:00";40;0;;40;;;40;0;0;0;"Mesurées";;"Involontaire (particulier)";;;;;""
2022;14158;"07";"07288";"Saint-Priest";"2022-03-25 23:54:00";500;;500;;;;;;;;;"1";;;;;;""
2022;14124;"06";"06006";"Aspremont";"2022-03-26 01:20:00";50;;;;;;;;;;;"1";;;;;;""
2022;14081;"2B";"2B337";"Valle-di-Rostino";"2022-03-26 10:09:00";20;;;;;;;;;;;;;;;;;""
2022;1890;"67";"67117";"Eckartswiller";"2022-03-26 11:10:00";2;0;;2;;;2;0;0;0;"Estimées";;"Involontaire (particulier)";;;;;""
2022;15662;"48";"48070";"Grandrieu";"2022-03-26 11:25:00";3000;;3000;;;;;;;;;"1";"Involontaire (travaux)";;;;;""
2022;9870;"79";"79179";"Moncoutant-sur-Sèvre";"2022-03-26 12:29:00";50;50;;;;;;;;;"Estimées";;"Accidentelle";"Non";;;;""
2022;4599;"39";"39047";"Bellefontaine";"2022-03-26 12:39:00";1000;0;;1000;;;1000;0;0;0;"Estimées";;;;;;;""
2022;14083;"2B";"2B007";"Albertacce";"2022-03-26 13:31:00";500;;;;;;;;;;;;;;;;;""
2022;7510;"56";"56173";"Pluméliau-Bieuzy";"2022-03-26 13:43:00";70000;0;;70000;;;70000;0;0;0;"Estimées";;;;;;;""
2022;7511;"56";"56005";"Arzon";"2022-03-26 13:51:00";5000;0;;5000;;;5000;0;0;0;"Estimées";;"Involontaire (particulier)";;;;;""
2022;15981;"11";"11262";"Narbonne";"2022-03-26 13:55:00";1;;;;;;;;;;;;"Involontaire (particulier)";;;;;""
2022;13999;"05";"05090";"La Motte-en-Champsaur";"2022-03-26 14:21:00";446427;187527;257500;;;;;;;1400;;"4";"Malveillance";;;;;""
2022;14187;"04";"04019";"Barcelonnette";"2022-03-26 14:22:00";350000;263100;56900;;;;;;;30000;;"5";"Involontaire (particulier)";;;;;""
2022;796;"29";"29189";"Plougastel-Daoulas";"2022-03-26 14:23:00";50;0;;50;;;50;0;0;0;"Estimées";;;;;;;""
2022;10384;"47";"47189";"Montignac-Toupinerie";"2022-03-26 14:53:13";10000;5000;;5000;0;0;;;;;"Estimées";;"Involontaire (particulier)";"Non";0;0;0;""
2022;168;"37";"37003";"Amboise";"2022-03-26 14:56:00";115000;0;;115000;;;115000;0;0;0;"Estimées";;;;;;;""
2022;10816;"40";"40053";"Bourriot-Bergonce";"2022-03-26 15:00:00";60000;60000;;0;;;0;;;0;"Estimées";;"Involontaire (particulier)";"Non";;;;""
2022;2791;"88";"88087";"Chantraine";"2022-03-26 15:08:00";1;1;;0;;;0;0;0;0;"Estimées";;;;;;;""
2022;19352;"84";"84051";"Goult";"2022-03-26 15:09:00";1800;;;;;;;;;;;"2";;;;;;""
2022;14256;"13";"13005";"Aubagne";"2022-03-26 15:12:00";120000;120000;;;;;;;;;;"1";"Involontaire (particulier)";;;;;""
2022;13905;"13";"13055";"Marseille";"2022-03-26 15:25:00";3000;;;;;;;;;;;"1";;;;;;""
2022;137;"41";"41211";"Saint-Georges-sur-Cher";"2022-03-26 15:47:00";35;0;;5;;;5;30;0;30;"Estimées";;;;;;;""
2022;14085;"2B";"2B080";"Castifao";"2022-03-26 15:48:00";80;;;;;;;;;;;;"Malveillance";;;;;""
2022;7512;"56";"56230";"Saint-Nicolas-du-Tertre";"2022-03-26 15:51:00";100000;100000;;0;;;0;0;0;0;"Estimées";;;;;;;""
2022;11447;"33";"33273";"Martignas-sur-Jalle";"2022-03-26 16:05:00";30000;30000;;0;;;0;;;0;"Estimées";;;"Non";;;;""
2022;2295;"90";"90010";"Belfort";"2022-03-26 16:06:00";15000;15000;;0;;;0;0;0;0;"Estimées";;"Involontaire (particulier)";;;;;""
2022;10589;"24";"24520";"Sarlat-la-Canéda";"2022-03-26 16:07:00";5000;5000;;0;;;0;;;;"Estimées";;"Involontaire (travaux)";"Non";;;;""
2022;10823;"40";"40281";"Saint-Pierre-du-Mont";"2022-03-26 16:08:00";18000;18000;;0;;;0;;;0;"Estimées";;"Malveillance";"Non";;;;""
2022;11449;"33";"33409";"Saint-Genis-du-Bois";"2022-03-26 16:16:00";10000;10000;;0;;;0;;;0;"Estimées";;;"Non";;;;""
2022;14708;"2A";"2A024";"Aullène";"2022-03-26 16:48:00";5000;4000;1000;;;;;;;;;"3";"Malveillance";;;;;""
2022;498;"82";"82157";"Saint-Beauzeil";"2022-03-26 16:53:00";8000;0;;8000;;;8000;0;0;0;"Estimées";;;;;;;"Données partielles ou non valides"
2022;21615;"2A";"2A266";"Salice";"2022-03-26 16:57:00";20;;20;;;;;;;;;;;;;;;""
2022;12042;"87";"87039";"Château-Chervix";"2022-03-26 17:20:59";5000;5000;;;0;0;;;;;"Mesurées";;;"Non";;;;""
2022;121;"71";"71105";"Charnay-lès-Mâcon";"2022-03-26 17:27:00";2;2;;0;;;0;0;0;0;"Estimées";;;;;;;""
2022;14000;"05";"05040";"Chorges";"2022-03-26 17:37:00";4200;4100;;;;;;;;100;;"5";;;;;;""
2022;125;"49";"49163";"Jarzé Villages";"2022-03-26 18:18:00";30000;30000;;0;;;0;0;0;0;"Estimées";;;;;;;""
2022;14087;"2B";"2B073";"Casamaccioli";"2022-03-26 18:23:00";500;;;;;;;;;;;;;;;;;""
2022;15982;"11";"11262";"Narbonne";"2022-03-26 19:14:00";1;;;;;;;;;;;;"Involontaire (particulier)";;;;;""
2022;14505;"83";"83154";"Saint-Antonin-du-Var";"2022-03-26 19:22:00";700;700;;;;;;;;;;"5";"Involontaire (particulier)";;;;;""
2022;7331;"61";"61104";"La Chaux";"2022-03-26 19:56:33";15000;0;;15000;;;15000;0;;;;;"Malveillance";;;;;"Données partielles ou non valides"
2022;10218;"47";"47140";"Laugnac";"2022-03-26 20:51:48";20000;20000;;;0;0;;;;;"Estimées";;;"Non";0;0;0;""
2022;14129;"06";"06130";"Saint-Vallier-de-Thiey";"2022-03-26 21:02:00";723700;700000;23700;;;;;;;;;"3";;;;;;""
2022;2792;"88";"88445";"Saulcy-sur-Meurthe";"2022-03-26 21:36:00";4;4;;0;;;0;0;0;0;"Estimées";;;;;;;""
2022;15983;"11";"11203";"Lézignan-Corbières";"2022-03-26 22:29:00";10;;;;;;;;;;;;"Accidentelle";;;;;""
2022;3485;"36";"36076";"Fontgombault";"2022-03-26 22:41:00";750;750;;0;;;0;0;0;0;;;;;;;;""
2022;499;"82";"82077";"Labarthe";"2022-03-27 00:00:00";8000;0;;8000;;;8000;0;0;0;"Estimées";;;;;;;"Données partielles ou non valides"
2022;8031;"38";"38364";"Saint-Barthélemy-de-Séchilienne";"2022-03-27 05:20:00";5000;5000;;0;;;0;0;0;0;"Estimées";;"Accidentelle";;;;;""
2022;14005;"05";"05045";"Crots";"2022-03-27 07:35:00";300;0;300;;;;;;;0;;"1";;;;;;""
2022;21616;"2A";"2A324";"Tavera";"2022-03-27 08:25:00";50;;50;;;;;;;;;;"Malveillance";;;;;""
2022;21618;"2A";"2A324";"Tavera";"2022-03-27 09:05:00";200;;200;;;;;;;;;;"Malveillance";;;;;""
2022;11448;"33";"33097";"Carcans";"2022-03-27 11:07:00";800;800;;0;;;0;;;0;"Estimées";;"Involontaire (travaux)";"Non";;;;""
2022;14126;"06";"06151";"Utelle";"2022-03-27 11:48:00";18000;8000;10000;;;;;;;;;"3";"Malveillance";;;;;""
2022;2794;"88";"88372";"Raon-l'Étape";"2022-03-27 11:51:00";1;1;;0;;;0;0;0;0;"Estimées";;;;;;;""
2022;247;"15";"15234";"Teissières-lès-Bouliès";"2022-03-27 12:44:00";2000;2000;;0;;;0;0;0;0;"Estimées";;"Involontaire (travaux)";;;;;""
2022;14310;"2B";"2B007";"Albertacce";"2022-03-27 13:23:00";50;;;;;;;;;;;;;;;;;""
2022;14268;"13";"13040";"Fuveau";"2022-03-27 13:26:00";10;10;;;;;;;;;;"1";"Involontaire (particulier)";;;;;""
2022;14003;"05";"05072";"Laye";"2022-03-27 13:28:00";35;28;;;;;;;;7;;"5";"Malveillance";;;;;""
2022;10168;"17";"17110";"Clérac";"2022-03-27 13:55:00";250000;250000;;;;;;;;;"Mesurées";;;"Non";0;0;0;""
2022;14002;"05";"05045";"Crots";"2022-03-27 14:25:00";8730;7500;130;;;;;;;1100;;"4";"Involontaire (particulier)";;;;;""
2022;19362;"84";"84082";"Mormoiron";"2022-03-27 14:49:00";320;320;;;;;;;;;;;;;;;;""
2022;14508;"83";"83124";"Seillans";"2022-03-27 15:00:00";1771700;1659500;112200;;;;;;;;;"1";"Accidentelle";;;;;""
2022;14275;"66";"66080";"Fontpédrouse";"2022-03-27 15:11:00";648280;153980;;;;;;;;494300;;"6";;;;;;""
2022;14312;"2B";"2B190";"Olmi-Cappella";"2022-03-27 15:21:00";3000;;;;;;;;;;;;;;;;;""
2022;3486;"36";"36082";"Gehée";"2022-03-27 15:31:00";1000;1000;;0;;;0;0;0;0;;;;;;;;""
2022;126;"81";"81089";"Faussergues";"2022-03-27 15:32:00";55000;0;;55000;;;55000;0;0;0;"Estimées";;;;;;;""
2022;15664;"48";"48120";;"2022-03-27 15:42:00";300;;300;;;;;;;;;"1";;;;;;""
2022;248;"15";"15187";"Saint-Flour";"2022-03-27 15:43:00";6000;0;;6000;;;6000;0;0;0;"Estimées";;"Involontaire (particulier)";;;;;""
2022;262;"77";"77485";"Le Vaudoué";"2022-03-27 15:56:00";1500;1500;;0;;;0;0;0;0;"Estimées";;;;;;;""
2022;14313;"2B";"2B195";"Ortiporio";"2022-03-27 16:06:00";300;;;;;;;;;;;;;;;;;""
2022;272;"74";"74236";"Saint-Gervais-les-Bains";"2022-03-27 16:40:00";2000;2000;;0;;;0;0;0;0;"Estimées";;"Malveillance";;;;;""
2022;10169;"17";"17110";"Clérac";"2022-03-27 16:43:00";50300;50300;;;0;0;;;;;"Mesurées";;;"Non";0;0;0;""
2022;11538;"33";"33449";"Saint-Médard-en-Jalles";"2022-03-27 17:03:00";10000;10000;;0;;;0;;;0;"Estimées";;;"Non";;;;""
2022;15663;"48";"48175";"Saint-Pierre-de-Nogaret";"2022-03-27 17:05:00";15000;15000;;;;;;;;;;"4";"Involontaire (travaux)";;;;;""
2022;20320;"26";"26373";"Vesc";"2022-03-27 18:14:00";113600;113600;;;;;;;;;;"3";;;;;;""
2022;14314;"2B";"2B290";"Speloncato";"2022-03-27 18:43:00";500;;;;;;;;;;;;;;;;;""
2022;14010;"2A";"2A324";"Tavera";"2022-03-27 19:17:00";35000;10000;20000;;;;;;;5000;;"5";"Malveillance";;;;;""
2022;15984;"11";"11204";"Lignairolles";"2022-03-27 19:38:00";3500;;;;;;;;;;;;"Involontaire (particulier)";;;;;""
2022;10170;"17";"17358";"Saint-Mandé-sur-Brédoire";"2022-03-27 20:39:00";20000;20000;;;0;0;;;;;"Mesurées";;;"Non";0;0;0;""
2022;250;"15";"15215";"Saint-Simon";"2022-03-27 20:43:00";2000;0;;2000;;;2000;0;0;0;"Estimées";;"Involontaire (travaux)";;;;;""
2022;249;"15";"15137";"Moussages";"2022-03-27 20:45:00";10000;0;;10000;;;10000;0;0;0;"Estimées";;"Involontaire (travaux)";;;;;""
2022;797;"29";"29091";"Kerlouan";"2022-03-27 20:49:00";260;0;;260;;;260;0;0;0;"Estimées";;;;;;;""
2022;5642;"56";"56081";"Guiscriff";"2022-03-27 22:48:00";15000;0;;15000;;;15000;0;0;0;"Estimées";;;;;;;""
2022;21622;"2A";"2A271";"Sarrola-Carcopino";"2022-03-27 23:35:00";200;;200;;;;;;;;;;;;;;;""
2022;140;"41";"41042";"Châteauvieux";"2022-03-28 00:13:00";2;0;;2;;;2;0;0;0;"Estimées";;;;;;;""
2022;14270;"13";"13071";"Les Pennes-Mirabeau";"2022-03-28 00:44:00";500;500;;;;;;;;;;"1";"Malveillance";;;;;""
2022;19364;"84";"84082";"Mormoiron";"2022-03-28 09:19:00";5;5;;;;;;;;;;;"Involontaire (travaux)";;;;;""
2022;14509;"83";"83133";"Tanneron";"2022-03-28 10:13:00";2000;2000;;;;;;;;;;"6";"Involontaire (travaux)";;;;;""
2022;15985;"11";"11131";"Val-du-Faby";"2022-03-28 11:24:00";100;;;;;;;;;;;;"Involontaire (travaux)";;;;;""
2022;3368;"60";"60454";"La Neuville-en-Hez";"2022-03-28 12:33:00";1000;1000;;0;;;0;0;0;0;"Estimées";;;;;;;""
2022;7962;"12";"12225";"Saint-Georges-de-Luzençon";"2022-03-28 13:21:00";62000;59600;;0;;;0;2400;0;2400;"Mesurées";;"Accidentelle";;;;;""
2022;14698;"2A";"2A359";"Zicavo";"2022-03-28 13:37:00";1975200;31300;1607700;;;;;;;336200;;"1";"Involontaire (travaux)";;;;;""
2022;14510;"83";"83051";"Entrecasteaux";"2022-03-28 14:05:00";30100;30100;;;;;;;;;;"4";"Involontaire (particulier)";;;;;""
2022;145;"46";"46186";"Masclat";"2022-03-28 14:11:00";15000;0;;15000;;;15000;0;0;0;"Estimées";;;;;;;""
2022;798;"29";"29195";"Plouguerneau";"2022-03-28 14:34:00";100;0;;100;;;100;0;0;0;"Estimées";;;;;;;""
2022;15987;"11";"11096";"Comus";"2022-03-28 14:45:00";27891;;;;;;;;;;;;;;;;;""
2022;15986;"11";"11028";"Belcaire";"2022-03-28 14:45:00";30000;;;;;;;;;;;;"Involontaire (travaux)";;;;;""
2022;4608;"39";"39070";"Bourg-de-Sirod";"2022-03-28 15:06:00";20000;20000;;0;;;0;0;0;0;"Estimées";;;;;;;""
2022;251;"15";"15119";"Massiac";"2022-03-28 15:27:00";25000;0;;25000;;;25000;0;0;0;"Estimées";;"Involontaire (particulier)";;;;;""
2022;10221;"47";"47100";"Foulayronnes";"2022-03-28 15:32:10";150;150;;;0;0;;;;;"Estimées";;;"Non";0;0;0;""
2022;14320;"2B";"2B182";"Occhiatana";"2022-03-28 15:36:00";2500;;;;;;;;;;;;;;;;;""
2022;8041;"38";"38245";"Montagne";"2022-03-28 16:01:00";10000;10000;;0;;;0;0;0;0;"Estimées";;;;;;;""
2022;10824;"40";"40310";"Soustons";"2022-03-28 16:06:00";1500;1500;;0;;;0;;;0;"Estimées";;;"Non";;;;""
2022;14511;"83";"83075";"Les Mayons";"2022-03-28 16:15:00";25000;25000;;;;;;;;;;"3";"Involontaire (particulier)";;;;;""
2022;21623;"2A";"2A119";"Frasseto";"2022-03-28 16:24:00";300;;300;;;;;;;;;;;;;;;""
2022;14269;"13";"13100";"Saint-Rémy-de-Provence";"2022-03-28 16:32:00";200;200;;;;;;;;;;"1";;;;;;""
2022;14321;"2B";"2B182";"Occhiatana";"2022-03-28 16:36:00";2000;;;;;;;;;;;;;;;;;""
2022;14191;"04";"04126";"Montclar";"2022-03-28 16:49:00";100;100;;;;;;;;;;;"Involontaire (particulier)";;;;;""
2022;14271;"13";"13113";"Venelles";"2022-03-28 16:51:00";200;200;;;;;;;;;;"1";;;;;;""
2022;273;"74";"74043";"Bons-en-Chablais";"2022-03-28 17:21:00";7000;7000;;0;;;0;0;0;0;"Estimées";;;;;;;""
2022;14272;"13";"13044";"Grans";"2022-03-28 17:37:00";50;50;;;;;;;;;;"1";"Involontaire (particulier)";;;;;""
2022;15988;"11";"11037";"Berriac";"2022-03-28 18:19:00";3000;;;;;;;;;;;;"Accidentelle";;;;;""
2022;14322;"2B";"2B043";"Brando";"2022-03-28 18:28:00";4000;;4000;;;;;;;;;"1";"Malveillance";;;;;""
2022;621;"35";"35236";"Redon";"2022-03-28 19:23:00";2000;0;;2000;;;2000;0;0;0;"Estimées";;;;;;;""
2022;10389;"47";"47214";"Puch-d'Agenais";"2022-03-28 20:16:59";5000;5000;;;0;0;;;;;"Estimées";;"Accidentelle";"Oui";0;1;0;""
2022;10593;"24";"24571";"Vergt";"2022-03-28 20:42:00";1000;1000;;0;;;0;;;;"Estimées";;;"Non";;;;""
2022;15665;"48";"48075";"Ispagnac";"2022-03-28 20:49:00";75000;;75000;;;;;;;;;"1";;;;;;""
2022;253;"15";"15085";"Labrousse";"2022-03-28 22:44:00";5000;5000;;0;;;0;0;0;0;"Estimées";;"Involontaire (particulier)";;;;;""
2022;254;"15";"15251";"Védrines-Saint-Loup";"2022-03-29 01:47:00";20000;20000;;0;;;0;0;0;0;"Estimées";;"Involontaire (travaux)";;;;;""
2022;21624;"2A";"2A258";"Renno";"2022-03-29 13:25:00";300;;300;;;;;;;;;;;;;;;""
2022;14323;"2B";"2B356";"Zalana";"2022-03-29 13:35:00";12000;7000;5000;;;;;;;;;"1";"Malveillance";;;;;""
2022;10813;"40";"40310";"Soustons";"2022-03-29 15:42:00";9000;9000;;0;;;0;;;0;"Estimées";;;"Non";;;;""
2022;8060;"38";"38232";"Meyssiez";"2022-03-29 16:26:00";15000;0;;15000;;;15000;0;0;0;"Estimées";;;;;;;""
2022;14128;"06";"06054";"Drap";"2022-03-29 17:00:00";500;;;;;;;;;;;"1";"Involontaire (particulier)";;;;;""
2022;1907;"67";"67384";"Ranrupt";"2022-03-29 17:29:00";60;60;;0;;;0;0;0;0;"Estimées";;;;;;;""
2022;562;"63";"63077";"Chambon-sur-Lac";"2022-03-29 18:36:00";10000;10000;;0;;;0;0;0;0;"Estimées";;;;;;;""
2022;6710;"72";"72075";"Chemiré-le-Gaudin";"2022-03-29 18:58:00";200;0;;200;;;200;0;0;0;"Estimées";;"Accidentelle";;;;;""
2022;14127;"06";"06132";"Saorge";"2022-03-29 20:13:00";5500;5500;;;;;;;;;;"3";"Involontaire (particulier)";;;;;""
2022;14192;"04";"04206";"Sigonce";"2022-03-29 20:23:00";1900;1800;;;;;;;;100;;"5";"Involontaire (particulier)";;;;;""
2022;21729;"30";"30088";"Combas";"2022-03-29 20:49:00";1725;;;;;;;;;;;"6";;;;;;""
2022;14324;"2B";"2B199";"Palasca";"2022-03-30 10:06:00";10000;;;;;;;;;;;;;;;;;""
2022;10826;"40";"40217";"Parentis-en-Born";"2022-03-30 14:27:00";2000;2000;;0;;;0;;;0;"Estimées";;;"Non";;;;""
2022;14273;"13";"13050";"Lambesc";"2022-03-30 20:38:00";20;20;;;;;;;;;;"1";;;;;;""
2022;14276;"13";"13001";"Aix-en-Provence";"2022-03-31 16:38:00";500;500;;;;;;;;;;"1";"Involontaire (particulier)";;;;;""
2022;799;"29";"29189";"Plougastel-Daoulas";"2022-03-31 21:14:00";3000;0;;3000;;;3000;0;0;0;"Estimées";;;;;;;""
2022;14295;"13";"13003";"Alleins";"2022-04-01 12:30:00";10;10;;;;;;;;;;"1";"Involontaire (particulier)";;;;;""
2022;14298;"13";"13072";"Peynier";"2022-04-01 12:33:00";50;50;;;;;;;;;;"1";;;;;;""
2022;800;"29";"29174";"Plonéour-Lanvern";"2022-04-01 13:00:00";800;0;;800;;;800;0;0;0;"Estimées";;"Accidentelle";;;;;""
2022;14297;"13";"13110";"Trets";"2022-04-01 19:23:00";50;50;;;;;;;;;;"1";;;;;;""
2022;21626;"2A";"2A212";"Piana";"2022-04-01 20:26:00";50;;50;;;;;;;;;;"Involontaire (travaux)";;;;;""
2022;14294;"13";"13044";"Grans";"2022-04-01 20:38:00";400;400;;;;;;;;;;"1";"Involontaire (particulier)";;;;;""
2022;15989;"11";"11203";"Lézignan-Corbières";"2022-04-02 17:18:00";10;;;;;;;;;;;;"Accidentelle";;;;;""
2022;5662;"56";"56012";"Beignon";"2022-04-02 21:44:00";2500;0;;2500;;;2500;0;0;0;"Mesurées";;"Accidentelle";;;;;""
2022;14299;"13";"13062";"Mimet";"2022-04-02 22:29:00";20;20;;;;;;;;;;"1";;;;;;""
2022;19434;"84";"84140";"Vaugines";"2022-04-02 23:35:00";15;15;;;;;;;;;;;;;;;;""
2022;14300;"13";"13001";"Aix-en-Provence";"2022-04-03 00:01:00";3000;3000;;;;;;;;;;"1";"Accidentelle";;;;;""
2022;11458;"33";"33473";"Saint-Savin";"2022-04-03 07:52:00";30;30;;0;;;0;;;0;"Estimées";;"Accidentelle";"Non";;;;""
2022;282;"41";"41032";"Chailles";"2022-04-03 13:28:00";30;0;;30;;;30;0;0;0;"Estimées";;"Involontaire (particulier)";;;;;""
2022;14301;"13";"13082";"Rognes";"2022-04-03 13:41:00";10;10;;;;;;;;;;"1";;;;;;""
2022;5652;"56";"56063";"Gestel";"2022-04-03 17:16:00";1;0;;1;;;1;0;0;0;"Mesurées";;;;;;;""
2022;11406;"33";"33436";"Saint-Magne";"2022-04-03 17:58:00";400;400;;0;;;0;;;0;"Estimées";;"Involontaire (travaux)";"Non";;;;""
2022;14302;"13";"13001";"Aix-en-Provence";"2022-04-03 19:19:00";600;600;;;;;;;;;;"1";"Involontaire (particulier)";;;;;""
2022;14168;"30";"30114";"Fontanès";"2022-04-04 13:25:00";2799;;;;;;;;;;;"5";"Accidentelle";;;;;""
2022;14166;"07";"07215";"Saint-Barthélemy-le-Meil";"2022-04-04 14:29:00";15000;;15000;;;;;;;;;"1";"Involontaire (travaux)";;;;;""
2022;10171;"17";"17152";"Épargnes";"2022-04-04 15:21:00";4000;4000;;;0;0;;;;;"Mesurées";;;"Non";0;0;0;""
2022;15991;"11";"11426";"Villegly";"2022-04-04 16:18:00";2500;;;;;;;;;;;;"Involontaire (travaux)";;;;;""
2022;8068;"38";"38191";"Huez";"2022-04-04 16:35:00";1200;0;;1200;;;1200;0;0;0;"Estimées";;;;;;;""
2022;501;"82";"82177";"Sauveterre";"2022-04-04 16:52:00";10000;0;;10000;;;10000;0;0;0;"Estimées";;;;;;;"Données partielles ou non valides"
2022;502;"82";"82184";"Vaïssac";"2022-04-04 16:52:00";5000;0;;5000;;;5000;0;0;0;"Estimées";;;;;;;"Données partielles ou non valides"
2022;14303;"13";"13042";"Gémenos";"2022-04-04 16:56:00";150;150;;;;;;;;;;"1";"Involontaire (particulier)";;;;;""
2022;14121;"66";"66044";"Castelnou";"2022-04-04 17:09:00";600;600;;;;;;;;;;"3";"Involontaire (particulier)";;;;;""
2022;10390;"47";"47019";"Bajamont";"2022-04-04 17:18:08";1000;1000;;;0;0;;;;;"Estimées";;"Involontaire (particulier)";"Non";0;0;0;""
2022;285;"41";"41285";"Villeny";"2022-04-04 17:48:00";30;0;;30;;;30;0;0;0;"Estimées";;"Involontaire (travaux)";;;;;""
2022;11461;"33";"33229";"Lanton";"2022-04-04 18:40:00";300;300;;0;;;0;;;0;"Estimées";;;"Non";;;;""
2022;14265;"13";"13051";"Lançon-Provence";"2022-04-05 05:45:00";10;10;;;;;;;;;;"1";;;;;;""
2022;14169;"30";"30133";"Le Grau-du-Roi";"2022-04-05 11:41:00";179;179;;;;;;;;;;"2";;;;;;""
2022;14264;"13";"13056";"Martigues";"2022-04-05 14:20:00";30;30;;;;;;;;;;"1";"Involontaire (particulier)";;;;;""
2022;15992;"11";"11267";"Ornaisons";"2022-04-05 15:11:00";4000;;;;;;;;;;;;;;;;;""
2022;14304;"13";"13044";"Grans";"2022-04-05 16:38:00";100;100;;;;;;;;;;"1";"Involontaire (particulier)";;;;;""
2022;14184;"30";"30179";"Montfrin";"2022-04-05 16:45:00";4350;4350;;;;;;;;;;"3";"Involontaire (travaux)";;;;;""
2022;12208;"87";"87014";"Bessines-sur-Gartempe";"2022-04-05 19:31:19";20;20;;;0;0;;;;;"Mesurées";;"Involontaire (particulier)";"Non";;;;""
2022;17320;"11";"11223";"Mas-des-Cours";"2022-04-05 19:42:00";150;;;;;;;;;;;;;;;;;""
2022;14260;"13";"13005";"Aubagne";"2022-04-06 12:37:00";10;10;;;;;;;;;;"1";"Involontaire (particulier)";;;;;""
2022;14185;"06";"06098";"Puget-Rostang";"2022-04-06 13:43:00";6000;;;;;;;;;;;"1";;;;;;""
2022;14261;"13";"13046";"Gréasque";"2022-04-06 15:33:00";20;20;;;;;;;;;;"1";;;;;;""
2022;14262;"13";"13074";"Peyrolles-en-Provence";"2022-04-06 16:37:00";10;10;;;;;;;;;;"1";;;;;;""
2022;2031;"67";"67237";"Kilstett";"2022-04-06 16:53:00";1;0;;1;;;1;0;0;0;"Estimées";;;;;;;""
2022;15993;"11";"11081";"Caunes-Minervois";"2022-04-06 20:44:00";200;;;;;;;;;;;;"Involontaire (travaux)";;;;;""
2022;15994;"11";"11262";"Narbonne";"2022-04-07 19:00:00";10000;;;;;;;;;;;;"Involontaire (travaux)";;;;;""
2022;14332;"2B";"2B199";"Palasca";"2022-04-07 19:55:00";200;;;;;;;;;;;;;;;;;""
2022;19461;"84";"84118";"Saint-Saturnin-lès-Apt";"2022-04-07 22:36:00";10;10;;;;;;;;;;;;;;;;""
2022;15003;"2B";"2B290";"Speloncato";"2022-04-08 10:43:00";1200000;;1200000;;;;;;;;;"1";"Malveillance";;;;;""
2022;14244;"04";"04170";"La Rochette";"2022-04-08 13:03:00";867100;867010;;;;;;;;90;;"5";"Malveillance";;;;;""
2022;20459;"06";"06050";"Coursegoules";"2022-04-08 18:37:00";5000;;;;;;;;;;;;;;;;;""
2022;14259;"13";"13110";"Trets";"2022-04-08 18:56:00";10;10;;;;;;;;;;"1";;;;;;""
2022;15995;"11";"11240";"Montazels";"2022-04-08 20:46:00";50;;;;;;;;;;;;"Accidentelle";;;;;""
2022;14543;"83";"83056";"Figanières";"2022-04-09 15:10:00";10000;10000;;;;;;;;;;"5";"Accidentelle";;;;;""
2022;14544;"83";"83044";"Comps-sur-Artuby";"2022-04-09 16:15:00";273000;102400;170600;;;;;;;;;"4";"Involontaire (particulier)";;;;;""
2022;21627;"2A";"2A048";"Calcatoggio";"2022-04-09 17:06:00";40;;40;;;;;;;;;;"Involontaire (travaux)";;;;;""
2022;14710;"2A";"2A092";"Conca";"2022-04-09 18:43:00";3000;;3000;;;;;;;;;"1";"Malveillance";;;;;""
2022;15009;"2B";"2B182";"Occhiatana";"2022-04-09 19:08:00";2000;;;;;;;;;;;;;;;;;""
2022;10199;"17";"17309";"Saint-Aigulin";"2022-04-10 13:53:00";1500;1500;;;0;0;;;;;"Mesurées";;"Accidentelle";"Non";0;0;0;""
2022;14572;"07";"07130";"Lanarce";"2022-04-10 14:32:00";10000;;10000;;;;;;;;;"1";;;;;;""
2022;14258;"13";"13038";"Fontvieille";"2022-04-10 15:21:00";250;250;;;;;;;;;;"1";;;;;;""
2022;193;"46";"46235";"Reilhac";"2022-04-10 15:48:00";10000;0;;10000;;;10000;0;0;0;"Estimées";;;;;;;""
2022;14257;"13";"13040";"Fuveau";"2022-04-10 15:51:00";1100;1100;;;;;;;;;;"1";"Malveillance";;;;;""
2022;14550;"83";"83095";"Pontevès";"2022-04-10 16:38:00";600;600;;;;;;;;;;"3";"Involontaire (particulier)";;;;;""
2022;14573;"07";"07147";"Malarce-sur-la-Thines";"2022-04-10 17:15:00";40000;;40000;;;;;;;;;"1";"Involontaire (particulier)";;;;;""
2022;14202;"06";"06046";"Colomars";"2022-04-10 20:10:00";400;;;;;;;;;;;"1";"Involontaire (particulier)";;;;;""
2022;15012;"2B";"2B235";"Pioggiola";"2022-04-11 10:06:00";10;;;;;;;;;;;;;;;;;""
2022;10825;"40";"40259";"Saint-Gein";"2022-04-11 10:35:00";1390;1390;;0;;;0;;;0;"Estimées";;;"Non";;;;""
2022;15014;"2B";"2B246";"La Porta";"2022-04-11 11:28:00";9500;9500;;;;;;;;;;"3";;;;;;""
2022;14340;"66";"66156";"Rabouillet";"2022-04-11 12:41:00";30600;30600;;;;;;;;;;"4";"Involontaire (travaux)";;;;;""
2022;10827;"40";"40250";"Saint-Avit";"2022-04-11 12:49:00";10;10;;0;;;0;;;0;"Estimées";;;"Non";;;;""
2022;14554;"83";"83140";"Tourves";"2022-04-11 14:43:00";1000;1000;;;;;;;;;;"5";"Involontaire (particulier)";;;;;""
2022;5786;"27";"27056";"Bernay";"2022-04-11 15:37:00";10000;0;;10000;;;10000;0;0;0;"Estimées";;;;;;;"Données partielles ou non valides"
2022;10601;"24";"24261";"Mauzens-et-Miremont";"2022-04-11 16:41:00";4000;4000;;0;;;0;;;;"Estimées";;;"Non";;;;""
2022;10600;"24";"24487";"Saint-Pierre-d'Eyraud";"2022-04-11 16:48:00";30000;30000;;0;;;0;;;;"Estimées";;;"Non";;;;""
2022;503;"82";"82146";"Puygaillard-de-Lomagne";"2022-04-11 18:04:00";4000;0;;4000;;;4000;0;0;0;"Estimées";;;;;;;"Données partielles ou non valides"
2022;10814;"40";"40105";"Garein";"2022-04-11 18:32:00";300;300;;0;;;0;;;0;"Estimées";;;"Non";;;;""
2022;622;"35";"35057";"La Chapelle-Bouëxic";"2022-04-11 21:34:00";200;0;;200;;;200;0;0;0;"Estimées";;;;;;;""
2022;14555;"83";"83047";"La Crau";"2022-04-12 11:48:00";50;50;;;;;;;;;;"3";"Involontaire (travaux)";;;;;""
2022;15016;"2B";"2B046";"Cagnano";"2022-04-12 12:00:00";339800;300000;39800;;;;;;;;;"1";"Malveillance";;;;;""
2022;15183;"13";"13059";"Meyrargues";"2022-04-12 12:12:00";500;500;;;;;;;;;;"1";;;;;;""
2022;15182;"13";"13063";"Miramas";"2022-04-12 15:26:00";300;300;;;;;;;;;;"1";;;;;;""
2022;14575;"07";"07286";"Saint-Pierreville";"2022-04-12 15:31:00";2000;2000;;;;;;;;;;"3";"Involontaire (travaux)";;;;;""
2022;258;"15";"15196";"Saint-Mamet-la-Salvetat";"2022-04-12 15:43:00";120;0;;120;;;120;0;0;0;"Mesurées";;"Involontaire (particulier)";;;;;""
2022;14245;"04";"04187";"Saint-Lions";"2022-04-12 15:50:00";150;150;;;;;;;;;;;"Involontaire (particulier)";;;;;""
2022;19582;"84";"84066";"Lioux";"2022-04-12 16:37:00";3400;;;;;;;;;;;;"Involontaire (particulier)";;;;;""
2022;14307;"13";"13055";"Marseille";"2022-04-12 16:43:00";2100;;2100;;;;;;;;;"1";;;;;;""
2022;15184;"13";"13050";"Lambesc";"2022-04-12 19:58:00";40;40;;;;;;;;;;"1";"Involontaire (particulier)";;;;;""
2022;21629;"2A";"2A300";"San-Gavino-di-Carbini";"2022-04-13 11:54:00";1;;1;;;;;;;;;;"Involontaire (particulier)";;;;;""
2022;14705;"2A";"2A031";"Bastelica";"2022-04-13 12:46:00";77000;10000;61000;;;;;;;6000;;"1";"Involontaire (travaux)";;;;;""
2022;316;"15";"15169";"Saignes";"2022-04-13 15:20:00";6;0;;6;;;6;0;0;0;"Mesurées";;"Involontaire (particulier)";;;;;""
2022;15186;"13";"13117";"Vitrolles";"2022-04-13 15:51:00";200;200;;;;;;;;;;"1";;;;;;""
2022;15185;"13";"13056";"Martigues";"2022-04-13 17:48:00";20;20;;;;;;;;;;"1";;;;;;""
2022;19589;"84";"84111";"Saint-Marcellin-lès-Vaison";"2022-04-13 19:45:00";40;;;;;;;;;;;;;;;;;""
2022;15020;"2B";"2B208";"Perelli";"2022-04-14 10:00:00";21500;1500;20000;;;;;;;;;"1";"Malveillance";;;;;""
2022;15212;"13";"13001";"Aix-en-Provence";"2022-04-14 11:24:00";300;300;;;;;;;;;;;;;;;;""
2022;15209;"13";"13112";"Velaux";"2022-04-14 12:41:00";1500;1500;;;;;;;;;;"1";"Involontaire (particulier)";;;;;""
2022;14583;"83";"83058";"Flayosc";"2022-04-14 13:14:00";500;500;;;;;;;;;;"4";"Involontaire (particulier)";;;;;""
2022;10906;"40";"40250";"Saint-Avit";"2022-04-14 13:18:00";2500;2500;;0;;;0;;;0;"Estimées";;;"Non";;;;""
2022;365;"08";"08302";"Monthermé";"2022-04-14 13:20:00";500;0;;500;;;500;0;0;0;"Estimées";;;;;;;""
2022;15211;"13";"13086";"Roquevaire";"2022-04-14 13:53:00";200;200;;;;;;;;;;"1";"Involontaire (particulier)";;;;;""
2022;14415;"30";"30325";"Sumène";"2022-04-14 14:40:00";190184;40000;50184;;;;;;;100000;;"1";"Accidentelle";;;;;""
2022;21730;"30";"30325";"Sumène";"2022-04-14 14:40:00";9171;;;;;;;;;;;"2";"Accidentelle";;;;;""
2022;14413;"06";"06122";"Saint-Jeannet";"2022-04-14 14:55:00";2000;;;;;;;;;;;"1";;;;;;""
2022;14416;"30";"30239";"Sainte-Cécile-d'Andorge";"2022-04-14 15:10:00";2509;2509;;;;;;;;;;"3";;;;;;""
2022;2035;"67";"67482";"Strasbourg";"2022-04-14 15:39:00";5;0;;5;;;5;0;0;0;"Estimées";;;;;;;""
2022;15021;"2B";"2B046";"Cagnano";"2022-04-14 16:05:00";100;;;;;;;;;;;;;;;;;""
2022;264;"46";"46295";"Saint-Vincent-du-Pendit";"2022-04-14 16:39:00";10000;0;;10000;;;10000;0;0;0;"Estimées";;;;;;;""
2022;317;"15";"15149";"Paulhenc";"2022-04-14 16:43:00";15000;15000;;0;;;0;0;0;0;"Estimées";;;;;;;""
2022;801;"29";"29146";"Melgven";"2022-04-14 17:50:00";30;0;;30;;;30;0;0;0;"Estimées";;"Accidentelle";;;;;""
2022;21631;"2A";"2A091";"Cognocoli-Monticchi";"2022-04-15 08:06:00";70;;;;;;;;;;;;"Accidentelle";;;;;""
2022;15996;"11";"11379";"Sigean";"2022-04-15 11:26:00";30;;;;;;;;;;;;"Involontaire (particulier)";;;;;""
2022;14667;"04";"04242";"Villeneuve";"2022-04-15 15:43:00";6700;6700;;;;;;;;;;"5";"Involontaire (travaux)";;;;;""
2022;15219;"13";"13117";"Vitrolles";"2022-04-15 17:21:00";100;100;;;;;;;;;;"1";;;;;;""
2022;9260;"38";"38284";"Ornacieux-Balbins";"2022-04-15 19:45:00";400;0;;400;;;400;0;0;0;"Estimées";;;;;;;""
2022;15221;"13";"13106";"Septèmes-les-Vallons";"2022-04-15 23:20:00";800;800;;;;;;;;;;"1";"Involontaire (particulier)";;;;;""
2022;11470;"33";"33146";"Cussac-Fort-Médoc";"2022-04-16 06:14:00";500;500;;0;;;0;;;0;"Estimées";;"Accidentelle";"Non";;;;""
2022;10901;"40";"40169";"Maillas";"2022-04-16 08:19:00";23710;23710;;0;;;0;;;0;"Estimées";;;"Non";;;;""
2022;14579;"07";"07024";"Banne";"2022-04-16 11:16:00";7000;7000;;;;;;;;;;"4";"Involontaire (particulier)";;;;;""
2022;15027;"2B";"2B172";"Murato";"2022-04-16 11:33:00";18000;18000;;;;;;;;;;"3";"Malveillance";;;;;""
2022;415;"77";"77244";"Larchant";"2022-04-16 11:43:00";10;10;;0;;;0;0;0;0;"Mesurées";;"Involontaire (particulier)";;;;;""
2022;274;"54";"54427";"Pierre-Percée";"2022-04-16 12:09:00";10000;0;;10000;;;10000;0;0;0;"Estimées";;"Malveillance";;;;;""
2022;10959;"40";"40162";"Lucbardez-et-Bargues";"2022-04-16 13:33:00";17800;17800;;0;;;0;;;0;"Estimées";;;"Non";;;;""
2022;10908;"40";"40162";"Lucbardez-et-Bargues";"2022-04-16 13:33:00";1400;1400;;0;;;0;;;0;"Estimées";;;"Non";;;;""
2022;802;"29";"29057";"La Forêt-Fouesnant";"2022-04-16 15:03:00";100;0;;100;;;100;0;0;0;"Estimées";;;;;;;""
2022;15997;"11";"11319";"Roquefère";"2022-04-16 15:07:00";50;;;;;;;;;;;;"Involontaire (travaux)";;;;;""
2022;19826;"84";"84135";"Uchaux";"2022-04-16 15:09:00";100;100;;;;;;;;;;"4";;;;;;""
2022;21633;"2A";"2A154";"Marignana";"2022-04-16 15:14:00";30;;30;;;;;;;;;;;;;;;""
2022;16731;"07";"07147";"Malarce-sur-la-Thines";"2022-04-16 15:38:00";7000;7000;;;;;;;;;;"4";;;;;;""
2022;10172;"17";"17079";"Chaillevette";"2022-04-16 16:16:00";200;200;;;0;0;;;;;"Mesurées";;;"Non";0;0;0;""
2022;15028;"2B";"2B184";"Olcani";"2022-04-16 16:30:00";96300;;96300;;;;;;;;;"1";"Malveillance";;;;;""
2022;348;"89";"89337";"Saint-Bris-le-Vineux";"2022-04-16 16:34:00";10000;10000;;0;;;0;0;0;0;"Estimées";;;;;;;""
2022;15998;"11";"11262";"Narbonne";"2022-04-16 16:54:00";700;;;;;;;;;;;;"Malveillance";;;;;""
2022;266;"71";"71350";"Pierreclos";"2022-04-16 17:06:00";100;0;;100;;;100;0;0;0;"Estimées";;;;;;;""
2022;10394;"47";"47043";"Buzet-sur-Baïse";"2022-04-16 17:51:44";10;10;;;0;0;;;;;"Estimées";;"Involontaire (particulier)";"Non";0;0;0;""
2022;14665;"06";"06029";"Cannes";"2022-04-16 19:35:00";60;;;;;;;;;;;;;;;;;""
2022;15030;"2B";"2B304";"San-Lorenzo";"2022-04-16 22:02:00";400;;;;;;;;;;;;;;;;;""
2022;11342;"40";"40296";"Seignosse";"2022-04-17 01:26:00";10;10;;0;;;0;;;0;"Estimées";;;"Non";;;;""
2022;10892;"40";"40296";"Seignosse";"2022-04-17 01:26:00";30;30;;0;;;0;;;0;"Estimées";;;"Non";;;;""
2022;15224;"13";"13040";"Fuveau";"2022-04-17 10:37:00";10;10;;;;;;;;;;"1";;;;;;""
2022;15225;"13";"13001";"Aix-en-Provence";"2022-04-17 11:46:00";10;10;;;;;;;;;;"1";;;;;;""
2022;14439;"30";"30278";"Saint-Laurent-des-Arbres";"2022-04-17 12:25:00";350;350;;;;;;;;;;"5";"Accidentelle";;;;;""
2022;15999;"11";"11393";"Tourouzelle";"2022-04-17 12:29:00";100;;;;;;;;;;;;"Involontaire (particulier)";;;;;""
2022;15222;"13";"13077";"Port-de-Bouc";"2022-04-17 13:15:00";10;10;;;;;;;;;;"1";;;;;;""
2022;2805;"88";"88468";"Le Thillot";"2022-04-17 14:16:00";1000;1000;;0;;;0;0;0;0;"Estimées";;;;;;;""
2022;14592;"83";"83145";"Varages";"2022-04-17 14:52:00";20000;20000;;;;;;;;;;"3";"Involontaire (particulier)";;;;;""
2022;16000;"11";"11273";"Paraza";"2022-04-17 15:08:00";5000;;;;;;;;;;;;"Involontaire (particulier)";;;;;""
2022;10713;"24";"24418";"Saint-Germain-du-Salembre";"2022-04-17 15:36:00";173000;173000;;0;;;0;;;;"Mesurées";;;"Non";;;;""
2022;16732;"07";"07153";"Mayres";"2022-04-17 15:59:00";7000;7000;;;;;;;;;;"3";;;;;;""
2022;321;"15";"15119";"Massiac";"2022-04-17 16:12:00";60;0;;60;;;60;0;0;0;"Mesurées";;"Involontaire (particulier)";;;;;""
2022;10720;"24";"24269";"Mialet";"2022-04-17 16:54:00";10000;10000;;0;;;0;;;;"Estimées";;;"Non";;;;""
2022;15223;"13";"13041";"Gardanne";"2022-04-17 16:57:00";100;100;;;;;;;;;;"1";;;;;;""
2022;8181;"38";"38412";"Saint-Laurent-du-Pont";"2022-04-17 17:31:00";400;400;;0;;;0;0;0;0;"Estimées";;"Involontaire (particulier)";;;;;""
2022;21634;"2A";"2A031";"Bastelica";"2022-04-17 17:41:00";500;;;;;;;;;;;;"Involontaire (travaux)";;;;;""
2022;14594;"83";"83086";"Le Muy";"2022-04-17 17:52:00";600;600;;;;;;;;;;"5";"Involontaire (travaux)";;;;;""
2022;15037;"2B";"2B007";"Albertacce";"2022-04-17 18:01:00";10000;;;;;;;;;;;;;;;;;""
2022;267;"81";"81099";"Gaillac";"2022-04-17 18:10:00";3000;0;;3000;;;3000;0;0;0;"Estimées";;;;;;;""
2022;10897;"40";"40162";"Lucbardez-et-Bargues";"2022-04-17 19:18:00";93000;93000;;0;;;0;;;0;"Estimées";;;"Non";;;;""
2022;10173;"17";"17250";"Mosnac";"2022-04-17 20:39:00";10000;10000;;;0;0;;;;;"Mesurées";;;"Non";0;0;0;""
2022;14621;"83";"83092";"Pignans";"2022-04-18 00:39:00";400;400;;;;;;;;;;"3";"Involontaire (particulier)";;;;;""
2022;350;"89";"89414";"Thorigny-sur-Oreuse";"2022-04-18 08:54:00";2;2;;0;;;0;0;0;0;"Estimées";;;;;;;""
2022;15040;"2B";"2B172";"Murato";"2022-04-18 10:45:00";150;;;;;;;;;;;;;;;;;""
2022;14672;"04";"04018";"Banon";"2022-04-18 12:01:00";59700;59700;;;;;;;;;;"2";"Involontaire (particulier)";;;;;""
2022;15041;"2B";"2B080";"Castifao";"2022-04-18 12:23:00";10000;;;;;;;;;;;;;;;;;""
2022;15042;"2B";"2B058";"Canari";"2022-04-18 13:21:00";239000;175000;64000;;;;;;;;;"3";"Malveillance";;;;;""
2022;15043;"2B";"2B301";"San-Gavino-di-Tenda";"2022-04-18 14:10:00";116000;26000;90000;;;;;;;;;"1";"Malveillance";;;;;""
2022;14567;"30";"30077";"Cendras";"2022-04-18 16:22:00";200;;;;;;;;;;;;;;;;;""
2022;15045;"2B";"2B315";"Santo-Pietro-di-Venaco";"2022-04-18 18:43:00";5000;;;;;;;;;;;;;;;;;""
2022;803;"29";"29007";"Berrien";"2022-04-18 19:29:00";400;0;;400;;;400;0;0;0;"Estimées";;;;;;;""
2022;15735;"26";"26231";"Peyrins";"2022-04-19 00:31:00";9400;9400;;;;;;;;;;"2";"Involontaire (travaux)";;;;;""
2022;3491;"36";"36213";"Sauzelles";"2022-04-19 07:53:00";50;50;;0;;;0;0;0;0;;;;;;;;""
2022;275;"01";"01314";"Priay";"2022-04-19 09:14:00";30000;0;;30000;;;30000;0;0;0;"Estimées";;;;;;;""
2022;2808;"88";"88008";"Anglemont";"2022-04-19 11:35:00";100;100;;0;;;0;0;0;0;"Estimées";;;;;;;""
2022;14663;"06";"06083";"Menton";"2022-04-19 11:40:00";900;;;;;;;;;;;;;;;;;""
2022;15046;"2B";"2B318";"Taglio-Isolaccio";"2022-04-19 11:45:00";30000;30000;;;;;;;;;;"3";"Malveillance";;;;;""
2022;370;"08";"08081";"Bogny-sur-Meuse";"2022-04-19 15:04:00";4000;0;;4000;;;4000;0;0;0;"Estimées";;;;;;;""
2022;557;"63";"63047";"La Bourboule";"2022-04-19 17:10:00";2000;2000;;0;;;0;0;0;0;"Estimées";;;;;;;""
2022;15049;"2B";"2B222";"Pie-d'Orezza";"2022-04-19 19:03:00";5000;;;;;;;;;;;;;;;;;""
2022;373;"08";"08408";"Sécheval";"2022-04-19 19:58:00";100;0;;100;;;100;0;0;0;"Estimées";;"Involontaire (particulier)";;;;;""
2022;21635;"2A";"2A062";"Carbuccia";"2022-04-20 10:37:00";1500;;1500;;;;;;;;;;"Involontaire (travaux)";;;;;""
2022;15050;"2B";"2B166";"Monte";"2022-04-20 12:45:00";10000;10000;;;;;;;;;;"3";;;;;;""
2022;15063;"2B";"2B292";"Sant'Andréa-di-Bozio";"2022-04-20 13:42:00";200;;;;;;;;;;;;;;;;;""
2022;15226;"13";"13047";"Istres";"2022-04-20 13:48:00";200;200;;;;;;;;;;"1";;;;;;""
2022;804;"29";"29075";"Guipavas";"2022-04-20 15:22:00";80;0;;80;;;80;0;0;0;"Estimées";;;;;;;""
2022;15053;"2B";"2B281";"Sisco";"2022-04-20 16:39:00";11000;;;;;;;;;;;;;;;;;""
2022;6712;"72";"72042";"Bouloire";"2022-04-20 17:52:00";30;30;;0;;;0;0;0;0;"Estimées";;;;;;;""
2022;14664;"06";"06074";"Lantosque";"2022-04-20 18:32:00";250;;;;;;;;;;;"1";;;;;;""
2022;5787;"27";"27560";"Saint-Luc";"2022-04-20 19:32:00";500;0;;500;;;500;0;0;0;"Estimées";;;;;;;"Données partielles ou non valides"
2022;21636;"2A";"2A272";"Sartène";"2022-04-20 20:23:00";1000;100;900;;;;;;;;;;;;;;;""
2022;288;"41";"41097";"Gièvres";"2022-04-21 14:59:00";100;0;;100;;;100;0;0;0;"Estimées";;;;;;;""
2022;416;"77";"77186";"Fontainebleau";"2022-04-21 15:06:00";5000;5000;;0;;;0;0;0;0;"Mesurées";;;;;;;""
2022;5243;"74";"74153";"Lucinges";"2022-04-21 15:33:00";1000;0;;1000;;;1000;0;0;0;"Estimées";;;;;;;""
2022;353;"89";"89131";"Cruzy-le-Châtel";"2022-04-21 19:26:00";5000;5000;;0;;;0;0;0;0;"Estimées";;;;;;;""
2022;6713;"72";"72138";"Fresnay-sur-Sarthe";"2022-04-22 00:19:00";300;0;;300;;;300;0;0;0;"Estimées";;;;;;;""
2022;379;"08";"08297";"Montcornet";"2022-04-22 10:40:00";2000;0;;2000;;;2000;0;0;0;"Estimées";;"Involontaire (particulier)";;;;;""
2022;19871;"84";"84026";"Cadenet";"2022-04-22 17:40:00";800;800;;;;;;;;;;;"Involontaire (travaux)";;;;;""
2022;10884;"40";"40081";"Cère";"2022-04-22 19:05:00";2000;2000;;0;;;0;;;0;"Estimées";;"Involontaire (particulier)";"Non";;;;""
2022;5665;"56";"56075";"Guer";"2022-04-23 02:36:00";2000;0;;2000;;;2000;0;0;0;"Mesurées";;"Accidentelle";;;;;""
2022;15227;"13";"13040";"Fuveau";"2022-04-23 08:25:00";10;10;;;;;;;;;;"1";;;;;;""
2022;23045;"57";"57477";"Montbronn";"2022-04-23 13:10:00";200;200;;0;;;0;0;0;0;"Estimées";;;"Non";;;;""
2022;805;"29";"29069";"Guilers";"2022-04-23 18:15:00";40;0;;40;;;40;0;0;0;"Estimées";;;;;;;""
2022;357;"89";"89464";"Villeneuve-sur-Yonne";"2022-04-24 18:19:00";20;20;;0;;;0;0;0;0;"Estimées";;;;;;;""
2022;417;"77";"77264";"Lumigny-Nesles-Ormeaux";"2022-04-25 22:00:00";150;0;;150;;;150;0;0;0;"Estimées";;;;;;;""
2022;418;"77";"77186";"Fontainebleau";"2022-04-26 12:11:00";1000;1000;;0;;;0;0;0;0;"Estimées";;;;;;;""
2022;3373;"60";"60471";"Noyon";"2022-04-26 14:59:00";40;0;;40;;;40;0;0;0;"Estimées";;;;;;;""
2022;15228;"13";"13059";"Meyrargues";"2022-04-26 16:06:00";5;5;;;;;;;;;;"1";;;;;;""
2022;807;"29";"29022";"Camaret-sur-Mer";"2022-04-27 11:24:00";100;0;;100;;;100;0;0;0;"Estimées";;;;;;;""
2022;6715;"72";"72047";"Brette-les-Pins";"2022-04-27 14:26:00";120;120;;0;;;0;0;0;0;"Estimées";;;;;;;""
2022;808;"29";"29141";"Loqueffret";"2022-04-27 14:44:00";30;0;;30;;;30;0;0;0;"Estimées";;;;;;;""
2022;293;"37";"37156";"Montlouis-sur-Loire";"2022-04-27 18:11:00";300;0;;300;;;300;0;0;0;"Estimées";;;;;;;""
2022;810;"29";"29241";"Rosporden";"2022-04-27 19:10:00";1000;0;;1000;;;1000;0;0;0;"Estimées";;;;;;;""
2022;811;"29";"29048";"Edern";"2022-04-28 04:25:00";20;0;;20;;;20;0;0;0;"Estimées";;;;;;;""
2022;21637;"2A";"2A362";"Zonza";"2022-04-28 11:36:00";20;;20;;;;;;;;;;"Involontaire (particulier)";;;;;""
2022;14711;"30";"30105";"Dourbies";"2022-04-28 12:01:00";2827;2827;;;;;;;;;;"1";;;;;;""
2022;14741;"66";"66134";"Passa";"2022-04-28 13:58:00";500;;500;;;;;;;;;"1";"Involontaire (travaux)";;;;;""
2022;21638;"2A";"2A254";"Quenza";"2022-04-28 15:23:00";50;;50;;;;;;;;;;;;;;;""
2022;3144;"60";"60118";"Caisnes";"2022-04-28 17:52:00";200;200;;0;;;0;0;0;0;"Estimées";;;;;;;""
2022;15054;"2B";"2B261";"Rogliano";"2022-04-28 18:35:00";300;;;;;;;;;;;;;;;;;""
2022;296;"41";"41043";"Châtillon-sur-Cher";"2022-04-28 18:47:00";400;0;;400;;;400;0;0;0;"Estimées";;;;;;;""
2022;2811;"88";"88460";"Soulosse-sous-Saint-Élophe";"2022-04-29 10:57:00";200;200;;0;;;0;0;0;0;"Estimées";;;;;;;""
2022;14793;"06";"06005";"Ascros";"2022-04-29 15:46:00";500;;500;;;;;;;;;"1";;;;;;""
2022;23334;"50";"50025";"Avranches";"2022-04-29 16:30:00";10000;0;;10000;;;10000;0;0;0;"Estimées";;;"Non";;;;""
2022;14794;"06";"06116";"Saint-Auban";"2022-04-30 10:41:00";1000;200;800;;;;;;;;;"1";;;;;;""
2022;313;"41";"41206";"Saint-Denis-sur-Loire";"2022-04-30 10:44:00";15;0;;15;;;15;0;0;0;"Estimées";;"Accidentelle";;;;;""
2022;21640;"2A";"2A345";"Vero";"2022-04-30 10:49:00";30;;30;;;;;;;;;;"Involontaire (travaux)";;;;;""
2022;15056;"2B";"2B007";"Albertacce";"2022-04-30 11:56:00";100;;;;;;;;;;;;;;;;;""
2022;14695;"83";"83049";"Cuers";"2022-04-30 12:27:00";2000;2000;;;;;;;;;;"4";"Malveillance";;;;;""
2022;15057;"2B";"2B148";"Lucciana";"2022-04-30 14:18:00";200;;;;;;;;;;;;;;;;;""
2022;323;"15";"15012";"Arpajon-sur-Cère";"2022-04-30 15:50:00";20;0;;20;;;20;0;0;0;"Mesurées";;"Involontaire (particulier)";;;;;""
2022;14734;"30";"30076";"Cavillargues";"2022-04-30 17:30:00";5271;5271;;;;;;;;;;"2";;;;;;""
2022;5789;"27";"27229";"Évreux";"2022-04-30 20:04:00";500;0;;500;;;500;0;0;0;"Estimées";;;;;;;"Données partielles ou non valides"
2022;16002;"11";"11266";"Port-la-Nouvelle";"2022-04-30 23:04:00";1;;;;;;;;;;;;"Involontaire (particulier)";;;;;""
2022;307;"37";"37115";"Descartes";"2022-05-01 14:39:00";600;0;;600;;;600;0;0;0;"Estimées";;;;;;;""
2022;15217;"13";"13117";"Vitrolles";"2022-05-01 15:26:00";20;20;;;;;;;;;;"1";;;;;;""
2022;14751;"66";"66071";"Estagel";"2022-05-01 16:43:00";600;;600;;;;;;;;;"1";"Malveillance";;;;;""
2022;15218;"13";"13080";"Le Puy-Sainte-Réparade";"2022-05-01 19:03:00";1000;1000;;;;;;;;;;"1";"Involontaire (travaux)";;;;;""
2022;16003;"11";"11198";"Laure-Minervois";"2022-05-01 19:23:00";700;;;;;;;;;;;;"Accidentelle";;;;;""
2022;23163;"50";"50597";"Tirepied-sur-Sée";"2022-05-01 21:19:39";4000;4000;;0;;;0;0;0;0;"Estimées";;;"Non";;;;""
2022;15216;"13";"13086";"Roquevaire";"2022-05-02 07:19:00";20;20;;;;;;;;;;"1";"Accidentelle";;;;;""
2022;6721;"72";"72291";"Saint-Jean-de-la-Motte";"2022-05-02 09:00:00";20000;20000;;0;;;0;0;0;0;"Estimées";;;;;;;""
2022;314;"76";"76682";"Sotteville-sous-le-Val";"2022-05-02 11:58:00";70000;60000;;10000;;;10000;0;0;0;"Estimées";;;;;;;""
2022;305;"49";"49045";"La Breille-les-Pins";"2022-05-02 13:52:00";5000;5000;;0;;;0;0;0;0;"Estimées";;;;;;;""
2022;21663;"2A";"2A017";"Appietto";"2022-05-02 17:35:00";3000;;3000;;;;;;;;;;;;;;;""
2022;14788;"04";"04135";"Moustiers-Sainte-Marie";"2022-05-02 19:12:00";1500;1500;;;;;;;;;;;"Naturelle";;;;;""
2022;11473;"33";"33230";"Lapouyade";"2022-05-02 22:57:00";400;400;;0;;;0;;;0;"Estimées";;;"Non";;;;""
2022;310;"37";"37052";"Chançay";"2022-05-03 14:00:00";1500;0;;1500;;;1500;0;0;0;"Estimées";;;;;;;""
2022;15059;"2B";"2B039";"Bisinchi";"2022-05-03 14:57:00";3000;;;;;;;;;;;;;;;;;""
2022;19909;"84";"84147";"Villelaure";"2022-05-03 17:04:00";600;600;;;;;;;;;;;;;;;;""
2022;15215;"13";"13047";"Istres";"2022-05-03 18:12:00";20;20;;;;;;;;;;"1";;;;;;""
2022;15214;"13";"13047";"Istres";"2022-05-03 18:12:00";5;5;;;;;;;;;;;;;;;;""
2022;19910;"84";"84091";"Piolenc";"2022-05-04 10:53:00";220;220;;;;;;;;;;"4";"Involontaire (particulier)";;;;;""
2022;15213;"13";"13041";"Gardanne";"2022-05-04 19:26:00";10;10;;;;;;;;;;"1";;;;;;""
2022;6723;"72";"72291";"Saint-Jean-de-la-Motte";"2022-05-05 10:03:00";50;50;;0;;;0;0;0;0;"Estimées";;;;;;;""
2022;10174;"17";"17054";"Boresse-et-Martron";"2022-05-05 14:11:00";7000;7000;;;0;0;;;;;"Mesurées";;;"Non";0;0;0;""
2022;812;"29";"29091";"Kerlouan";"2022-05-05 15:18:00";800;0;;800;;;800;0;0;0;"Estimées";;;;;;;""
2022;10911;"40";"40182";"Mézos";"2022-05-05 16:35:00";550;550;;0;;;0;;;0;"Estimées";;;"Non";;;;""
2022;19953;"84";"84091";"Piolenc";"2022-05-05 16:43:00";130;130;;;;;;;;;;"4";"Involontaire (particulier)";;;;;""
2022;385;"08";"08248";"Launois-sur-Vence";"2022-05-05 19:29:00";200;0;;200;;;200;0;0;0;"Estimées";;"Involontaire (travaux)";;;;;""
2022;14735;"30";"30114";"Fontanès";"2022-05-06 13:49:00";10000;;;;;;;;;;;;;;;;;""
2022;5792;"27";"27378";"La Madeleine-de-Nonancourt";"2022-05-06 18:52:00";50;0;;50;;;50;0;0;0;"Estimées";;;;;;;"Données partielles ou non valides"
2022;3376;"60";"60509";"Pont-Sainte-Maxence";"2022-05-06 19:44:00";200;200;;0;;;0;0;0;0;"Estimées";;;;;;;""
2022;6724;"72";"72181";"Le Mans";"2022-05-06 21:19:00";15;15;;0;;;0;0;0;0;"Estimées";;;;;;;""
2022;5669;"56";"56240";"Sarzeau";"2022-05-06 23:41:00";5;0;;5;;;5;0;0;0;"Mesurées";;"Involontaire (particulier)";;;;;""
2022;315;"49";"49138";"Les Bois d'Anjou";"2022-05-07 12:58:00";3000;0;;3000;;;3000;0;0;0;"Estimées";;;;;;;""
2022;5670;"56";"56058";"Férel";"2022-05-07 14:38:00";100;0;;100;;;100;0;0;0;"Mesurées";;;;;;;""
2022;16004;"11";"11369";"Sallèles-d'Aude";"2022-05-07 14:44:00";400;;;;;;;;;;;;"Malveillance";;;;;""
2022;14775;"34";"34221";"Puéchabon";"2022-05-07 14:54:00";17293;0;17293;;;;;;;;;"1";"Involontaire (particulier)";;;;;""
2022;6417;"71";"71543";"Tournus";"2022-05-07 17:31:00";5;0;;5;;;5;0;0;0;"Estimées";;;;;;;""
2022;14776;"30";"30198";"Les Plantiers";"2022-05-07 19:16:00";3050;3050;;;;;;;;;;"3";"Accidentelle";;;;;""
2022;16733;"07";"07331";"Vals-les-Bains";"2022-05-08 11:48:00";4000;;;;;;;;;;;"3";"Involontaire (particulier)";;;;;""
2022;11477;"33";"33281";"Mérignac";"2022-05-08 15:57:00";6000;4000;;0;;;0;;;2000;"Estimées";;;"Non";;;;""
2022;335;"37";"37181";"Paulmy";"2022-05-08 20:26:00";10000;0;;10000;;;10000;0;0;0;"Estimées";;;;;;;""
2022;3380;"60";"60413";"Montagny-Sainte-Félicité";"2022-05-09 18:14:00";30;0;;30;;;30;0;0;0;"Estimées";;;;;;;""
2022;14792;"06";"06074";"Lantosque";"2022-05-10 09:23:00";1000;;1000;;;;;;;;;"5";"Malveillance";;;;;""
2022;2817;"88";"88413";"Saint-Dié-des-Vosges";"2022-05-10 11:19:00";1;1;;0;;;0;0;0;0;"Estimées";;;;;;;""
2022;16005;"11";"11170";"Gruissan";"2022-05-10 12:55:00";1;;;;;;;;;;;;"Involontaire (particulier)";;;;;""
2022;15250;"13";"13033";"Ensuès-la-Redonne";"2022-05-10 13:19:00";150;150;;;;;;;;;;"1";"Involontaire (particulier)";;;;;""
2022;2818;"88";"88465";"Capavenir Vosges";"2022-05-10 14:42:00";300;300;;0;;;0;0;0;0;"Estimées";;;;;;;""
2022;6728;"72";"72299";"Saint-Mars-d'Outillé";"2022-05-10 14:57:00";30000;30000;;0;;;0;0;0;0;"Estimées";;;;;;;""
2022;628;"35";"35033";"Bourg-des-Comptes";"2022-05-10 15:07:00";100;0;;100;;;100;0;0;0;"Estimées";;;;;;;""
2022;6729;"72";"72223";"Noyen-sur-Sarthe";"2022-05-10 17:40:00";150;150;;0;;;0;0;0;0;"Estimées";;;;;;;""
2022;10402;"47";"47244";"Sainte-Gemme-Martaillac";"2022-05-10 18:25:31";400;400;;;0;0;;;;;"Estimées";;"Involontaire (travaux)";"Non";0;0;0;""
2022;341;"43";"43231";"Salettes";"2022-05-11 11:38:00";9500;3500;;3500;;;3500;2500;0;2500;"Mesurées";;"Involontaire (travaux)";;;;;""
2022;555;"63";"63284";"Pont-du-Château";"2022-05-11 13:19:00";800;0;;800;;;800;0;0;0;"Estimées";;;;;;;""
2022;15252;"13";"13112";"Velaux";"2022-05-11 13:31:00";100;100;;;;;;;;;;"1";;;;;;""
2022;337;"71";"71368";"Reclesne";"2022-05-11 13:45:00";200;200;;0;;;0;0;0;0;"Estimées";;"Involontaire (travaux)";;;;;""
2022;12545;"18";"18106";"Grossouvre";"2022-05-11 13:57:00";10401;0;;1;;;1;10000;400;10400;"Estimées";;;"Non";;;;""
2022;5795;"27";"27467";"Pont-Audemer";"2022-05-11 14:26:00";400;0;;400;;;400;0;0;0;"Estimées";;;;;;;"Données partielles ou non valides"
2022;15251;"13";"13098";"Saint-Mitre-les-Remparts";"2022-05-11 15:14:00";10;10;;;;;;;;;;"1";;;;;;""
2022;23168;"50";"50102";"Carolles";"2022-05-11 15:47:02";20;0;;20;;;20;0;0;0;"Estimées";;;"Non";;;;""
2022;16006;"11";"11152";"Fontjoncouse";"2022-05-11 15:48:00";825;;;;;;;;;;;;"Involontaire (particulier)";;;;;""
2022;10776;"23";"23197";"Saint-Georges-la-Pouge";"2022-05-11 16:36:00";1500;1500;;;;0;;;;;"Estimées";;;"Non";0;0;0;""
2022;2114;"67";"67495";"Truchtersheim";"2022-05-11 16:40:00";100;0;;100;;;100;0;0;0;"Estimées";;;;;;;""
2022;11411;"33";"33021";"Auros";"2022-05-11 17:13:00";105000;105000;;0;;;0;;;0;"Mesurées";;"Accidentelle";"Non";;;;""
2022;6730;"72";"72153";"Jupilles";"2022-05-11 17:23:00";5;5;;0;;;0;0;0;0;"Estimées";;;;;;;""
2022;14785;"05";"05033";"Chanousse";"2022-05-11 17:44:00";25;25;;;;;;;;;;"3";"Accidentelle";;;;;""
2022;970;"15";"15198";"Sainte-Marie";"2022-05-12 03:18:00";2000;0;;2000;;;2000;0;0;0;"Estimées";;"Involontaire (particulier)";;;;;""
2022;971;"15";"15149";"Paulhenc";"2022-05-12 14:04:00";30;0;;30;;;30;0;0;0;"Mesurées";;"Involontaire (travaux)";;;;;""
2022;972;"15";"15106";"Lieutadès";"2022-05-12 14:35:00";250000;250000;;0;;;0;0;0;0;"Estimées";;"Involontaire (particulier)";;;;;""
2022;15256;"13";"13001";"Aix-en-Provence";"2022-05-12 14:46:00";14400;0;5800;;;;;;;8600;;"1";"Accidentelle";;;;;""
2022;6731;"72";"72299";"Saint-Mars-d'Outillé";"2022-05-12 16:20:00";10;10;;0;;;0;0;0;0;"Estimées";;;;;;;""
2022;15255;"13";"13001";"Aix-en-Provence";"2022-05-12 16:28:00";10;10;;;;;;;;;;"1";;;;;;""
2022;11544;"33";"33214";"Lacanau";"2022-05-12 23:29:00";2500;2500;;0;;;0;;;0;"Estimées";;;"Non";;;;""
2022;5259;"29";"29212";"Plouzané";"2022-05-13 12:32:00";500;0;;500;;;500;0;0;0;"Estimées";;;;;;;""
2022;371;"43";"43240";"Solignac-sous-Roche";"2022-05-13 13:47:00";3000;0;;3000;;;3000;0;0;0;"Estimées";;;;;;;""
2022;5260;"29";"29019";"Brest";"2022-05-13 15:20:00";1000;0;;1000;;;1000;0;0;0;"Estimées";;;;;;;""
2022;7330;"61";"61129";"Courgeon";"2022-05-13 15:20:37";8000;0;;8000;;;8000;0;;;;;"Malveillance";;;;;"Données partielles ou non valides"
2022;3391;"60";"60559";"La Rue-Saint-Pierre";"2022-05-13 15:44:00";100;0;;100;;;100;0;0;0;"Estimées";;;;;;;""
2022;13135;"86";"86042";"Buxeuil";"2022-05-13 15:54:16";100;100;;;0;0;;;;;"Estimées";;;"Non";;;;""
2022;20514;"06";"06054";"Drap";"2022-05-13 20:40:00";300;;;;;;;;;;;;;;;;;""
2022;7329;"61";"61215";"Laleu";"2022-05-13 22:09:05";200;0;;200;;;200;0;;;;;"Malveillance";;;;;"Données partielles ou non valides"
2022;11884;"33";"33376";"Saint-Aubin-de-Médoc";"2022-05-14 04:52:00";10000;10000;;0;;;0;;;0;"Estimées";;"Malveillance";"Non";;;;""
2022;16735;"07";"07238";"Saint-Genest-de-Beauzon";"2022-05-14 06:37:00";3000;3000;;;;;;;;;;"4";;;;;;""
2022;8224;"38";"38061";"La Buisse";"2022-05-14 10:31:00";20;0;;20;;;20;0;0;0;"Estimées";;;;;;;""
2022;11020;"64";"64024";"Anglet";"2022-05-14 13:08:39";150;150;;;;;;;;;"Estimées";;;"Non";;;;""
2022;5674;"56";"56041";"Cléguérec";"2022-05-14 13:15:00";10;0;;10;;;10;0;0;0;"Mesurées";;"Involontaire (particulier)";;;;;""
2022;467;"08";"08078";"Bourg-Fidèle";"2022-05-14 15:19:00";20000;0;;20000;;;20000;0;0;0;"Estimées";;;;;;;""
2022;401;"37";"37168";"Neuilly-le-Brignon";"2022-05-14 15:57:00";500;0;;500;;;500;0;0;0;"Estimées";;;;;;;""
2022;395;"49";"49131";"Épieds";"2022-05-14 16:30:00";2400;0;;2400;;;2400;0;0;0;"Estimées";;;;;;;""
2022;484;"46";"46102";"Figeac";"2022-05-14 16:48:00";200;0;;200;;;200;0;0;0;"Estimées";;;;;;;""
2022;10962;"40";"40243";"Rion-des-Landes";"2022-05-14 19:50:00";20;20;;0;;;0;;;0;"Estimées";;"Naturelle";"Non";;;;""
2022;10909;"40";"40210";"Onesse-Laharie";"2022-05-14 20:50:00";2;2;;0;;;0;;;0;"Estimées";;"Naturelle";"Non";;;;""
2022;15258;"13";"13056";"Martigues";"2022-05-14 22:44:00";30;30;;;;;;;;;;"1";"Involontaire (particulier)";;;;;""
2022;5261;"29";"29047";"Le Drennec";"2022-05-14 22:52:00";20;0;;20;;;20;0;0;0;"Estimées";;;;;;;""
2022;10880;"40";"40081";"Cère";"2022-05-15 08:00:00";6000;6000;;0;;;0;;;0;"Estimées";;"Naturelle";"Non";;;;""
2022;15259;"13";"13103";"Salon-de-Provence";"2022-05-15 08:16:00";5;5;;;;;;;;;;"1";"Involontaire (travaux)";;;;;""
2022;3428;"60";"60612";"Senlis";"2022-05-15 10:25:00";10;0;;10;;;10;0;0;0;"Estimées";;"Accidentelle";;;;;""
2022;10945;"40";"40229";"Pontenx-les-Forges";"2022-05-15 10:38:00";6;6;;0;;;0;;;0;"Estimées";;"Naturelle";"Non";;;;""
2022;16736;"07";"07065";"Chirols";"2022-05-15 14:31:00";650;;;;;;;;;;;"3";;;;;;""
2022;14859;"06";"06057";"L'Escarène";"2022-05-15 15:58:00";700;;700;;;;;;;;;"1";;;;;;""
2022;23171;"50";"50267";"Lessay";"2022-05-15 16:20:28";40;0;;40;;;40;0;0;0;"Estimées";;;"Non";;;;""
2022;14808;"34";"34202";"Pignan";"2022-05-15 16:27:00";2500;2500;;;;;;;;;;"1";"Malveillance";;;;;""
2022;11488;"33";"33380";"Val-de-Livenne";"2022-05-15 18:14:00";40000;40000;;0;;;0;;;0;"Estimées";;;"Non";;;;""
2022;7857;"16";"16251";"Oriolles";"2022-05-15 20:15:00";10000;10000;;;;;;;;;"Estimées";;;"Non";;;;""
2022;19993;"84";"84102";"Roussillon";"2022-05-15 20:15:00";200;200;;;;;;;;;;;"Involontaire (particulier)";;;;;""
2022;7858;"16";"16251";"Oriolles";"2022-05-15 20:15:00";10000;10000;;;;;;;;;"Estimées";;;"Non";;;;""
2022;14874;"66";"66205";"Tautavel";"2022-05-15 20:36:00";300;;300;;;;;;;;;"1";"Accidentelle";;;;;""
2022;11487;"33";"33422";"Saint-Jean-d'Illac";"2022-05-15 21:15:00";100;100;;0;;;0;;;0;"Estimées";;;"Non";;;;""
2022;16007;"11";"11253";"Montolieu";"2022-05-15 22:20:00";11542;;;;;;;;;;;;;;;;;""
2022;15260;"13";"13047";"Istres";"2022-05-16 13:26:00";40000;40000;;;;;;;;;;"1";"Accidentelle";;;;;""
2022;403;"43";"43224";"Sainte-Sigolène";"2022-05-16 13:42:00";200;0;;200;;;200;0;0;0;"Estimées";;;;;;;""
2022;627;"35";"35152";"Liffré";"2022-05-16 14:17:00";202200;202200;;0;;;0;0;0;0;"Mesurées";;;;;;;""
2022;10404;"47";"47208";"Pompogne";"2022-05-16 19:04:48";3000;1500;;;0;1500;;;;;"Estimées";;"Naturelle";"Non";0;0;0;""
2022;10931;"40";"40162";"Lucbardez-et-Bargues";"2022-05-16 20:34:00";500;500;;0;;;0;;;0;"Estimées";;;"Non";;;;""
2022;6734;"72";"72198";"La Milesse";"2022-05-17 02:35:00";20;20;;0;;;0;0;0;0;"Estimées";;"Accidentelle";;;;;""
2022;1094;"41";"41074";"Dhuizon";"2022-05-17 09:41:00";2500;0;;2500;;;2500;0;0;0;"Estimées";;"Accidentelle";;;;;""
2022;16008;"11";"11202";"Leucate";"2022-05-17 12:36:00";300;;;;;;;;;;;;"Involontaire (particulier)";;;;;""
2022;15264;"13";"13087";"Rousset";"2022-05-17 12:39:00";5000;2500;2500;;;;;;;;;"1";;;;;;""
2022;15263;"13";"13056";"Martigues";"2022-05-17 13:26:00";50;50;;;;;;;;;;"1";"Malveillance";;;;;""
2022;10878;"40";"40019";"Aureilhan";"2022-05-17 13:37:00";200;200;;0;;;0;;;0;"Estimées";;"Naturelle";"Non";;;;""
2022;21664;"2A";"2A359";"Zicavo";"2022-05-17 14:33:00";20;;20;;;;;;;;;;;;;;;""
2022;6735;"72";"72181";"Le Mans";"2022-05-17 14:41:00";500;500;;0;;;0;0;0;0;"Estimées";;;;;;;""
2022;405;"43";"43159";"Raucoules";"2022-05-17 15:07:00";1510;0;;1510;;;1510;0;0;0;"Mesurées";;"Accidentelle";;;;;""
2022;428;"59";"59491";"Raismes";"2022-05-17 15:37:00";300;300;;0;;;0;0;0;0;"Estimées";;;;;;;""
2022;11492;"33";"33380";"Val-de-Livenne";"2022-05-17 15:43:00";8000;8000;;0;;;0;;;0;"Estimées";;;"Non";;;;""
2022;15085;"34";"34281";"Saint-Pargoire";"2022-05-17 17:17:00";3751;0;3751;;;;;;;;;"1";"Malveillance";;;;;""
2022;655;"82";"82087";"Lafrançaise";"2022-05-17 17:46:00";300;0;;300;;;300;0;0;0;"Estimées";;;;;;;"Données partielles ou non valides"
2022;15764;"83";"83043";"Collobrières";"2022-05-17 18:01:00";1000;1000;;;;;;;;;;"3";"Involontaire (travaux)";;;;;""
2022;430;"59";"59112";"Bruay-sur-l'Escaut";"2022-05-17 18:06:00";1000;1000;;0;;;0;0;0;0;"Estimées";;;;;;;""
2022;10965;"40";"40162";"Lucbardez-et-Bargues";"2022-05-17 20:15:00";8000;8000;;0;;;0;0;0;0;"Estimées";;"Malveillance";"Non";;;;""
2022;16009;"11";"11269";"Ouveillan";"2022-05-17 22:56:00";150;;;;;;;;;;;;"Malveillance";;;;;""
2022;10882;"40";"40165";"Luglon";"2022-05-18 09:50:00";200;200;;0;;;0;;;0;"Estimées";;"Accidentelle";"Non";;;;""
2022;14879;"66";"66127";"Opoul-Périllos";"2022-05-18 13:28:00";80000;;80000;;;;;;;;;"1";"Involontaire (travaux)";;;;;""
2022;14881;"66";"66143";"Planèzes";"2022-05-18 14:16:00";5000;;;;;;;;;5000;;"5";;;;;;""
2022;413;"43";"43211";"Saint-Maurice-de-Lignon";"2022-05-18 15:15:00";390;390;;0;;;0;0;0;0;"Mesurées";;"Involontaire (particulier)";;;;;""
2022;11493;"33";"33529";"La Teste-de-Buch";"2022-05-18 15:20:00";3000;3000;;0;;;0;;;0;"Estimées";;;"Non";;;;""
2022;412;"81";"81004";"Albi";"2022-05-18 15:26:00";200;0;;200;;;200;0;0;0;"Estimées";;;;;;;""
2022;485;"46";"46119";"Gigouzac";"2022-05-18 16:08:00";8000;0;;8000;;;8000;0;0;0;"Estimées";;;;;;;""
2022;14834;"30";"30090";"Concoules";"2022-05-18 17:52:00";6206;;;;;;;;;;;"3";"Accidentelle";;;;;""
2022;414;"81";"81227";"Roquecourbe";"2022-05-18 18:52:00";500;0;;200;;;200;300;0;300;"Estimées";;;;;;;""
2022;15266;"13";"13104";"Sausset-les-Pins";"2022-05-18 20:55:00";20;20;;;;;;;;;;"1";;;;;;""
2022;15267;"13";"13001";"Aix-en-Provence";"2022-05-19 01:29:00";50;50;;;;;;;;;;"1";"Malveillance";;;;;""
2022;12013;"33";"33248";"Listrac-Médoc";"2022-05-19 04:59:00";3000;3000;;0;;;0;;;0;"Estimées";;"Naturelle";"Non";;;;""
2022;6737;"72";"72181";"Le Mans";"2022-05-19 09:53:00";4;4;;0;;;0;0;0;0;"Estimées";;;;;;;""
2022;5764;"68";"68315";"Soultz-Haut-Rhin";"2022-05-19 12:17:00";10000;10000;;0;;;0;0;0;0;"Estimées";;;;;;;""
2022;15268;"13";"13110";"Trets";"2022-05-19 13:48:00";350;350;;;;;;;;;;"1";"Malveillance";;;;;""
2022;421;"43";"43129";"Le Mas-de-Tence";"2022-05-19 15:14:00";200;0;;200;;;200;0;0;0;"Estimées";;;;;;;""
2022;16737;"07";"07315";"La Souche";"2022-05-19 17:19:00";2500;;2500;;;;;;;;;"1";"Involontaire (travaux)";;;;;""
2022;16010;"11";"11369";"Sallèles-d'Aude";"2022-05-19 17:20:00";15;;;;;;;;;;;;"Involontaire (particulier)";;;;;""
2022;11506;"33";"33068";"Bourideys";"2022-05-19 17:29:00";5000;5000;;0;;;0;;;0;"Estimées";;"Naturelle";"Non";;;;""
2022;6738;"72";"72058";"Changé";"2022-05-19 18:17:00";100;100;;0;;;0;0;0;0;"Estimées";;;;;;;""
2022;15269;"13";"13084";"La Roque-d'Anthéron";"2022-05-19 18:19:00";7300;7300;;;;;;;;;;"1";;;;;;""
2022;16738;"07";"07197";"Roiffieux";"2022-05-20 11:06:00";70000;70000;;;;;;;;;;"4";;;;;;""
2022;15270;"13";"13085";"Roquefort-la-Bédoule";"2022-05-20 12:25:00";20;20;;;;;;;;;;"1";;;;;;""
2022;8294;"38";"38468";"Salaise-sur-Sanne";"2022-05-20 13:00:00";300;300;;0;;;0;0;0;0;"Estimées";;"Accidentelle";;;;;""
2022;15273;"13";"13072";"Peynier";"2022-05-20 13:12:00";150;150;;;;;;;;;;"1";"Malveillance";;;;;""
2022;8433;"38";"38359";"Saint Antoine l'Abbaye";"2022-05-20 14:49:00";300;300;;0;;;0;0;0;0;"Estimées";;;;;;;""
2022;15064;"2B";"2B002";"Aghione";"2022-05-20 15:10:00";15;;;;;;;;;;;;;;;;;""
2022;16739;"07";"07134";"Laurac-en-Vivarais";"2022-05-20 15:43:00";285500;279600;;;;;;;;5900;;"4";;;;;;""
2022;4625;"39";"39290";"Valzin en Petite Montagne";"2022-05-20 16:48:00";400;0;;400;;;400;0;0;0;"Estimées";;;;;;;""
2022;15271;"13";"13102";"Saint-Victoret";"2022-05-20 17:36:00";200;200;;;;;;;;;;"1";;;;;;""
2022;15272;"13";"13114";"Ventabren";"2022-05-20 17:36:00";100;100;;;;;;;;;;"1";;;;;;""
2022;2142;"67";"67010";"Andlau";"2022-05-20 19:03:00";20;20;;0;;;0;0;0;0;"Estimées";;"Accidentelle";;;;;""
2022;15066;"2B";"2B124";"Ghisoni";"2022-05-20 20:40:00";3000;;;;;;;;;;;;;;;;;""
2022;4626;"39";"39016";"Arinthod";"2022-05-21 04:05:00";3000;0;;3000;;;3000;0;0;0;"Estimées";;;;;;;""
2022;15274;"13";"13015";"Bouc-Bel-Air";"2022-05-21 06:55:00";30;30;;;;;;;;;;"1";;;;;;""
2022;15065;"2B";"2B341";"Venaco";"2022-05-21 10:28:00";5000;;;;;;;;;;;;;;;;;""
2022;7328;"61";"61292";"Montsecret-Clairefougère";"2022-05-21 11:24:24";100;0;;100;;;100;0;;;;;"Malveillance";;;;;"Données partielles ou non valides"
2022;11497;"33";"33095";"Captieux";"2022-05-21 11:28:00";5000;5000;;0;;;0;;;0;"Estimées";;"Naturelle";"Non";;;;""
2022;14889;"66";"66018";"La Bastide";"2022-05-21 12:21:00";2000;2000;;;;;;;;;;"5";"Involontaire (particulier)";;;;;""
2022;15275;"13";"13086";"Roquevaire";"2022-05-21 12:42:00";50;50;;;;;;;;;;"1";"Involontaire (particulier)";;;;;""
2022;11491;"33";"33151";"Donnezac";"2022-05-21 15:42:00";500;500;;0;;;0;;;0;"Estimées";;;"Non";;;;""
2022;15784;"83";"83072";"Lorgues";"2022-05-21 16:04:00";400;400;;;;;;;;;;"4";"Malveillance";;;;;""
2022;11496;"33";"33151";"Donnezac";"2022-05-21 16:28:00";1300;1300;;0;;;0;;;0;"Estimées";;;"Non";;;;""
2022;11508;"33";"33109";"Castres-Gironde";"2022-05-21 17:11:00";60;60;;0;;;0;;;0;"Estimées";;;"Non";;;;""
2022;446;"49";"49018";"Baugé-en-Anjou";"2022-05-21 18:15:00";50000;50000;;0;;;0;0;0;0;"Estimées";;;;;;;""
2022;8276;"38";"38348";"Ruy-Montceau";"2022-05-21 18:24:00";100;100;;0;;;0;0;0;0;"Estimées";;;;;;;""
2022;5244;"74";"74244";"Saint-Laurent";"2022-05-22 00:37:00";100;100;;0;;;0;0;0;0;"Estimées";;;;;;;""
2022;11550;"33";"33422";"Saint-Jean-d'Illac";"2022-05-22 06:33:00";8000;8000;;0;;;0;;;0;"Estimées";;"Accidentelle";"Non";;;;""
2022;16740;"07";"07171";"Payzac";"2022-05-22 06:56:00";30000;30000;;;;;;;;;;"4";;;;;;""
2022;15277;"13";"13110";"Trets";"2022-05-22 09:52:00";5;5;;;;;;;;;;"1";"Involontaire (particulier)";;;;;""
2022;20142;"84";"84027";"Caderousse";"2022-05-22 12:58:00";150;150;;;;;;;;;;;;;;;;""
2022;458;"81";"81105";"Graulhet";"2022-05-22 22:32:00";40;0;;40;;;40;0;0;0;"Estimées";;;;;;;""
2022;16011;"11";"11148";"Fontcouverte";"2022-05-23 07:12:00";500;;;;;;;;;;;;"Involontaire (particulier)";;;;;""
2022;14857;"06";"06152";"Valbonne";"2022-05-23 13:33:00";500;;500;;;;;;;;;"1";;;;;;""
2022;15278;"13";"13071";"Les Pennes-Mirabeau";"2022-05-23 15:37:00";20000;20000;;;;;;;;;;"1";"Involontaire (particulier)";;;;;""
2022;15797;"83";"83061";"Fréjus";"2022-05-23 18:34:00";2000;2000;;;;;;;;;;"6";"Malveillance";;;;;""
2022;14899;"66";"66205";"Tautavel";"2022-05-24 09:42:00";320;;320;;;;;;;;;"1";"Malveillance";;;;;""
2022;15280;"13";"13050";"Lambesc";"2022-05-24 10:45:00";200;200;;;;;;;;;;"1";;;;;;""
2022;15230;"04";"04209";"Sisteron";"2022-05-24 12:20:00";500;500;;;;;;;;;;;"Malveillance";;;;;""
2022;15279;"13";"13051";"Lançon-Provence";"2022-05-24 16:36:00";150;150;;;;;;;;;;"1";;;;;;""
2022;5262;"29";"29103";"Landerneau";"2022-05-25 08:33:00";20;0;;20;;;20;0;0;0;"Estimées";;;;;;;""
2022;15281;"13";"13067";"Orgon";"2022-05-25 21:46:00";2000;2000;;;;;;;;;;"1";;;;;;""
2022;15207;"13";"13081";"Rognac";"2022-05-26 04:43:00";600;600;;;;;;;;;;"1";;;;;;""
2022;14917;"66";"66205";"Tautavel";"2022-05-26 10:27:00";1266;1266;;;;;;;;;;"4";"Malveillance";;;;;""
2022;14950;"30";"30229";"Saint-André-de-Majencoules";"2022-05-26 15:40:00";34420;34420;;;;;;;;;;"3";"Malveillance";;;;;""
2022;15736;"26";"26179";"Mercurol-Veaunes";"2022-05-26 15:56:00";400;;;;;;;;;;;;;;;;;""
2022;5263;"29";"29027";"Châteauneuf-du-Faou";"2022-05-26 17:54:00";10;0;;10;;;10;0;0;0;"Estimées";;;;;;;""
2022;15082;"34";"34286";"Saint-Privat";"2022-05-26 21:30:00";1983;0;1983;;;;;;;;;"1";"Malveillance";;;;;""
2022;16741;"07";"07171";"Payzac";"2022-05-27 01:05:00";6000;6000;;;;;;;;;;"4";;;;;;""
2022;2825;"88";"88106";"Ban-sur-Meurthe-Clefcy";"2022-05-27 08:21:00";20;20;;0;;;0;0;0;0;"Mesurées";;"Involontaire (particulier)";;;;;""
2022;20522;"06";"06088";"Nice";"2022-05-27 08:27:00";300;;;;;;;;;;;;;;;;;""
2022;16742;"07";"07090";"Flaviac";"2022-05-27 11:27:00";1500;;1500;;;;;;;;;"5";;;;;;""
2022;12296;"31";"31111";"Castagnac";"2022-05-27 12:36:00";2000;2000;;0;;;0;0;0;0;"Estimées";;;"Non";;;;""
2022;21668;"2A";"2A006";"Alata";"2022-05-27 12:52:00";20;;20;;;;;;;;;;"Accidentelle";;;;;""
2022;14951;"30";"30179";"Montfrin";"2022-05-27 13:00:00";2;;;;;;;;;;;;;;;;;""
2022;15208;"13";"13074";"Peyrolles-en-Provence";"2022-05-27 14:41:00";20;20;;;;;;;;;;"1";;;;;;""
2022;659;"82";"82011";"Barry-d'Islemade";"2022-05-27 14:57:00";500;0;;500;;;500;0;0;0;"Estimées";;;;;;;"Données partielles ou non valides"
2022;548;"63";"63278";"Pessat-Villeneuve";"2022-05-27 14:59:00";40;0;;40;;;40;0;0;0;"Estimées";;"Malveillance";;;;;""
2022;489;"37";"37115";"Descartes";"2022-05-27 17:06:00";15000;0;;15000;;;15000;0;0;0;"Estimées";;;;;;;""
2022;634;"35";"35299";"Saint-Méloir-des-Ondes";"2022-05-27 19:16:00";300;0;;300;;;300;0;0;0;"Estimées";;;;;;;""
2022;11509;"33";"33192";"Gradignan";"2022-05-27 20:52:00";1000;1000;;0;;;0;;;0;"Estimées";;"Malveillance";"Non";;;;""
2022;21519;"84";"84095";"Puyvert";"2022-05-28 00:01:00";8000;8000;;;;;;;;;;;;;;;;""
2022;15075;"06";"06147";"Tourrette-Levens";"2022-05-28 01:05:00";400;;400;;;;;;;;;"1";"Involontaire (particulier)";;;;;""
2022;15206;"13";"13088";"Le Rove";"2022-05-28 09:21:00";5;5;;;;;;;;;;"1";"Involontaire (travaux)";;;;;""
2022;2829;"88";"88196";"Gérardmer";"2022-05-28 10:51:00";10;10;;0;;;0;0;0;0;"Estimées";;;;;;;""
2022;507;"46";"46284";"Saint-Michel-Loubéjou";"2022-05-28 10:52:00";100;0;;100;;;100;0;0;0;"Estimées";;"Accidentelle";;;;;""
2022;21669;"2A";"2A154";"Marignana";"2022-05-28 11:28:00";2;;;;;;;;;2;;;;;;;;""
2022;661;"82";"82093";"Larrazet";"2022-05-28 14:12:00";10000;10000;;0;;;0;0;0;0;"Estimées";;;;;;;"Données partielles ou non valides"
2022;15076;"06";"06084";"Mouans-Sartoux";"2022-05-28 14:35:00";30;;30;;;;;;;;;"1";;;;;;""
2022;5264;"29";"29190";"Plougonvelin";"2022-05-28 15:14:00";15;0;;15;;;15;0;0;0;"Estimées";;;;;;;""
2022;7860;"16";"16325";"Saint-Gourson";"2022-05-28 15:51:00";20000;10000;;10000;;;;;;;"Estimées";;;"Non";;;;""
2022;4706;"39";"39328";"Meussia";"2022-05-28 16:48:00";30;0;;30;;;30;0;0;0;"Estimées";;"Involontaire (travaux)";;;;;""
2022;15205;"13";"13081";"Rognac";"2022-05-28 16:58:00";1000;1000;;;;;;;;;;"1";"Accidentelle";;;;;""
2022;11532;"33";"33312";"Parempuyre";"2022-05-28 17:46:00";15;15;;0;;;0;;;0;"Estimées";;;"Non";;;;""
2022;16743;"07";"07325";"Ucel";"2022-05-28 19:31:00";300;;300;;;;;;;;;"1";"Malveillance";;;;;""
2022;11517;"33";"33229";"Lanton";"2022-05-28 20:43:00";1000;1000;;0;;;0;;;0;"Estimées";;"Accidentelle";"Non";;;;""
2022;15738;"26";"26317";"Saint-Maurice-sur-Eygues";"2022-05-28 20:57:00";5000;;;;;;;;;;;;;;;;;""
2022;21520;"84";"84095";"Puyvert";"2022-05-28 21:29:00";440;;;;;;;;;;;;;;;;;""
2022;15084;"34";"34202";"Pignan";"2022-05-28 21:43:00";200;200;;;;;;;;;;"1";"Malveillance";;;;;""
2022;10912;"40";"40296";"Seignosse";"2022-05-29 07:01:00";500;500;;0;;;0;;;0;"Estimées";;"Accidentelle";"Non";;;;""
2022;15115;"66";"66108";"Millas";"2022-05-29 09:07:00";4600;700;3900;;;;;;;;;"1";"Malveillance";;;;;""
2022;8254;"38";"38037";"Bellegarde-Poussieu";"2022-05-29 09:49:00";200;0;;200;;;200;0;0;0;"Estimées";;;;;;;""
2022;5265;"29";"29008";"Beuzec-Cap-Sizun";"2022-05-29 11:10:00";20;0;;20;;;20;0;0;0;"Estimées";;;;;;;""
2022;15609;"13";"13051";"Lançon-Provence";"2022-05-29 12:17:00";5000;5000;;;;;;;;;;"1";;;;;;""
2022;14971;"30";"30169";"Milhaud";"2022-05-29 13:16:00";7477;;7477;;;;;;;;;"1";"Involontaire (particulier)";;;;;""
2022;15202;"13";"13071";"Les Pennes-Mirabeau";"2022-05-29 13:44:00";500;500;;;;;;;;;;"1";"Involontaire (particulier)";;;;;""
2022;15241;"04";"04245";"Volx";"2022-05-29 13:52:00";100;100;;;;;;;;;;"5";;;;;;""
2022;15073;"2B";"2B009";"Aléria";"2022-05-29 14:08:00";1000;;;;;;;;;;;;;;;;;""
2022;15203;"13";"13033";"Ensuès-la-Redonne";"2022-05-29 15:04:00";100;100;;;;;;;;;;"1";;;;;;""
2022;5266;"29";"29249";"Saint-Goazec";"2022-05-29 15:05:00";10;0;;10;;;10;0;0;0;"Estimées";;;;;;;""
2022;5267;"29";"29274";"Scaër";"2022-05-29 16:15:00";1500;0;;1500;;;1500;0;0;0;"Estimées";;"Accidentelle";;;;;""
2022;15204;"13";"13047";"Istres";"2022-05-29 16:35:00";1500;1500;;;;;;;;;;"1";;;;;;""
2022;1113;"41";"41106";"Lamotte-Beuvron";"2022-05-29 18:25:00";50;0;;50;;;50;0;0;0;"Estimées";;;;;;;""
2022;16014;"11";"11390";"Thézan-des-Corbières";"2022-05-29 18:49:00";1500;;;;;;;;;;;;"Accidentelle";;;;;""
2022;15818;"83";"83072";"Lorgues";"2022-05-29 19:02:00";2;2;;;;;;;;;;"4";"Involontaire (travaux)";;;;;""
2022;508;"46";"46187";"Mauroux";"2022-05-29 19:12:00";5000;0;;5000;;;5000;0;0;0;"Estimées";;"Involontaire (particulier)";;;;;""
2022;16015;"11";"11203";"Lézignan-Corbières";"2022-05-29 21:33:00";5;;;;;;;;;;;;"Involontaire (particulier)";;;;;""
2022;3433;"60";"60395";"Méru";"2022-05-29 21:34:00";50;0;;50;;;50;0;0;0;"Estimées";;"Accidentelle";;;;;""
2022;15117;"66";"66182";"Sainte-Marie-la-Mer";"2022-05-29 22:33:00";20000;;;;;;;;;20000;;"5";"Involontaire (particulier)";;;;;""
2022;505;"71";"71329";"Navilly";"2022-05-29 23:59:00";50;0;;50;;;50;0;0;0;"Estimées";;"Involontaire (particulier)";;;;;""
2022;15200;"13";"13092";"Saint-Chamas";"2022-05-30 07:43:00";50;50;;;;;;;;;;"1";;;;;;""
2022;15201;"13";"13092";"Saint-Chamas";"2022-05-30 07:43:00";150;150;;;;;;;;;;"1";;;;;;""
2022;584;"89";"89068";"Chablis";"2022-05-30 10:27:00";10;10;;0;;;0;0;0;0;"Estimées";;;;;;;""
2022;14989;"05";"05103";"Le Poët";"2022-05-30 11:12:00";1000;1000;;;;;;;;;;"6";"Involontaire (particulier)";;;;;""
2022;509;"71";"71340";"Palinges";"2022-05-30 14:15:00";1000;0;;1000;;;1000;0;0;0;"Estimées";;;;;;;""
2022;10605;"24";"24532";"Serres-et-Montguyard";"2022-05-30 14:36:00";10000;10000;;0;;;0;;;;"Estimées";;"Accidentelle";"Non";;;;""
2022;10604;"24";"24319";"Paussac-et-Saint-Vivien";"2022-05-30 15:00:00";3000;3000;;0;;;0;;;;"Estimées";;"Involontaire (travaux)";"Non";;;;""
2022;5269;"29";"29247";"Saint-Évarzec";"2022-05-30 15:01:00";500;0;;500;;;500;0;0;0;"Estimées";;;;;;;""
2022;5270;"29";"29170";"Plomelin";"2022-05-30 15:07:00";10;0;;10;;;10;0;0;0;"Estimées";;;;;;;""
2022;10603;"24";"24450";"Saint-Martial-de-Nabirat";"2022-05-30 15:25:00";10;10;;0;;;0;;;;"Estimées";;"Involontaire (travaux)";"Non";;;;""
2022;511;"49";"49221";"Mouliherne";"2022-05-30 15:26:00";5000;0;;5000;;;5000;0;0;0;"Estimées";;;;;;;""
2022;7965;"12";"12204";"La Roque-Sainte-Marguerite";"2022-05-30 17:13:00";40000;0;;40000;;;40000;0;0;0;"Estimées";;;;;;;""
2022;10845;"40";"40281";"Saint-Pierre-du-Mont";"2022-05-30 17:29:00";1560;1560;;0;;;0;;;0;"Estimées";;;"Non";;;;""
2022;21672;"2A";"2A085";"Cauro";"2022-05-30 17:46:00";1500;;1500;;;;;;;;;;"Involontaire (travaux)";;;;;""
2022;2831;"88";"88429";"Saint-Nabord";"2022-05-30 18:38:00";10;10;;0;;;0;0;0;0;"Estimées";;;;;;;""
2022;11529;"33";"33498";"Salles";"2022-05-31 06:35:00";25000;25000;;0;;;0;;;0;"Estimées";;"Naturelle";"Non";;;;""
2022;21521;"84";"84129";"Sorgues";"2022-05-31 09:34:00";5;;;;;;;;;;;;;;;;;""
2022;2832;"88";"88319";"Moyenmoutier";"2022-05-31 11:36:00";1000;1000;;0;;;0;0;0;0;"Estimées";;;;;;;""
2022;4707;"39";"39097";"Champagnole";"2022-05-31 11:45:00";50;0;;25;;;25;25;0;25;"Estimées";;;;;;;""
2022;16016;"11";"11120";"La Digne-d'Aval";"2022-05-31 12:42:00";3500;;;;;;;;;;;;"Involontaire (travaux)";;;;;""
2022;15198;"13";"13007";"Auriol";"2022-05-31 13:45:00";300;300;;;;;;;;;;"1";"Accidentelle";;;;;""
2022;570;"58";"58193";"Neuvy-sur-Loire";"2022-05-31 14:14:00";10000;0;;10000;;;10000;0;0;0;"Estimées";;;;;;;""
2022;15384;"13";"13055";"Marseille";"2022-05-31 16:58:00";800;;800;;;;;;;;;"1";;;;;;""
2022;587;"89";"89024";"Auxerre";"2022-05-31 17:12:00";500;0;;500;;;500;0;0;0;"Estimées";;;;;;;""
2022;10796;"23";"23134";"Le Monteil-au-Vicomte";"2022-05-31 17:39:00";5000;5000;;;;0;;;;;"Estimées";;"Malveillance";"Non";0;0;0;""
2022;12058;"87";"87085";"Limoges";"2022-05-31 18:17:28";30;30;;;0;0;;;;;"Mesurées";;;"Non";;;;""
2022;5271;"29";"29179";"Ploudaniel";"2022-05-31 20:33:00";20;0;;20;;;20;0;0;0;"Estimées";;"Naturelle";;;;;""
2022;10956;"40";"40303";"Solférino";"2022-06-01 04:16:00";2000;2000;;0;;;0;;;0;"Estimées";;"Naturelle";"Non";;;;""
2022;15196;"13";"13048";"Jouques";"2022-06-01 10:40:00";3000;3000;;;;;;;;;;"1";"Involontaire (travaux)";;;;;""
2022;10831;"40";"40134";"Labouheyre";"2022-06-01 11:49:00";30;30;;0;;;0;;;0;"Estimées";;"Naturelle";"Non";;;;""
2022;13148;"86";"86128";"Lencloître";"2022-06-01 12:26:10";1200;1200;;;0;0;;;;;"Estimées";;;"Non";;;;""
2022;538;"08";"08218";"Les Hautes-Rivières";"2022-06-01 13:40:00";60;0;;60;;;60;0;0;0;"Estimées";;;;;;;""
2022;2423;"77";"77186";"Fontainebleau";"2022-06-01 14:51:00";6000;6000;;0;;;0;0;0;0;"Estimées";;;;;;;""
2022;15197;"13";"13071";"Les Pennes-Mirabeau";"2022-06-01 15:56:00";10;10;;;;;;;;;;"1";;;;;;""
2022;15195;"13";"13110";"Trets";"2022-06-01 16:05:00";1600;1600;;;;;;;;;;"1";"Involontaire (travaux)";;;;;""
2022;519;"71";"71519";"Serrigny-en-Bresse";"2022-06-01 16:31:00";150;0;;150;;;150;0;0;0;"Estimées";;;;;;;""
2022;1160;"35";"35223";"Plélan-le-Grand";"2022-06-01 17:41:00";1000;0;;1000;;;1000;0;0;0;"Estimées";;;;;;;""
2022;11407;"33";"33029";"Le Barp";"2022-06-01 17:47:00";1000;1000;;0;;;0;;;0;"Estimées";;"Involontaire (travaux)";"Non";;;;""
2022;10865;"40";"40123";"Herm";"2022-06-01 18:45:00";5000;5000;;0;;;0;;;0;"Estimées";;"Accidentelle";"Non";;;;""
2022;2852;"03";"03286";"Toulon-sur-Allier";"2022-06-01 22:50:00";20;0;;20;;;20;0;0;0;"Estimées";;;;;;;""
2022;981;"15";"15253";"Vernols";"2022-06-01 23:17:00";20;20;;0;;;0;0;0;0;"Mesurées";;;;;;;""
2022;1870;"29";"29207";"Plourin-lès-Morlaix";"2022-06-02 02:13:00";900;0;;900;;;900;0;0;0;"Estimées";;;;;;;""
2022;2833;"88";"88415";"Saint-Étienne-lès-Remiremont";"2022-06-02 15:36:00";100;100;;0;;;0;0;0;0;"Estimées";;;;;;;""
2022;5708;"56";"56042";"Colpo";"2022-06-02 18:05:00";80;0;;80;;;80;0;0;0;"Estimées";;;;;;;""
2022;2041;"29";"29280";"Telgruc-sur-Mer";"2022-06-03 12:55:00";10;0;;10;;;10;0;0;0;"Estimées";;"Involontaire (particulier)";;;;;""
2022;15545;"34";"34092";"Cruzy";"2022-06-03 15:16:00";500;500;;;;;;;;;;"1";"Malveillance";;;;;""
2022;10904;"40";"40262";"Saint-Gor";"2022-06-03 16:01:00";700;700;;0;;;0;;;0;"Estimées";;"Naturelle";"Non";;;;""
2022;533;"46";"46070";"Cieurac";"2022-06-03 16:16:00";1000;0;;1000;;;1000;0;0;0;"Estimées";;"Involontaire (travaux)";;;;;""
2022;2042;"29";"29232";"Quimper";"2022-06-03 16:44:00";5;0;;5;;;5;0;0;0;"Estimées";;;;;;;""
2022;13279;"86";"86096";"Doussay";"2022-06-03 17:01:51";155;100;;55;0;0;;;;;"Estimées";;"Malveillance";"Non";;;;""
2022;13149;"86";"86128";"Lencloître";"2022-06-03 17:03:00";20;20;;;0;0;;;;;"Estimées";;;"Non";;;;""
2022;10968;"40";"40267";"Saint-Justin";"2022-06-03 19:14:00";100;100;;0;;;0;;;0;"Estimées";;"Naturelle";"Non";;;;""
2022;10938;"40";"40169";"Maillas";"2022-06-03 19:34:00";50;50;;0;;;0;;;0;"Estimées";;"Naturelle";"Non";;;;""
2022;10961;"40";"40149";"Lencouacq";"2022-06-03 19:43:00";100;100;;0;;;0;;;0;"Estimées";;"Naturelle";"Non";;;;""
2022;16018;"11";"11262";"Narbonne";"2022-06-04 02:59:00";2000;;;;;;;;;;;;"Accidentelle";;;;;""
2022;15476;"2A";"2A070";"Casaglione";"2022-06-04 14:22:00";145000;3000;140000;;;;;;;2000;;"1";;;;;;""
2022;15355;"06";"06074";"Lantosque";"2022-06-04 16:41:00";1500;;;;;;;;;;;"1";;;;;;""
2022;6746;"72";"72352";"Terrehault";"2022-06-04 18:00:00";10;10;;0;;;0;0;0;0;"Estimées";;;;;;;""
2022;15194;"13";"13033";"Ensuès-la-Redonne";"2022-06-04 19:08:00";7;7;;;;;;;;;;"1";"Involontaire (particulier)";;;;;""
2022;15193;"13";"13106";"Septèmes-les-Vallons";"2022-06-05 10:46:00";20;20;;;;;;;;;;"1";;;;;;""
2022;15192;"13";"13032";"Éguilles";"2022-06-05 12:23:00";10;10;;;;;;;;;;"1";"Accidentelle";;;;;""
2022;10859;"40";"40169";"Maillas";"2022-06-05 18:19:00";1200;200;;0;;;0;;;1000;"Estimées";;"Naturelle";"Non";;;;""
2022;2045;"29";"29130";"Locmaria-Plouzané";"2022-06-05 18:22:00";10;0;;10;;;10;0;0;0;"Estimées";;;;;;;""
2022;15191;"13";"13059";"Meyrargues";"2022-06-05 18:23:00";40;40;;;;;;;;;;"1";"Accidentelle";;;;;""
2022;15398;"66";"66071";"Estagel";"2022-06-05 19:25:00";490;490;;;;;;;;;;"4";"Malveillance";;;;;""
2022;15754;"2B";"2B205";"Patrimonio";"2022-06-06 12:15:00";20000;;;;;;;;;;;;"Malveillance";;;;;""
2022;15253;"04";"04141";"Ongles";"2022-06-06 13:43:00";4600;4600;;;;;;;;;;"5";"Malveillance";;;;;""
2022;15666;"48";"48115";"Le Pompidou";"2022-06-06 14:08:00";15000;;15000;;;;;;;;;"1";"Involontaire (travaux)";;;;;""
2022;15543;"34";"34072";"Celles";"2022-06-06 15:30:00";12500;12500;;;;;;;;;;"1";"Malveillance";;;;;""
2022;3439;"60";"60510";"Porcheux";"2022-06-06 16:06:00";100;0;;100;;;100;0;0;0;"Estimées";;"Involontaire (travaux)";;;;;""
2022;15153;"30";"30009";"Alzon";"2022-06-06 18:12:00";2179;2179;;;;;;;;;;"2";"Accidentelle";;;;;""
2022;2046;"29";"29130";"Locmaria-Plouzané";"2022-06-06 19:58:00";100;0;;100;;;100;0;0;0;"Estimées";;;;;;;""
2022;15190;"13";"13106";"Septèmes-les-Vallons";"2022-06-06 23:06:00";100;100;;;;;;;;;;"1";;;;;;""
2022;15189;"13";"13071";"Les Pennes-Mirabeau";"2022-06-07 11:10:00";3000;3000;;;;;;;;;;"1";"Involontaire (travaux)";;;;;""
2022;15188;"13";"13051";"Lançon-Provence";"2022-06-07 14:03:00";300;300;;;;;;;;;;"1";"Involontaire (travaux)";;;;;""
2022;15769;"2B";"2B314";"Santo-Pietro-di-Tenda";"2022-06-07 14:58:00";350000;;350000;;;;;;;;;"1";"Involontaire (travaux)";;;;;""
2022;11416;"33";"33095";"Captieux";"2022-06-07 16:12:00";136000;136000;;0;;;0;;;0;"Mesurées";;;"Non";;;;""
2022;15187;"13";"13106";"Septèmes-les-Vallons";"2022-06-08 12:22:00";20;20;;;;;;;;;;"1";"Involontaire (particulier)";;;;;""
2022;15282;"13";"13098";"Saint-Mitre-les-Remparts";"2022-06-08 14:29:00";20;20;;;;;;;;;;"1";"Malveillance";;;;;""
2022;15283;"13";"13098";"Saint-Mitre-les-Remparts";"2022-06-08 14:47:00";20;20;;;;;;;;;;"1";"Malveillance";;;;;""
2022;15779;"2B";"2B354";"Vivario";"2022-06-08 23:55:00";261600;232500;19500;;;;;;;9600;;"2";"Malveillance";;;;;""
2022;15296;"13";"13056";"Martigues";"2022-06-09 04:04:00";3500;3500;;;;;;;;;;"1";"Accidentelle";;;;;""
2022;15295;"13";"13071";"Les Pennes-Mirabeau";"2022-06-09 05:08:00";400;400;;;;;;;;;;"1";"Accidentelle";;;;;""
2022;15350;"06";"06083";"Menton";"2022-06-09 10:26:00";600;;;;;;;;;;;;;;;;;""
2022;16744;"07";"07109";"Joannas";"2022-06-09 10:47:00";39250;39250;;;;;;;;;;"4";"Malveillance";;;;;""
2022;6067;"32";"32107";"Condom";"2022-06-09 11:50:00";1;0;;1;;;1;0;0;0;"Estimées";;;;;;;""
2022;15291;"13";"13051";"Lançon-Provence";"2022-06-09 12:16:00";5000;5000;;;;;;;;;;"1";"Malveillance";;;;;""
2022;15292;"13";"13085";"Roquefort-la-Bédoule";"2022-06-09 12:32:00";7;7;;;;;;;;;;"1";"Involontaire (travaux)";;;;;""
2022;15293;"13";"13030";"Cuges-les-Pins";"2022-06-09 12:50:00";2;2;;;;;;;;;;"1";"Involontaire (particulier)";;;;;""
2022;759;"35";"35126";"Guichen";"2022-06-09 13:04:00";200;0;;200;;;200;0;0;0;"Estimées";;;;;;;""
2022;2050;"29";"29195";"Plouguerneau";"2022-06-09 13:38:00";150;150;;0;;;0;0;0;0;"Estimées";;;;;;;""
2022;15922;"83";"83068";"Grimaud";"2022-06-09 14:10:00";3500;3500;;;;;;;;;;"3";"Involontaire (particulier)";;;;;""
2022;15288;"13";"13117";"Vitrolles";"2022-06-09 14:36:00";70000;70000;;;;;;;;;;"1";"Malveillance";;;;;""
2022;15285;"13";"13019";"Cabriès";"2022-06-09 14:56:00";20;20;;;;;;;;;;"1";"Accidentelle";;;;;""
2022;2052;"29";"29207";"Plourin-lès-Morlaix";"2022-06-09 15:55:00";300;0;;300;;;300;0;0;0;"Estimées";;"Accidentelle";;;;;""
2022;15290;"13";"13044";"Grans";"2022-06-09 16:28:00";50000;50000;;;;;;;;;;"1";"Involontaire (particulier)";;;;;""
2022;15286;"13";"13117";"Vitrolles";"2022-06-09 17:04:00";4;;;;;;;;;4;;"1";"Involontaire (travaux)";;;;;""
2022;15257;"04";"04149";"Peyruis";"2022-06-09 17:04:00";280;30;250;;;;;;;;;"4";"Naturelle";;;;;""
2022;16019;"11";"11175";"Issel";"2022-06-09 17:31:00";2500;;;;;;;;;;;;"Accidentelle";;;;;""
2022;15930;"83";"83069";"Hyères";"2022-06-09 19:14:00";14000;14000;;;;;;;;;;"4";"Involontaire (particulier)";;;;;""
2022;15931;"83";"83019";"Bormes-les-Mimosas";"2022-06-09 19:46:00";200;200;;;;;;;;;;"3";"Accidentelle";;;;;""
2022;15294;"13";"13023";"Ceyreste";"2022-06-09 20:40:00";100;100;;;;;;;;;;"1";"Involontaire (particulier)";;;;;""
2022;15284;"13";"13001";"Aix-en-Provence";"2022-06-09 21:44:00";10000;0;10000;;;;;;;;;"1";"Involontaire (particulier)";;;;;""
2022;15346;"30";"30319";"Serviers-et-Labaume";"2022-06-09 22:58:00";15700;15700;;;;;;;;;;"4";"Malveillance";;;;;""
2022;15289;"13";"13081";"Rognac";"2022-06-09 23:34:00";3000;3000;;;;;;;;;;"1";"Malveillance";;;;;""
2022;15297;"13";"13056";"Martigues";"2022-06-10 04:04:00";3500;3500;;;;;;;;;;"1";"Accidentelle";;;;;""
2022;15299;"13";"13071";"Les Pennes-Mirabeau";"2022-06-10 05:08:00";400;400;;;;;;;;;;"1";"Malveillance";;;;;""
2022;5690;"56";"56013";"Belz";"2022-06-10 08:29:00";10;0;;10;;;10;0;0;0;"Mesurées";;;;;;;""
2022;20530;"06";"06135";"Sigale";"2022-06-10 11:34:00";100;;;;;;;;;;;;;;;;;""
2022;15739;"26";"26085";"Châteauneuf-du-Rhône";"2022-06-10 12:46:00";40000;;;;;;;;;;;;;;;;;""
2022;589;"71";"71076";"Chalon-sur-Saône";"2022-06-10 14:05:00";5;0;;5;;;5;0;0;0;"Estimées";;;;;;;""
2022;15542;"34";"34103";"Fontès";"2022-06-10 15:09:00";500;500;;;;;;;;;;"1";"Malveillance";;;;;""
2022;16021;"11";"11267";"Ornaisons";"2022-06-10 15:21:00";1142217;734117;251000;;;;;;;157100;;;;;;;;""
2022;15579;"13";"13088";"Le Rove";"2022-06-10 15:23:00";500;500;;;;;;;;;;"1";"Involontaire (particulier)";;;;;""
2022;20255;"11";"11198";"Laure-Minervois";"2022-06-10 15:26:00";60;;;;;;;;;;;;;;;;;""
2022;2053;"29";"29236";"Riec-sur-Bélon";"2022-06-10 15:46:00";10;0;;10;;;10;0;0;0;"Estimées";;;;;;;""
2022;11579;"33";"33284";"Mios";"2022-06-10 16:36:00";600;600;;0;;;0;;;0;"Estimées";;"Involontaire (travaux)";"Non";;;;""
2022;15790;"2B";"2B123";"Ghisonaccia";"2022-06-10 18:32:00";57000;2000;55000;;;;;;;;;"1";"Malveillance";;;;;""
2022;8266;"38";"38114";"Clonas-sur-Varèze";"2022-06-10 18:52:00";200;0;;200;;;200;0;0;0;"Estimées";;"Involontaire (particulier)";;;;;""
2022;15578;"13";"13019";"Cabriès";"2022-06-10 19:17:00";300;300;;;;;;;;;;"1";"Involontaire (particulier)";;;;;""
2022;15427;"66";"66049";"Céret";"2022-06-10 20:53:00";100;;50;;;;;;;50;;"1";"Accidentelle";;;;;""
2022;10175;"17";"17118";"Corignac";"2022-06-11 00:22:00";1000;1000;;;0;0;;;;;"Mesurées";;;"Non";0;0;0;""
2022;15347;"30";"30319";"Serviers-et-Labaume";"2022-06-11 05:03:00";7300;7300;;;;;;;;;;"5";"Involontaire (travaux)";;;;;""
2022;15584;"13";"13081";"Rognac";"2022-06-11 05:51:00";10;10;;;;;;;;;;"1";;;;;;""
2022;2427;"77";"77312";"Montigny-sur-Loing";"2022-06-11 08:30:00";200;200;;0;;;0;0;0;0;"Estimées";;;;;;;""
2022;1166;"41";"41046";"Chaumont-sur-Tharonne";"2022-06-11 10:44:00";1;0;;1;;;1;0;0;0;"Estimées";;;;;;;""
2022;15734;"06";"06137";"Spéracèdes";"2022-06-11 10:49:00";47200;17200;30000;;;;;;;;;"5";"Involontaire (travaux)";;;;;""
2022;11583;"33";"33095";"Captieux";"2022-06-11 12:34:00";150;150;;0;;;0;;;0;"Estimées";;;"Non";;;;""
2022;15939;"83";"83124";"Seillans";"2022-06-11 12:50:00";150000;150000;;;;;;;;;;"1";"Involontaire (travaux)";;;;;""
2022;17328;"11";"11144";"Fitou";"2022-06-11 12:57:00";50;;;;;;;;;;;;;;;;;""
2022;3247;"42";"42042";"Chambles";"2022-06-11 12:58:00";2400;0;;2400;;;2400;0;0;0;"Estimées";;;;;;;""
2022;604;"43";"43056";"Chanteuges";"2022-06-11 14:10:00";100;100;;0;;;0;0;0;0;"Estimées";;;;;;;""
2022;15581;"13";"13007";"Auriol";"2022-06-11 14:24:00";100;100;;;;;;;;;;"1";"Involontaire (particulier)";;;;;""
2022;15544;"34";"34334";"Vieussan";"2022-06-11 14:29:00";600;600;;;;;;;;;;"1";"Malveillance";;;;;""
2022;15348;"30";"30093";"Conqueyrac";"2022-06-11 15:23:00";3193;3193;;;;;;;;;;"6";"Accidentelle";;;;;""
2022;21677;"2A";"2A247";"Porto-Vecchio";"2022-06-11 15:31:00";1418;;1418;;;;;;;;;;"Malveillance";;;;;""
2022;15580;"13";"13047";"Istres";"2022-06-11 15:58:00";100;100;;;;;;;;;;"1";"Malveillance";;;;;""
2022;3383;"60";"60325";"Jaux";"2022-06-11 16:27:00";2000;0;;1000;;;1000;1000;0;1000;"Estimées";;;;;;;""
2022;10176;"17";"17380";"Saint-Palais-sur-Mer";"2022-06-11 17:31:00";60;60;;;0;0;;;;;"Mesurées";;;"Non";0;0;0;""
2022;869;"89";"89335";"Saint-Aubin-sur-Yonne";"2022-06-11 18:47:00";600;0;;600;;;600;0;0;0;"Estimées";;;;;;;""
2022;15351;"06";"06084";"Mouans-Sartoux";"2022-06-11 19:30:00";1200;;;;;;;;;;;;;;;;;""
2022;12303;"31";"31233";"Grépiac";"2022-06-11 19:40:00";10500;10500;;0;;;0;0;0;0;"Estimées";;;"Non";;;;""
2022;15352;"06";"06050";"Coursegoules";"2022-06-12 00:43:00";12000;;12000;;;;;;;;;"1";"Malveillance";;;;;""
2022;15667;"48";"48158";"Saint-Hilaire-de-Lavit";"2022-06-12 09:44:00";10000;;10000;;;;;;;;;"3";;;;;;""
2022;15823;"2B";"2B029";"Barbaggio";"2022-06-12 11:36:00";53000;13000;;;;;;;;40000;;"3";"Malveillance";;;;;""
2022;7326;"61";"61454";"Sainte-Scolasse-sur-Sarthe";"2022-06-12 13:25:58";20000;0;;20000;;;20000;0;;;;;"Malveillance";;;;;"Données partielles ou non valides"
2022;15437;"66";"66070";"Espira-de-Conflent";"2022-06-12 13:59:00";1500;;;;;;;;;1500;;"6";"Malveillance";;;;;""
2022;15475;"66";"66014";"Baixas";"2022-06-12 14:03:00";293800;109900;165400;;;;;;;18500;;"1";"Malveillance";;;;;""
2022;15438;"66";"66140";"Pézilla-la-Rivière";"2022-06-12 14:20:00";15000;;;;;;;;;15000;;"6";;;;;;""
2022;15669;"48";"48103";"Montrodat";"2022-06-12 14:20:00";2000;;2000;;;;;;;;;"3";;;;;;""
2022;15349;"30";"30189";"Nîmes";"2022-06-12 14:55:00";2000;;;;;;;;;;;;;;;;;""
2022;7325;"61";"61002";"Almenêches";"2022-06-12 15:17:51";100000;0;;100000;;;100000;0;;;;;"Malveillance";;;;;"Données partielles ou non valides"
2022;15585;"13";"13051";"Lançon-Provence";"2022-06-12 15:30:00";27000;27000;;;;;;;;;;"1";"Involontaire (particulier)";;;;;""
2022;21522;"84";"84031";"Carpentras";"2022-06-12 15:44:00";1000;0;;;;;;;;;;;"Accidentelle";;;;;""
2022;7324;"61";"61234";"Lonrai";"2022-06-12 15:53:56";200000;0;;200000;;;200000;0;;;;;"Malveillance";;;;;"Données partielles ou non valides"
2022;15582;"13";"13110";"Trets";"2022-06-12 15:57:00";500;500;;;;;;;;;;"1";"Involontaire (travaux)";;;;;""
2022;2054;"29";"29151";"Morlaix";"2022-06-12 16:09:00";10;10;;0;;;0;0;0;0;"Estimées";;;;;;;""
2022;18487;"11";"11430";"Villeneuve-la-Comptal";"2022-06-12 16:31:00";3703;;;;;;;;;;;;;;;;;""
2022;611;"59";"59491";"Raismes";"2022-06-12 16:39:00";3000;3000;;0;;;0;0;0;0;"Estimées";;;;;;;""
2022;15443;"66";"66225";"Villelongue-dels-Monts";"2022-06-12 16:58:00";5000;5000;;;;;;;;;;"3";"Malveillance";;;;;""
2022;7323;"61";"61345";"Rémalard en Perche";"2022-06-12 17:02:48";9000;0;;9000;;;9000;0;;;;;"Malveillance";;;;;"Données partielles ou non valides"
2022;4015;"53";"53048";"Chailland";"2022-06-12 17:25:00";30;0;;30;;;30;0;0;0;"Mesurées";;;;;;;""
2022;609;"71";"71379";"Sagy";"2022-06-12 18:04:00";300;0;;300;;;300;0;0;0;"Estimées";;;;;;;""
2022;7322;"61";"61193";"La Gonfrière";"2022-06-12 18:29:33";300000;0;;300000;;;300000;0;;;;;"Malveillance";;;;;"Données partielles ou non valides"
2022;15387;"06";"06111";"Roure";"2022-06-12 20:35:00";600;;;;;;;;;;;;;;;;;""
2022;15586;"13";"13001";"Aix-en-Provence";"2022-06-12 21:30:00";100;100;;;;;;;;;;"1";"Accidentelle";;;;;""
2022;16020;"83";"83073";"Le Luc";"2022-06-13 00:45:00";2000;2000;;;;;;;;;;"4";"Involontaire (particulier)";;;;;""
2022;4530;"35";"35117";"Gaël";"2022-06-13 01:42:00";10;0;;10;;;10;0;0;0;"Estimées";;;;;;;""
2022;15587;"13";"13087";"Rousset";"2022-06-13 05:45:00";150;150;;;;;;;;;;"1";"Involontaire (particulier)";;;;;""
2022;10948;"40";"40114";"Gourbera";"2022-06-13 09:30:00";20;20;;0;;;0;;;0;"Estimées";;"Naturelle";"Non";;;;""
2022;15825;"2B";"2B049";"Calenzana";"2022-06-13 10:49:00";20000;;;;;;;;;;;;;;;;;""
2022;15828;"2B";"2B143";"Linguizzetta";"2022-06-13 12:06:00";730000;;130000;;;;;;;600000;;;"Involontaire (particulier)";;;;;""
2022;15588;"13";"13019";"Cabriès";"2022-06-13 13:35:00";300;300;;;;;;;;;;"1";;;;;;""
2022;640;"43";"43162";"Retournac";"2022-06-13 14:22:00";1500;1500;;0;;;0;0;0;0;"Mesurées";;;;;;;""
2022;2055;"29";"29186";"Plouezoc'h";"2022-06-13 14:29:00";500;0;;500;;;500;0;0;0;"Estimées";;;;;;;""
2022;15484;"30";"30145";"Lédenon";"2022-06-13 14:44:00";376800;;376800;;;;;;;;;"1";"Accidentelle";;;;;""
2022;13155;"86";"86181";"Nueil-sous-Faye";"2022-06-13 15:00:40";434000;3617;;;430383;0;;;;;"Estimées";;;"Non";;;;""
2022;16746;"07";"07024";"Banne";"2022-06-13 15:10:00";2000;2000;;;;;;;;;;"3";;;;;;""
2022;11591;"33";"33529";"La Teste-de-Buch";"2022-06-13 15:17:00";600;600;;0;;;0;;;0;"Estimées";;"Accidentelle";"Non";;;;""
2022;15483;"30";"30041";"Blauzac";"2022-06-13 15:31:00";179700;;179700;;;;;;;;;"1";"Involontaire (particulier)";;;;;""
2022;16032;"30";"30319";"Serviers-et-Labaume";"2022-06-13 15:34:00";772400;772400;;;;;;;;;;"4";"Involontaire (travaux)";;;;;""
2022;15385;"04";"04012";"Aubenas-les-Alpes";"2022-06-13 16:41:00";20;20;;;;;;;;;;;"Accidentelle";;;;;""
2022;637;"81";"81063";"Castelnau-de-Lévis";"2022-06-13 18:07:00";30000;0;;10000;;;10000;0;20000;20000;"Estimées";;"Involontaire (travaux)";;;;;""
2022;15590;"13";"13051";"Lançon-Provence";"2022-06-13 18:09:00";10000;10000;;;;;;;;;;"1";"Involontaire (travaux)";;;;;""
2022;15589;"13";"13073";"Peypin";"2022-06-13 18:46:00";80;80;;;;;;;;;;"1";;;;;;""
2022;2059;"29";"29057";"La Forêt-Fouesnant";"2022-06-13 19:53:00";15;0;;15;;;15;0;0;0;"Mesurées";;;;;;;""
2022;2058;"29";"29241";"Rosporden";"2022-06-13 19:55:00";500;0;;500;;;500;0;0;0;"Estimées";;;;;;;""
2022;10177;"17";"17452";"La Tremblade";"2022-06-13 21:17:00";4000;4000;;;0;0;;;;;"Mesurées";;;"Non";0;0;0;""
2022;15381;"04";"04230";"Valensole";"2022-06-13 21:18:00";46;46;;;;;;;;;;"5";"Accidentelle";;;;;""
2022;9001;"44";"44161";"Saint-Gildas-des-Bois";"2022-06-14 10:01:00";80;0;;80;;;80;0;0;0;"Estimées";;;;;;;""
2022;16898;"2A";"2A240";"Poggiolo";"2022-06-14 10:27:00";50;;50;;;;;;;;;;;;;;;""
2022;6752;"72";"72260";"Ruaudin";"2022-06-14 11:29:00";300;300;;0;;;0;0;0;0;"Estimées";;;;;;;""
2022;16023;"11";"11295";"Portel-des-Corbières";"2022-06-14 11:55:00";62773;;;;;;;;;;;;;;;;;""
2022;15592;"13";"13038";"Fontvieille";"2022-06-14 12:15:00";100;100;;;;;;;;;;"1";;;;;;""
2022;15671;"48";"48146";"Gorges du Tarn Causses";"2022-06-14 12:45:00";700000;700000;;;;;;;;;;"4";;;;;;""
2022;17332;"11";"11018";"Arzens";"2022-06-14 12:59:00";11470;;;;;;;;;;;;;;;;;""
2022;16028;"83";"83081";"Montauroux";"2022-06-14 13:15:00";8000;8000;;;;;;;;;;"5";"Involontaire (particulier)";;;;;""
2022;672;"08";"08081";"Bogny-sur-Meuse";"2022-06-14 14:45:00";20;0;;20;;;20;0;0;0;"Estimées";;;;;;;""
2022;16747;"07";"07161";"Montpezat-sous-Bauzon";"2022-06-14 14:50:00";300;;300;;;;;;;;;"1";"Accidentelle";;;;;""
2022;15388;"06";"06079";"Mandelieu-la-Napoule";"2022-06-14 14:50:00";50;;;;;;;;;;;;;;;;;""
2022;7321;"61";"61050";"Cour-Maugis sur Huisne";"2022-06-14 16:42:45";250000;0;;250000;;;250000;0;;;;;"Malveillance";;;;;"Données partielles ou non valides"
2022;2060;"29";"29139";"Lopérec";"2022-06-14 17:37:00";400;0;;400;;;400;0;0;0;"Estimées";;;;;;;""
2022;13283;"86";"86037";"Brigueil-le-Chantre";"2022-06-14 18:27:34";39300;13100;;13100;13100;0;;;;;"Estimées";;"Involontaire (travaux)";"Non";;;;""
2022;2062;"29";"29008";"Beuzec-Cap-Sizun";"2022-06-14 19:54:00";30;0;;30;;;30;0;0;0;"Estimées";;;;;;;""
2022;16070;"83";"83113";"Saint-Julien";"2022-06-14 21:06:00";60;60;;;;;;;;;;"3";"Involontaire (particulier)";;;;;""
2022;15591;"13";"13051";"Lançon-Provence";"2022-06-14 23:05:00";5;5;;;;;;;;;;"1";"Malveillance";;;;;""
2022;15459;"66";"66112";"Montauriol";"2022-06-15 01:26:00";3000;;3000;;;;;;;;;"1";"Naturelle";;;;;""
2022;15462;"66";"66210";"Thuir";"2022-06-15 01:49:00";277;277;;;;;;;;;;"4";"Naturelle";;;;;""
2022;18537;"11";"11010";"Antugnac";"2022-06-15 08:10:00";200;;;;;;;;;;;;;;;;;""
2022;2863;"88";"88358";"Pouxeux";"2022-06-15 13:36:00";100;100;;0;;;0;0;0;0;"Estimées";;;;;;;""
2022;15593;"13";"13067";"Orgon";"2022-06-15 13:53:00";99900;99900;;;;;;;;;;"1";"Involontaire (particulier)";;;;;""
2022;9912;"79";"79111";"Ensigné";"2022-06-15 13:54:00";311000;500;;;310500;;;;;;"Mesurées";;"Involontaire (travaux)";"Non";;;;""
2022;7970;"12";"12291";"Verrières";"2022-06-15 15:07:00";155000;129000;;0;;;0;0;26000;26000;"Mesurées";;"Involontaire (travaux)";;;;;""
2022;5999;"56";"56191";"Réminiac";"2022-06-15 15:15:00";2000;0;;2000;;;2000;0;0;0;"Estimées";;;;;;;""
2022;15464;"66";"66112";"Montauriol";"2022-06-15 15:23:00";29000;;29000;;;;;;;;;"1";"Involontaire (travaux)";;;;;""
2022;16904;"2A";"2A271";"Sarrola-Carcopino";"2022-06-15 15:31:00";100;;100;;;;;;;;;;;;;;;""
2022;6004;"56";"56136";"Monteneuf";"2022-06-15 15:32:00";250;0;;250;;;250;0;0;0;"Estimées";;"Malveillance";;;;;""
2022;6761;"72";"72300";"Saint-Mars-la-Brière";"2022-06-15 15:55:00";500;500;;0;;;0;0;0;0;"Estimées";;;;;;;""
2022;3518;"36";"36089";"Jeu-les-Bois";"2022-06-15 16:01:00";10000;5000;;0;;;0;0;5000;5000;;;;;;;;""
2022;11737;"33";"33380";"Val-de-Livenne";"2022-06-15 16:02:00";10000;10000;;0;;;0;;;0;"Estimées";;;"Non";;;;""
2022;18370;"34";"34038";"Le Bousquet-d'Orb";"2022-06-15 16:04:00";1000;1000;;;;;;;;;;"1";"Malveillance";;;;;""
2022;17343;"11";"11296";"Pouzols-Minervois";"2022-06-15 16:28:00";4000;;;;;;;;;;;;;;;;;""
2022;2064;"29";"29190";"Plougonvelin";"2022-06-15 16:34:00";500;0;;500;;;500;0;0;0;"Estimées";;;;;;;""
2022;689;"59";"59491";"Raismes";"2022-06-15 16:42:00";2000;0;;2000;;;2000;0;0;0;"Estimées";;;;;;;""
2022;1167;"41";"41180";"Pontlevoy";"2022-06-15 16:53:00";1000;0;;1000;;;1000;0;0;0;"Estimées";;"Accidentelle";;;;;""
2022;943;"46";"46007";"Arcambal";"2022-06-15 17:33:00";30000;0;;30000;;;30000;0;0;0;"Estimées";;;;;;;""
2022;6008;"56";"56162";"Ploemeur";"2022-06-15 18:37:00";150;0;;150;;;150;0;0;0;"Estimées";;"Malveillance";;;;;""
2022;7320;"61";"61215";"Laleu";"2022-06-15 19:01:05";600;0;;600;;;600;0;;;;;"Malveillance";;;;;"Données partielles ou non valides"
2022;4009;"53";"53109";"Grazay";"2022-06-15 19:20:00";1;0;;1;;;1;0;0;0;"Estimées";;"Malveillance";;;;;""
2022;11383;"33";"33382";"Saint-Christoly-de-Blaye";"2022-06-15 20:25:00";500;500;;0;;;0;;;0;"Estimées";;"Malveillance";"Non";;;;""
2022;15467;"66";"66045";"Catllar";"2022-06-15 20:56:00";400;;400;;;;;;;;;"1";;;;;;""
2022;15558;"04";"04088";"Forcalquier";"2022-06-16 01:34:00";10000;;;;;;;;;;;;;;;;;""
2022;5701;"56";"56191";"Réminiac";"2022-06-16 09:06:00";200;0;;200;;;200;0;0;0;"Estimées";;"Involontaire (travaux)";;;;;""
2022;15595;"13";"13079";"Puyloubier";"2022-06-16 10:03:00";100;100;;;;;;;;;;"1";"Involontaire (travaux)";;;;;""
2022;11588;"33";"33449";"Saint-Médard-en-Jalles";"2022-06-16 10:26:00";10;10;;0;;;0;;;0;"Estimées";;;"Non";;;;""
2022;5806;"27";"27679";"Verneuil d'Avre et d'Iton";"2022-06-16 11:31:00";200;0;;200;;;200;0;0;0;"Estimées";;;;;;;"Données partielles ou non valides"
2022;15596;"13";"13032";"Éguilles";"2022-06-16 13:22:00";40000;40000;;;;;;;;;;"1";"Involontaire (travaux)";;;;;""
2022;693;"81";"81099";"Gaillac";"2022-06-16 13:40:00";500;0;;500;;;500;0;0;0;"Estimées";;;;;;;""
2022;12591;"18";"18073";"Corquoy";"2022-06-16 13:44:00";16000;0;;1000;;;1000;0;15000;15000;"Estimées";;;"Non";;;;""
2022;2065;"29";"29137";"Logonna-Daoulas";"2022-06-16 13:49:00";15;0;;15;;;15;0;0;0;"Estimées";;;;;;;""
2022;697;"49";"49311";"Saint-Philbert-du-Peuple";"2022-06-16 13:57:00";10000;0;;10000;;;10000;0;0;0;"Estimées";;;;;;;""
2022;12592;"18";"18227";"Sainte-Montaine";"2022-06-16 14:33:00";20000;20000;;0;;;0;0;0;0;"Estimées";;;"Non";;;;""
2022;699;"81";"81010";"Ambialet";"2022-06-16 14:41:00";300;0;;300;;;300;0;0;0;"Estimées";;;;;;;""
2022;7319;"61";"61427";"Saint-Martin-l'Aiguillon";"2022-06-16 14:41:47";5000;0;;5000;;;5000;0;;;;;"Malveillance";;;;;"Données partielles ou non valides"
2022;695;"71";"71383";"Saint-Albain";"2022-06-16 14:52:00";3000;0;;3000;;;3000;0;0;0;"Estimées";;;;;;;""
2022;2066;"29";"29257";"Saint-Pabu";"2022-06-16 14:54:00";100;0;;100;;;100;0;0;0;"Estimées";;;;;;;""
2022;7815;"38";"38208";"Lavars";"2022-06-16 14:56:00";10;10;;0;;;0;0;0;0;"Estimées";;;;;;;""
2022;18535;"11";"11289";"Pieusse";"2022-06-16 15:19:00";5;;;;;;;;;;;;;;;;;""
2022;698;"81";"81104";"Giroussens";"2022-06-16 15:32:00";50;0;;50;;;50;0;0;0;"Estimées";;;;;;;""
2022;15740;"26";"26220";"Nyons";"2022-06-16 16:17:00";10000;;;;;;;;;;;;;;;;;""
2022;21523;"84";"84068";"Lourmarin";"2022-06-16 17:28:00";800;;;;;;;;;;;;;;;;;""
2022;2068;"29";"29236";"Riec-sur-Bélon";"2022-06-16 19:10:00";2000;0;;2000;;;2000;0;0;0;"Estimées";;;;;;;""
2022;703;"71";"71190";"Épinac";"2022-06-16 19:17:00";400;0;;400;;;400;0;0;0;"Estimées";;;;;;;""
2022;15689;"34";"34108";"Frontignan";"2022-06-16 20:11:00";100;100;;;;;;;;;;"1";"Involontaire (particulier)";;;;;""
2022;15564;"06";"06019";"Blausasc";"2022-06-16 20:22:00";200;;;;;;;;;;;;;;;;;""
2022;15677;"05";"05045";"Crots";"2022-06-16 21:05:00";800;800;;;;;;;;;;"5";"Involontaire (particulier)";;;;;""
2022;15597;"13";"13081";"Rognac";"2022-06-16 23:59:00";20;20;;;;;;;;;;"1";"Involontaire (particulier)";;;;;""
2022;15598;"13";"13088";"Le Rove";"2022-06-17 02:20:00";300;300;;;;;;;;;;"1";"Accidentelle";;;;;""
2022;15527;"30";"30237";"Saint-Brès";"2022-06-17 04:33:00";5000;;;;;;;;;;;;;;;;;""
2022;5809;"27";"27394";"Martot";"2022-06-17 09:42:00";400;0;;400;;;400;0;0;0;"Estimées";;;;;;;"Données partielles ou non valides"
2022;15525;"30";"30334";"Uzès";"2022-06-17 09:52:00";8000;;;;;;;;;;;;;;;;;""
2022;11555;"33";"33274";"Martillac";"2022-06-17 09:53:00";2000;2000;;0;;;0;;;0;"Estimées";;;"Non";;;;""
2022;15563;"06";"06088";"Nice";"2022-06-17 10:08:00";500;;;;;;;;;;;;;;;;;""
2022;3132;"44";"44215";"Vertou";"2022-06-17 11:50:00";10000;0;;10000;;;10000;0;0;0;"Estimées";;;;;;;""
2022;21524;"84";"84049";"Gigondas";"2022-06-17 12:45:00";257;;;;;;;;;;;;;;;;;""
2022;2069;"29";"29078";"Hanvec";"2022-06-17 12:57:00";10000;0;;10000;;;10000;0;0;0;"Estimées";;;;;;;""
2022;13170;"86";"86070";"Chauvigny";"2022-06-17 13:06:35";176000;438;;438;175124;0;;;;;"Estimées";;;"Non";;;;""
2022;3251;"42";"42021";"Boisset-Saint-Priest";"2022-06-17 13:28:00";200000;0;;200000;;;200000;0;0;0;"Estimées";;"Involontaire (travaux)";;;;;""
2022;12601;"18";"18107";"La Groutte";"2022-06-17 13:29:00";40004;0;;4;;;4;40000;0;40000;"Estimées";;;"Non";;;;""
2022;1424;"37";"37049";"Chambourg-sur-Indre";"2022-06-17 14:35:00";1000;0;;1000;;;1000;0;0;0;"Estimées";;;;;;;""
2022;15601;"13";"13051";"Lançon-Provence";"2022-06-17 14:37:00";50;50;;;;;;;;;;"1";;;;;;""
2022;15608;"13";"13044";"Grans";"2022-06-17 14:37:00";300;300;;;;;;;;;;"1";"Accidentelle";;;;;""
2022;17154;"07";"07092";"Freyssenet";"2022-06-17 14:49:00";292200;285200;;;;;;;;7000;;"3";;;;;;""
2022;16026;"11";"11253";"Montolieu";"2022-06-17 15:00:00";10400;;;;;;;;;;;;"Involontaire (travaux)";;;;;""
2022;7986;"12";"12072";"Comprégnac";"2022-06-17 15:03:00";2909000;1836000;;0;;;0;439000;634000;1073000;"Mesurées";;"Accidentelle";;;;;""
2022;13172;"86";"86272";"Thuré";"2022-06-17 15:09:17";60000;20000;;40000;0;0;;;;;"Estimées";;;"Non";;;;""
2022;15687;"34";"34118";"Guzargues";"2022-06-17 15:23:00";329248;0;329248;;;;;;;;;"1";"Accidentelle";;;;;""
2022;17155;"07";"07348";"Vogüé";"2022-06-17 15:32:00";60000;;60000;;;;;;;;;"1";;;;;;""
2022;15561;"04";"04166";"Riez";"2022-06-17 15:53:00";2500;2500;;;;;;;;;;"5";"Accidentelle";;;;;""
2022;15688;"34";"34268";"Saint-Jean-de-la-Blaquière";"2022-06-17 16:03:00";146953;0;146953;;;;;;;;;"1";"Malveillance";;;;;""
2022;2086;"15";"15265";"Ydes";"2022-06-17 16:42:00";500;500;;0;;;0;0;0;0;"Estimées";;;;;;;""
2022;2070;"29";"29234";"Rédené";"2022-06-17 16:43:00";500;0;;500;;;500;0;0;0;"Estimées";;;;;;;""
2022;2071;"29";"29151";"Morlaix";"2022-06-17 17:00:00";10;0;;10;;;10;0;0;0;"Estimées";;;;;;;""
2022;7318;"61";"61203";"Héloup";"2022-06-17 17:19:11";8000;0;;8000;;;8000;0;;;;;"Malveillance";;;;;"Données partielles ou non valides"
2022;12605;"18";"18255";"Le Subdray";"2022-06-17 17:49:00";100;0;;100;;;100;0;0;0;"Estimées";;;"Non";;;;""
2022;2072;"29";"29044";"Dinéault";"2022-06-17 17:53:00";348300;0;;348300;;;348300;0;0;0;"Mesurées";;;;;;;""
2022;2087;"15";"15072";"Freix-Anglards";"2022-06-17 18:20:00";300;300;;0;;;0;0;0;0;"Estimées";;;;;;;""
2022;2073;"29";"29150";"Moëlan-sur-Mer";"2022-06-17 18:25:00";300;300;;0;;;0;0;0;0;"Mesurées";;;;;;;""
2022;11561;"33";"33424";"Saint-Laurent-Médoc";"2022-06-17 23:34:00";1000;1000;;0;;;0;;;0;"Estimées";;;"Non";;;;""
2022;18052;"83";"83002";"Aiguines";"2022-06-18 09:25:00";25000000;7190000;6490000;;;;;;;11320000;;"1";"Involontaire (travaux)";;;;;""
2022;13176;"86";"86272";"Thuré";"2022-06-18 09:56:35";10000;10000;;;0;0;;;;;"Estimées";;;"Non";;;;""
2022;15741;"26";"26146";"Grignan";"2022-06-18 11:25:00";363463;344663;;;;;;;;18800;;"2";"Malveillance";;;;;""
2022;948;"46";"46042";"Cahors";"2022-06-18 11:38:00";2000;0;;2000;;;2000;0;0;0;"Estimées";;;;;;;""
2022;16080;"83";"83069";"Hyères";"2022-06-18 11:48:00";7000;7000;;;;;;;;;;"3";"Malveillance";;;;;""
2022;737;"81";"81243";"Saint-Beauzile";"2022-06-18 12:00:00";849600;272400;;0;;;0;577200;0;577200;"Estimées";;"Involontaire (travaux)";;;;;""
2022;10881;"40";"40227";"Pissos";"2022-06-18 12:25:00";5000;5000;;0;;;0;;;0;"Estimées";;;"Non";;;;""
2022;1129;"41";"41275";"La Ville-aux-Clercs";"2022-06-18 12:52:00";300000;100000;;0;;;0;200000;0;200000;"Estimées";;"Involontaire (travaux)";;;;;""
2022;2074;"29";"29217";"Pont-Aven";"2022-06-18 13:17:00";100;0;;100;;;100;0;0;0;"Estimées";;"Accidentelle";;;;;""
2022;949;"46";"46156";"Bellefont-La Rauze";"2022-06-18 13:24:00";12000;0;;12000;;;12000;0;0;0;"Estimées";;;;;;;""
2022;7990;"12";"12092";"Durenque";"2022-06-18 13:50:00";50000;20000;;0;;;0;0;30000;30000;"Estimées";;;;;;;""
2022;8285;"38";"38241";"Monestier-d'Ambel";"2022-06-18 14:13:00";200;200;;0;;;0;0;0;0;"Estimées";;;;;;;""
2022;731;"71";"71588";"Vitry-en-Charollais";"2022-06-18 14:34:00";2;0;;2;;;2;0;0;0;"Estimées";;;;;;;""
2022;13289;"86";"86197";"Pouant";"2022-06-18 14:34:53";10000;10000;;;0;0;;;;;"Estimées";;"Accidentelle";"Non";;;;""
2022;6028;"56";"56032";"Campénéac";"2022-06-18 15:14:00";120000;0;;120000;;;120000;0;0;0;"Mesurées";;;;;;;""
2022;2430;"77";"77186";"Fontainebleau";"2022-06-18 15:25:00";2500;2500;;0;;;0;0;0;0;"Mesurées";;;;;;;""
2022;7317;"61";"61167";"La Ferté-en-Ouche";"2022-06-18 15:30:21";1000;0;;1000;;;1000;0;;;;;"Malveillance";;;;;"Données partielles ou non valides"
2022;733;"71";"71465";"Saint-Micaud";"2022-06-18 15:36:00";100;0;;100;;;100;0;0;0;"Estimées";;"Accidentelle";;;;;""
2022;15602;"13";"13067";"Orgon";"2022-06-18 15:37:00";20000;20000;;;;;;;;;;"1";"Involontaire (travaux)";;;;;""
2022;16027;"11";"11181";"Labécède-Lauragais";"2022-06-18 15:45:00";200003;;;;;;;;;;;;;;;;;""
2022;21525;"84";"84150";"Visan";"2022-06-18 16:00:00";3500;;;;;;;;;;;;;;;;;""
2022;953;"46";"46007";"Arcambal";"2022-06-18 16:09:00";50000;0;;50000;;;50000;0;0;0;"Estimées";;;;;;;""
2022;1432;"37";"37111";"Genillé";"2022-06-18 16:36:00";90000;70000;;20000;;;20000;0;0;0;"Estimées";;;;;;;""
2022;1169;"41";"41229";"Saint-Romain-sur-Cher";"2022-06-18 16:42:00";2500;0;;2500;;;2500;0;0;0;"Estimées";;"Accidentelle";;;;;""
2022;13182;"86";"86070";"Chauvigny";"2022-06-18 16:57:34";10000;10000;;;0;0;;;;;"Estimées";;;"Non";;;;""
2022;15672;"48";"48094";"Massegros Causses Gorges";"2022-06-18 17:18:00";4400;;;;;;;;;4400;;"1";;;;;;""
2022;11564;"33";"33075";"Bruges";"2022-06-18 17:32:00";200;100;;0;;;0;;;100;"Estimées";;;"Non";;;;""
2022;11569;"33";"33236";"Lège-Cap-Ferret";"2022-06-18 17:58:00";10000;10000;;0;;;0;;;0;"Estimées";;;"Non";;;;""
2022;1188;"41";"41212";"Saint-Gervais-la-Forêt";"2022-06-18 18:05:00";5000;0;;5000;;;5000;0;0;0;"Estimées";;;;;;;""
2022;10829;"40";"40192";"Mont-de-Marsan";"2022-06-18 18:20:00";5;5;;0;;;0;;;0;"Estimées";;;"Non";;;;""
2022;2095;"15";"15055";"Coren";"2022-06-18 18:21:00";5000;5000;;0;;;0;0;0;0;"Estimées";;;;;;;""
2022;2075;"29";"29158";"Penmarch";"2022-06-18 18:22:00";200;0;;200;;;200;0;0;0;"Estimées";;;;;;;""
2022;955;"46";"46129";"Gréalou";"2022-06-18 18:30:00";15000;0;;15000;;;15000;0;0;0;"Estimées";;;;;;;""
2022;9335;"38";"38527";"Vaujany";"2022-06-18 18:38:00";150000;150000;;;0;0;;;;;"Estimées";;"Naturelle";"Non";;;;""
2022;8347;"10";"10261";"Mussy-sur-Seine";"2022-06-18 18:51:00";50000;50000;;0;;;0;0;0;0;"Estimées";;;;;;;""
2022;20549;"06";"06084";"Mouans-Sartoux";"2022-06-18 18:58:00";300;;;;;;;;;;;;;;;;;""
2022;745;"81";"81325";"Viviers-lès-Montagnes";"2022-06-18 19:02:00";122000;0;;2000;;;2000;0;120000;120000;"Estimées";;"Involontaire (travaux)";;;;;""
2022;21526;"84";"84150";"Visan";"2022-06-18 19:30:00";100;;;;;;;;;;;;"Involontaire (travaux)";;;;;""
2022;1824;"53";"53201";"Saint-Berthevin";"2022-06-18 20:37:00";1000;0;;1000;;;1000;0;0;0;"Mesurées";;;;;;;""
2022;11651;"33";"33019";"Audenge";"2022-06-18 21:33:00";2500;2500;;0;;;0;;;0;"Estimées";;"Naturelle";"Non";;;;""
2022;11597;"33";"33297";"Moulis-en-Médoc";"2022-06-18 21:43:00";1000;1000;;0;;;0;;;0;"Estimées";;"Naturelle";"Non";;;;""
2022;16081;"83";"83031";"Le Cannet-des-Maures";"2022-06-18 22:24:00";85;85;;;;;;;;;;"1";"Malveillance";;;;;""
2022;6031;"56";"56032";"Campénéac";"2022-06-18 22:53:00";2;0;;2;;;2;0;0;0;"Estimées";;"Involontaire (travaux)";;;;;""
2022;11649;"33";"33503";"Saumos";"2022-06-18 23:00:00";50;50;;0;;;0;;;0;"Estimées";;"Naturelle";"Non";;;;""
2022;6032;"56";"56247";"Sulniac";"2022-06-18 23:43:00";1000;1000;;0;;;0;0;0;0;"Estimées";;"Naturelle";;;;;""
2022;10178;"17";"17225";"Les Mathes";"2022-06-19 00:03:00";90;90;;;0;0;;;;;"Mesurées";;;"Non";0;0;0;""
2022;15604;"13";"13056";"Martigues";"2022-06-19 02:14:00";200;200;;;;;;;;;;"1";;;;;;""
2022;1815;"53";"53218";"Sainte-Gemmes-le-Robert";"2022-06-19 02:49:00";160;0;;160;;;160;0;0;0;"Mesurées";;"Naturelle";;;;;""
2022;1813;"53";"53218";"Sainte-Gemmes-le-Robert";"2022-06-19 05:27:00";12;0;;12;;;12;0;0;0;"Mesurées";;;;;;;""
2022;11610;"33";"33300";"Naujac-sur-Mer";"2022-06-19 05:45:00";10000;10000;;0;;;0;;;0;"Estimées";;"Naturelle";"Non";;;;""
2022;11576;"33";"33193";"Grayan-et-l'Hôpital";"2022-06-19 06:51:00";150;150;;0;;;0;;;0;"Estimées";;"Naturelle";"Non";;;;""
2022;9932;"79";"79022";"Availles-Thouarsais";"2022-06-19 07:08:00";5;5;;;;;;;;;"Estimées";;"Naturelle";"Non";;;;""
2022;806;"43";"43078";"Coubon";"2022-06-19 07:25:00";19500;0;;14000;;;14000;5500;0;5500;"Mesurées";;;;;;;""
2022;9933;"79";"79008";"Amailloux";"2022-06-19 07:30:00";1;1;;;;;;;;;"Estimées";;"Naturelle";"Non";;;;""
2022;5246;"74";"74118";"Étrembières";"2022-06-19 10:37:00";100;100;;0;;;0;0;0;0;"Estimées";;"Accidentelle";;;;;""
2022;9934;"79";"79002";"Adilly";"2022-06-19 10:45:00";5;5;;;;;;;;;"Estimées";;"Naturelle";"Non";;;;""
2022;3252;"42";"42021";"Boisset-Saint-Priest";"2022-06-19 11:00:00";25000;0;;25000;;;25000;0;0;0;"Estimées";;;;;;;""
2022;1358;"21";"21599";"Selongey";"2022-06-19 11:20:00";500000;210000;;0;;;0;290000;0;290000;"Estimées";;;;;;;""
2022;16749;"07";"07073";"Le Crestet";"2022-06-19 11:50:00";178000;69550;54450;;;;;;;54000;;"3";;;;;;""
2022;8161;"38";"38544";"Vienne";"2022-06-19 13:13:00";10000;10000;;0;;;0;0;0;0;"Estimées";;;;;;;""
2022;15742;"26";"26295";"Saint-Barthélemy-de-Vals";"2022-06-19 13:56:00";110000;110000;;;;;;;;;;"2";"Malveillance";;;;;""
2022;772;"43";"43025";"Beauzac";"2022-06-19 14:21:00";15700;12000;;0;;;0;3700;0;3700;"Mesurées";;"Accidentelle";;;;;""
2022;757;"81";"81073";"Crespinet";"2022-06-19 14:27:00";500000;0;;500000;;;500000;0;0;0;"Estimées";;"Accidentelle";;;;;""
2022;16750;"07";"07254";"Saint-Julien-du-Serre";"2022-06-19 14:47:00";60;;60;;;;;;;;;"1";"Accidentelle";;;;;""
2022;1361;"21";"21505";"Précy-sous-Thil";"2022-06-19 14:50:00";203200;3200;;0;;;0;0;200000;200000;"Estimées";;;;;;;""
2022;16748;"07";"07185";"Préaux";"2022-06-19 15:03:00";15000;;;;;;;;;;;"3";;;;;;""
2022;11575;"33";"33214";"Lacanau";"2022-06-19 15:20:00";400;400;;0;;;0;;;0;"Estimées";;"Naturelle";"Non";;;;""
2022;4712;"39";"39194";"Desnes";"2022-06-19 16:06:00";70000;0;;70000;;;70000;0;0;0;"Estimées";;;;;;;""
2022;10952;"40";"40267";"Saint-Justin";"2022-06-19 16:07:00";2226000;2226000;;0;;;0;0;0;0;"Estimées";;"Malveillance";"Non";;;;""
2022;1364;"21";"21231";"Dijon";"2022-06-19 16:23:00";300;0;;300;;;300;0;0;0;"Estimées";;;;;;;""
2022;2100;"15";"15141";"Neussargues en Pinatelle";"2022-06-19 16:26:00";20000;20000;;0;;;0;0;0;0;"Estimées";;"Involontaire (travaux)";;;;;""
2022;12014;"33";"33541";"Vensac";"2022-06-19 16:37:00";10000;10000;;0;;;0;;;0;"Estimées";;"Naturelle";"Non";;;;""
2022;16751;"07";"07064";"Le Cheylard";"2022-06-19 17:20:00";7000;;7000;;;;;;;;;"1";;;;;;""
2022;8023;"12";"12163";"Murasson";"2022-06-19 17:26:00";307000;96000;;33000;;;33000;178000;0;178000;"Mesurées";;"Accidentelle";;;;;""
2022;956;"46";"46138";"Cœur de Causse";"2022-06-19 17:37:00";1000;0;;1000;;;1000;0;0;0;"Estimées";;;;;;;""
2022;11574;"33";"33203";"Hourtin";"2022-06-19 18:00:00";2000;2000;;0;;;0;;;0;"Estimées";;"Naturelle";"Non";;;;""
2022;15673;"48";"48138";"Saint-Bonnet-de-Chirac";"2022-06-19 18:03:00";30000;;;;;;;;;30000;;"1";"Accidentelle";;;;;""
2022;15743;"26";"26333";"Saint-Vallier";"2022-06-19 19:28:00";2200;2200;;;;;;;;;;"2";"Malveillance";;;;;""
2022;17344;"11";"11233";"Mirepeisset";"2022-06-19 19:56:00";1000;;;;;;;;;;;;;;;;;""
2022;957;"46";"46337";"Mayrac";"2022-06-19 22:38:00";100;0;;100;;;100;0;0;0;"Estimées";;;;;;;""
2022;823;"43";"43006";"Ally";"2022-06-19 22:48:00";5000;0;;5000;;;5000;0;0;0;"Estimées";;;;;;;""
2022;15603;"13";"13088";"Le Rove";"2022-06-19 23:47:00";10;10;;;;;;;;;;"1";"Accidentelle";;;;;""
2022;16084;"83";"83148";"Vidauban";"2022-06-20 02:57:00";100;100;;;;;;;;;;"1";"Accidentelle";;;;;""
2022;16752;"07";"07064";"Le Cheylard";"2022-06-20 09:55:00";43600;43600;;;;;;;;;;"5";"Involontaire (particulier)";;;;;""
2022;16753;"07";"07097";"Glun";"2022-06-20 10:20:00";20000;;20000;;;;;;;;;"1";;;;;;""
2022;10830;"40";"40142";"Laluque";"2022-06-20 10:59:00";1200;1200;;0;;;0;;;0;"Estimées";;;"Non";;;;""
2022;15674;"48";"48070";"Grandrieu";"2022-06-20 11:11:00";15000;;15000;;;;;;;;;"1";;;;;;""
2022;974;"01";"01383";"Saint-Paul-de-Varax";"2022-06-20 12:00:00";15000;0;;2500;;;2500;0;12500;12500;"Estimées";;"Involontaire (travaux)";;;;;""
2022;1917;"69";"69070";"Cublize";"2022-06-20 12:06:00";5000;0;;5000;;;5000;0;0;0;"Estimées";;;;;;;""
2022;16754;"07";"07191";"Rochemaure";"2022-06-20 12:59:00";200;200;;;;;;;;;;"3";;;;;;""
2022;15678;"13";"13055";"Marseille";"2022-06-20 13:10:00";15000;;15000;;;;;;;;;"1";;;;;;""
2022;18811;"13";"13056";"Martigues";"2022-06-20 14:03:00";5;5;;;;;;;;;;"1";"Accidentelle";;;;;""
2022;827;"49";"49261";"Gennes-Val-de-Loire";"2022-06-20 14:47:00";25000;25000;;0;;;0;0;0;0;"Estimées";;;;;;;""
2022;15675;"48";"48076";;"2022-06-20 15:01:00";15000;;;;;;;;;15000;;"1";"Involontaire (travaux)";;;;;""
2022;16755;"07";"07129";"Lamastre";"2022-06-20 15:38:00";45000;45000;;;;;;;;;;"5";;;;;;""
2022;6783;"72";"72181";"Le Mans";"2022-06-20 15:54:00";300;300;;0;;;0;0;0;0;"Estimées";;;;;;;""
2022;15744;"26";"26086";"Châtillon-en-Diois";"2022-06-20 15:56:00";5000;;;;;;;;;;;;;;;;;""
2022;16759;"07";"07330";"Vallon-Pont-d'Arc";"2022-06-20 16:15:00";30000;;30000;;;;;;;;;"1";;;;;;""
2022;6033;"56";"56159";"Pleucadeuc";"2022-06-20 16:41:00";500;500;;0;;;0;0;0;0;"Estimées";;;;;;;""
2022;16762;"07";"07321";"Thorrenc";"2022-06-20 17:02:00";153400;70500;;;;;;;;82900;;"5";;;;;;""
2022;16764;"07";"07040";"Boucieu-le-Roi";"2022-06-20 17:11:00";65000;65000;;;;;;;;;;"4";"Accidentelle";;;;;""
2022;840;"43";"43256";"Venteuges";"2022-06-20 17:17:00";4600;4600;;0;;;0;0;0;0;"Mesurées";;;;;;;""
2022;18527;"11";"11254";"Montréal";"2022-06-20 17:45:00";24300;;;;;;;;;;;;;;;;;""
2022;15622;"30";"30307";"Les Salles-du-Gardon";"2022-06-20 18:21:00";300;;;;;;;;;;;;;;;;;""
2022;3254;"42";"42207";"Saint-Chamond";"2022-06-20 18:26:00";25000;0;;25000;;;25000;0;0;0;"Estimées";;;;;;;""
2022;828;"43";"43199";"Saint-Jeures";"2022-06-20 20:15:00";100;0;;100;;;100;0;0;0;"Estimées";;;;;;;""
2022;826;"71";"71497";"Sancé";"2022-06-20 21:06:00";50;0;;50;;;50;0;0;0;"Estimées";;;;;;;""
2022;18812;"13";"13001";"Aix-en-Provence";"2022-06-20 21:17:00";10;10;;;;;;;;;;"1";"Malveillance";;;;;""
2022;15676;"48";"48105";"Naussac-Fontanes";"2022-06-20 23:06:00";2500;;2500;;;;;;;;;"3";;;;;;""
2022;15842;"2B";"2B123";"Ghisonaccia";"2022-06-21 11:06:00";235900;;35900;;;;;;;200000;;"1";"Involontaire (travaux)";;;;;""
2022;836;"81";"81249";"Sainte-Gemme";"2022-06-21 13:41:00";10;0;;10;;;10;0;0;0;"Estimées";;;;;;;""
2022;958;"46";"46092";"Esclauzels";"2022-06-21 13:48:00";50000;0;;50000;;;50000;0;0;0;"Estimées";;;;;;;""
2022;959;"46";"46092";"Esclauzels";"2022-06-21 14:20:00";600;0;;600;;;600;0;0;0;"Estimées";;;;;;;""
2022;6034;"56";"56227";"Saint-Malo-des-Trois-Fontaines";"2022-06-21 14:39:00";5;0;;5;;;5;0;0;0;"Estimées";;;;;;;""
2022;963;"46";"46276";"Saint-Martin-Labouval";"2022-06-21 16:47:00";6000;0;;6000;;;6000;0;0;0;"Estimées";;;;;;;""
2022;966;"46";"46049";"Calvignac";"2022-06-21 17:36:00";10000;0;;10000;;;10000;0;0;0;"Estimées";;;;;;;""
2022;965;"46";"46049";"Calvignac";"2022-06-21 17:52:00";10000;0;;10000;;;10000;0;0;0;"Estimées";;;;;;;""
2022;11572;"33";"33501";"Saucats";"2022-06-21 18:10:00";1000;1000;;0;;;0;;;0;"Estimées";;;"Non";;;;""
2022;967;"46";"46049";"Calvignac";"2022-06-21 18:59:00";60000;0;;60000;;;60000;0;0;0;"Estimées";;;;;;;""
2022;7316;"61";"61426";"Saint-Martin-du-Vieux-Bellême";"2022-06-21 19:32:21";3000;0;;3000;;;3000;0;;;;;"Malveillance";;;;;"Données partielles ou non valides"
2022;15745;"26";"26367";"Venterol";"2022-06-21 21:32:00";1000;;;;;;;;;;;;;;;;;""
2022;15746;"26";"26342";"Solérieux";"2022-06-21 22:20:00";800;;;;;;;;;;;;;;;;;""
2022;11677;"33";"33310";"Origne";"2022-06-22 15:31:00";3500;3500;;0;;;0;;;0;"Estimées";;"Naturelle";"Non";;;;""
2022;18814;"13";"13103";"Salon-de-Provence";"2022-06-22 17:27:00";1500;1500;;;;;;;;;;"1";"Involontaire (particulier)";;;;;""
2022;657;"82";"82111";"Miramont-de-Quercy";"2022-06-22 17:58:00";500;0;;500;;;500;0;0;0;"Estimées";;;;;;;"Données partielles ou non valides"
2022;15887;"2B";"2B341";"Venaco";"2022-06-23 01:11:00";50000;50000;;;;;;;;;;"2";"Malveillance";;;;;""
2022;15700;"66";"66093";"Laroque-des-Albères";"2022-06-23 14:19:00";101000;;;;;;;;;101000;;"6";"Malveillance";;;;;""
2022;15844;"2B";"2B185";"Oletta";"2022-06-23 16:04:00";30000;;30000;;;;;;;;;;"Malveillance";;;;;""
2022;16029;"11";"11024";"Bages";"2022-06-23 17:17:00";1947;;;;;;;;;;;;;;;;;""
2022;17345;"11";"11295";"Portel-des-Corbières";"2022-06-23 17:25:00";10;;;;;;;;;;;;;;;;;""
2022;16091;"83";"83137";"Toulon";"2022-06-23 18:56:00";500;500;;;;;;;;;;"4";"Malveillance";;;;;""
2022;16193;"05";"05039";"Aubessagne";"2022-06-23 21:06:00";3;3;0;;;;;;;0;;"5";"Naturelle";;;;;""
2022;2076;"29";"29236";"Riec-sur-Bélon";"2022-06-23 21:49:00";10;0;;10;;;10;0;0;0;"Estimées";;;;;;;""
2022;18817;"13";"13046";"Gréasque";"2022-06-23 23:04:00";2;2;;;;;;;;;;"1";"Involontaire (particulier)";;;;;""
2022;17346;"11";"11069";"Carcassonne";"2022-06-24 03:06:00";10;;;;;;;;;;;;;;;;;""
2022;18818;"13";"13008";"Aurons";"2022-06-24 03:59:00";30;30;;;;;;;;;;"1";"Naturelle";;;;;""
2022;17348;"11";"11069";"Carcassonne";"2022-06-24 06:24:00";1;;;;;;;;;;;;;;;;;""
2022;15845;"2B";"2B009";"Aléria";"2022-06-24 12:29:00";300000;;300000;;;;;;;;;;"Involontaire (travaux)";;;;;""
2022;15733;"06";"06048";"Contes";"2022-06-24 14:24:00";1000;;1000;;;;;;;;;"1";"Naturelle";;;;;""
2022;15732;"06";"06117";"Saint-Blaise";"2022-06-24 14:57:00";20;;20;;;;;;;;;;"Naturelle";;;;;""
2022;11594;"33";"33014";"Les Artigues-de-Lussac";"2022-06-24 18:40:00";30000;5000;;0;;;0;;;25000;"Estimées";;"Involontaire (particulier)";"Non";;;;""
2022;21527;"84";"84091";"Piolenc";"2022-06-24 20:43:00";5;;;;;;;;;;;;;;;;;""
2022;18821;"13";"13047";"Istres";"2022-06-25 09:37:00";150;150;;;;;;;;;;"1";;;;;;""
2022;15731;"06";"06079";"Mandelieu-la-Napoule";"2022-06-25 10:29:00";100;;;;;;;;;;;;"Accidentelle";;;;;""
2022;16030;"11";"11098";"Conilhac-Corbières";"2022-06-25 14:01:00";2000;;;;;;;;;;;;;;;;;""
2022;16036;"66";"66150";"Prats-de-Mollo-la-Preste";"2022-06-25 14:02:00";500;500;;;;;;;;;;"4";"Naturelle";;;;;""
2022;15852;"2B";"2B123";"Ghisonaccia";"2022-06-25 15:14:00";50;;;;;;;;;;;;"Malveillance";;;;;""
2022;16907;"2A";"2A247";"Porto-Vecchio";"2022-06-25 21:43:00";150;;150;;;;;;;;;;"Accidentelle";;;;;""
2022;2077;"29";"29278";"Spézet";"2022-06-25 23:49:00";30;30;;0;;;0;0;0;0;"Estimées";;;;;;;""
2022;18822;"13";"13019";"Cabriès";"2022-06-26 02:11:00";2000;2000;;;;;;;;;;"1";;;;;;""
2022;16908;"2A";"2A104";"Eccica-Suarella";"2022-06-26 11:13:00";250;;250;;;;;;;;;;;;;;;""
2022;16281;"05";"05036";"Châteauroux-les-Alpes";"2022-06-26 13:26:00";35000;15000;;;;;;;;20000;;"4";"Naturelle";;;;;""
2022;15888;"2B";"2B352";"Ville-di-Paraso";"2022-06-26 13:48:00";81000;42000;9000;;;;;;;30000;;"2";"Malveillance";;;;;""
2022;16031;"11";"11269";"Ouveillan";"2022-06-26 17:29:00";4000;;;;;;;;;;;;;;;;;""
2022;16047;"66";"66142";"Planès";"2022-06-27 10:39:00";100;100;;;;;;;;;;"4";"Naturelle";;;;;""
2022;18823;"13";"13040";"Fuveau";"2022-06-27 13:40:00";10;10;;;;;;;;;;"1";"Accidentelle";;;;;""
2022;18825;"13";"13051";"Lançon-Provence";"2022-06-27 14:01:00";100;100;;;;;;;;;;"1";"Involontaire (travaux)";;;;;""
2022;15851;"06";"06122";"Saint-Jeannet";"2022-06-27 15:24:00";5000;;2500;;;;;;;2500;;"1";"Accidentelle";;;;;""
2022;9936;"79";"79195";"Nueil-les-Aubiers";"2022-06-27 15:35:00";129000;1000;;;128000;;;;;;"Mesurées";;"Involontaire (travaux)";"Non";;;;""
2022;18827;"13";"13051";"Lançon-Provence";"2022-06-27 15:47:00";100;100;;;;;;;;;;"1";"Involontaire (travaux)";;;;;""
2022;6037;"56";"56248";"Surzur";"2022-06-27 17:10:00";40000;0;;40000;;;40000;0;0;0;"Estimées";;;;;;;""
2022;15877;"04";"04004";"Allemagne-en-Provence";"2022-06-27 17:56:00";5200;5200;;;;;;;;;;"5";"Accidentelle";;;;;""
2022;18829;"13";"13001";"Aix-en-Provence";"2022-06-28 03:43:00";200;200;;;;;;;;;;"1";"Involontaire (particulier)";;;;;""
2022;16051;"66";"66127";"Opoul-Périllos";"2022-06-28 11:26:00";9419300;1990200;5526100;;;;;;;1903000;;"1";"Malveillance";;;;;""
2022;16052;"66";"66164";"Rivesaltes";"2022-06-28 11:37:00";55000;;;;;;;;;55000;;"5";"Malveillance";;;;;""
2022;15921;"06";"06083";"Menton";"2022-06-28 14:04:00";9800;;9800;;;;;;;;;"1";;;;;;""
2022;16053;"66";"66174";"Saint-Féliu-d'Avall";"2022-06-28 15:10:00";18800;;;;;;;;;18800;;"5";"Malveillance";;;;;""
2022;16909;"2A";"2A284";"Sollacaro";"2022-06-28 16:25:00";50;;50;;;;;;;;;;"Involontaire (particulier)";;;;;""
2022;2079;"29";"29137";"Logonna-Daoulas";"2022-06-28 16:43:00";20;0;;20;;;20;0;0;0;"Estimées";;;;;;;""
2022;16056;"66";"66041";"Cases-de-Pène";"2022-06-28 18:34:00";66300;57400;;;;;;;;8900;;"4";"Malveillance";;;;;""
2022;18830;"13";"13117";"Vitrolles";"2022-06-28 19:19:00";400;400;;;;;;;;;;"1";"Accidentelle";;;;;""
2022;18832;"13";"13086";"Roquevaire";"2022-06-28 22:45:00";150;150;;;;;;;;;;"1";"Accidentelle";;;;;""
2022;15879;"06";"06144";"La Tour";"2022-06-29 10:15:00";15;;;;;;;;;;;;"Naturelle";;;;;""
2022;992;"43";"43003";"Allègre";"2022-06-29 11:29:00";5;0;;5;;;5;0;0;0;"Estimées";;;;;;;""
2022;18833;"13";"13066";"Noves";"2022-06-29 14:14:00";2000;2000;;;;;;;;;;"1";"Involontaire (particulier)";;;;;""
2022;16061;"66";"66108";"Millas";"2022-06-29 15:35:00";661500;126100;415100;;;;;;;120300;;"1";"Malveillance";;;;;""
2022;21528;"84";"84007";"Avignon";"2022-06-29 16:31:00";1500;;;;;;;;;;;;;;;;;""
2022;15884;"30";"30284";"Saint-Martin-de-Valgalgues";"2022-06-29 16:34:00";36;36;;;;;;;;;;"2";"Accidentelle";;;;;""
2022;21731;"30";"30284";"Saint-Martin-de-Valgalgues";"2022-06-29 16:37:00";662;;;;;;;;;;;"2";;;;;;""
2022;23186;"50";"50129";"Cherbourg-en-Cotentin";"2022-06-29 16:43:07";2;0;;2;;;2;0;0;0;"Estimées";;;"Non";;;;""
2022;21530;"84";"84026";"Cadenet";"2022-06-29 16:49:00";700;;;;;;;;;;;;;;;;;""
2022;16063;"66";"66050";"Claira";"2022-06-29 17:11:00";10000;;;;;;;;;10000;;"6";;;;;;""
2022;16223;"04";"04179";"Saint-Geniez";"2022-06-29 18:18:00";4600;4600;;;;;;;;;;"4";"Naturelle";;;;;""
2022;16100;"83";"83046";"Cotignac";"2022-06-29 18:28:00";310;310;;;;;;;;;;"4";"Naturelle";;;;;""
2022;18835;"13";"13024";"Charleval";"2022-06-30 06:20:00";2500;2500;;;;;;;;;;"1";"Accidentelle";;;;;""
2022;7315;"61";"61168";"La Ferté Macé";"2022-06-30 13:08:53";3000;0;;3000;;;3000;0;;;;;"Malveillance";;;;;"Données partielles ou non valides"
2022;18847;"13";"13026";"Châteauneuf-les-Martigues";"2022-07-01 13:12:00";50;50;;;;;;;;;;"1";"Malveillance";;;;;""
2022;18841;"13";"13073";"Peypin";"2022-07-01 13:42:00";100;100;;;;;;;;;;"1";"Involontaire (particulier)";;;;;""
2022;21531;"84";"84091";"Piolenc";"2022-07-01 14:04:00";264600;243700;;;;;;;;20900;;"4";"Involontaire (particulier)";;;;;""
2022;16357;"66";"66136";"Perpignan";"2022-07-01 14:39:00";10000;;;;;;;;;10000;;"6";"Involontaire (travaux)";;;;;""
2022;5288;"29";"29189";"Plougastel-Daoulas";"2022-07-01 16:06:00";1500;0;;1500;;;1500;0;0;0;"Estimées";;;;;;;""
2022;18509;"11";"11188";"La Palme";"2022-07-01 16:07:00";20;;;;;;;;;;;;;;;;;""
2022;18523;"11";"11269";"Ouveillan";"2022-07-01 16:15:00";9048;;;;;;;;;;;;;;;;;""
2022;16279;"34";"34295";"Saussan";"2022-07-01 16:45:00";121971;0;121971;;;;;;;;;"1";"Malveillance";;;;;""
2022;18843;"13";"13001";"Aix-en-Provence";"2022-07-01 17:30:00";3000;3000;;;;;;;;;;"1";;;;;;""
2022;5289;"29";"29232";"Quimper";"2022-07-01 19:50:00";50;0;;50;;;50;0;0;0;"Estimées";;;;;;;""
2022;12482;"41";"41232";"Salbris";"2022-07-01 20:32:00";3;0;;3;;;3;0;0;0;"Estimées";;;;;;;""
2022;18846;"13";"13026";"Châteauneuf-les-Martigues";"2022-07-01 21:28:00";100;100;;;;;;;;;;"1";"Malveillance";;;;;""
2022;5290;"29";"29159";"Peumerit";"2022-07-01 21:51:00";25;0;;25;;;25;0;0;0;"Estimées";;;;;;;""
2022;18851;"13";"13040";"Fuveau";"2022-07-02 07:00:00";100;100;;;;;;;;;;"1";"Accidentelle";;;;;""
2022;17803;"07";"07301";"Saint-Victor";"2022-07-02 09:53:00";10000;10000;;;;;;;;;;"5";"Naturelle";;;;;""
2022;15897;"48";"48076";;"2022-07-02 14:05:00";20000;;20000;;;;;;;;;"1";;;;;;""
2022;16225;"04";"04018";"Banon";"2022-07-02 16:22:00";15200;7300;7900;;;;;;;;;"3";"Involontaire (travaux)";;;;;""
2022;1118;"91";"91086";"Bondoufle";"2022-07-02 17:06:00";200;0;;200;;;200;0;0;0;"Estimées";;;;;;;""
2022;16141;"83";"83012";"Barjols";"2022-07-02 17:18:00";12850;12850;;;;;;;;;;"2";"Accidentelle";;;;;""
2022;7314;"61";"61474";"Gouffern en Auge";"2022-07-02 17:27:55";30000;0;;30000;;;30000;0;;;;;"Malveillance";;;;;"Données partielles ou non valides"
2022;2878;"88";"88081";"Bussang";"2022-07-02 19:18:00";100;100;;0;;;0;0;0;0;"Estimées";;;;;;;""
2022;7313;"61";"61197";"Guêprei";"2022-07-02 19:38:54";20000;0;;20000;;;20000;0;;;;;"Malveillance";;;;;"Données partielles ou non valides"
2022;5291;"29";"29232";"Quimper";"2022-07-02 19:54:00";10;0;;10;;;10;0;0;0;"Estimées";;"Malveillance";;;;;""
2022;1046;"49";"49138";"Les Bois d'Anjou";"2022-07-02 21:48:00";800;800;;0;;;0;0;0;0;"Estimées";;;;;;;""
2022;18855;"13";"13067";"Orgon";"2022-07-03 00:45:00";200;200;;;;;;;;;;"1";;;;;;""
2022;18853;"13";"13002";"Allauch";"2022-07-03 01:59:00";3000;3000;;;;;;;;;;"1";"Involontaire (particulier)";;;;;""
2022;11206;"64";"64477";"Saint-Étienne-de-Baïgorry";"2022-07-03 11:53:12";10;10;;;;;;;;;"Estimées";;"Malveillance";"Non";;;;""
2022;16453;"2A";"2A247";"Porto-Vecchio";"2022-07-03 12:31:00";10000;;4000;;;;;;;6000;;"1";;;;;;""
2022;16365;"66";"66015";"Banyuls-dels-Aspres";"2022-07-03 13:09:00";10000;;;;;;;;;10000;;"6";;;;;;""
2022;16454;"2A";"2A092";"Conca";"2022-07-03 13:52:00";250;;250;;;;;;;;;"1";"Malveillance";;;;;""
2022;6039;"56";"56166";"Plouay";"2022-07-03 14:51:00";2;2;;0;;;0;0;0;0;"Mesurées";;"Involontaire (particulier)";;;;;""
2022;5832;"27";"27049";"Mesnil-en-Ouche";"2022-07-03 15:15:00";30000;0;;900;;;900;0;29100;29100;"Estimées";;;;;;;"Données partielles ou non valides"
2022;6815;"72";"72003";"Allonnes";"2022-07-03 15:44:00";300;300;;0;;;0;0;0;0;"Estimées";;;;;;;""
2022;16280;"34";"34154";"Mauguio";"2022-07-03 16:15:00";4167;4167;;;;;;;;;;"4";"Malveillance";;;;;""
2022;18788;"13";"13112";"Velaux";"2022-07-03 16:48:00";95400;95400;;;;;;;;;;"1";"Involontaire (particulier)";;;;;""
2022;10179;"17";"17077";"Cercoux";"2022-07-03 17:08:00";1500;1500;;;0;0;;;;;"Mesurées";;;"Non";0;0;0;""
2022;7312;"61";"61491";"Tourouvre au Perche";"2022-07-03 18:12:57";900;0;;900;;;900;0;;;;;"Malveillance";;;;;"Données partielles ou non valides"
2022;16517;"66";"66096";"Latour-de-France";"2022-07-03 18:17:00";5000;;5000;;;;;;;;;"1";;;;;;""
2022;15911;"05";"05104";"Poligny";"2022-07-03 18:54:00";300;300;;;;;;;;;;"3";"Naturelle";;;;;""
2022;16503;"34";"34311";"Tourbes";"2022-07-04 12:47:00";19131;;19131;;;;;;;;;"1";"Malveillance";;;;;""
2022;18371;"34";"34229";"Riols";"2022-07-04 13:10:00";841;841;;;;;;;;;;"1";"Involontaire (particulier)";;;;;""
2022;18859;"13";"13073";"Peypin";"2022-07-04 13:23:00";50;50;;;;;;;;;;"1";"Involontaire (particulier)";;;;;""
2022;5826;"27";"27009";"Ambenay";"2022-07-04 15:24:00";70000;0;;5000;;;5000;0;65000;65000;"Estimées";;;;;;;"Données partielles ou non valides"
2022;18857;"13";"13067";"Orgon";"2022-07-04 16:20:00";300;300;;;;;;;;;;"1";"Involontaire (travaux)";;;;;""
2022;17350;"11";"11023";"Badens";"2022-07-04 16:52:00";89555;;;;;;;;;;;;;;;;;""
2022;13195;"86";"86224";"Saint-Gervais-les-Trois-Clochers";"2022-07-04 17:40:10";2200;200;;2000;0;0;;;;;"Estimées";;;"Non";;;;""
2022;5835;"27";"27206";"Droisy";"2022-07-04 17:42:00";21000;0;;1000;;;1000;0;20000;20000;"Estimées";;;;;;;"Données partielles ou non valides"
2022;8047;"41";"41012";"Baillou";"2022-07-04 17:56:00";20120;0;;120;;;120;0;20000;20000;"Estimées";;;;;;;""
2022;2879;"88";"88099";"Chavelot";"2022-07-04 17:58:00";200;200;;0;;;0;0;0;0;"Estimées";;;;;;;""
2022;16375;"66";"66024";"Le Boulou";"2022-07-04 23:24:00";126;126;;;;;;;;;;"3";"Malveillance";;;;;""
2022;21532;"84";"84065";"Lauris";"2022-07-05 01:59:00";700;;;;;;;;;;;;;;;;;""
2022;4561;"35";"35238";"Rennes";"2022-07-05 02:46:00";50;0;;50;;;50;0;0;0;"Estimées";;;;;;;""
2022;18873;"13";"13046";"Gréasque";"2022-07-05 05:16:00";10;10;;;;;;;;;;"1";"Involontaire (particulier)";;;;;""
2022;18867;"13";"13051";"Lançon-Provence";"2022-07-05 08:58:00";50;50;;;;;;;;;;"1";"Involontaire (travaux)";;;;;""
2022;11791;"33";"33429";"Saint-Léger-de-Balson";"2022-07-05 09:16:00";400;400;;0;;;0;;;0;"Estimées";;"Naturelle";"Non";;;;""
2022;18786;"13";"13001";"Aix-en-Provence";"2022-07-05 11:24:00";300;300;;;;;;;;;;"1";;;;;;""
2022;16150;"2A";"2A288";"Sotta";"2022-07-05 11:24:00";1700;;1700;;;;;;;;;"5";"Accidentelle";;;;;""
2022;18871;"13";"13056";"Martigues";"2022-07-05 11:41:00";500;500;;;;;;;;;;"1";"Malveillance";;;;;""
2022;10180;"17";"17173";"La Genétouze";"2022-07-05 11:47:00";10000;10000;;;0;0;;;;;"Mesurées";;;"Non";0;0;0;""
2022;2881;"88";"88383";"Remiremont";"2022-07-05 11:58:00";3;3;;0;;;0;0;0;0;"Estimées";;;;;;;""
2022;4221;"77";"77186";"Fontainebleau";"2022-07-05 13:13:00";3000;3000;;0;;;0;0;0;0;"Estimées";;;;;;;""
2022;23044;"57";"57332";"Hombourg-Haut";"2022-07-05 13:33:00";10000;10000;;0;;;0;0;0;0;"Estimées";;;"Non";;;;""
2022;18868;"13";"13071";"Les Pennes-Mirabeau";"2022-07-05 14:59:00";8000;8000;;;;;;;;;;"1";"Involontaire (particulier)";;;;;""
2022;16145;"30";"30233";"Saint-Bauzély";"2022-07-05 15:13:00";3442;3442;;;;;;;;;;"1";;;;;;""
2022;18865;"13";"13095";"Saint-Marc-Jaumegarde";"2022-07-05 15:32:00";1700;1700;;;;;;;;;;"1";"Involontaire (particulier)";;;;;""
2022;18862;"13";"13098";"Saint-Mitre-les-Remparts";"2022-07-05 15:32:00";700;700;;;;;;;;;;"1";"Involontaire (particulier)";;;;;""
2022;16549;"34";"34172";"Montpellier";"2022-07-05 15:35:00";618;;618;;;;;;;;;"1";"Involontaire (particulier)";;;;;""
2022;10967;"40";"40217";"Parentis-en-Born";"2022-07-05 16:12:00";118000;8000;;0;;;0;;;110000;"Estimées";;"Naturelle";"Non";;;;""
2022;1105;"43";"43205";"Saint-Just-Malmont";"2022-07-05 16:20:00";10;0;;10;;;10;0;0;0;"Estimées";;;;;;;""
2022;18869;"13";"13015";"Bouc-Bel-Air";"2022-07-05 16:36:00";300;300;;;;;;;;;;"1";"Accidentelle";;;;;""
2022;16607;"34";"34270";"Saint-Jean-de-Védas";"2022-07-05 17:08:00";210;;210;;;;;;;;;"1";"Accidentelle";;;;;""
2022;11626;"33";"33429";"Saint-Léger-de-Balson";"2022-07-05 17:27:00";400;400;;0;;;0;;;0;"Estimées";;"Naturelle";"Non";;;;""
2022;2883;"88";"88253";"Jeuxey";"2022-07-05 17:40:00";3;3;;0;;;0;0;0;0;"Estimées";;;;;;;""
2022;8050;"41";"41256";"Theillay";"2022-07-05 17:45:00";6000;0;;6000;;;6000;0;0;0;"Estimées";;;;;;;""
2022;18870;"13";"13077";"Port-de-Bouc";"2022-07-05 17:54:00";10;10;;;;;;;;;;"1";"Involontaire (particulier)";;;;;""
2022;16147;"30";"30178";"Montfaucon";"2022-07-05 17:56:00";758;758;;;;;;;;;;"3";"Involontaire (particulier)";;;;;""
2022;6229;"56";"56247";"Sulniac";"2022-07-05 18:00:00";200;0;;200;;;200;0;0;0;"Estimées";;;;;;;""
2022;16519;"34";"34285";"Saint-Pons-de-Mauchiens";"2022-07-05 18:29:00";116264;;116264;;;;;;;;;"1";"Malveillance";;;;;""
2022;16148;"30";"30116";"Fournès";"2022-07-05 19:18:00";1264;;1264;;;;;;;;;"1";"Malveillance";;;;;""
2022;4360;"44";"44161";"Saint-Gildas-des-Bois";"2022-07-05 22:33:00";1000;0;;1000;;;1000;0;0;0;"Estimées";;;;;;;""
2022;17351;"11";"11069";"Carcassonne";"2022-07-06 00:08:00";300;;;;;;;;;;;;;;;;;""
2022;16235;"83";"83127";"Signes";"2022-07-06 00:10:00";315;315;;;;;;;;;;"5";"Malveillance";;;;;""
2022;18876;"13";"13086";"Roquevaire";"2022-07-06 08:08:00";30;30;;;;;;;;;;"1";"Involontaire (particulier)";;;;;""
2022;21533;"84";"84087";"Orange";"2022-07-06 12:19:00";5;;;;;;;;;;;;;;;;;""
2022;16769;"07";"07153";"Mayres";"2022-07-06 14:05:00";600;;600;;;;;;;;;"1";"Accidentelle";;;;;""
2022;11208;"64";"64499";"Salies-de-Béarn";"2022-07-06 15:37:50";6;6;;;;;;;;;"Estimées";;"Malveillance";"Non";;;;""
2022;5295;"29";"29042";"Crozon";"2022-07-06 15:38:00";11000;11000;;0;;;0;0;0;0;"Estimées";;;;;;;""
2022;9258;"38";"38027";"Barraux";"2022-07-06 15:38:00";1500;0;;1500;;;1500;0;0;0;"Estimées";;;;;;;""
2022;18875;"13";"13039";"Fos-sur-Mer";"2022-07-06 15:58:00";500;500;;;;;;;;;;"1";"Involontaire (particulier)";;;;;""
2022;12639;"18";"18018";"Avord";"2022-07-06 16:20:00";130010;0;;10;;;10;130000;0;130000;"Estimées";;;"Non";;;;""
2022;1147;"81";"81180";"Montirat";"2022-07-06 19:19:00";1000;0;;1000;;;1000;0;0;0;"Estimées";;"Accidentelle";;;;;""
2022;1150;"49";"49125";"Doué-en-Anjou";"2022-07-06 19:56:00";10000;10000;;0;;;0;0;0;0;"Estimées";;;;;;;""
2022;18874;"13";"13112";"Velaux";"2022-07-06 19:57:00";1000;1000;;;;;;;;;;"1";"Accidentelle";;;;;""
2022;18877;"13";"13097";"Saint-Martin-de-Crau";"2022-07-06 20:13:00";3000;3000;;;;;;;;;;"1";"Malveillance";;;;;""
2022;18878;"13";"13097";"Saint-Martin-de-Crau";"2022-07-06 20:15:00";200;200;;;;;;;;;;"1";"Malveillance";;;;;""
2022;5157;"90";"90008";"Bavilliers";"2022-07-06 21:32:00";15;0;;15;;;15;0;0;0;"Estimées";;;;;;;""
2022;8053;"41";"41292";"Villexanton";"2022-07-06 23:32:00";2100;0;;100;;;100;0;2000;2000;"Estimées";;;;;;;""
2022;17354;"11";"11203";"Lézignan-Corbières";"2022-07-06 23:42:00";1500;;;;;;;;;;;;;;;;;""
2022;16381;"66";"66136";"Perpignan";"2022-07-06 23:51:00";40000;;;;;;;;;40000;;"6";;;;;;""
2022;20972;"26";"26070";"Chamaret";"2022-07-07 05:44:00";2000;;;;;;;;;;;;;;;;;""
2022;18882;"13";"13092";"Saint-Chamas";"2022-07-07 07:08:00";100;100;;;;;;;;;;"1";;;;;;""
2022;18884;"13";"13051";"Lançon-Provence";"2022-07-07 07:30:00";5;5;;;;;;;;;;"1";"Involontaire (particulier)";;;;;""
2022;2297;"67";"67425";"Saint-Jean-Saverne";"2022-07-07 10:16:00";2;2;;0;;;0;0;0;0;"Estimées";;"Involontaire (travaux)";;;;;""
2022;16544;"34";"34162";"Montagnac";"2022-07-07 10:39:00";6141;6141;;;;;;;;;;"5";"Involontaire (particulier)";;;;;""
2022;16238;"30";"30128";"Générac";"2022-07-07 11:13:00";1260300;;1260300;;;;;;;;;"1";"Involontaire (particulier)";;;;;""
2022;17804;"07";"07109";"Joannas";"2022-07-07 11:19:00";4000;;4000;;;;;;;;;"1";"Involontaire (particulier)";;;;;""
2022;9256;"38";"38126";"Corenc";"2022-07-07 11:25:00";50;0;;50;;;50;0;0;0;"Estimées";;;;;;;""
2022;11720;"33";"33197";"Guillos";"2022-07-07 12:39:00";57400;57400;;0;;;0;;;0;"Estimées";;;"Non";;;;""
2022;5849;"27";"27375";"Louviers";"2022-07-07 12:54:00";200;0;;200;;;200;0;0;0;"Estimées";;;;;;;"Données partielles ou non valides"
2022;11671;"33";"33297";"Moulis-en-Médoc";"2022-07-07 13:19:00";500;500;;0;;;0;;;0;"Estimées";;"Accidentelle";"Non";;;;""
2022;1919;"85";"85194";"Les Sables-d'Olonne";"2022-07-07 14:16:00";5000;0;;5000;;;5000;0;0;0;"Mesurées";;;;;;;""
2022;16240;"30";"30179";"Montfrin";"2022-07-07 14:19:00";38033;38033;;;;;;;;;;"2";;;;;;""
2022;16409;"66";"66115";"Montesquieu-des-Albères";"2022-07-07 14:20:00";200;200;;;;;;;;;;"4";"Malveillance";;;;;""
2022;5850;"27";"27002";"Acon";"2022-07-07 14:40:00";50;0;;50;;;50;0;0;0;"Estimées";;;;;;;"Données partielles ou non valides"
2022;9254;"38";"38127";"Cornillon-en-Trièves";"2022-07-07 14:42:00";200;0;;200;;;200;0;0;0;"Estimées";;"Involontaire (particulier)";;;;;""
2022;18881;"13";"13098";"Saint-Mitre-les-Remparts";"2022-07-07 14:44:00";10;10;;;;;;;;;;"1";"Malveillance";;;;;""
2022;3770;"44";"44215";"Vertou";"2022-07-07 15:06:00";3000;0;;3000;;;3000;0;0;0;"Estimées";;;;;;;""
2022;18790;"13";"13080";"Le Puy-Sainte-Réparade";"2022-07-07 15:51:00";23200;23200;;;;;;;;;;"1";;;;;;""
2022;7638;"70";"70477";"Saulnot";"2022-07-07 16:03:00";200;0;;200;;;200;0;0;0;"Estimées";;;;;;;""
2022;18879;"13";"13039";"Fos-sur-Mer";"2022-07-07 16:16:00";1000;1000;;;;;;;;;;"1";;;;;;""
2022;18886;"13";"13039";"Fos-sur-Mer";"2022-07-07 16:17:00";100;100;;;;;;;;;;"1";;;;;;""
2022;5248;"74";"74196";"Nancy-sur-Cluses";"2022-07-07 16:29:00";200;200;;0;;;0;0;0;0;"Estimées";;"Naturelle";;;;;""
2022;18889;"13";"13056";"Martigues";"2022-07-07 16:41:00";2;2;;;;;;;;;;"1";;;;;;""
2022;16644;"30";"30045";"Bordezac";"2022-07-07 16:48:00";5399900;5399900;;;;;;;;;;"4";"Malveillance";;;;;""
2022;16456;"2A";"2A041";"Bonifacio";"2022-07-07 16:48:00";50;;50;;;;;;;;;"1";;;;;;""
2022;18888;"13";"13047";"Istres";"2022-07-07 16:55:00";2000;2000;;;;;;;;;;"1";"Accidentelle";;;;;""
2022;23043;"57";"57332";"Hombourg-Haut";"2022-07-07 16:59:00";200;200;;0;;;0;0;0;0;"Estimées";;;"Non";;;;""
2022;11210;"64";"64499";"Salies-de-Béarn";"2022-07-07 17:18:49";2;2;;;;;;;;;"Estimées";;"Malveillance";"Non";;;;""
2022;18880;"13";"13117";"Vitrolles";"2022-07-07 17:52:00";20;20;;;;;;;;;;"1";;;;;;""
2022;18134;"34";"34051";"Canet";"2022-07-07 18:23:00";327;327;0;;;;;;;;;"3";"Malveillance";;;;;""
2022;7515;"56";"56155";"Pénestin";"2022-07-07 18:39:00";10000;0;;10000;;;10000;0;0;0;"Estimées";;;;;;;""
2022;18885;"13";"13056";"Martigues";"2022-07-07 19:50:00";20;20;;;;;;;;;;"1";;;;;;""
2022;21534;"84";"84028";"Cairanne";"2022-07-07 20:01:00";9700;;;;;;;;;;;;;;;;;""
2022;18887;"13";"13047";"Istres";"2022-07-07 21:10:00";2;2;;;;;;;;;;"1";;;;;;""
2022;20973;"26";"26377";"Vinsobres";"2022-07-07 21:45:00";1500;;;;;;;;;;;;;;;;;""
2022;10582;"41";"41097";"Gièvres";"2022-07-07 22:13:00";200;200;;0;;;0;0;0;0;"Estimées";;;;;;;""
2022;12018;"41";"41097";"Gièvres";"2022-07-07 22:13:00";200;200;;0;;;0;0;0;0;"Estimées";;;;;;;""
2022;16421;"66";"66046";"Caudiès-de-Fenouillèdes";"2022-07-07 23:24:00";20000;;;;;;;;;20000;;"5";"Malveillance";;;;;""
2022;16242;"30";"30169";"Milhaud";"2022-07-08 00:20:00";138303;;138303;;;;;;;;;"1";"Accidentelle";;;;;""
2022;18791;"13";"13098";"Saint-Mitre-les-Remparts";"2022-07-08 02:26:00";248600;248600;;;;;;;;;;"1";"Malveillance";;;;;""
2022;18890;"13";"13019";"Cabriès";"2022-07-08 02:26:00";3000;3000;;;;;;;;;;"1";;;;;;""
2022;20630;"26";"26272";"Rochefort-en-Valdaine";"2022-07-08 02:38:00";36610;36610;;;;;;;;;;"2";"Malveillance";;;;;""
2022;20974;"26";"26257";"Puygiron";"2022-07-08 02:38:00";43000;;;;;;;;;;;;;;;;;""
2022;16552;"34";"34080";"Colombières-sur-Orb";"2022-07-08 10:34:00";111;;111;;;;;;;;;"1";"Malveillance";;;;;""
2022;18891;"13";"13058";"Maussane-les-Alpilles";"2022-07-08 11:14:00";2;2;;;;;;;;;;"1";"Involontaire (particulier)";;;;;""
2022;16239;"30";"30014";"Arpaillargues-et-Aureillac";"2022-07-08 11:25:00";68068;;68068;;;;;;;;;"1";;;;;;""
2022;16244;"30";"30243";"Saint-Christol-lez-Alès";"2022-07-08 12:20:00";94;94;;;;;;;;;;"5";"Malveillance";;;;;""
2022;16245;"30";"30228";"Sainte-Anastasie";"2022-07-08 13:15:00";15928;;;;;;;;;;;"2";;;;;;""
2022;16334;"83";"83116";"Saint-Maximin-la-Sainte-Baume";"2022-07-08 14:11:00";44930;4930;40000;;;;;;;;;"1";"Involontaire (travaux)";;;;;""
2022;11612;"33";"33122";"Cestas";"2022-07-08 14:44:00";75;75;;0;;;0;;;0;"Estimées";;;"Non";;;;""
2022;10971;"41";"41078";"Épuisay";"2022-07-08 14:51:00";30400;0;;400;;;400;0;30000;30000;"Estimées";;;;;;;""
2022;6295;"32";"32158";"L'Isle-Bouzon";"2022-07-08 15:14:00";600;0;;600;;;600;0;0;0;"Estimées";;;;;;;""
2022;16256;"30";"30234";"Saint-Bénézet";"2022-07-08 15:37:00";466;;466;;;;;;;;;"1";;;;;;""
2022;1228;"49";"49301";"Sèvremoine";"2022-07-08 15:39:00";300;0;;300;;;300;0;0;0;"Estimées";;"Involontaire (travaux)";;;;;""
2022;7311;"61";"61063";"Briouze";"2022-07-08 16:00:01";100;0;;100;;;100;0;;;;;"Malveillance";;;;;"Données partielles ou non valides"
2022;2319;"67";"67190";"Hengwiller";"2022-07-08 16:10:00";10;0;;10;;;10;0;0;0;"Estimées";;;;;;;""
2022;18789;"13";"13056";"Martigues";"2022-07-08 16:18:00";83100;83100;;;;;;;;;;"1";"Involontaire (particulier)";;;;;""
2022;3008;"91";"91657";"Vigneux-sur-Seine";"2022-07-08 16:20:00";200;0;;200;;;200;0;0;0;"Estimées";;;;;;;""
2022;2886;"88";"88238";"Hennezel";"2022-07-08 16:32:00";130;130;;0;;;0;0;0;0;"Estimées";;;;;;;""
2022;16259;"30";"30317";"Sernhac";"2022-07-08 16:38:00";37063;;;;;;;;;;;"1";"Involontaire (particulier)";;;;;""
2022;2888;"88";"88505";"Vienville";"2022-07-08 16:46:00";2;2;;0;;;0;0;0;0;"Estimées";;;;;;;""
2022;7310;"61";"61445";"Saint-Pierre-d'Entremont";"2022-07-08 17:18:49";300000;0;;300000;;;300000;0;;;;;"Malveillance";;;;;"Données partielles ou non valides"
2022;18893;"13";"13106";"Septèmes-les-Vallons";"2022-07-08 17:29:00";500;500;;;;;;;;;;"1";;;;;;""
2022;7309;"61";"61457";"Saint-Symphorien-des-Bruyères";"2022-07-08 17:32:39";150000;0;;150000;;;150000;0;;;;;"Malveillance";;;;;"Données partielles ou non valides"
2022;1232;"49";"49023";"Beaupréau-en-Mauges";"2022-07-08 17:39:00";200;0;;200;;;200;0;0;0;"Estimées";;"Involontaire (travaux)";;;;;""
2022;7308;"61";"61221";"Landigou";"2022-07-08 18:41:23";2000;0;;2000;;;2000;0;;;;;"Malveillance";;;;;"Données partielles ou non valides"
2022;4921;"35";"35211";"Paimpont";"2022-07-08 18:42:00";30000;30000;;0;;;0;0;0;0;"Estimées";;;;;;;""
2022;21535;"84";"84061";"Lagarde-Paréol";"2022-07-08 19:36:00";11;;;;;;;;;;;;;;;;;""
2022;6238;"56";"56155";"Pénestin";"2022-07-08 20:45:00";1200;0;;1200;;;1200;0;0;0;"Estimées";;;;;;;""
2022;17356;"11";"11379";"Sigean";"2022-07-08 21:12:00";36878;;;;;;;;;;;;;;;;;""
2022;16430;"66";"66008";"Argelès-sur-Mer";"2022-07-08 21:25:00";250;250;;;;;;;;;;"3";"Malveillance";;;;;""
2022;4923;"35";"35223";"Plélan-le-Grand";"2022-07-08 21:39:00";20000;0;;20000;;;20000;0;0;0;"Estimées";;;;;;;""
2022;18892;"13";"13001";"Aix-en-Provence";"2022-07-08 22:32:00";20;20;;;;;;;;;;"1";;;;;;""
2022;17806;"07";"07264";"Saint-Marcel-d'Ardèche";"2022-07-09 01:41:00";20000;10000;10000;;;;;;;;;"4";"Malveillance";;;;;""
2022;11660;"33";"33505";"La Sauve";"2022-07-09 03:42:00";20;20;;0;;;0;;;0;"Estimées";;;"Non";;;;""
2022;17334;"2B";"2B143";"Linguizzetta";"2022-07-09 09:48:00";1000;;;;;;;;;;;;"Malveillance";;;;;""
2022;16283;"05";"05140";"Saint-Étienne-le-Laus";"2022-07-09 09:56:00";700;200;;;;;;;;500;;"4";"Malveillance";;;;;""
2022;16297;"30";"30243";"Saint-Christol-lez-Alès";"2022-07-09 13:33:00";3839;;3839;;;;;;;;;"1";;;;;;""
2022;16608;"34";"34114";"Gignac";"2022-07-09 14:00:00";3206;0;3206;;;;;;;;;"1";"Accidentelle";;;;;""
2022;12642;"18";"18145";"Menetou-Salon";"2022-07-09 14:05:00";30003;0;;3;;;3;30000;0;30000;"Estimées";;;"Non";;;;""
2022;21536;"84";"84061";"Lagarde-Paréol";"2022-07-09 14:09:00";23;;;;;;;;;;;;;;;;;""
2022;10714;"24";"24405";"Saint-Félix-de-Villadeix";"2022-07-09 14:22:00";200200;100000;;0;;;0;;;100200;"Mesurées";;;"Non";;;;""
2022;16609;"34";"34172";"Montpellier";"2022-07-09 14:33:00";46935;;46935;;;;;;;;;"1";"Accidentelle";;;;;""
2022;18897;"13";"13051";"Lançon-Provence";"2022-07-09 14:45:00";30;30;;;;;;;;;;"1";;;;;;""
2022;1234;"52";"52074";"Breuvannes-en-Bassigny";"2022-07-09 15:10:00";2100;1500;;0;;;0;600;0;600;"Estimées";;;;;;;""
2022;6240;"56";"56098";"Lanester";"2022-07-09 15:15:00";30;0;;30;;;30;0;0;0;"Estimées";;"Malveillance";;;;;""
2022;16561;"34";"34003";"Agde";"2022-07-09 16:07:00";3064;;3064;;;;;;;;;"1";"Accidentelle";;;;;""
2022;18372;"34";"34332";"Vias";"2022-07-09 16:07:00";3705;3705;;;;;;;;;;"1";"Involontaire (particulier)";;;;;""
2022;10972;"41";"41047";"La Chaussée-Saint-Victor";"2022-07-09 16:09:00";50;0;;50;;;50;0;0;0;"Estimées";;;;;;;""
2022;16299;"30";"30139";"Lanuéjols";"2022-07-09 16:33:00";8774;8774;;;;;;;;;;"6";"Accidentelle";;;;;""
2022;1257;"54";"54549";"Varangéville";"2022-07-09 17:11:00";10000;0;;800;;;800;9200;0;9200;"Estimées";;;;;;;""
2022;18488;"11";"11225";"Mas-Saintes-Puelles";"2022-07-09 17:12:00";3960;;;;;;;;;;;;;;;;;""
2022;6241;"56";"56240";"Sarzeau";"2022-07-09 17:15:00";5;0;;5;;;5;0;0;0;"Mesurées";;"Involontaire (particulier)";;;;;""
2022;4250;"77";"77186";"Fontainebleau";"2022-07-09 17:18:00";3000;3000;;0;;;0;0;0;0;"Mesurées";;;;;;;""
2022;4252;"77";"77186";"Fontainebleau";"2022-07-09 17:49:00";1000;1000;;0;;;0;0;0;0;"Estimées";;;;;;;""
2022;16320;"30";"30296";"Saint-Roman-de-Codières";"2022-07-09 17:57:00";84;84;;;;;;;;;;"3";"Accidentelle";;;;;""
2022;16300;"30";"30296";"Saint-Roman-de-Codières";"2022-07-09 17:57:00";273;273;;;;;;;;;;"3";"Accidentelle";;;;;""
2022;18895;"13";"13056";"Martigues";"2022-07-09 18:22:00";3;3;;;;;;;;;;"1";;;;;;""
2022;18896;"13";"13056";"Martigues";"2022-07-09 18:56:00";10;10;;;;;;;;;;"1";;;;;;""
2022;16457;"2A";"2A092";"Conca";"2022-07-09 19:04:00";400;;400;;;;;;;;;"1";"Accidentelle";;;;;""
2022;17357;"11";"11369";"Sallèles-d'Aude";"2022-07-09 19:19:00";44622;;;;;;;;;;;;;;;;;""
2022;21537;"84";"84106";"Sainte-Cécile-les-Vignes";"2022-07-09 19:40:00";130;;;;;;;;;;;;;;;;;""
2022;1258;"58";"58102";"Donzy";"2022-07-09 20:02:00";60000;2000;;0;;;0;0;58000;58000;"Estimées";;"Involontaire (particulier)";;;;;""
2022;7307;"61";"61020";"Avoine";"2022-07-09 21:13:27";2000;0;;2000;;;2000;0;;;;;"Malveillance";;;;;"Données partielles ou non valides"
2022;11692;"33";"33527";"Le Teich";"2022-07-09 21:43:00";200;200;;0;;;0;;;0;"Estimées";;"Accidentelle";"Non";;;;""
2022;23042;"57";"57226";"Fontoy";"2022-07-09 23:13:00";200;200;;0;;;0;0;0;0;"Estimées";;;"Non";;;;""
2022;11371;"41";"41101";"Herbault";"2022-07-09 23:31:00";10;0;;10;;;10;0;0;0;"Estimées";;;;;;;""
2022;21538;"84";"84095";"Puyvert";"2022-07-10 01:25:00";3000;;;;;;;;;;;;;;;;;""
2022;21539;"84";"84026";"Cadenet";"2022-07-10 01:36:00";5900;;;;;;;;;;;;;;;;;""
2022;11614;"33";"33527";"Le Teich";"2022-07-10 06:24:00";10;10;;0;;;0;;;0;"Estimées";;"Accidentelle";"Non";;;;""
2022;4926;"35";"35211";"Paimpont";"2022-07-10 09:12:00";10000;10000;;0;;;0;0;0;0;"Estimées";;;;;;;""
2022;3300;"35";"35211";"Paimpont";"2022-07-10 09:12:00";10000;10000;;0;;;0;0;0;0;"Estimées";;"Involontaire (travaux)";;;;;""
2022;3301;"35";"35168";"Val d'Anast";"2022-07-10 09:42:00";2;2;;0;;;0;0;0;0;"Estimées";;;;;;;""
2022;16436;"66";"66071";"Estagel";"2022-07-10 09:46:00";8000;;8000;;;;;;;;;"1";;;;;;""
2022;5858;"27";"27112";"Breteuil";"2022-07-10 10:02:00";100;0;;100;;;100;0;0;0;"Estimées";;;;;;;"Données partielles ou non valides"
2022;18135;"34";"34087";"Cournonsec";"2022-07-10 11:22:00";69233;0;69233;;;;;;;;;"1";"Involontaire (particulier)";;;;;""
2022;16610;"34";"34221";"Puéchabon";"2022-07-10 11:56:00";228;228;;;;;;;;;;"2";"Malveillance";;;;;""
2022;21732;"30";"30045";"Bordezac";"2022-07-10 12:17:00";40;;;;;;;;;;;;"Involontaire (travaux)";;;;;""
2022;9960;"79";"79016";"Assais-les-Jumeaux";"2022-07-10 12:45:00";129000;29000;;;100000;;;;;;"Mesurées";;"Involontaire (travaux)";"Non";;;;""
2022;7306;"61";"61453";"Saint-Sauveur-de-Carrouges";"2022-07-10 13:25:17";200;0;;200;;;200;0;;;;;"Malveillance";;;;;"Données partielles ou non valides"
2022;4285;"77";"77186";"Fontainebleau";"2022-07-10 14:03:00";1;1;;0;;;0;0;0;0;"Mesurées";;"Involontaire (particulier)";;;;;""
2022;12647;"18";"18281";"Vignoux-sur-Barangeon";"2022-07-10 14:13:00";20;0;;20;;;20;0;0;0;"Estimées";;;"Non";;;;""
2022;17807;"07";"07309";"Satillieu";"2022-07-10 14:54:00";500;;;;;;;;;;;"4";;;;;;""
2022;12649;"18";"18014";"Assigny";"2022-07-10 14:58:00";40010;0;;10;;;10;40000;0;40000;"Estimées";;;"Non";;;;""
2022;17808;"07";"07089";"Félines";"2022-07-10 15:04:00";10000;10000;;;;;;;;;;"4";;;;;;""
2022;2270;"85";"85288";"Talmont-Saint-Hilaire";"2022-07-10 15:12:00";200000;0;;200000;;;200000;0;0;0;"Mesurées";;;;;;;""
2022;17810;"07";"07335";"Vaudevant";"2022-07-10 15:16:00";100;100;;;;;;;;;;"4";"Malveillance";;;;;""
2022;2271;"85";"85260";"Saint-Paul-Mont-Penit";"2022-07-10 15:25:00";20000;0;;20000;;;20000;0;0;0;"Mesurées";;"Accidentelle";;;;;""
2022;12833;"41";"41184";"Prunay-Cassereau";"2022-07-10 15:31:00";110000;10000;;0;;;0;0;100000;100000;"Estimées";;;;;;;""
2022;11372;"41";"41184";"Prunay-Cassereau";"2022-07-10 15:33:00";120000;10000;;0;;;0;0;110000;110000;"Estimées";;;;;;;""
2022;18898;"13";"13058";"Maussane-les-Alpilles";"2022-07-10 16:06:00";2500;2500;;;;;;;;;;"1";"Involontaire (particulier)";;;;;""
2022;3309;"35";"35211";"Paimpont";"2022-07-10 17:12:00";100;100;;0;;;0;0;0;0;"Estimées";;"Involontaire (travaux)";;;;;""
2022;5158;"90";"90029";"Cravanche";"2022-07-10 17:19:00";20;0;;20;;;20;0;0;0;"Estimées";;;;;;;""
2022;1491;"46";"46079";"Cras";"2022-07-10 17:20:00";90000;0;;90000;;;90000;0;0;0;"Estimées";;"Involontaire (particulier)";;;;;""
2022;3255;"42";"42218";"Saint-Étienne";"2022-07-10 17:36:00";10000;0;;10000;;;10000;0;0;0;"Estimées";;;;;;;""
2022;6844;"72";"72260";"Ruaudin";"2022-07-10 17:37:00";500;500;;0;;;0;0;0;0;"Estimées";;;;;;;""
2022;9728;"79";"79134";"Glénay";"2022-07-10 17:49:00";10000;10000;;;;;;;;;"Estimées";;;"Non";;;;""
2022;11638;"33";"33320";"Petit-Palais-et-Cornemps";"2022-07-10 18:17:00";2;2;;0;;;0;;;0;"Estimées";;"Malveillance";"Non";;;;""
2022;16570;"34";"34250";"Saint-Étienne-d'Albagnan";"2022-07-10 18:24:00";150;;150;;;;;;;;;"1";"Involontaire (particulier)";;;;;""
2022;6251;"56";"56191";"Réminiac";"2022-07-10 18:58:00";2000;0;;2000;;;2000;0;0;0;"Estimées";;;;;;;""
2022;17360;"11";"11148";"Fontcouverte";"2022-07-10 19:47:00";7983;;;;;;;;;;;;;;;;;""
2022;6845;"72";"72260";"Ruaudin";"2022-07-10 20:36:00";150;150;;0;;;0;0;0;0;"Estimées";;;;;;;""
2022;11399;"33";"33159";"Étauliers";"2022-07-10 20:41:00";20;20;;0;;;0;;;0;"Estimées";;"Involontaire (particulier)";"Non";;;;""
2022;23126;"73";"73010";"Entrelacs";"2022-07-11 00:00:00";100;100;;0;;;0;0;0;0;"Estimées";;;;;;;"Données partielles ou non valides"
2022;21541;"84";"84096";"Rasteau";"2022-07-11 04:56:00";170;;;;;;;;;;;;;;;;;""
2022;2515;"29";"29239";"Roscoff";"2022-07-11 05:26:00";20;0;;20;;;20;0;0;0;"Estimées";;;;;;;""
2022;16643;"06";"06074";"Lantosque";"2022-07-11 10:42:00";4000;1000;3000;;;;;;;;;"3";;;;;;""
2022;9244;"38";"38126";"Corenc";"2022-07-11 11:02:00";8000;0;;8000;;;8000;0;0;0;"Estimées";;"Involontaire (travaux)";;;;;""
2022;1270;"49";"49373";"Lys-Haut-Layon";"2022-07-11 11:05:00";15000;15000;;0;;;0;0;0;0;"Estimées";;"Accidentelle";;;;;""
2022;16825;"06";"06111";"Roure";"2022-07-11 12:18:00";2000;500;1500;;;;;;;;;"4";"Naturelle";;;;;""
2022;16843;"34";"34119";"Hérépian";"2022-07-11 12:32:00";1142;;1142;;;;;;;;;;"Accidentelle";;;;;""
2022;1267;"49";"49244";"Mauges-sur-Loire";"2022-07-11 12:33:00";20000;20000;;0;;;0;0;0;0;"Mesurées";;"Accidentelle";;;;;""
2022;1339;"49";"49235";"Parnay";"2022-07-11 13:06:00";40000;40000;;0;;;0;0;0;0;"Estimées";;;;;;;""
2022;12656;"18";"18170";"Oizon";"2022-07-11 13:48:00";16;0;;6;;;6;10;0;10;"Estimées";;;"Non";;;;""
2022;16441;"2A";"2A282";"Soccia";"2022-07-11 14:19:00";1000;;1000;;;;;;;;;"1";"Involontaire (travaux)";;;;;""
2022;12830;"41";"41193";"Romilly";"2022-07-11 14:53:00";80000;10000;;0;;;0;0;70000;70000;"Estimées";;"Involontaire (travaux)";;;;;""
2022;12025;"41";"41193";"Romilly";"2022-07-11 14:53:00";80000;10000;;0;;;0;0;70000;70000;"Estimées";;"Involontaire (travaux)";;;;;""
2022;2514;"29";"29195";"Plouguerneau";"2022-07-11 15:03:00";20;0;;20;;;20;0;0;0;"Estimées";;;;;;;""
2022;9243;"38";"38067";"Chamagnieu";"2022-07-11 15:18:00";90;0;;90;;;90;0;0;0;"Estimées";;;;;;;""
2022;7304;"61";"61081";"Chailloué";"2022-07-11 15:44:52";100000;0;;100000;;;100000;0;;;;;"Malveillance";;;;;"Données partielles ou non valides"
2022;11665;"33";"33109";"Castres-Gironde";"2022-07-11 15:53:00";20000;20000;;0;;;0;;;0;"Estimées";;;"Non";;;;""
2022;7303;"61";"61007";"Athis-Val de Rouvre";"2022-07-11 16:03:02";3000;0;;3000;;;3000;0;;;;;"Malveillance";;;;;"Données partielles ou non valides"
2022;6849;"72";"72385";"Yvré-le-Pôlin";"2022-07-11 16:28:00";2000;2000;;0;;;0;0;0;0;"Estimées";;;;;;;""
2022;12086;"87";"87110";"Oradour-sur-Glane";"2022-07-11 16:29:21";90000;20000;;70000;0;0;;;;;"Estimées";;;"Non";;;;""
2022;1300;"58";"58304";"Varzy";"2022-07-11 16:52:00";50100;0;;100;;;100;0;50000;50000;"Estimées";;"Involontaire (particulier)";;;;;""
2022;16629;"48";"48166";"Cans et Cévennes";"2022-07-11 17:00:00";20000;;20000;;;;;;;;;"1";"Involontaire (travaux)";;;;;""
2022;18899;"13";"13088";"Le Rove";"2022-07-11 17:05:00";3500;3500;;;;;;;;;;"1";"Malveillance";;;;;""
2022;7302;"61";"61293";"Mortagne-au-Perche";"2022-07-11 17:10:04";50;0;;50;;;50;0;;;;;"Malveillance";;;;;"Données partielles ou non valides"
2022;9242;"38";"38562";"Vizille";"2022-07-11 17:12:00";6;0;;6;;;6;0;0;0;"Estimées";;;;;;;""
2022;11662;"33";"33026";"Balizac";"2022-07-11 18:15:00";500;500;;0;;;0;;;0;"Estimées";;;"Non";;;;""
2022;7301;"61";"61085";"Le Champ-de-la-Pierre";"2022-07-11 18:20:47";5000;0;;5000;;;5000;0;;;;;"Malveillance";;;;;"Données partielles ou non valides"
2022;10957;"40";"40046";"Biscarrosse";"2022-07-11 18:33:00";5250;5250;;0;;;0;;;0;"Estimées";;;"Non";;;;""
2022;16634;"30";"30323";"Soustelle";"2022-07-12 07:59:00";100;;;;;;;;;;;;;;;;;""
2022;7300;"61";"61375";"Boischampré";"2022-07-12 11:18:16";400000;0;;400000;;;400000;0;;;;;"Malveillance";;;;;"Données partielles ou non valides"
2022;16632;"30";"30344";"Vergèze";"2022-07-12 12:01:00";100;;;;;;;;;;;;;;;;;""
2022;9387;"16";"16372";"Souffrignac";"2022-07-12 12:05:00";40000;10000;;;30000;;;;;;"Estimées";;"Accidentelle";"Non";;;;""
2022;18901;"13";"13005";"Aubagne";"2022-07-12 12:17:00";60;60;;;;;;;;;;"1";;;;;;""
2022;7299;"61";"61078";"Cerisy-Belle-Étoile";"2022-07-12 12:47:13";10000;0;;10000;;;10000;0;;;;;"Malveillance";;;;;"Données partielles ou non valides"
2022;12027;"41";"41280";"Villefranche-sur-Cher";"2022-07-12 12:56:00";500;500;;0;;;0;0;0;0;"Estimées";;;;;;;""
2022;12828;"41";"41280";"Villefranche-sur-Cher";"2022-07-12 12:56:00";500;500;;0;;;0;0;0;0;"Estimées";;;;;;;""
2022;5874;"27";"27477";"Pressagny-l'Orgueilleux";"2022-07-12 13:18:00";3000;0;;3000;;;3000;0;0;0;"Estimées";;;;;;;"Données partielles ou non valides"
2022;17811;"07";"07346";"Viviers";"2022-07-12 13:41:00";20000;;;;;;;;;;;"3";;;;;;""
2022;2516;"29";"29042";"Crozon";"2022-07-12 14:07:00";30;0;;30;;;30;0;0;0;"Estimées";;;;;;;""
2022;18902;"13";"13056";"Martigues";"2022-07-12 14:08:00";4;4;;;;;;;;;;"1";"Involontaire (travaux)";;;;;""
2022;18900;"13";"13007";"Auriol";"2022-07-12 14:11:00";300;300;;;;;;;;;;"1";"Involontaire (travaux)";;;;;""
2022;1391;"43";"43267";"Vorey";"2022-07-12 14:23:00";2000;0;;2000;;;2000;0;0;0;"Mesurées";;;;;;;""
2022;11418;"33";"33529";"La Teste-de-Buch";"2022-07-12 14:36:00";57090000;57090000;;0;;;0;;;0;"Mesurées";;;"Non";;;;""
2022;2517;"29";"29189";"Plougastel-Daoulas";"2022-07-12 15:06:00";50;0;;50;;;50;0;0;0;"Estimées";;;;;;;""
2022;7298;"61";"61375";"Boischampré";"2022-07-12 15:11:54";200;0;;200;;;200;0;;;;;"Malveillance";;;;;"Données partielles ou non valides"
2022;5762;"68";"68298";"Sainte-Marie-aux-Mines";"2022-07-12 15:21:00";2100;0;;2100;;;2100;0;0;0;"Estimées";;"Involontaire (particulier)";;;;;""
2022;6315;"56";"56126";"Marzan";"2022-07-12 15:31:00";65000;65000;;0;;;0;0;0;0;"Estimées";;;;;;;""
2022;6857;"72";"72013";"Aubigné-Racan";"2022-07-12 15:47:00";80;80;;0;;;0;0;0;0;"Estimées";;;;;;;""
2022;1306;"49";"49180";"Longué-Jumelles";"2022-07-12 15:51:00";1000;0;;1000;;;1000;0;0;0;"Estimées";;;;;;;""
2022;2518;"29";"29179";"Ploudaniel";"2022-07-12 16:19:00";200;0;;200;;;200;0;0;0;"Estimées";;;;;;;""
2022;16637;"30";"30243";"Saint-Christol-lez-Alès";"2022-07-12 16:52:00";7952;7952;;;;;;;;;;"3";;;;;;""
2022;1307;"81";"81234";"Roussayrolles";"2022-07-12 17:55:00";300;200;;0;;;0;100;0;100;"Estimées";;"Involontaire (travaux)";;;;;""
2022;17274;"34";"34281";"Saint-Pargoire";"2022-07-12 18:13:00";1969;1969;;;;;;;;;;"1";"Malveillance";;;;;""
2022;18373;"34";"34281";"Saint-Pargoire";"2022-07-12 18:17:00";1478;1478;;;;;;;;;;"1";"Malveillance";;;;;""
2022;9388;"16";"16105";"Condéon";"2022-07-12 18:49:00";2100;2100;;;;;;;;;"Mesurées";;;"Non";;;;""
2022;2521;"29";"29174";"Plonéour-Lanvern";"2022-07-12 19:06:00";1000;1000;;0;;;0;0;0;0;"Estimées";;;;;;;""
2022;6860;"72";"72260";"Ruaudin";"2022-07-12 20:33:00";200;200;;0;;;0;0;0;0;"Estimées";;;;;;;""
2022;6319;"56";"56034";"Carnac";"2022-07-12 20:47:00";100;0;;100;;;100;0;0;0;"Estimées";;;;;;;""
2022;9236;"38";"38460";"Saint-Sulpice-des-Rivoires";"2022-07-12 21:18:00";300;0;;300;;;300;0;0;0;"Estimées";;;;;;;""
2022;6322;"56";"56248";"Surzur";"2022-07-12 21:26:00";200;0;;200;;;200;0;0;0;"Estimées";;;;;;;""
2022;4315;"77";"77186";"Fontainebleau";"2022-07-12 22:15:00";1000;1000;;0;;;0;0;0;0;"Estimées";;;;;;;""
2022;2519;"29";"29130";"Locmaria-Plouzané";"2022-07-12 22:29:00";3000;0;;3000;;;3000;0;0;0;"Estimées";;;;;;;""
2022;9390;"16";"16424";"Yviers";"2022-07-12 23:24:00";29400;29400;;;;;;;;;"Mesurées";;;"Non";;;;""
2022;18903;"13";"13088";"Le Rove";"2022-07-13 01:30:00";50;50;;;;;;;;;;"1";"Involontaire (particulier)";;;;;""
2022;18904;"13";"13106";"Septèmes-les-Vallons";"2022-07-13 05:30:00";100;100;;;;;;;;;;"1";;;;;;""
2022;6048;"56";"56248";"Surzur";"2022-07-13 07:13:00";2;0;;2;;;2;0;0;0;"Estimées";;"Involontaire (travaux)";;;;;""
2022;13208;"86";"86032";"Bonneuil-Matours";"2022-07-13 10:52:21";2500;2500;;;0;0;;;;;"Estimées";;;"Non";;;;""
2022;5895;"27";"27198";"Mesnils-sur-Iton";"2022-07-13 11:07:00";200;0;;200;;;200;0;0;0;"Estimées";;;;;;;"Données partielles ou non valides"
2022;18906;"13";"13110";"Trets";"2022-07-13 11:37:00";4000;4000;;;;;;;;;;"1";"Involontaire (travaux)";;;;;""
2022;6862;"72";"72154";"La Flèche";"2022-07-13 12:20:00";1000;1000;;0;;;0;0;0;0;"Estimées";;"Accidentelle";;;;;""
2022;2355;"85";"85113";"L'Île-d'Yeu";"2022-07-13 12:25:00";2;0;;2;;;2;0;0;0;"Mesurées";;;;;;;""
2022;2524;"29";"29001";"Argol";"2022-07-13 13:10:00";40000;40000;;0;;;0;0;0;0;"Estimées";;;;;;;""
2022;4331;"60";"60650";"Trumilly";"2022-07-13 13:10:00";5000;5000;;0;;;0;0;0;0;"Mesurées";;;;;;;""
2022;17168;"66";"66168";"Saint-André";"2022-07-13 13:25:00";7664;7664;;;;;;;;;;"4";"Malveillance";;;;;""
2022;11625;"33";"33314";"Pauillac";"2022-07-13 13:26:00";3000;3000;;0;;;0;;;0;"Estimées";;"Accidentelle";"Non";;;;""
2022;11675;"33";"33026";"Balizac";"2022-07-13 13:36:00";400;400;;0;;;0;;;0;"Estimées";;;"Non";;;;""
2022;17349;"2B";"2B096";"Corte";"2022-07-13 13:53:00";30000;;;;;;;;;;;;"Malveillance";;;;;""
2022;6325;"56";"56248";"Surzur";"2022-07-13 13:53:00";100000;100000;;0;;;0;0;0;0;"Estimées";;;;;;;""
2022;12088;"87";"87034";"Champagnac-la-Rivière";"2022-07-13 14:39:24";500;500;;;0;0;;;;;"Mesurées";;;"Non";;;;""
2022;11624;"33";"33290";"Montagne";"2022-07-13 15:41:00";300;300;;0;;;0;;;0;"Estimées";;;"Non";;;;""
2022;11620;"33";"33499";"Les Salles-de-Castillon";"2022-07-13 15:48:00";500;500;;0;;;0;;;0;"Estimées";;;"Non";;;;""
2022;10616;"24";"24335";"Port-Sainte-Foy-et-Ponchapt";"2022-07-13 15:50:00";4000;4000;;0;;;0;;;;"Estimées";;;"Non";;;;""
2022;2522;"29";"29232";"Quimper";"2022-07-13 16:58:00";5000;0;;5000;;;5000;0;0;0;"Estimées";;;;;;;""
2022;17812;"07";"07343";"Vinezac";"2022-07-13 17:22:00";2000;;;;;;;;;;;"5";;;;;;""
2022;7295;"61";"61232";"Lonlay-l'Abbaye";"2022-07-13 17:23:48";800;0;;800;;;800;0;;;;;"Malveillance";;;;;"Données partielles ou non valides"
2022;3256;"42";"42018";"Bessey";"2022-07-13 17:32:00";10000;0;;10000;;;10000;0;0;0;"Estimées";;;;;;;""
2022;2105;"15";"15205";"Saint-Paul-de-Salers";"2022-07-13 18:23:00";150;0;;150;;;150;0;0;0;"Mesurées";;"Involontaire (travaux)";;;;;""
2022;17813;"07";"07126";"Lagorce";"2022-07-13 18:43:00";5000;;;;;;;;;;;"1";;;;;;""
2022;5899;"27";"27576";"Sainte-Opportune-du-Bosc";"2022-07-13 18:58:00";400;0;;400;;;400;0;0;0;"Estimées";;;;;;;"Données partielles ou non valides"
2022;2372;"67";"67482";"Strasbourg";"2022-07-13 20:33:00";2;0;;2;;;2;0;0;0;"Estimées";;;;;;;""
2022;9391;"16";"16105";"Condéon";"2022-07-13 22:18:00";1300;1300;;;;;;;;;"Mesurées";;;"Non";;;;""
2022;9392;"16";"16099";"Chillac";"2022-07-13 22:25:00";5700;5700;;;;;;;;;"Mesurées";;;"Non";;;;""
2022;7294;"61";"61508";"Vimoutiers";"2022-07-13 22:54:48";200;0;;200;;;200;0;;;;;"Malveillance";;;;;"Données partielles ou non valides"
2022;1498;"46";"46042";"Cahors";"2022-07-13 22:57:00";200;0;;200;;;200;0;0;0;"Estimées";;"Involontaire (particulier)";;;;;""
2022;11721;"33";"33498";"Salles";"2022-07-13 23:00:00";5000;5000;;0;;;0;;;0;"Estimées";;;"Non";;;;""
2022;11628;"33";"33471";"Saint-Sauveur";"2022-07-13 23:18:00";1500;1500;;0;;;0;;;0;"Estimées";;;"Non";;;;""
2022;9231;"38";"38545";"Vif";"2022-07-14 02:17:00";50;0;;50;;;50;0;0;0;"Estimées";;;;;;;""
2022;6049;"56";"56126";"Marzan";"2022-07-14 03:54:00";10;0;;10;;;10;0;0;0;"Estimées";;"Involontaire (travaux)";;;;;""
2022;17488;"30";"30189";"Nîmes";"2022-07-14 04:21:00";30;;;;;;;;;;;"1";"Involontaire (travaux)";;;;;""
2022;17361;"11";"11332";"Saint-André-de-Roquelongue";"2022-07-14 06:19:00";21771;;;;;;;;;;;;;;;;;""
2022;6333;"56";"56176";"Pluneret";"2022-07-14 08:36:00";200;0;;200;;;200;0;0;0;"Estimées";;;;;;;""
2022;17367;"11";"11262";"Narbonne";"2022-07-14 08:54:00";12428;;;;;;;;;;;;;;;;;""
2022;17363;"11";"11198";"Laure-Minervois";"2022-07-14 09:31:00";1200;;;;;;;;;;;;;;;;;""
2022;7293;"61";"61397";"Saint-Germain-du-Corbéis";"2022-07-14 11:34:46";100;0;;100;;;100;0;;;;;"Malveillance";;;;;"Données partielles ou non valides"
2022;5888;"27";"27330";"Herqueville";"2022-07-14 11:40:00";8;0;;8;;;8;0;0;0;"Estimées";;;;;;;"Données partielles ou non valides"
2022;12820;"41";"41167";"Veuzain-sur-Loire";"2022-07-14 13:12:00";100;0;;100;;;100;0;0;0;"Estimées";;;;;;;""
2022;7678;"45";"45062";"Cercottes";"2022-07-14 13:18:00";20000;20000;;0;;;0;0;0;0;"Estimées";;;;;;;""
2022;2526;"29";"29220";"Pont-l'Abbé";"2022-07-14 14:00:00";50;0;;50;;;50;0;0;0;"Estimées";;;;;;;""
2022;17352;"2B";"2B079";"Castello-di-Rostino";"2022-07-14 14:05:00";100;;;;;;;;;;;;"Malveillance";;;;;""
2022;17451;"2A";"2A115";"Foce";"2022-07-14 14:30:00";1000;;1000;;;;;;;;;;;;;;;""
2022;4336;"77";"77186";"Fontainebleau";"2022-07-14 14:42:00";200;200;;0;;;0;0;0;0;"Estimées";;;;;;;""
2022;17353;"2B";"2B173";"Muro";"2022-07-14 14:49:00";6000;;;;;;;;;;;;"Malveillance";;;;;""
2022;12345;"31";"31547";"Seysses";"2022-07-14 14:51:00";10000;10000;;0;;;0;0;0;0;"Estimées";;;"Non";;;;""
2022;5249;"74";"74282";"Fillière";"2022-07-14 15:09:00";10;10;;0;;;0;0;0;0;"Estimées";;;;;;;""
2022;1503;"46";"46233";"Quissac";"2022-07-14 15:10:00";15000;0;;15000;;;15000;0;0;0;"Estimées";;"Involontaire (travaux)";;;;;""
2022;1855;"89";"89393";"Serrigny";"2022-07-14 15:11:00";80000;6000;;0;;;0;0;74000;74000;"Estimées";;;;;;;""
2022;17355;"2B";"2B079";"Castello-di-Rostino";"2022-07-14 15:40:00";7900;0;7900;;;;;;;;;"1";"Malveillance";;;;;""
2022;6336;"56";"56248";"Surzur";"2022-07-14 15:43:00";85000;85000;;0;;;0;0;0;0;"Estimées";;;;;;;""
2022;17364;"11";"11262";"Narbonne";"2022-07-14 15:46:00";1;;;;;;;;;;;;;;;;;""
2022;4861;"39";"39476";"Saint-Aubin";"2022-07-14 15:51:00";1000;0;;1000;;;1000;0;0;0;"Estimées";;;;;;;""
2022;11639;"33";"33380";"Val-de-Livenne";"2022-07-14 16:16:00";1000;1000;;0;;;0;;;0;"Estimées";;;"Non";;;;""
2022;18787;"13";"13045";"Graveson";"2022-07-14 16:16:00";14515300;7426100;6157000;;;;;;;932200;;"1";"Accidentelle";;;;;""
2022;11782;"33";"33502";"Saugon";"2022-07-14 16:25:00";15000;15000;;0;;;0;;;0;"Estimées";;;"Non";;;;""
2022;11717;"33";"33502";"Saugon";"2022-07-14 16:48:00";20000;20000;;0;;;0;;;0;"Estimées";;;"Non";;;;""
2022;2527;"29";"29058";"Fouesnant";"2022-07-14 17:00:00";60;0;;60;;;60;0;0;0;"Estimées";;;;;;;""
2022;12817;"41";"41161";"Nouan-le-Fuzelier";"2022-07-14 17:16:00";50;50;;0;;;0;0;0;0;"Estimées";;;;;;;""
2022;11928;"33";"33026";"Balizac";"2022-07-14 17:48:00";15000;10000;;0;;;0;;;5000;"Estimées";;;"Non";;;;""
2022;4337;"60";"60163";"Cormeilles";"2022-07-14 18:07:00";200000;10000;;0;;;0;0;190000;190000;"Estimées";;;;;;;""
2022;17359;"2B";"2B079";"Castello-di-Rostino";"2022-07-14 18:29:00";15000;10000;5000;;;;;;;;;"2";"Malveillance";;;;;""
2022;2381;"67";"67482";"Strasbourg";"2022-07-14 18:42:00";2;0;;2;;;2;0;0;0;"Estimées";;;;;;;""
2022;6338;"56";"56030";"Camoël";"2022-07-14 18:50:00";100;0;;100;;;100;0;0;0;"Mesurées";;"Malveillance";;;;;""
2022;23113;"57";"57521";"Œting";"2022-07-14 18:52:00";20;20;;0;;;0;0;0;0;"Estimées";;;"Non";;;;""
2022;2528;"29";"29265";"Sainte-Sève";"2022-07-14 19:14:00";30;0;;30;;;30;0;0;0;"Estimées";;;;;;;""
2022;12670;"18";"18216";"Saint-Hilaire-en-Lignières";"2022-07-14 19:16:00";5001;0;;1;;;1;5000;0;5000;"Estimées";;;"Non";;;;""
2022;12484;"41";"41167";"Veuzain-sur-Loire";"2022-07-14 20:11:00";30;30;;0;;;0;0;0;0;"Estimées";;;;;;;""
2022;12281;"41";"41167";"Veuzain-sur-Loire";"2022-07-14 20:11:00";30;30;;0;;;0;0;0;0;"Estimées";;;;;;;""
2022;7291;"61";"61500";"La Ventrouze";"2022-07-14 20:14:51";200;0;;200;;;200;0;;;;;"Malveillance";;;;;"Données partielles ou non valides"
2022;23112;"57";"57351";"Jury";"2022-07-14 20:35:00";20;20;;0;;;0;0;0;0;"Estimées";;;"Non";;;;""
2022;5759;"68";"68043";"Bollwiller";"2022-07-14 21:29:00";5000;0;;5000;;;5000;0;0;0;"Estimées";;;;;;;""
2022;10963;"40";"40014";"Arue";"2022-07-14 21:33:00";5800;5800;;0;;;0;;;0;"Estimées";;;"Non";;;;""
2022;7290;"61";"61484";"Val-au-Perche";"2022-07-14 22:01:15";3000;0;;3000;;;3000;0;;;;;"Malveillance";;;;;"Données partielles ou non valides"
2022;1412;"52";"52121";"Chaumont";"2022-07-14 22:08:00";500;0;;500;;;500;0;0;0;"Estimées";;"Involontaire (particulier)";;;;;""
2022;5166;"90";"90068";"Meroux-Moval";"2022-07-14 22:09:00";15;0;;15;;;15;0;0;0;"Estimées";;;;;;;""
2022;2382;"67";"67482";"Strasbourg";"2022-07-14 22:10:00";2;0;;2;;;2;0;0;0;"Estimées";;;;;;;""
2022;13211;"86";"86082";"Valence-en-Poitou";"2022-07-14 22:29:15";400;400;;;0;0;;;;;"Estimées";;;"Non";;;;""
2022;5167;"90";"90068";"Meroux-Moval";"2022-07-14 22:42:00";10;0;;10;;;10;0;0;0;"Estimées";;;;;;;""
2022;17366;"11";"11175";"Issel";"2022-07-14 22:49:00";26283;;;;;;;;;;;;;;;;;""
2022;2525;"29";"29220";"Pont-l'Abbé";"2022-07-14 23:01:00";10;0;;10;;;10;0;0;0;"Estimées";;;;;;;""
2022;6340;"56";"56214";"Saint-Gildas-de-Rhuys";"2022-07-14 23:25:00";50;0;;50;;;50;0;0;0;"Estimées";;"Involontaire (particulier)";;;;;""
2022;18907;"13";"13071";"Les Pennes-Mirabeau";"2022-07-14 23:36:00";300;300;;;;;;;;;;"1";"Involontaire (particulier)";;;;;""
2022;9225;"38";"38185";"Grenoble";"2022-07-14 23:41:00";100;0;;100;;;100;0;0;0;"Estimées";;;;;;;""
2022;2529;"29";"29185";"Plouescat";"2022-07-14 23:55:00";30;0;;30;;;30;0;0;0;"Estimées";;;;;;;""
2022;5168;"90";"90033";"Delle";"2022-07-15 00:51:00";25;0;;25;;;25;0;0;0;"Estimées";;;;;;;""
2022;19040;"13";"13019";"Cabriès";"2022-07-15 03:08:00";400;400;;;;;;;;;;"1";;;;;;""
2022;6342;"56";"56205";"Saint-Armel";"2022-07-15 03:50:00";10000;10000;;0;;;0;0;0;0;"Estimées";;;;;;;""
2022;6054;"56";"56126";"Marzan";"2022-07-15 06:44:00";10;0;;10;;;10;0;0;0;"Estimées";;"Involontaire (travaux)";;;;;""
2022;6343;"56";"56206";"Saint-Avé";"2022-07-15 08:14:00";500;0;;500;;;500;0;0;0;"Estimées";;;;;;;""
2022;10869;"40";"40105";"Garein";"2022-07-15 08:57:00";1000;1000;;0;;;0;;;0;"Estimées";;;"Non";;;;""
2022;4380;"77";"77186";"Fontainebleau";"2022-07-15 09:16:00";1;1;;0;;;0;0;0;0;"Mesurées";;;;;;;""
2022;6056;"56";"56248";"Surzur";"2022-07-15 09:23:00";20;0;;20;;;20;0;0;0;"Estimées";;"Involontaire (travaux)";;;;;""
2022;21542;"84";"84062";"Lagnes";"2022-07-15 09:50:00";5;;;;;;;;;;;;;;;;;""
2022;12453;"41";"41136";"Mer";"2022-07-15 10:24:00";10;0;;10;;;10;0;0;0;"Estimées";;;;;;;""
2022;1859;"89";"89418";"Tonnerre";"2022-07-15 10:29:00";500;0;;500;;;500;0;0;0;"Estimées";;;;;;;""
2022;7289;"61";"61457";"Saint-Symphorien-des-Bruyères";"2022-07-15 10:46:43";30000;0;;30000;;;30000;0;;;;;"Malveillance";;;;;"Données partielles ou non valides"
2022;11738;"33";"33193";"Grayan-et-l'Hôpital";"2022-07-15 11:11:00";200;20;;0;;;0;;;180;"Estimées";;"Involontaire (travaux)";"Non";;;;""
2022;11740;"33";"33537";"Uzeste";"2022-07-15 11:13:00";1000;1000;;0;;;0;;;0;"Estimées";;;"Non";;;;""
2022;9224;"38";"38448";"Saint-Prim";"2022-07-15 11:27:00";500;0;;500;;;500;0;0;0;"Estimées";;"Accidentelle";;;;;""
2022;2385;"67";"67543";"Wisches";"2022-07-15 11:38:00";100;100;;0;;;0;0;0;0;"Estimées";;;;;;;""
2022;5944;"27";"27002";"Acon";"2022-07-15 13:24:00";300;0;;300;;;300;0;0;0;"Estimées";;;;;;;"Données partielles ou non valides"
2022;16884;"83";"83140";"Tourves";"2022-07-15 13:25:00";500;500;;;;;;;;;;"4";"Involontaire (particulier)";;;;;""
2022;1860;"89";"89025";"Avallon";"2022-07-15 13:34:00";20000;20000;;0;;;0;0;0;0;"Estimées";;;;;;;""
2022;1976;"08";"08391";"Saint-Menges";"2022-07-15 13:45:00";1500;0;;1500;;;1500;0;0;0;"Estimées";;;;;;;""
2022;11948;"33";"33026";"Balizac";"2022-07-15 14:04:00";15000;15000;;0;;;0;;;0;"Estimées";;;"Non";;;;""
2022;21543;"84";"84019";"Bollène";"2022-07-15 14:07:00";900;;;;;;;;;;;;;;;;;""
2022;7288;"61";"61421";"Saint-Mars-d'Égrenne";"2022-07-15 14:15:17";100000;0;;100000;;;100000;0;;;;;"Malveillance";;;;;"Données partielles ou non valides"
2022;11687;"33";"33473";"Saint-Savin";"2022-07-15 14:16:00";6000;6000;;0;;;0;;;0;"Estimées";;;"Non";;;;""
2022;2966;"88";"88372";"Raon-l'Étape";"2022-07-15 14:21:00";30;30;;0;;;0;0;0;0;"Estimées";;;;;;;""
2022;7287;"61";"61309";"Perche en Nocé";"2022-07-15 14:51:10";60000;0;;60000;;;60000;0;;;;;"Malveillance";;;;;"Données partielles ou non valides"
2022;20976;"26";"26236";"Pierrelongue";"2022-07-15 15:18:00";300;300;;;;;;;;;;"5";"Malveillance";;;;;""
2022;2534;"29";"29145";"Confort-Meilars";"2022-07-15 15:21:00";30;0;;30;;;30;0;0;0;"Estimées";;;;;;;""
2022;16879;"04";"04173";"Saint-André-les-Alpes";"2022-07-15 15:32:00";250;250;;;;;;;;;;"5";"Accidentelle";;;;;""
2022;11707;"33";"33051";"Biganos";"2022-07-15 15:51:00";1500;1500;;0;;;0;;;0;"Estimées";;;"Non";;;;""
2022;17362;"2B";"2B143";"Linguizzetta";"2022-07-15 15:52:00";2000;;;;;;;;;;;;"Malveillance";;;;;""
2022;7286;"61";"61091";"Champsecret";"2022-07-15 16:00:14";10000;0;;10000;;;10000;0;;;;;"Malveillance";;;;;"Données partielles ou non valides"
2022;4384;"77";"77333";"Nemours";"2022-07-15 16:29:00";10000;10000;;0;;;0;0;0;0;"Estimées";;;;;;;""
2022;21733;"30";"30317";"Sernhac";"2022-07-15 16:34:00";4282;;;;;;;;;;;"1";"Malveillance";;;;;""
2022;16840;"30";"30317";"Sernhac";"2022-07-15 16:34:00";10292;;10292;;;;;;;;;"1";;;;;;""
2022;5250;"74";"74014";"Arâches-la-Frasse";"2022-07-15 16:49:00";800;800;;0;;;0;0;0;0;"Estimées";;;;;;;""
2022;19042;"13";"13005";"Aubagne";"2022-07-15 16:52:00";4000;4000;;;;;;;;;;"1";;;;;;""
2022;17452;"2A";"2A041";"Bonifacio";"2022-07-15 16:55:00";1;;;;;;;;;;;"1";"Malveillance";;;;;""
2022;17370;"11";"11069";"Carcassonne";"2022-07-15 17:03:00";1047;;;;;;;;;;;;;;;;;""
2022;9219;"38";"38039";"Bernin";"2022-07-15 17:27:00";100;0;;100;;;100;0;0;0;"Estimées";;;;;;;""
2022;10888;"40";"40267";"Saint-Justin";"2022-07-15 17:28:00";1000;1000;;0;;;0;;;0;"Estimées";;;"Non";;;;""
2022;3723;"35";"35351";"Le Verger";"2022-07-15 17:41:00";216700;100000;;0;;;0;116700;0;116700;"Mesurées";;;;;;;""
2022;13296;"86";"86129";"Lésigny";"2022-07-15 17:53:02";3000;3000;;;0;0;;;;;"Estimées";;"Accidentelle";"Non";;;;""
2022;10947;"40";"40200";"Moustey";"2022-07-15 18:00:00";200;200;;0;;;0;;;0;"Estimées";;"Malveillance";"Non";;;;""
2022;17365;"2B";"2B079";"Castello-di-Rostino";"2022-07-15 18:05:00";20000;20000;;;;;;;;;;"2";"Malveillance";;;;;""
2022;9395;"16";"16105";"Condéon";"2022-07-15 18:31:00";25000;25000;;;;;;;;;"Mesurées";;;"Non";;;;""
2022;17815;"07";"07077";"Darbres";"2022-07-15 19:04:00";3000;;3000;;;;;;;;;"1";;;;;;""
2022;6882;"72";"72260";"Ruaudin";"2022-07-15 19:41:00";200;200;;0;;;0;0;0;0;"Estimées";;;;;;;""
2022;23219;"50";"50078";"Bretteville-sur-Ay";"2022-07-15 20:09:25";3000;0;;3000;;;3000;0;0;0;"Estimées";;;"Non";;;;""
2022;17490;"30";"30014";"Arpaillargues-et-Aureillac";"2022-07-15 20:45:00";100;;;;;;;;;;;;"Involontaire (travaux)";;;;;""
2022;19039;"13";"13010";"Barbentane";"2022-07-15 22:37:00";1000;1000;;;;;;;;;;"1";"Accidentelle";;;;;""
2022;3726;"35";"35331";"Talensac";"2022-07-15 22:50:00";150;0;;150;;;150;0;0;0;"Estimées";;;;;;;""
2022;5171;"90";"90033";"Delle";"2022-07-15 23:05:00";20;0;;20;;;20;0;0;0;"Estimées";;"Involontaire (particulier)";;;;;""
2022;21544;"84";"84138";"Valréas";"2022-07-15 23:06:00";50;;;;;;;;;;;;;;;;;""
2022;9396;"16";"16236";"Mouthiers-sur-Boëme";"2022-07-15 23:35:00";500;500;;;;;;;;;"Estimées";;;"Non";;;;""
2022;19041;"13";"13056";"Martigues";"2022-07-15 23:36:00";5;5;;;;;;;;;;"1";"Involontaire (particulier)";;;;;""
2022;23127;"73";"73180";"Motz";"2022-07-16 00:00:00";10000;10000;;0;;;0;0;0;0;"Estimées";;;;;;;"Données partielles ou non valides"
2022;17184;"66";"66046";"Caudiès-de-Fenouillèdes";"2022-07-16 00:32:00";460;;460;;;;;;;;;"1";"Malveillance";;;;;""
2022;18149;"34";"34036";"Le Bosc";"2022-07-16 03:52:00";905;;905;;;;;;;;;"1";"Malveillance";;;;;""
2022;21734;"30";"30022";"Aujac";"2022-07-16 07:02:00";6991;;;;;;;;;;;"1";;;;;;""
2022;6059;"56";"56176";"Pluneret";"2022-07-16 08:51:00";10;0;;10;;;10;0;0;0;"Estimées";;"Involontaire (travaux)";;;;;""
2022;6350;"56";"56098";"Lanester";"2022-07-16 10:19:00";400;0;;400;;;400;0;0;0;"Estimées";;;;;;;""
2022;17187;"66";"66046";"Caudiès-de-Fenouillèdes";"2022-07-16 10:22:00";30;;30;;;;;;;;;"6";"Malveillance";;;;;""
2022;17491;"30";"30093";"Conqueyrac";"2022-07-16 10:48:00";67;;67;;;;;;;;;"1";"Involontaire (particulier)";;;;;""
2022;2540;"29";"29123";"Lennon";"2022-07-16 10:55:00";20;0;;20;;;20;0;0;0;"Estimées";;;;;;;""
2022;16859;"48";"48185";"Les Salelles";"2022-07-16 11:32:00";100;;100;;;;;;;;;"1";"Involontaire (travaux)";;;;;""
2022;12673;"18";"18225";"Saint-Maur";"2022-07-16 12:11:00";55000;0;;5000;;;5000;50000;0;50000;"Estimées";;;"Non";;;;""
2022;4865;"39";"39228";"Foncine-le-Haut";"2022-07-16 12:17:00";10000;0;;10000;;;10000;0;0;0;"Estimées";;;;;;;""
2022;2391;"67";"67462";"Sélestat";"2022-07-16 13:59:00";200;0;;200;;;200;0;0;0;"Estimées";;;;;;;""
2022;13219;"86";"86042";"Buxeuil";"2022-07-16 14:04:53";1300;1000;;300;0;0;;;;;"Estimées";;;"Non";;;;""
2022;10181;"17";"17118";"Corignac";"2022-07-16 14:07:00";2000;2000;;;0;0;;;;;"Mesurées";;;"Non";0;0;0;""
2022;7285;"61";"61423";"Saint-Martin-d'Écublei";"2022-07-16 14:10:00";600000;0;;600000;;;600000;0;0;0;"Estimées";;;;;;;"Données partielles ou non valides"
2022;5959;"27";"27561";"Saint-Maclou";"2022-07-16 14:17:00";500;0;;500;;;500;0;0;0;"Estimées";;;;;;;"Données partielles ou non valides"
2022;4353;"60";"60054";"Les Hauts-Talican";"2022-07-16 14:35:00";120000;2000;;0;;;0;0;118000;118000;"Mesurées";;;;;;;""
2022;9215;"38";"38027";"Barraux";"2022-07-16 14:50:00";40000;0;;40000;;;40000;0;0;0;"Estimées";;;;;;;""
2022;6888;"72";"72187";"Marigné-Laillé";"2022-07-16 14:55:00";400;400;;0;;;0;0;0;0;"Estimées";;;;;;;""
2022;6061;"56";"56126";"Marzan";"2022-07-16 14:57:00";10;0;;10;;;10;0;0;0;"Estimées";;"Involontaire (travaux)";;;;;""
2022;5761;"68";"68088";"Feldkirch";"2022-07-16 14:58:00";20000;0;;20000;;;20000;0;0;0;"Estimées";;;;;;;""
2022;6063;"56";"56162";"Ploemeur";"2022-07-16 15:18:00";10;0;;10;;;10;0;0;0;"Estimées";;;;;;;""
2022;2300;"67";"67003";"Albé";"2022-07-16 15:37:00";200;100;;0;;;0;0;100;100;"Estimées";;"Malveillance";;;;;""
2022;1863;"89";"89279";"Noyers";"2022-07-16 15:37:00";10000;10000;;0;;;0;0;0;0;"Estimées";;;;;;;""
2022;5961;"27";"27565";"Le Lesme";"2022-07-16 15:40:00";11000;0;;3000;;;3000;8000;0;8000;"Estimées";;;;;;;"Données partielles ou non valides"
2022;5760;"68";"68258";"Pulversheim";"2022-07-16 15:50:00";10000;10000;;0;;;0;0;0;0;"Estimées";;;;;;;""
2022;9214;"38";"38139";"Creys-Mépieu";"2022-07-16 16:03:00";20000;0;;20000;;;20000;0;0;0;"Estimées";;;;;;;""
2022;2545;"29";"29174";"Plonéour-Lanvern";"2022-07-16 16:05:00";100;100;;0;;;0;0;0;0;"Estimées";;;;;;;""
2022;11341;"40";"40168";"Magescq";"2022-07-16 16:05:00";28000;28000;;0;;;0;;;0;"Estimées";;;"Non";;;;""
2022;10951;"40";"40168";"Magescq";"2022-07-16 16:05:00";2;2;;0;;;0;;;0;"Estimées";;;"Non";;;;""
2022;2466;"85";"85040";"La Caillère-Saint-Hilaire";"2022-07-16 16:09:00";200;0;;200;;;200;0;0;0;"Mesurées";;;;;;;""
2022;16860;"48";"48081";"Lanuéjols";"2022-07-16 16:32:00";40000;30000;10000;;;;;;;;;"1";"Involontaire (travaux)";;;;;""
2022;7284;"61";"61123";"Coulonces";"2022-07-16 17:14:30";1000;0;;1000;;;1000;0;;;;;"Malveillance";;;;;"Données partielles ou non valides"
2022;12352;"31";"31082";"Bourg-Saint-Bernard";"2022-07-16 17:30:00";50000;50000;;0;;;0;0;0;0;"Estimées";;;"Non";;;;""
2022;17371;"11";"11321";"Roquefort-de-Sault";"2022-07-16 17:43:00";1000;;;;;;;;;;;;;;;;;""
2022;8143;"38";"38207";"Lavaldens";"2022-07-16 17:54:00";8000;8000;;0;;;0;0;0;0;"Estimées";;;;;;;""
2022;2541;"29";"29128";"Loc-Eguiner";"2022-07-16 18:29:00";20;0;;20;;;20;0;0;0;"Estimées";;;;;;;""
2022;10182;"17";"17110";"Clérac";"2022-07-16 18:29:00";100000;100000;;;0;0;;;;;"Mesurées";;;"Non";0;0;0;""
2022;6892;"72";"72106";"Courtillers";"2022-07-16 18:30:00";150;150;;0;;;0;0;0;0;"Estimées";;;;;;;""
2022;7283;"61";"61214";"L'Aigle";"2022-07-16 18:43:04";300;0;;300;;;300;0;;;;;"Malveillance";;;;;"Données partielles ou non valides"
2022;11657;"33";"33104";"Castelnau-de-Médoc";"2022-07-16 18:55:00";5000;5000;;0;;;0;;;0;"Estimées";;;"Non";;;;""
2022;12457;"41";"41157";"Mur-de-Sologne";"2022-07-16 19:24:00";500;0;;500;;;500;0;0;0;"Estimées";;;;;;;""
2022;17276;"34";"34058";"Castries";"2022-07-16 19:31:00";6219;;6219;;;;;;;;;"1";"Malveillance";;;;;""
2022;2542;"29";"29046";"Douarnenez";"2022-07-16 19:31:00";20;0;;20;;;20;0;0;0;"Estimées";;;;;;;""
2022;6354;"56";"56177";"Pluvigner";"2022-07-16 19:42:00";100;100;;0;;;0;0;0;0;"Mesurées";;"Involontaire (particulier)";;;;;""
2022;10958;"40";"40200";"Moustey";"2022-07-16 19:44:00";700;700;;0;;;0;;;0;"Estimées";;"Malveillance";"Non";;;;""
2022;7282;"61";"61248";"Mantilly";"2022-07-16 19:45:24";50000;0;;50000;;;50000;0;;;;;"Malveillance";;;;;"Données partielles ou non valides"
2022;9213;"38";"38399";"Saint-Jean-de-Bournay";"2022-07-16 19:46:00";500;0;;500;;;500;0;0;0;"Estimées";;;;;;;""
2022;17818;"07";"07230";"Saint-Étienne-de-Boulogne";"2022-07-16 20:42:00";5000;5000;;;;;;;;;;"4";;;;;;""
2022;17238;"34";"34036";"Le Bosc";"2022-07-16 20:46:00";905;;905;;;;;;;;;"1";"Malveillance";;;;;""
2022;2543;"29";"29275";"Scrignac";"2022-07-16 20:47:00";10000;0;;10000;;;10000;0;0;0;"Estimées";;;;;;;""
2022;19043;"13";"13023";"Ceyreste";"2022-07-16 20:51:00";2;2;;;;;;;;;;"1";;;;;;""
2022;11656;"33";"33502";"Saugon";"2022-07-16 21:48:00";6000;4000;;0;;;0;;;2000;"Estimées";;;"Non";;;;""
2022;11688;"33";"33218";"Lagorce";"2022-07-16 22:36:00";10500;10500;;0;;;0;;;0;"Estimées";;;"Non";;;;""
2022;20696;"26";"26326";"Saint-Restitut";"2022-07-16 23:01:00";4000;;;;;;;;;;;;;;;;;""
2022;18536;"11";"11021";"Axat";"2022-07-16 23:04:00";20;;;;;;;;;;;;;;;;;""
2022;11631;"33";"33184";"Générac";"2022-07-16 23:25:00";1000;1000;;0;;;0;;;0;"Estimées";;;"Non";;;;""
2022;23339;"50";"50041";"La Hague";"2022-07-17 02:44:00";390000;0;;390000;;;390000;0;0;0;"Mesurées";;"Malveillance";"Non";;;;""
2022;12006;"33";"33322";"Le Pian-Médoc";"2022-07-17 03:17:00";50000;50000;;0;;;0;;;0;"Estimées";;"Malveillance";"Non";;;;""
2022;2547;"29";"29135";"Loctudy";"2022-07-17 03:56:00";250;0;;250;;;250;0;0;0;"Estimées";;;;;;;""
2022;18151;"34";"34036";"Le Bosc";"2022-07-17 04:05:00";297;0;297;;;;;;;;;"1";"Malveillance";;;;;""
2022;9400;"16";"16215";"Médillac";"2022-07-17 06:28:00";700;200;;;;500;;;;;"Estimées";;"Accidentelle";"Non";;;;""
2022;2548;"29";"29165";"Plobannalec-Lesconil";"2022-07-17 08:14:00";10;0;;10;;;10;0;0;0;"Estimées";;;;;;;""
2022;6491;"56";"56098";"Lanester";"2022-07-17 08:54:00";100;0;;100;;;100;0;0;0;"Estimées";;"Involontaire (travaux)";;;;;""
2022;2396;"67";"67317";"Neubois";"2022-07-17 09:25:00";100;100;;0;;;0;0;0;0;"Estimées";;;;;;;""
2022;23222;"50";"50500";"Saint-Laurent-de-Terregatte";"2022-07-17 09:32:35";1500;1500;;0;;;0;0;0;0;"Estimées";;;"Non";;;;""
2022;12459;"41";"41153";"Montrouveau";"2022-07-17 09:46:00";10000;0;;10000;;;10000;0;0;0;"Estimées";;;;;;;""
2022;17492;"30";"30093";"Conqueyrac";"2022-07-17 09:49:00";5;;;;;;;;;;;;"Involontaire (travaux)";;;;;""
2022;3741;"35";"35152";"Liffré";"2022-07-17 10:10:00";30;0;;30;;;30;0;0;0;"Estimées";;;;;;;""
2022;7281;"61";"61467";"Semallé";"2022-07-17 10:58:48";2000;0;;2000;;;2000;0;;;;;"Malveillance";;;;;"Données partielles ou non valides"
2022;5970;"27";"27116";"Brionne";"2022-07-17 11:40:00";20;0;;20;;;20;0;0;0;"Estimées";;;;;;;"Données partielles ou non valides"
2022;7280;"61";"61397";"Saint-Germain-du-Corbéis";"2022-07-17 11:44:09";500;0;;500;;;500;0;;;;;"Malveillance";;;;;"Données partielles ou non valides"
2022;17493;"30";"30141";"Laudun-l'Ardoise";"2022-07-17 11:58:00";3000;;;;;;;;;;;;;;;;;""
2022;6127;"56";"56248";"Surzur";"2022-07-17 12:49:00";1;0;;1;;;1;0;0;0;"Estimées";;"Involontaire (travaux)";;;;;""
2022;9212;"38";"38151";"Échirolles";"2022-07-17 13:24:00";200;0;;200;;;200;0;0;0;"Estimées";;;;;;;""
2022;5973;"27";"27002";"Acon";"2022-07-17 13:25:00";5000;0;;5000;;;5000;0;0;0;"Estimées";;;;;;;"Données partielles ou non valides"
2022;3742;"35";"35119";"Gennes-sur-Seiche";"2022-07-17 13:44:00";100;0;;100;;;100;0;0;0;"Estimées";;"Involontaire (particulier)";;;;;""
2022;9211;"38";"38177";"La Garde";"2022-07-17 14:20:00";1000;0;;1000;;;1000;0;0;0;"Estimées";;;;;;;""
2022;3977;"44";"44104";"Montrelais";"2022-07-17 14:21:00";800000;370000;;0;;;0;0;430000;430000;"Estimées";;;;;;;""
2022;1581;"58";"58113";"Fertrève";"2022-07-17 14:49:00";20000;275;;0;;;0;0;19725;19725;"Estimées";;;;;;;""
2022;7279;"61";"61294";"Mortrée";"2022-07-17 14:52:36";500;0;;500;;;500;0;;;;;"Malveillance";;;;;"Données partielles ou non valides"
2022;7278;"61";"61050";"Cour-Maugis sur Huisne";"2022-07-17 15:01:57";100000;0;;100000;;;100000;0;;;;;"Malveillance";;;;;"Données partielles ou non valides"
2022;7277;"61";"61145";"Domfront en Poiraie";"2022-07-17 15:24:21";50000;0;;50000;;;50000;0;;;;;"Malveillance";;;;;"Données partielles ou non valides"
2022;6910;"72";"72119";"Domfront-en-Champagne";"2022-07-17 15:51:00";20000;20000;;0;;;0;0;0;0;"Estimées";;;;;;;""
2022;5977;"27";"27233";"Fatouville-Grestain";"2022-07-17 16:12:00";100000;0;;100000;;;100000;0;0;0;"Estimées";;;;;;;"Données partielles ou non valides"
2022;2549;"29";"29010";"Bodilis";"2022-07-17 16:17:00";300;0;;300;;;300;0;0;0;"Estimées";;;;;;;""
2022;11703;"33";"33045";"Belvès-de-Castillon";"2022-07-17 16:32:00";8000;8000;;0;;;0;;;0;"Estimées";;;"Non";;;;""
2022;7275;"61";"61168";"La Ferté Macé";"2022-07-17 16:34:48";1000;0;;1000;;;1000;0;;;;;"Malveillance";;;;;"Données partielles ou non valides"
2022;7274;"61";"61456";"Saint-Sulpice-sur-Risle";"2022-07-17 16:35:52";1000;0;;1000;;;1000;0;;;;;"Malveillance";;;;;"Données partielles ou non valides"
2022;21735;"30";"30344";"Vergèze";"2022-07-17 17:00:00";4476;;;;;;;;;;;"1";"Accidentelle";;;;;""
2022;3746;"35";"35211";"Paimpont";"2022-07-17 17:36:00";200;0;;200;;;200;0;0;0;"Estimées";;"Involontaire (travaux)";;;;;""
2022;13224;"86";"86258";"Scorbé-Clairvaux";"2022-07-17 17:54:15";3000;3000;;;0;0;;;;;"Estimées";;;"Non";;;;""
2022;2550;"29";"29187";"Plougar";"2022-07-17 17:59:00";80;0;;80;;;80;0;0;0;"Estimées";;;;;;;""
2022;5951;"27";"27068";"Bois-Anzeray";"2022-07-17 18:38:00";100;0;;100;;;100;0;0;0;"Estimées";;;;;;;"Données partielles ou non valides"
2022;19044;"13";"13117";"Vitrolles";"2022-07-17 19:54:00";30;30;;;;;;;;;;"1";;;;;;""
2022;17373;"11";"11115";"Cuxac-Cabardès";"2022-07-17 20:08:00";400;;;;;;;;;;;;"Malveillance";;;;;""
2022;1472;"76";"76351";"Le Havre";"2022-07-17 20:13:00";12000;0;;12000;;;12000;0;0;0;"Estimées";;;;;;;""
2022;19046;"13";"13088";"Le Rove";"2022-07-17 20:26:00";2;2;;;;;;;;;;"1";"Malveillance";;;;;""
2022;12932;"10";"10218";"Maisons-lès-Chaource";"2022-07-17 21:10:00";11000;5000;;0;;;0;0;6000;6000;"Estimées";;;;;;;""
2022;19045;"13";"13040";"Fuveau";"2022-07-17 21:30:00";2;2;;;;;;;;;;"1";;;;;;""
2022;17013;"2A";"2A006";"Alata";"2022-07-17 21:39:00";1000;;1000;;;;;;;;;"1";"Accidentelle";;;;;""
2022;12099;"87";"87182";"Saint-Sulpice-les-Feuilles";"2022-07-17 21:39:29";50;50;;;;;;;;;"Mesurées";;;"Non";;;;""
2022;4869;"39";"39016";"Arinthod";"2022-07-17 23:51:00";6;6;;0;;;0;0;0;0;"Mesurées";;"Involontaire (travaux)";;;;;""
2022;23340;"50";"50041";"La Hague";"2022-07-17 23:55:00";60000;0;;60000;;;60000;0;0;0;"Mesurées";;"Malveillance";"Non";;;;""
2022;2555;"29";"29201";"Ploumoguer";"2022-07-18 01:50:00";150;0;;150;;;150;0;0;0;"Estimées";;;;;;;""
2022;4238;"44";"44109";"Nantes";"2022-07-18 02:03:00";50;0;;50;;;50;0;0;0;"Estimées";;;;;;;""
2022;9430;"16";"16215";"Médillac";"2022-07-18 03:05:00";5000;5000;;;;;;;;;"Mesurées";;;"Non";;;;""
2022;11394;"33";"33236";"Lège-Cap-Ferret";"2022-07-18 06:28:00";500;500;;0;;;0;;;0;"Estimées";;"Accidentelle";"Non";;;;""
2022;2568;"29";"29230";"Querrien";"2022-07-18 09:39:00";800;800;;0;;;0;0;0;0;"Estimées";;;;;;;""
2022;5174;"90";"90033";"Delle";"2022-07-18 10:28:00";200;200;;0;;;0;0;0;0;"Estimées";;;;;;;""
2022;1582;"43";"43122";"Lissac";"2022-07-18 10:39:00";100;0;;100;;;100;0;0;0;"Estimées";;;;;;;""
2022;3751;"35";"35211";"Paimpont";"2022-07-18 10:45:00";100000;50000;;50000;;;50000;0;0;0;"Estimées";;"Involontaire (particulier)";;;;;""
2022;4365;"44";"44061";"Frossay";"2022-07-18 10:58:00";15000;0;;15000;;;15000;0;0;0;"Estimées";;;;;;;""
2022;1564;"49";"49378";"Vivy";"2022-07-18 11:20:00";500;0;;500;;;500;0;0;0;"Estimées";;"Accidentelle";;;;;""
2022;5954;"27";"27002";"Acon";"2022-07-18 11:36:00";1000;0;;1000;;;1000;0;0;0;"Estimées";;;;;;;"Données partielles ou non valides"
2022;10918;"40";"40244";"Rivière-Saas-et-Gourby";"2022-07-18 12:12:00";1740;1740;;0;;;0;;;0;"Estimées";;;"Non";;;;""
2022;2302;"67";"67003";"Albé";"2022-07-18 12:14:00";120;100;;0;;;0;0;20;20;"Estimées";;"Accidentelle";;;;;""
2022;10926;"40";"40323";"Vert";"2022-07-18 12:18:00";3000;3000;;0;;;0;;;0;"Estimées";;;"Non";;;;""
2022;11739;"33";"33378";"Saint-Avit-Saint-Nazaire";"2022-07-18 12:24:00";20000;20000;;0;;;0;;;0;"Estimées";;"Involontaire (travaux)";"Non";;;;""
2022;17374;"11";"11170";"Gruissan";"2022-07-18 12:31:00";500;;;;;;;;;;;;;;;;;""
2022;7273;"61";"61158";"Faverolles";"2022-07-18 12:31:20";400000;0;;400000;;;400000;0;;;;;"Malveillance";;;;;"Données partielles ou non valides"
2022;3754;"35";"35281";"Saint-Jacques-de-la-Lande";"2022-07-18 12:45:00";400;0;;400;;;400;0;0;0;"Estimées";;;;;;;""
2022;19051;"13";"13048";"Jouques";"2022-07-18 12:54:00";50;50;;;;;;;;;;"1";;;;;;""
2022;9210;"38";"38381";"Saint-Didier-de-la-Tour";"2022-07-18 13:00:00";50;0;;50;;;50;0;0;0;"Estimées";;;;;;;""
2022;10950;"40";"40323";"Vert";"2022-07-18 13:10:00";511900;484400;;0;;;0;;;27500;"Estimées";;;"Non";;;;""
2022;7272;"61";"61117";"Condé-sur-Sarthe";"2022-07-18 13:44:27";10000;0;;10000;;;10000;0;;;;;"Malveillance";;;;;"Données partielles ou non valides"
2022;2556;"29";"29094";"Kernouës";"2022-07-18 13:58:00";500;500;;0;;;0;0;0;0;"Estimées";;;;;;;""
2022;23114;"57";"57606";"Saint-Avold";"2022-07-18 13:59:00";20;20;;0;;;0;0;0;0;"Estimées";;;"Non";;;;""
2022;2560;"29";"29182";"Plouégat-Guérand";"2022-07-18 14:25:00";400;0;;400;;;400;0;0;0;"Estimées";;;;;;;""
2022;5082;"09";"09331";"Le Vernet";"2022-07-18 14:27:00";600000;0;;600000;;;600000;0;0;0;"Mesurées";;;;;;;""
2022;1611;"54";"54143";"Crépey";"2022-07-18 14:29:00";157500;7500;;0;;;0;0;150000;150000;"Estimées";;;;;;;""
2022;17822;"07";"07330";"Vallon-Pont-d'Arc";"2022-07-18 14:32:00";732400;410100;23700;;;;;;;298600;;"3";"Malveillance";;;;;""
2022;19343;"11";"11104";"Counozouls";"2022-07-18 14:32:00";20;;;;;;;;;;;;;;;;;""
2022;19050;"13";"13044";"Grans";"2022-07-18 14:35:00";100;100;;;;;;;;;;"1";;;;;;""
2022;1587;"43";"43094";"Ferrussac";"2022-07-18 14:37:00";1000;0;;1000;;;1000;0;0;0;"Estimées";;;;;;;""
2022;9206;"38";"38075";"Chapareillan";"2022-07-18 14:42:00";200;0;;200;;;200;0;0;0;"Estimées";;;;;;;""
2022;20697;"26";"26295";"Saint-Barthélemy-de-Vals";"2022-07-18 14:43:00";5000;5000;;;;;;;;;;"2";"Involontaire (travaux)";;;;;""
2022;5083;"09";"09332";"Verniolle";"2022-07-18 14:45:00";20000;0;;10000;;;10000;10000;0;10000;"Mesurées";;"Involontaire (particulier)";;;;;""
2022;3776;"35";"35211";"Paimpont";"2022-07-18 14:49:00";10000;10000;;0;;;0;0;0;0;"Estimées";;"Involontaire (travaux)";;;;;""
2022;7271;"61";"61474";"Gouffern en Auge";"2022-07-18 14:54:09";200;0;;200;;;200;0;;;;;"Malveillance";;;;;"Données partielles ou non valides"
2022;6496;"56";"56030";"Camoël";"2022-07-18 15:02:00";2000;2000;;0;;;0;0;0;0;"Estimées";;;;;;;""
2022;2558;"29";"29179";"Ploudaniel";"2022-07-18 15:03:00";100;0;;100;;;100;0;0;0;"Estimées";;;;;;;""
2022;7270;"61";"61199";"Habloville";"2022-07-18 15:05:21";100;0;;100;;;100;0;;;;;"Malveillance";;;;;"Données partielles ou non valides"
2022;7269;"61";"61507";"Villiers-sous-Mortagne";"2022-07-18 15:14:57";2000;0;;2000;;;2000;0;;;;;"Malveillance";;;;;"Données partielles ou non valides"
2022;12464;"41";"41059";"Le Controis-en-Sologne";"2022-07-18 15:21:00";1200;1200;;0;;;0;0;0;0;"Estimées";;;;;;;""
2022;2565;"29";"29091";"Kerlouan";"2022-07-18 15:26:00";40000;40000;;0;;;0;0;0;0;"Estimées";;;;;;;""
2022;4372;"44";"44198";"Les Sorinières";"2022-07-18 15:31:00";50;0;;50;;;50;0;0;0;"Estimées";;;;;;;""
2022;6921;"72";"72350";"Teloché";"2022-07-18 15:33:00";3280000;3280000;;0;;;0;0;0;0;"Estimées";;;;;;;""
2022;6923;"72";"72213";"Mulsanne";"2022-07-18 15:41:00";5000;5000;;0;;;0;0;0;0;"Estimées";;;;;;;""
2022;10200;"17";"17243";"Montlieu-la-Garde";"2022-07-18 15:42:00";10000;4000;;6000;0;0;;;;;"Mesurées";;"Accidentelle";"Non";0;0;0;""
2022;20977;"26";"26367";"Venterol";"2022-07-18 16:01:00";200000;200000;0;;;;;;;0;;;"Malveillance";;;;;""
2022;7268;"61";"61199";"Habloville";"2022-07-18 16:02:56";500;0;;500;;;500;0;;;;;"Malveillance";;;;;"Données partielles ou non valides"
2022;2686;"85";"85191";"La Roche-sur-Yon";"2022-07-18 16:07:00";300;0;;300;;;300;0;0;0;"Mesurées";;;;;;;""
2022;4376;"44";"44213";"Loireauxence";"2022-07-18 16:10:00";60;0;;60;;;60;0;0;0;"Estimées";;;;;;;""
2022;2559;"29";"29004";"Bannalec";"2022-07-18 16:18:00";5000;5000;;0;;;0;0;0;0;"Estimées";;;;;;;""
2022;1601;"49";"49235";"Parnay";"2022-07-18 16:26:00";10000;10000;;0;;;0;0;0;0;"Estimées";;;;;;;""
2022;9757;"79";"79049";"Bressuire";"2022-07-18 16:26:00";848000;110240;;;720800;16960;;;;;"Mesurées";;;"Oui";0;3;0;""
2022;1591;"71";"71439";"Saint-Léger-lès-Paray";"2022-07-18 16:33:00";300;0;;300;;;300;0;0;0;"Estimées";;"Involontaire (travaux)";;;;;""
2022;1588;"43";"43147";"Paulhac";"2022-07-18 16:34:00";100;0;;100;;;100;0;0;0;"Estimées";;;;;;;""
2022;17494;"30";"30167";"Meyrannes";"2022-07-18 16:34:00";2;;2;;;;;;;;;"1";;;;;;""
2022;21736;"30";"30167";"Meyrannes";"2022-07-18 16:34:00";6;;;;;;;;;;;"2";"Malveillance";;;;;""
2022;17375;"11";"11266";"Port-la-Nouvelle";"2022-07-18 16:35:00";3508;;;;;;;;;;;;;;;;;""
2022;1589;"71";"71417";"Saint-Gengoux-le-National";"2022-07-18 16:54:00";30000;2100;;0;;;0;27900;0;27900;"Estimées";;;;;;;""
2022;7639;"70";"70094";"Breuchotte";"2022-07-18 17:00:00";200;0;;200;;;200;0;0;0;"Estimées";;;;;;;""
2022;4399;"77";"77333";"Nemours";"2022-07-18 17:02:00";3000;3000;;0;;;0;0;0;0;"Estimées";;;;;;;""
2022;10183;"17";"17110";"Clérac";"2022-07-18 17:23:00";421700;421700;;;0;0;;;;;"Mesurées";;;"Non";0;0;0;""
2022;1590;"49";"49023";"Beaupréau-en-Mauges";"2022-07-18 17:33:00";100000;0;;100000;;;100000;0;0;0;"Estimées";;;;;;;""
2022;2688;"85";"85146";"Montaigu-Vendée";"2022-07-18 17:34:00";450000;450000;;0;;;0;0;0;0;"Mesurées";;;;;;;""
2022;4408;"77";"77159";"Donnemarie-Dontilly";"2022-07-18 17:36:00";22000;2000;;0;;;0;0;20000;20000;"Estimées";;"Involontaire (travaux)";;;;;""
2022;2564;"29";"29295";"Trémaouézan";"2022-07-18 17:41:00";30500;30500;;0;;;0;0;0;0;"Estimées";;;;;;;""
2022;2428;"21";"21714";"Vosne-Romanée";"2022-07-18 18:01:00";56112;31112;;0;;;0;25000;0;25000;"Mesurées";;;;;;;""
2022;10619;"24";"24533";"Servanches";"2022-07-18 18:01:00";20000;20000;;0;;;0;0;0;0;"Estimées";;"Malveillance";"Non";;;;""
2022;2431;"21";"21584";"Saulieu";"2022-07-18 18:02:00";100;0;;100;;;100;0;0;0;"Estimées";;;;;;;""
2022;11412;"33";"33541";"Vensac";"2022-07-18 18:06:00";448400;448400;;0;;;0;;;0;"Mesurées";;;"Non";;;;""
2022;1594;"71";"71322";"Morlet";"2022-07-18 18:12:00";20;0;;20;;;20;0;0;0;"Estimées";;"Accidentelle";;;;;""
2022;3781;"35";"35211";"Paimpont";"2022-07-18 18:17:00";50000;50000;;0;;;0;0;0;0;"Estimées";;;;;;;""
2022;19048;"13";"13001";"Aix-en-Provence";"2022-07-18 18:27:00";2;2;;;;;;;;;;"1";;;;;;""
2022;12359;"31";"31288";"Layrac-sur-Tarn";"2022-07-18 18:33:00";150000;150000;;0;;;0;0;0;0;"Estimées";;;"Non";;;;""
2022;7265;"61";"61196";"Belforêt-en-Perche";"2022-07-18 18:43:23";20000;0;;20000;;;20000;0;;;;;"Malveillance";;;;;"Données partielles ou non valides"
2022;19047;"13";"13118";"Coudoux";"2022-07-18 18:44:00";10;10;;;;;;;;;;"1";"Involontaire (particulier)";;;;;""
2022;12465;"41";"41194";"Romorantin-Lanthenay";"2022-07-18 18:48:00";1200;1200;;0;;;0;0;0;0;"Estimées";;;;;;;""
2022;7264;"61";"61169";"Flers";"2022-07-18 18:52:03";700;0;;700;;;700;0;;;;;"Malveillance";;;;;"Données partielles ou non valides"
2022;17011;"34";"34209";"Portiragnes";"2022-07-18 18:56:00";22317;;22317;;;;;;;;;"1";"Involontaire (travaux)";;;;;""
2022;13297;"86";"86086";"Coussay-les-Bois";"2022-07-18 19:42:21";51500;1500;;50000;0;0;;;;;"Estimées";;"Involontaire (travaux)";"Non";;;;""
2022;17376;"11";"11005";"Alairac";"2022-07-18 19:46:00";300;;;;;;;;;;;;;;;;;""
2022;7263;"61";"61486";"Tinchebray-Bocage";"2022-07-18 19:49:20";350000;0;;350000;;;350000;0;;;;;"Malveillance";;;;;"Données partielles ou non valides"
2022;12360;"31";"31439";"Préserville";"2022-07-18 19:59:00";20000;20000;;0;;;0;0;0;0;"Estimées";;;"Non";;;;""
2022;17823;"07";"07145";"Lussas";"2022-07-18 20:08:00";20000;;;;;;;;;;;"1";"Involontaire (particulier)";;;;;""
2022;1596;"76";"76535";"Roncherolles-en-Bray";"2022-07-18 20:28:00";20000;0;;20000;;;20000;0;0;0;"Estimées";;;;;;;""
2022;7262;"61";"61444";"Saint-Philbert-sur-Orne";"2022-07-18 21:09:03";15000;0;;15000;;;15000;0;;;;;"Malveillance";;;;;"Données partielles ou non valides"
2022;1725;"76";"76351";"Le Havre";"2022-07-18 21:10:00";10000;0;;10000;;;10000;0;0;0;"Estimées";;;;;;;""
2022;10623;"24";"24540";"Sorges et Ligueux en Périgord";"2022-07-18 21:16:00";50000;50000;;0;;;0;;;;"Estimées";;;"Non";;;;""
2022;4409;"77";"77186";"Fontainebleau";"2022-07-18 21:36:00";50;50;;0;;;0;0;0;0;"Estimées";;;;;;;""
2022;2566;"29";"29018";"Brennilis";"2022-07-18 21:38:00";670000;480000;;0;;;0;190000;0;190000;"Mesurées";;;;;;;""
2022;6564;"56";"56126";"Marzan";"2022-07-18 21:42:00";2;0;;2;;;2;0;0;0;"Estimées";;"Involontaire (travaux)";;;;;""
2022;6928;"72";"72028";"Beaumont-Pied-de-Bœuf";"2022-07-18 21:48:00";10500;500;;0;;;0;0;10000;10000;"Estimées";;;;;;;""
2022;1598;"76";"76258";"Terres-de-Caux";"2022-07-18 21:59:00";50;0;;50;;;50;0;0;0;"Estimées";;;;;;;"Données partielles ou non valides"
2022;1605;"49";"49023";"Beaupréau-en-Mauges";"2022-07-18 22:32:00";400;0;;400;;;400;0;0;0;"Estimées";;;;;;;""
2022;21545;"84";"84061";"Lagarde-Paréol";"2022-07-18 23:48:00";351;;;;;;;;;;;;;;;;;""
2022;23125;"78";"78522";"Rochefort-en-Yvelines";"2022-07-19 00:00:00";40000;40000;;0;;;0;0;0;0;"Estimées";;;;;;;"Données partielles ou non valides"
2022;12470;"41";"41151";"Montrichard Val de Cher";"2022-07-19 00:00:00";40000;0;;40000;;;40000;0;0;0;"Estimées";;;;;;;""
2022;23144;"02";"02693";"Saint-Rémy-Blanzy";"2022-07-19 00:00:00";50000;0;;50000;;;50000;0;0;0;"Estimées";;;;;;;"Données partielles ou non valides"
2022;23145;"02";"02737";"Tavaux-et-Pontséricourt";"2022-07-19 00:00:00";60000;0;;60000;;;60000;0;0;0;"Estimées";;;;;;;"Données partielles ou non valides"
2022;1604;"81";"81131";"Lagrave";"2022-07-19 00:32:00";300;0;;300;;;300;0;0;0;"Mesurées";;;;;;;""
2022;7261;"61";"61067";"Bures";"2022-07-19 00:48:31";50000;0;;50000;;;50000;0;;;;;"Malveillance";;;;;"Données partielles ou non valides"
2022;9433;"16";"16105";"Condéon";"2022-07-19 00:57:00";27500;27500;;;;;;;;;"Mesurées";;;"Non";;;;""
2022;2569;"29";"29202";"Plounéour-Ménez";"2022-07-19 01:06:00";50;0;;50;;;50;0;0;0;"Estimées";;;;;;;""
2022;10876;"40";"40246";"Sabres";"2022-07-19 01:16:00";4000;4000;;0;;;0;;;0;"Estimées";;"Malveillance";"Non";;;;""
2022;9434;"16";"16099";"Chillac";"2022-07-19 01:18:00";30300;30300;;;;;;;;;"Mesurées";;;"Non";;;;""
2022;9200;"38";"38563";"Voiron";"2022-07-19 02:17:00";100;0;;100;;;100;0;0;0;"Estimées";;"Accidentelle";;;;;""
2022;19054;"13";"13114";"Ventabren";"2022-07-19 02:49:00";100;100;;;;;;;;;;"1";;;;;;""
2022;1606;"43";"43118";"Lavoûte-Chilhac";"2022-07-19 05:56:00";200;0;;200;;;200;0;0;0;"Estimées";;;;;;;""
2022;6565;"56";"56030";"Camoël";"2022-07-19 06:27:00";2;0;;2;;;2;0;0;0;"Estimées";;"Involontaire (travaux)";;;;;""
2022;3785;"35";"35360";"Vitré";"2022-07-19 07:36:00";3;0;;3;;;3;0;0;0;"Estimées";;;;;;;""
2022;2570;"29";"29197";"Plouhinec";"2022-07-19 08:18:00";200;0;;200;;;200;0;0;0;"Estimées";;;;;;;""
2022;6498;"56";"56071";"Guéhenno";"2022-07-19 08:33:00";400;0;;400;;;400;0;0;0;"Estimées";;;;;;;""
2022;7260;"61";"61385";"Saint-Evroult-de-Montfort";"2022-07-19 09:09:18";30;0;;30;;;30;0;;;;;"Malveillance";;;;;"Données partielles ou non valides"
2022;7259;"61";"61332";"Pointel";"2022-07-19 09:21:36";5000;0;;5000;;;5000;0;;;;;"Malveillance";;;;;"Données partielles ou non valides"
2022;1990;"08";"08302";"Monthermé";"2022-07-19 11:03:00";2;0;;2;;;2;0;0;0;"Estimées";;;;;;;""
2022;1634;"71";"71420";"Saint-Germain-du-Plain";"2022-07-19 11:19:00";2;0;;2;;;2;0;0;0;"Estimées";;;;;;;""
2022;7695;"45";"45329";"Triguères";"2022-07-19 11:25:00";5000;5000;;0;;;0;0;0;0;"Estimées";;;;;;;""
2022;9199;"38";"38212";"Livet-et-Gavet";"2022-07-19 11:41:00";100;0;;100;;;100;0;0;0;"Estimées";;"Accidentelle";;;;;""
2022;7258;"61";"61140";"Crulai";"2022-07-19 11:44:00";290000;0;;90000;;;90000;0;200000;200000;"Estimées";;;;;;;"Données partielles ou non valides"
2022;2017;"28";"28012";"Commune nouvelle d'Arrou";"2022-07-19 12:05:00";20000;20000;;0;;;0;0;0;0;"Estimées";;;;;;;""
2022;19053;"13";"13056";"Martigues";"2022-07-19 12:20:00";15;15;;;;;;;;;;"1";;;;;;""
2022;1650;"54";"54244";"Hagéville";"2022-07-19 12:22:00";120000;20000;;0;;;0;0;100000;100000;"Estimées";;"Involontaire (travaux)";;;;;""
2022;17141;"06";"06007";"Auribeau-sur-Siagne";"2022-07-19 12:40:00";500;;500;;;;;;;;;;;;;;;""
2022;1642;"71";"71223";"La Grande-Verrière";"2022-07-19 12:47:00";20000;20000;;0;;;0;0;0;0;"Estimées";;;;;;;""
2022;17763;"66";"66203";"Taulis";"2022-07-19 13:21:00";300;300;;;;;;;;;;"3";"Involontaire (particulier)";;;;;""
2022;2970;"88";"88399";"Le Roulier";"2022-07-19 13:32:00";120;120;;0;;;0;0;0;0;"Mesurées";;;;;;;""
2022;6934;"72";"72013";"Aubigné-Racan";"2022-07-19 13:48:00";5000;5000;;0;;;0;0;0;0;"Estimées";;;;;;;""
2022;17213;"48";"48146";"Gorges du Tarn Causses";"2022-07-19 13:50:00";370000;;370000;;;;;;;;;"4";"Involontaire (travaux)";;;;;""
2022;4413;"77";"77066";"Cerneux";"2022-07-19 13:52:00";40200;200;;0;;;0;0;40000;40000;"Estimées";;;;;;;""
2022;23115;"57";"57730";"Volmerange-lès-Boulay";"2022-07-19 13:57:00";20;20;;0;;;0;0;0;0;"Estimées";;;"Non";;;;""
2022;7257;"61";"61024";"Banvou";"2022-07-19 14:01:54";100000;0;;100000;;;100000;0;;;;;"Malveillance";;;;;"Données partielles ou non valides"
2022;19056;"13";"13048";"Jouques";"2022-07-19 14:08:00";1000;1000;;;;;;;;;;"1";;;;;;""
2022;5800;"62";"62758";"Saint-Martin-Boulogne";"2022-07-19 14:09:00";3000;0;;3000;;;3000;0;0;0;"Estimées";;;;;;;""
2022;7256;"61";"61140";"Crulai";"2022-07-19 14:16:00";100000;0;;100000;;;100000;0;0;0;"Estimées";;;;;;;"Données partielles ou non valides"
2022;23232;"50";"50378";"Notre-Dame-de-Cenilly";"2022-07-19 14:39:34";600;0;;600;;;600;0;0;0;"Estimées";;;"Non";;;;""
2022;4723;"60";"60182";"Le Crocq";"2022-07-19 14:49:00";500000;10000;;0;;;0;0;490000;490000;"Mesurées";;"Involontaire (travaux)";;;;;""
2022;7255;"61";"61240";"Macé";"2022-07-19 14:50:16";100000;0;;100000;;;100000;0;;;;;"Malveillance";;;;;"Données partielles ou non valides"
2022;17372;"2B";"2B143";"Linguizzetta";"2022-07-19 14:51:00";500;;;;;;;;;;;;"Malveillance";;;;;""
2022;12469;"41";"41220";"Saint-Laurent-Nouan";"2022-07-19 15:10:00";10500;500;;0;;;0;0;10000;10000;"Estimées";;;;;;;""
2022;7254;"61";"61461";"Le Sap-André";"2022-07-19 15:17:50";80000;0;;80000;;;80000;0;;;;;"Malveillance";;;;;"Données partielles ou non valides"
2022;2572;"29";"29016";"Brasparts";"2022-07-19 15:22:00";40000;40000;;0;;;0;0;0;0;"Estimées";;;;;;;""
2022;17377;"2B";"2B049";"Calenzana";"2022-07-19 15:25:00";24000;;24000;;;;;;;;;"1";"Accidentelle";;;;;""
2022;4731;"60";"60675";"Vignemont";"2022-07-19 15:32:00";50000;10000;;0;;;0;0;40000;40000;"Mesurées";;;;;;;""
2022;1994;"08";"08410";"Semide";"2022-07-19 15:42:00";13000;0;;3000;;;3000;10000;0;10000;"Estimées";;"Involontaire (travaux)";;;;;""
2022;10728;"24";"24354";"La Roche-Chalais";"2022-07-19 16:01:00";5000;5000;;0;;;0;;;;"Estimées";;;"Non";;;;""
2022;17210;"04";"04209";"Sisteron";"2022-07-19 16:04:00";1200;1200;;;;;;;;;;;"Naturelle";;;;;""
2022;4730;"60";"60576";"Saint-Germain-la-Poterie";"2022-07-19 16:05:00";20000;20000;;0;;;0;0;0;0;"Mesurées";;;;;;;""
2022;17734;"05";"05039";"Aubessagne";"2022-07-19 16:06:00";45;;;;;;;;;;;;"Involontaire (particulier)";;;;;""
2022;4721;"60";"60454";"La Neuville-en-Hez";"2022-07-19 16:13:00";10000;10000;;0;;;0;0;0;0;"Estimées";;;;;;;""
2022;1995;"08";"08282";"Maubert-Fontaine";"2022-07-19 16:25:00";500;500;;0;;;0;0;0;0;"Estimées";;;;;;;""
2022;17223;"04";"04179";"Saint-Geniez";"2022-07-19 16:47:00";210000;208500;;;;;;;;1500;;"3";"Naturelle";;;;;""
2022;12471;"41";"41123";"Marchenoir";"2022-07-19 16:48:00";100;0;;100;;;100;0;0;0;"Estimées";;;;;;;""
2022;5751;"80";"80546";"Miannay";"2022-07-19 16:51:00";105000;0;;5000;;;5000;100000;0;100000;"Estimées";;;;;;;""
2022;10867;"40";"40267";"Saint-Justin";"2022-07-19 16:55:00";1000;1000;;0;;;0;;;0;"Estimées";;"Involontaire (travaux)";"Non";;;;""
2022;1997;"08";"08367";"Rocroi";"2022-07-19 17:00:00";4000;4000;;0;;;0;0;0;0;"Estimées";;;;;;;""
2022;13233;"86";"86074";"Chiré-en-Montreuil";"2022-07-19 17:01:05";300;150;;150;0;0;;;;;"Estimées";;;"Non";;;;""
2022;17007;"34";"34098";"Ferrals-les-Montagnes";"2022-07-19 17:02:00";15933;;15933;;;;;;;;;"1";"Malveillance";;;;;""
2022;8431;"12";"12174";"Olemps";"2022-07-19 17:23:00";20000;0;;20000;;;20000;0;0;0;"Estimées";;;;;;;""
2022;4729;"60";"60494";"Plailly";"2022-07-19 17:28:00";480000;480000;;0;;;0;0;0;0;"Mesurées";;;;;;;""
2022;4727;"60";"60445";"Nampcel";"2022-07-19 17:31:00";260000;10000;;0;;;0;0;250000;250000;"Mesurées";;;;;;;""
2022;2404;"67";"67098";"Dinsheim-sur-Bruche";"2022-07-19 17:38:00";2;0;;2;;;2;0;0;0;"Estimées";;;;;;;""
2022;17497;"30";"30131";"Goudargues";"2022-07-19 17:44:00";422;422;;;;;;;;;;"6";;;;;;""
2022;9168;"38";"38562";"Vizille";"2022-07-19 18:01:00";200;0;;200;;;200;0;0;0;"Estimées";;;;;;;""
2022;13235;"86";"86241";"Saint-Rémy-sur-Creuse";"2022-07-19 18:10:08";1500;1500;;;0;0;;;;;"Estimées";;;"Non";;;;""
2022;7253;"61";"61183";"Gâprée";"2022-07-19 18:21:47";1000;0;;1000;;;1000;0;;;;;"Malveillance";;;;;"Données partielles ou non valides"
2022;7252;"61";"61464";"Sées";"2022-07-19 18:24:48";500;0;;500;;;500;0;;;;;"Malveillance";;;;;"Données partielles ou non valides"
2022;10833;"40";"40161";"Lubbon";"2022-07-19 18:28:00";15000;15000;;0;;;0;;;0;"Estimées";;"Naturelle";"Non";;;;""
2022;10847;"40";"40161";"Lubbon";"2022-07-19 18:31:00";10;10;;0;;;0;;;0;"Estimées";;"Naturelle";"Non";;;;""
2022;2000;"08";"08081";"Bogny-sur-Meuse";"2022-07-19 18:33:00";100;0;;100;;;100;0;0;0;"Estimées";;;;;;;""
2022;17020;"30";"30223";"Rousson";"2022-07-19 18:35:00";15354;15354;;;;;;;;;;"2";;;;;;""
2022;1644;"81";"81046";"Cadalen";"2022-07-19 19:00:00";300;0;;300;;;300;0;0;0;"Estimées";;;;;;;""
2022;9167;"38";"38437";"Saint-Paul-d'Izeaux";"2022-07-19 19:03:00";100;0;;100;;;100;0;0;0;"Estimées";;;;;;;""
2022;17021;"30";"30243";"Saint-Christol-lez-Alès";"2022-07-19 19:57:00";4677;4677;;;;;;;;;;"2";;;;;;""
2022;10447;"47";"47039";"Boussès";"2022-07-19 21:00:52";228000;228000;;;0;0;;;;;"Estimées";;"Naturelle";"Non";0;0;0;""
2022;7251;"61";"61006";"Argentan";"2022-07-19 22:59:59";2500;0;;2500;;;2500;0;;;;;"Malveillance";;;;;"Données partielles ou non valides"
2022;6951;"72";"72260";"Ruaudin";"2022-07-19 23:03:00";8000;8000;;0;;;0;0;0;0;"Estimées";;;;;;;""
2022;3678;"82";"82107";"Maumusson";"2022-07-20 00:00:00";300;0;;300;;;300;0;0;0;"Estimées";;;;;;;"Données partielles ou non valides"
2022;23234;"50";"50402";"Les Pieux";"2022-07-20 00:39:31";500;0;;500;;;500;0;0;0;"Estimées";;;"Non";;;;""
2022;19066;"13";"13104";"Sausset-les-Pins";"2022-07-20 01:03:00";100;100;;;;;;;;;;"1";;;;;;""
2022;2110;"15";"15156";"Prunet";"2022-07-20 02:21:00";3000;3000;;0;;;0;0;0;0;"Estimées";;;;;;;""
2022;3794;"35";"35351";"Le Verger";"2022-07-20 08:56:00";10;0;;10;;;10;0;0;0;"Estimées";;;;;;;""
2022;17214;"04";"04031";"Bras-d'Asse";"2022-07-20 10:33:00";7700;100;3100;;;;;;;4500;;"3";"Involontaire (travaux)";;;;;""
2022;18138;"34";"34209";"Portiragnes";"2022-07-20 11:04:00";115995;;115995;;;;;;;;;"1";"Involontaire (travaux)";;;;;""
2022;5094;"09";"09282";"Saverdun";"2022-07-20 12:17:00";100000;0;;50000;;;50000;50000;0;50000;"Mesurées";;;;;;;""
2022;5097;"09";"09194";"Mirepoix";"2022-07-20 12:58:00";80000;0;;30000;;;30000;0;50000;50000;"Mesurées";;;;;;;""
2022;3257;"42";"42018";"Bessey";"2022-07-20 13:38:00";20000;0;;20000;;;20000;0;0;0;"Estimées";;;;;;;""
2022;12361;"31";"31278";"Latoue";"2022-07-20 14:11:00";20000;20000;;0;;;0;0;0;0;"Estimées";;;"Non";;;;""
2022;17735;"05";"05052";"Eygliers";"2022-07-20 14:18:00";600;600;;;;;;;;0;;"4";"Naturelle";;;;;""
2022;4871;"39";"39561";"Villards-d'Héria";"2022-07-20 14:46:00";2500;0;;2500;;;2500;0;0;0;"Estimées";;"Accidentelle";;;;;""
2022;17215;"48";"48022";;"2022-07-20 16:00:00";120000;;120000;;;;;;;;;"1";"Involontaire (travaux)";;;;;""
2022;19059;"13";"13056";"Martigues";"2022-07-20 16:14:00";500;500;;;;;;;;;;"1";"Malveillance";;;;;""
2022;10184;"17";"17077";"Cercoux";"2022-07-20 16:18:00";5;5;;;0;0;;;;;"Mesurées";;;"Non";0;0;0;""
2022;18136;"34";"34108";"Frontignan";"2022-07-20 16:58:00";230;0;230;;;;;;;;;"1";"Malveillance";;;;;""
2022;19065;"13";"13111";"Vauvenargues";"2022-07-20 17:10:00";50;50;;;;;;;;;;"1";;;;;;""
2022;10624;"24";"24367";"Saint-André-de-Double";"2022-07-20 17:13:00";3000;3000;;0;;;0;;;;"Estimées";;;"Non";;;;""
2022;18137;"34";"34108";"Frontignan";"2022-07-20 17:25:00";479;0;479;;;;;;;;;"1";"Malveillance";;;;;""
2022;6506;"56";"56010";"Baud";"2022-07-20 18:15:00";2000;0;;2000;;;2000;0;0;0;"Estimées";;;;;;;""
2022;9161;"38";"38481";"Sérézin-de-la-Tour";"2022-07-20 20:11:00";10;0;;10;;;10;0;0;0;"Estimées";;;;;;;""
2022;1762;"81";"81104";"Giroussens";"2022-07-20 20:26:00";150;150;;0;;;0;0;0;0;"Estimées";;;;;;;""
2022;17457;"2A";"2A070";"Casaglione";"2022-07-20 20:26:00";100;;100;;;;;;;;;"1";;;;;;""
2022;1763;"81";"81038";"Brens";"2022-07-20 20:39:00";600;600;;0;;;0;0;0;0;"Estimées";;;;;;;""
2022;6507;"56";"56030";"Camoël";"2022-07-20 20:52:00";2;0;;2;;;2;0;0;0;"Estimées";;"Involontaire (travaux)";;;;;""
2022;17283;"83";"83125";"Seillons-Source-d'Argens";"2022-07-20 21:54:00";150;150;;;;;;;;;;"2";"Malveillance";;;;;""
2022;1764;"81";"81101";"Le Garric";"2022-07-20 22:49:00";6000;6000;;0;;;0;0;0;0;"Estimées";;;;;;;""
2022;19063;"13";"13056";"Martigues";"2022-07-20 23:25:00";100;100;;;;;;;;;;"1";"Malveillance";;;;;""
2022;17217;"04";"04094";"Gréoux-les-Bains";"2022-07-21 02:00:00";3700;3700;;;;;;;;;;"6";"Malveillance";;;;;""
2022;4884;"44";"44072";"Herbignac";"2022-07-21 11:23:00";5000;0;;5000;;;5000;0;0;0;"Estimées";;;;;;;""
2022;17459;"2A";"2A362";"Zonza";"2022-07-21 12:20:00";2800;;2800;;;;;;;;;"1";"Malveillance";;;;;""
2022;3800;"35";"35319";"Saint-Thurial";"2022-07-21 13:35:00";5000;5000;;0;;;0;0;0;0;"Estimées";;;;;;;""
2022;19069;"13";"13001";"Aix-en-Provence";"2022-07-21 13:43:00";478;478;;;;;;;;;;"1";;;;;;""
2022;7250;"61";"61358";"Sai";"2022-07-21 13:58:28";300;0;;300;;;300;0;;;;;"Malveillance";;;;;"Données partielles ou non valides"
2022;18140;"34";"34258";"Saint-Geniès-de-Fontedit";"2022-07-21 14:57:00";30135;0;30135;;;;;;;;;"1";"Malveillance";;;;;""
2022;3579;"36";"36071";"Étrechet";"2022-07-21 15:20:00";300;300;;0;;;0;0;0;0;;;;;;;;""
2022;9165;"38";"38368";"Saint-Blaise-du-Buis";"2022-07-21 15:25:00";200;0;;200;;;200;0;0;0;"Estimées";;;;;;;""
2022;5998;"27";"27370";"Lisors";"2022-07-21 15:32:00";140500;0;;10500;;;10500;10000;120000;130000;"Estimées";;;;;;;"Données partielles ou non valides"
2022;17287;"83";"83007";"Aups";"2022-07-21 15:51:00";20;20;;;;;;;;;;"5";"Malveillance";;;;;""
2022;19070;"13";"13109";"Le Tholonet";"2022-07-21 15:59:00";160;160;;;;;;;;;;"1";"Involontaire (particulier)";;;;;""
2022;1867;"43";"43051";"Le Chambon-sur-Lignon";"2022-07-21 16:06:00";15900;12500;;3400;;;3400;0;0;0;"Mesurées";;"Accidentelle";;;;;""
2022;7248;"61";"61015";"Aunou-sur-Orne";"2022-07-21 16:39:09";500;0;;500;;;500;0;;;;;"Malveillance";;;;;"Données partielles ou non valides"
2022;17383;"2B";"2B007";"Albertacce";"2022-07-21 18:13:00";40000;;;;;;;;;;;;"Malveillance";;;;;""
2022;7247;"61";"61440";"Saint-Ouen-sur-Iton";"2022-07-21 19:09:34";100000;0;;100000;;;100000;0;;;;;"Malveillance";;;;;"Données partielles ou non valides"
2022;17279;"34";"34268";"Saint-Jean-de-la-Blaquière";"2022-07-21 20:35:00";1023;;1023;;;;;;;;;"1";"Malveillance";;;;;""
2022;17385;"2B";"2B172";"Murato";"2022-07-21 23:07:00";4000;;;;;;;;;;;;"Malveillance";;;;;""
2022;17386;"2B";"2B355";"Volpajola";"2022-07-21 23:24:00";400;;;;;;;;;;;;"Malveillance";;;;;""
2022;17205;"2A";"2A006";"Alata";"2022-07-22 02:00:00";1;;1;;;;;;;;;"1";"Malveillance";;;;;""
2022;17825;"07";"07025";"Barnas";"2022-07-22 06:08:00";5000;;5000;;;;;;;;;"1";;;;;;""
2022;19090;"13";"13015";"Bouc-Bel-Air";"2022-07-22 07:22:00";20;20;;;;;;;;;;"1";;;;;;""
2022;12230;"87";"87051";"La Croisille-sur-Briance";"2022-07-22 12:13:05";800;800;;;;;;;;;"Estimées";;"Naturelle";"Non";;;;""
2022;7246;"61";"61018";"Avernes-Saint-Gourgon";"2022-07-22 12:31:49";40000;0;;40000;;;40000;0;;;;;"Malveillance";;;;;"Données partielles ou non valides"
2022;19095;"13";"13106";"Septèmes-les-Vallons";"2022-07-22 12:38:00";3500;3500;;;;;;;;;;"1";"Malveillance";;;;;""
2022;19093;"13";"13071";"Les Pennes-Mirabeau";"2022-07-22 13:01:00";500;500;;;;;;;;;;"1";"Involontaire (particulier)";;;;;""
2022;3806;"35";"35178";"Mézières-sur-Couesnon";"2022-07-22 13:27:00";80;80;;0;;;0;0;0;0;"Estimées";;;;;;;""
2022;3803;"35";"35319";"Saint-Thurial";"2022-07-22 13:35:00";5000;5000;;0;;;0;0;0;0;"Estimées";;"Involontaire (travaux)";;;;;""
2022;17337;"34";"34006";"Aigne";"2022-07-22 14:47:00";1793324;;1793324;;;;;;;;;"1";"Accidentelle";;;;;""
2022;1941;"43";"43100";"Frugières-le-Pin";"2022-07-22 14:58:00";20000;0;;20000;;;20000;0;0;0;"Estimées";;;;;;;""
2022;17786;"66";"66136";"Perpignan";"2022-07-22 15:58:00";40000;;;;;;;;;40000;;"6";"Malveillance";;;;;""
2022;18374;"34";"34108";"Frontignan";"2022-07-22 16:06:00";6816;6816;;;;;;;;;;"1";"Malveillance";;;;;""
2022;18141;"34";"34108";"Frontignan";"2022-07-22 16:06:00";3825;3825;;;;;;;;;;"1";"Malveillance";;;;;""
2022;17826;"07";"07134";"Laurac-en-Vivarais";"2022-07-22 16:34:00";713800;633100;18500;;;;;;;62200;;"4";"Malveillance";;;;;""
2022;19091;"13";"13026";"Châteauneuf-les-Martigues";"2022-07-22 17:18:00";50;50;;;;;;;;;;"1";"Involontaire (particulier)";;;;;""
2022;7245;"61";"61370";"Saint-Brice";"2022-07-22 17:29:53";5000;0;;5000;;;5000;0;;;;;"Malveillance";;;;;"Données partielles ou non valides"
2022;6570;"56";"56022";"Brandivy";"2022-07-22 18:14:00";20;20;;0;;;0;0;0;0;"Estimées";;;;;;;""
2022;6000;"27";"27156";"Chéronvilliers";"2022-07-22 18:36:00";10;0;;10;;;10;0;0;0;"Estimées";;;;;;;"Données partielles ou non valides"
2022;9438;"16";"16365";"Sauvignac";"2022-07-22 18:56:00";3000;3000;;;;;;;;;"Estimées";;;"Non";;;;""
2022;9162;"38";"38485";"Seyssinet-Pariset";"2022-07-22 19:57:00";3200;0;;3200;;;3200;0;0;0;"Estimées";;"Malveillance";;;;;""
2022;18142;"34";"34097";"Félines-Minervois";"2022-07-22 20:11:00";424;424;;;;;;;;;;"4";"Naturelle";;;;;""
2022;17378;"11";"11255";"Montredon-des-Corbières";"2022-07-22 20:24:00";500;;;;;;;;;;;;;;;;;""
2022;9159;"38";"38553";"Villefontaine";"2022-07-22 20:26:00";100;0;;100;;;100;0;0;0;"Estimées";;;;;;;""
2022;5303;"29";"29232";"Quimper";"2022-07-22 20:54:00";2000;0;;2000;;;2000;0;0;0;"Estimées";;;;;;;""
2022;19096;"13";"13098";"Saint-Mitre-les-Remparts";"2022-07-23 01:39:00";10;10;;;;;;;;;;"1";"Malveillance";;;;;""
2022;17291;"30";"30322";"Soudorgues";"2022-07-23 03:59:00";30166;;30166;;;;;;;;;"1";;;;;;""
2022;21738;"30";"30229";"Saint-André-de-Majencoules";"2022-07-23 06:05:00";149;;;;;;;;;;;;"Naturelle";;;;;""
2022;17431;"2B";"2B143";"Linguizzetta";"2022-07-23 12:06:00";1500;;;;;;;;;;;;"Malveillance";;;;;""
2022;18528;"11";"11092";"Citou";"2022-07-23 13:07:00";150;;;;;;;;;;;;"Involontaire (particulier)";;;;;""
2022;17796;"66";"66193";"Serdinya";"2022-07-23 14:25:00";973700;109800;482400;;;;;;;381500;;"5";"Involontaire (particulier)";;;;;""
2022;2978;"88";"88465";"Capavenir Vosges";"2022-07-23 14:37:00";100;100;;0;;;0;0;0;0;"Estimées";;;;;;;""
2022;11722;"33";"33393";"Saint-Denis-de-Pile";"2022-07-23 16:05:00";500;500;;0;;;0;;;0;"Estimées";;;"Non";;;;""
2022;17460;"2A";"2A362";"Zonza";"2022-07-23 16:33:00";4;;4;;;;;;;;;"1";;;;;;""
2022;4224;"91";"91363";"Marcoussis";"2022-07-23 16:44:00";300;0;;300;;;300;0;0;0;"Estimées";;;;;;;""
2022;2980;"88";"88315";"Mortagne";"2022-07-23 17:15:00";6000;6000;;0;;;0;0;0;0;"Estimées";;;;;;;""
2022;17798;"66";"66191";"Sansa";"2022-07-23 17:25:00";7486;;;;;;;;;7486;;"6";"Malveillance";;;;;""
2022;11691;"33";"33193";"Grayan-et-l'Hôpital";"2022-07-23 19:26:00";1000;1000;;0;;;0;;;0;"Estimées";;;"Non";;;;""
2022;17829;"07";"07161";"Montpezat-sous-Bauzon";"2022-07-23 19:49:00";317500;45400;233500;;;;;;;38600;;"1";;;;;;""
2022;9157;"38";"38563";"Voiron";"2022-07-23 20:20:00";100;0;;100;;;100;0;0;0;"Estimées";;;;;;;""
2022;17828;"07";"07293";"Saint-Romain-de-Lerps";"2022-07-23 20:37:00";1000;;1000;;;;;;;;;"1";"Accidentelle";;;;;""
2022;17461;"2A";"2A041";"Bonifacio";"2022-07-23 20:48:00";4;;4;;;;;;;;;"1";;;;;;""
2022;6574;"56";"56248";"Surzur";"2022-07-23 21:30:00";2;2;;0;;;0;0;0;0;"Estimées";;"Involontaire (travaux)";;;;;""
2022;21546;"84";"84096";"Rasteau";"2022-07-23 23:40:00";130;;;;;;;;;;;;;;;;;""
2022;20554;"06";"06059";"Èze";"2022-07-24 00:45:00";120;;;;;;;;;;;;"Involontaire (particulier)";;;;;""
2022;17319;"34";"34144";"Lunas";"2022-07-24 01:16:00";607;;607;;;;;;;;;"1";"Malveillance";;;;;""
2022;19097;"13";"13060";"Meyreuil";"2022-07-24 07:11:00";5;5;;;;;;;;;;"1";;;;;;""
2022;18375;"34";"34143";"Loupian";"2022-07-24 08:46:00";10531;10531;;;;;;;;;;"1";"Involontaire (particulier)";;;;;""
2022;6525;"56";"56021";"Brandérion";"2022-07-24 10:50:00";500;0;;500;;;500;0;0;0;"Estimées";;;;;;;""
2022;3817;"35";"35152";"Liffré";"2022-07-24 12:05:00";20;20;;0;;;0;0;0;0;"Estimées";;;;;;;""
2022;2441;"49";"49018";"Baugé-en-Anjou";"2022-07-24 12:29:00";430000;0;;430000;;;430000;0;0;0;"Estimées";;;;;;;""
2022;7244;"61";"61418";"Saint-Mard-de-Réno";"2022-07-24 13:28:05";5000;0;;5000;;;5000;0;;;;;"Malveillance";;;;;"Données partielles ou non valides"
2022;11396;"33";"33193";"Grayan-et-l'Hôpital";"2022-07-24 13:35:00";300;300;;0;;;0;;;0;"Estimées";;"Accidentelle";"Non";;;;""
2022;7243;"61";"61372";"Saint-Céneri-le-Gérei";"2022-07-24 13:38:55";40000;0;;40000;;;40000;0;;;;;"Malveillance";;;;;"Données partielles ou non valides"
2022;5103;"09";"09150";"Lagarde";"2022-07-24 14:03:00";30000;0;;20000;;;20000;10000;0;10000;"Mesurées";;;;;;;""
2022;6526;"56";"56248";"Surzur";"2022-07-24 14:06:00";100;0;;100;;;100;0;0;0;"Estimées";;"Involontaire (travaux)";;;;;""
2022;18143;"34";"34042";"Brissac";"2022-07-24 14:30:00";1529;1529;;;;;;;;;;"1";"Involontaire (particulier)";;;;;""
2022;17442;"2B";"2B079";"Castello-di-Rostino";"2022-07-24 14:45:00";148000;140000;8000;;;;;;;;;"1";"Malveillance";;;;;""
2022;17389;"48";"48005";"Antrenas";"2022-07-24 15:00:00";20000;;20000;;;;;;;;;"3";"Involontaire (particulier)";;;;;""
2022;7242;"61";"61486";"Tinchebray-Bocage";"2022-07-24 15:01:45";800;0;;800;;;800;0;;;;;"Malveillance";;;;;"Données partielles ou non valides"
2022;17448;"2B";"2B002";"Aghione";"2022-07-24 15:27:00";4000;;;;;;;;;;;;"Malveillance";;;;;""
2022;7241;"61";"61501";"Verrières";"2022-07-24 16:26:00";180000;0;;20000;;;20000;0;160000;160000;"Estimées";;;;;;;"Données partielles ou non valides"
2022;18222;"30";"30295";"Saint-Quentin-la-Poterie";"2022-07-24 16:37:00";512700;302700;;;;;;;;210000;;"4";"Malveillance";;;;;""
2022;12473;"41";"41279";"Villedieu-le-Château";"2022-07-24 16:46:00";23000;3000;;0;;;0;0;20000;20000;"Estimées";;;;;;;""
2022;23341;"50";"50616";"Le Val-Saint-Père";"2022-07-24 16:51:00";20000;0;;20000;;;20000;0;0;0;"Estimées";;"Naturelle";"Non";;;;""
2022;17449;"2B";"2B314";"Santo-Pietro-di-Tenda";"2022-07-24 16:52:00";500;;;;;;;;;;;;"Malveillance";;;;;""
2022;21739;"30";"30337";"Vallabrix";"2022-07-24 17:05:00";54745;10000;44745;;;;;;;;;"4";"Accidentelle";;;;;""
2022;6017;"27";"27613";"Saint-Vincent-du-Boulay";"2022-07-24 17:47:00";300;0;;300;;;300;0;0;0;"Estimées";;;;;;;"Données partielles ou non valides"
2022;6528;"56";"56054";"Erdeven";"2022-07-24 21:38:00";15;0;;15;;;15;0;0;0;"Estimées";;;;;;;""
2022;7240;"61";"61067";"Bures";"2022-07-24 21:56:11";400000;0;;400000;;;400000;0;;;;;"Malveillance";;;;;"Données partielles ou non valides"
2022;5180;"90";"90008";"Bavilliers";"2022-07-24 22:49:00";20;0;;20;;;20;0;0;0;"Estimées";;"Involontaire (particulier)";;;;;""
2022;5306;"29";"29016";"Brasparts";"2022-07-24 23:28:00";19170000;19170000;;0;;;0;0;0;0;"Mesurées";;;;;;;""
2022;12367;"31";"31073";"Bondigoux";"2022-07-25 01:12:00";25000;25000;;0;;;0;0;0;0;"Estimées";;;"Non";;;;""
2022;21547;"84";"84065";"Lauris";"2022-07-25 01:35:00";500;;;;;;;;;;;;;;;;;""
2022;11664;"33";"33185";"Génissac";"2022-07-25 01:38:00";225;75;;0;;;0;;;150;"Estimées";;;"Non";;;;""
2022;12475;"41";"41267";"Vallières-les-Grandes";"2022-07-25 02:22:00";1;0;;1;;;1;0;0;0;"Estimées";;;;;;;""
2022;17464;"2A";"2A062";"Carbuccia";"2022-07-25 05:36:00";2;;2;;;;;;;;;"1";;;;;;""
2022;21548;"84";"84087";"Orange";"2022-07-25 06:46:00";5;5;;;;;;;;;;"2";;;;;;""
2022;17480;"04";"04045";"Céreste";"2022-07-25 07:16:00";900;900;;;;;;;;;;;"Accidentelle";;;;;""
2022;12368;"31";"31093";"Le Burgaud";"2022-07-25 11:00:00";5000;5000;;0;;;0;0;0;0;"Estimées";;;"Non";;;;""
2022;19098;"13";"13086";"Roquevaire";"2022-07-25 11:24:00";400;400;;;;;;;;;;"1";"Involontaire (particulier)";;;;;""
2022;19100;"13";"13084";"La Roque-d'Anthéron";"2022-07-25 12:05:00";405;405;;;;;;;;;;"1";;;;;;""
2022;17933;"66";"66150";"Prats-de-Mollo-la-Preste";"2022-07-25 12:18:00";10;10;;;;;;;;;;"5";;;;;;""
2022;3824;"35";"35085";"Combourg";"2022-07-25 13:56:00";40;0;;40;;;40;0;0;0;"Estimées";;;;;;;""
2022;2579;"21";"21359";"Lucey";"2022-07-25 14:00:00";1000;1000;;0;;;0;0;0;0;"Estimées";;;;;;;""
2022;2108;"52";"52488";"Thivet";"2022-07-25 14:03:00";75000;15000;;0;;;0;0;60000;60000;"Estimées";;;;;;;""
2022;17934;"66";"66141";"Pia";"2022-07-25 14:22:00";15000;;;;;;;;;15000;;"6";;;;;;""
2022;3119;"15";"15141";"Neussargues en Pinatelle";"2022-07-25 14:28:00";200;200;;0;;;0;0;0;0;"Mesurées";;"Malveillance";;;;;""
2022;6576;"56";"56248";"Surzur";"2022-07-25 14:45:00";10;0;;10;;;10;0;0;0;"Estimées";;"Involontaire (travaux)";;;;;""
2022;2096;"71";"71155";"Cronat";"2022-07-25 14:54:00";100;0;;100;;;100;0;0;0;"Estimées";;"Malveillance";;;;;""
2022;7239;"61";"61375";"Boischampré";"2022-07-25 15:03:17";2000;0;;2000;;;2000;0;;;;;"Malveillance";;;;;"Données partielles ou non valides"
2022;2164;"58";"58232";"Saint-Benin-d'Azy";"2022-07-25 15:39:00";10000;750;;0;;;0;0;9250;9250;"Estimées";;;;;;;""
2022;6577;"56";"56159";"Pleucadeuc";"2022-07-25 15:44:00";1;0;;1;;;1;0;0;0;"Estimées";;"Involontaire (travaux)";;;;;""
2022;7238;"61";"61344";"Rânes";"2022-07-25 16:15:22";1500;0;;1500;;;1500;0;;;;;"Malveillance";;;;;"Données partielles ou non valides"
2022;9155;"38";"38424";"Saint-Maurice-en-Trièves";"2022-07-25 16:18:00";400;0;;400;;;400;0;0;0;"Estimées";;;;;;;""
2022;7237;"61";"61008";"Aube";"2022-07-25 16:33:05";35000;0;;35000;;;35000;0;;;;;"Malveillance";;;;;"Données partielles ou non valides"
2022;17297;"30";"30269";"Saint-Jean-du-Gard";"2022-07-25 16:59:00";142;142;;;;;;;;;;"4";"Naturelle";;;;;""
2022;19099;"13";"13060";"Meyreuil";"2022-07-25 17:09:00";100;100;;;;;;;;;;"1";;;;;;""
2022;17308;"34";"34173";"Montpeyroux";"2022-07-25 17:11:00";7199;;7199;;;;;;;;;"1";"Naturelle";;;;;""
2022;17450;"2B";"2B315";"Santo-Pietro-di-Venaco";"2022-07-25 17:19:00";30;;;;;;;;;;;;"Malveillance";;;;;""
2022;7236;"61";"61440";"Saint-Ouen-sur-Iton";"2022-07-25 18:03:27";100000;0;;100000;;;100000;0;;;;;"Malveillance";;;;;"Données partielles ou non valides"
2022;7235;"61";"61309";"Perche en Nocé";"2022-07-25 18:22:15";2000;0;;2000;;;2000;0;;;;;"Malveillance";;;;;"Données partielles ou non valides"
2022;7234;"61";"61429";"Charencey";"2022-07-25 18:26:12";2500;0;;2500;;;2500;0;;;;;"Malveillance";;;;;"Données partielles ou non valides"
2022;10960;"40";"40151";"Lesgor";"2022-07-25 20:03:00";10000;10000;;0;;;0;;;0;"Estimées";;;"Non";;;;""
2022;8413;"38";"38561";"Viriville";"2022-07-25 21:11:00";50;0;;50;;;50;0;0;0;"Estimées";;"Naturelle";;;;;""
2022;7704;"45";"45004";"Amilly";"2022-07-25 21:54:00";50;50;;0;;;0;0;0;0;"Estimées";;;;;;;""
2022;9440;"16";"16251";"Oriolles";"2022-07-25 21:59:00";13000;13000;;;;;;;;;"Estimées";;;"Non";;;;""
2022;9345;"44";"44006";"Assérac";"2022-07-25 22:14:00";600;0;;600;;;600;0;0;0;"Estimées";;;;;;;""
2022;19102;"13";"13037";"La Fare-les-Oliviers";"2022-07-25 22:27:00";4000;4000;;;;;;;;;;"1";"Accidentelle";;;;;""
2022;19101;"13";"13037";"La Fare-les-Oliviers";"2022-07-25 22:30:00";3000;3000;;;;;;;;;;"1";"Accidentelle";;;;;""
2022;17830;"07";"07341";"Villeneuve-de-Berg";"2022-07-25 22:39:00";8000;;;;;;;;;;;"1";"Involontaire (particulier)";;;;;""
2022;19103;"13";"13112";"Velaux";"2022-07-25 23:15:00";800;800;;;;;;;;;;"1";"Accidentelle";;;;;""
2022;19104;"13";"13037";"La Fare-les-Oliviers";"2022-07-26 01:33:00";2000;2000;;;;;;;;;;"1";"Accidentelle";;;;;""
2022;17316;"34";"34036";"Le Bosc";"2022-07-26 03:14:00";834;;834;;;;;;;;;"1";"Malveillance";;;;;""
2022;17935;"66";"66014";"Baixas";"2022-07-26 04:52:00";15000;;15000;;;;;;;;;"1";"Malveillance";;;;;""
2022;17700;"34";"34241";"Saint-Bauzille-de-la-Sylve";"2022-07-26 10:32:00";9518000;;9518000;;;;;;;;;"1";"Malveillance";;;;;""
2022;18490;"11";"11145";"Fleury";"2022-07-26 10:50:00";500;;;;;;;;;;;;;;;;;""
2022;2168;"43";"43262";"Vieille-Brioude";"2022-07-26 10:53:00";400;0;;400;;;400;0;0;0;"Estimées";;"Involontaire (particulier)";;;;;""
2022;20978;"26";"26106";"La Coucourde";"2022-07-26 11:26:00";30000;5300;;;;;;;;24700;;"5";"Involontaire (particulier)";;;;;""
2022;17938;"66";"66136";"Perpignan";"2022-07-26 12:50:00";10000;;;;;;;;;10000;;"6";"Malveillance";;;;;""
2022;6658;"32";"32345";"La Romieu";"2022-07-26 12:58:00";300;0;;300;;;300;0;0;0;"Estimées";;;;;;;""
2022;17853;"83";"83057";"Flassans-sur-Issole";"2022-07-26 13:22:00";1200;1200;;;;;;;;;;"3";"Involontaire (particulier)";;;;;""
2022;17701;"34";"34007";"Aigues-Vives";"2022-07-26 13:38:00";588;588;;;;;;;;;;"4";"Involontaire (travaux)";;;;;""
2022;19106;"13";"13001";"Aix-en-Provence";"2022-07-26 13:43:00";500;500;;;;;;;;;;"1";"Involontaire (particulier)";;;;;""
2022;17482;"04";"04171";"Rougon";"2022-07-26 14:13:00";8444900;1261600;7183300;;;;;;;;;;;;;;;""
2022;7233;"61";"61067";"Bures";"2022-07-26 14:35:21";3000;0;;3000;;;3000;0;;;;;"Malveillance";;;;;"Données partielles ou non valides"
2022;7232;"61";"61429";"Charencey";"2022-07-26 14:51:10";100000;0;;100000;;;100000;0;;;;;"Malveillance";;;;;"Données partielles ou non valides"
2022;18491;"11";"11133";"Fajac-en-Val";"2022-07-26 15:23:00";14398;;;;;;;;;;;;;;;;;""
2022;2256;"43";"43216";"Saint-Paulien";"2022-07-26 16:02:00";100;0;;100;;;100;0;0;0;"Estimées";;"Involontaire (particulier)";;;;;""
2022;6021;"27";"27238";"Ferrières-Haut-Clocher";"2022-07-26 17:06:00";3;0;;3;;;3;0;0;0;"Estimées";;;;;;;"Données partielles ou non valides"
2022;17716;"06";"06144";"La Tour";"2022-07-26 17:12:00";4000;;4000;;;;;;;;;"1";"Naturelle";;;;;""
2022;19109;"13";"13032";"Éguilles";"2022-07-26 17:14:00";200;200;;;;;;;;;;"1";;;;;;""
2022;23247;"50";"50041";"La Hague";"2022-07-26 17:19:03";4;0;;4;;;4;0;0;0;"Estimées";;;"Non";;;;""
2022;18144;"34";"34116";"Grabels";"2022-07-26 17:37:00";12341;;12341;;;;;;;;;"1";"Accidentelle";;;;;""
2022;7231;"61";"61418";"Saint-Mard-de-Réno";"2022-07-26 17:55:14";100000;0;;100000;;;100000;0;;;;;"Malveillance";;;;;"Données partielles ou non valides"
2022;17702;"34";"34321";"Valergues";"2022-07-26 18:09:00";3863;;3863;;;;;;;;;"1";"Malveillance";;;;;""
2022;17703;"34";"34329";"Vendres";"2022-07-26 18:10:00";138560;;138560;;;;;;;;;;"Malveillance";;;;;""
2022;19107;"13";"13106";"Septèmes-les-Vallons";"2022-07-26 18:22:00";100;100;;;;;;;;;;"1";;;;;;""
2022;19108;"13";"13118";"Coudoux";"2022-07-26 18:32:00";500;500;;;;;;;;;;"1";"Involontaire (particulier)";;;;;""
2022;7230;"61";"61429";"Charencey";"2022-07-26 19:21:45";4000;0;;4000;;;4000;0;;;;;"Malveillance";;;;;"Données partielles ou non valides"
2022;7229;"61";"61230";"Longny les Villages";"2022-07-26 19:31:16";1000000;0;;1000000;;;1000000;0;;;;;"Malveillance";;;;;"Données partielles ou non valides"
2022;23343;"50";"50066";"Jullouville";"2022-07-26 20:25:00";20000;0;;20000;;;20000;0;0;0;"Estimées";;;"Non";;;;""
2022;9348;"44";"44184";"Saint-Nazaire";"2022-07-26 21:23:00";8;0;;8;;;8;0;0;0;"Estimées";;;;;;;""
2022;17705;"34";"34221";"Puéchabon";"2022-07-26 21:50:00";154863;;154863;;;;;;;;;"1";"Malveillance";;;;;""
2022;6985;"72";"72260";"Ruaudin";"2022-07-26 22:07:00";500;500;;0;;;0;0;0;0;"Estimées";;;;;;;""
2022;17832;"07";"07329";"Valgorge";"2022-07-26 22:23:00";10000;;10000;;;;;;;;;"1";;;;;;""
2022;19111;"13";"13098";"Saint-Mitre-les-Remparts";"2022-07-27 00:13:00";100;100;;;;;;;;;;"1";"Malveillance";;;;;""
2022;18376;"34";"34268";"Saint-Jean-de-la-Blaquière";"2022-07-27 00:47:00";245;245;;;;;;;;;;"1";"Malveillance";;;;;""
2022;18148;"34";"34268";"Saint-Jean-de-la-Blaquière";"2022-07-27 00:47:00";36607;;36607;;;;;;;;;"1";"Malveillance";;;;;""
2022;10914;"40";"40267";"Saint-Justin";"2022-07-27 02:02:00";3000;3000;;0;;;0;;;0;"Estimées";;;"Non";;;;""
2022;18147;"34";"34262";"Saint-Guiraud";"2022-07-27 02:06:00";588;0;588;;;;;;;;;"1";"Malveillance";;;;;""
2022;10852;"40";"40304";"Soorts-Hossegor";"2022-07-27 02:32:00";100;100;;0;;;0;;;0;"Estimées";;;"Non";;;;""
2022;17940;"66";"66069";"Espira-de-l'Agly";"2022-07-27 05:24:00";18600;;18600;;;;;;;;;"1";"Malveillance";;;;;""
2022;18145;"34";"34177";"Murles";"2022-07-27 09:20:00";218;0;218;;;;;;;;;"1";"Accidentelle";;;;;""
2022;19110;"13";"13040";"Fuveau";"2022-07-27 09:26:00";100;100;;;;;;;;;;"1";;;;;;""
2022;4952;"39";"39097";"Champagnole";"2022-07-27 09:26:00";500;0;;500;;;500;0;0;0;"Estimées";;;;;;;""
2022;17483;"04";"04102";"Le Lauzet-Ubaye";"2022-07-27 09:39:00";150;150;;;;;;;;;;;"Naturelle";;;;;""
2022;17848;"07";"07145";"Lussas";"2022-07-27 09:43:00";11200800;4059400;6879500;;;;;;;261900;;"1";"Malveillance";;;;;""
2022;17515;"2A";"2A041";"Bonifacio";"2022-07-27 10:00:00";300;;300;;;;;;;;;"1";"Malveillance";;;;;""
2022;17834;"07";"07077";"Darbres";"2022-07-27 10:31:00";180000;60000;120000;;;;;;;;;"1";"Malveillance";;;;;""
2022;4075;"35";"35049";"Cancale";"2022-07-27 10:50:00";2;0;;2;;;2;0;0;0;"Estimées";;;;;;;""
2022;7228;"61";"61043";"Berd'huis";"2022-07-27 11:24:10";10000;0;;10000;;;10000;0;;;;;"Malveillance";;;;;"Données partielles ou non valides"
2022;17836;"07";"07254";"Saint-Julien-du-Serre";"2022-07-27 11:26:00";10000;;;;;;;;;;;"5";;;;;;""
2022;6535;"56";"56149";"Noyal-Muzillac";"2022-07-27 11:44:00";500;0;;500;;;500;0;0;0;"Estimées";;;;;;;""
2022;18146;"34";"34235";"Rosis";"2022-07-27 12:16:00";4869;4869;;;;;;;;;;"1";"Naturelle";;;;;""
2022;17484;"04";"04004";"Allemagne-en-Provence";"2022-07-27 12:17:00";600;600;;;;;;;;;;"3";;;;;;""
2022;6081;"27";"27148";"La Chapelle-Gauthier";"2022-07-27 12:42:00";3050;0;;50;;;50;3000;0;3000;"Estimées";;;;;;;"Données partielles ou non valides"
2022;6539;"56";"56254";"Trédion";"2022-07-27 13:24:00";2000;0;;2000;;;2000;0;0;0;"Estimées";;;;;;;""
2022;7227;"61";"61061";"Bretoncelles";"2022-07-27 13:59:01";150000;0;;150000;;;150000;0;;;;;"Malveillance";;;;;"Données partielles ou non valides"
2022;18516;"11";"11170";"Gruissan";"2022-07-27 14:10:00";50;;;;;;;;;;;;;;;;;""
2022;5009;"44";"44186";"Sainte-Pazanne";"2022-07-27 14:29:00";10000;0;;10000;;;10000;0;0;0;"Estimées";;;;;;;""
2022;4750;"60";"60005";"Acy-en-Multien";"2022-07-27 14:40:00";8500;0;;8500;;;8500;0;0;0;"Mesurées";;;;;;;""
2022;8412;"38";"38384";"Saint-Étienne-de-Saint-Geoirs";"2022-07-27 14:55:00";150;0;;150;;;150;0;0;0;"Estimées";;;;;;;""
2022;19112;"13";"13022";"Cassis";"2022-07-27 15:32:00";2900;2900;;;;;;;;;;"1";"Involontaire (particulier)";;;;;""
2022;18533;"11";"11102";"Couffoulens";"2022-07-27 15:41:00";1500;;;;;;;;;;;;;;;;;""
2022;5105;"09";"09242";"Raissac";"2022-07-27 15:54:00";50000;0;;30000;;;30000;20000;0;20000;"Mesurées";;;;;;;""
2022;5309;"29";"29276";"Sibiril";"2022-07-27 15:58:00";300;0;;300;;;300;0;0;0;"Estimées";;"Malveillance";;;;;""
2022;11678;"33";"33376";"Saint-Aubin-de-Médoc";"2022-07-27 17:06:00";300;300;;0;;;0;;;0;"Estimées";;;"Non";;;;""
2022;18517;"11";"11370";"Salles-d'Aude";"2022-07-27 17:36:00";5000;;;;;;;;;;;;;;;;;""
2022;7226;"61";"61241";"La Madeleine-Bouvet";"2022-07-27 18:06:25";1000;0;;1000;;;1000;0;;;;;"Malveillance";;;;;"Données partielles ou non valides"
2022;3258;"42";"42195";"Sail-sous-Couzan";"2022-07-27 18:35:00";20000;0;;20000;;;20000;0;0;0;"Mesurées";;"Involontaire (travaux)";;;;;""
2022;17706;"34";"34116";"Grabels";"2022-07-27 18:57:00";48226;;48226;;;;;;;;;"1";"Accidentelle";;;;;""
2022;2366;"37";"37261";"Tours";"2022-07-27 18:58:00";100;0;;100;;;100;0;0;0;"Estimées";;;;;;;""
2022;6092;"27";"27238";"Ferrières-Haut-Clocher";"2022-07-27 19:12:00";5;0;;5;;;5;0;0;0;"Estimées";;;;;;;"Données partielles ou non valides"
2022;7225;"61";"61007";"Athis-Val de Rouvre";"2022-07-27 19:14:49";10000;0;;10000;;;10000;0;;;;;"Malveillance";;;;;"Données partielles ou non valides"
2022;6542;"56";"56030";"Camoël";"2022-07-27 20:23:00";15000;0;;15000;;;15000;0;0;0;"Estimées";;;;;;;""
2022;19113;"13";"13026";"Châteauneuf-les-Martigues";"2022-07-27 20:48:00";5;5;;;;;;;;;;"1";;;;;;""
2022;6599;"56";"56009";"Bangor";"2022-07-27 22:39:00";2;0;;2;;;2;0;0;0;"Mesurées";;"Involontaire (particulier)";;;;;""
2022;17707;"34";"34279";"Saint-Nazaire-de-Ladarez";"2022-07-27 22:52:00";1802;;1802;;;;;;;;;;"Malveillance";;;;;""
2022;8408;"38";"38373";"Saint-Cassien";"2022-07-27 23:30:00";100;0;;100;;;100;0;0;0;"Estimées";;;;;;;""
2022;23128;"73";"73055";"Bozel";"2022-07-28 00:00:00";121000;121000;;0;;;0;0;0;0;"Estimées";;;;;;;"Données partielles ou non valides"
2022;17845;"07";"07129";"Lamastre";"2022-07-28 00:19:00";7000;;;;;;;;;;;"5";;;;;;""
2022;17840;"07";"07031";"Berrias-et-Casteljau";"2022-07-28 00:50:00";10005;;;;;;;;;;;"1";;;;;;""
2022;8407;"38";"38297";"Arandon-Passins";"2022-07-28 00:53:00";200;0;;200;;;200;0;0;0;"Estimées";;;;;;;""
2022;2367;"46";"46262";"Lendou-en-Quercy";"2022-07-28 01:08:00";700;0;;700;;;700;0;0;0;"Estimées";;;;;;;""
2022;2371;"49";"49129";"Écouflant";"2022-07-28 01:23:00";20000;0;;20000;;;20000;0;0;0;"Estimées";;;;;;;""
2022;7224;"61";"61093";"Chanu";"2022-07-28 06:24:22";10;0;;10;;;10;0;;;;;"Malveillance";;;;;"Données partielles ou non valides"
2022;17842;"07";"07217";"Saint-Barthélemy-le-Plain";"2022-07-28 10:44:00";10000;;;;;;;;;;;"3";"Accidentelle";;;;;""
2022;17474;"30";"30343";"Verfeuil";"2022-07-28 12:28:00";82;82;;;;;;;;;;"2";"Malveillance";;;;;""
2022;21740;"30";"30343";"Verfeuil";"2022-07-28 13:15:00";446;;;;;;;;;;;;"Malveillance";;;;;""
2022;17477;"2B";"2B341";"Venaco";"2022-07-28 13:37:00";300900;190000;110900;;;;;;;;;"2";"Malveillance";;;;;""
2022;17708;"34";"34230";"Les Rives";"2022-07-28 13:40:00";291900;291900;;;;;;;;;;"2";"Naturelle";;;;;""
2022;17476;"2B";"2B012";"Altiani";"2022-07-28 13:41:00";6000;;;;;;;;;;;;"Malveillance";;;;;""
2022;18396;"34";"34116";"Grabels";"2022-07-28 13:50:00";28776;28776;;;;;;;;;;"1";"Accidentelle";;;;;""
2022;18492;"11";"11068";"Capendu";"2022-07-28 13:54:00";440323;234523;39400;;;;;;;166400;;;;;;;;""
2022;7223;"61";"61140";"Crulai";"2022-07-28 14:03:20";6000;0;;6000;;;6000;0;;;;;"Malveillance";;;;;"Données partielles ou non valides"
2022;11058;"64";"64172";"Casteide-Candau";"2022-07-28 14:07:36";8000;1000;;;7000;;;;;;"Estimées";;;"Non";;;;""
2022;8405;"38";"38337";"Rives";"2022-07-28 14:31:00";700;0;;700;;;700;0;0;0;"Estimées";;"Accidentelle";;;;;""
2022;7222;"61";"61440";"Saint-Ouen-sur-Iton";"2022-07-28 15:09:33";20000;0;;20000;;;20000;0;;;;;"Malveillance";;;;;"Données partielles ou non valides"
2022;6547;"56";"56162";"Ploemeur";"2022-07-28 15:10:00";20000;0;;20000;;;20000;0;0;0;"Estimées";;"Involontaire (particulier)";;;;;""
2022;4953;"39";"39228";"Foncine-le-Haut";"2022-07-28 15:12:00";200;0;;200;;;200;0;0;0;"Estimées";;;;;;;""
2022;11414;"33";"33380";"Val-de-Livenne";"2022-07-28 15:20:00";117000;117000;;0;;;0;;;0;"Mesurées";;;"Non";;;;""
2022;19114;"13";"13001";"Aix-en-Provence";"2022-07-28 15:48:00";400;400;;;;;;;;;;"1";;;;;;""
2022;19115;"13";"13051";"Lançon-Provence";"2022-07-28 16:20:00";200;200;;;;;;;;;;"1";"Accidentelle";;;;;""
2022;2443;"71";"71153";"Le Creusot";"2022-07-28 16:25:00";1;0;;1;;;1;0;0;0;"Estimées";;;;;;;""
2022;17478;"2B";"2B007";"Albertacce";"2022-07-28 16:37:00";219000;4000;215000;;;;;;;;;"1";"Malveillance";;;;;""
2022;10734;"24";"24553";"Tocane-Saint-Apre";"2022-07-28 17:03:00";3000;3000;;0;;;0;;;;"Estimées";;"Accidentelle";"Non";;;;""
2022;17486;"04";"04102";"Le Lauzet-Ubaye";"2022-07-28 17:18:00";150;150;;;;;;;;;;;"Involontaire (travaux)";;;;;""
2022;6548;"56";"56021";"Brandérion";"2022-07-28 17:34:00";1000;0;;1000;;;1000;0;0;0;"Estimées";;;;;;;""
2022;11718;"33";"33382";"Saint-Christoly-de-Blaye";"2022-07-28 17:39:00";30000;30000;;0;;;0;;;0;"Estimées";;;"Non";;;;""
2022;23251;"50";"50101";"Carneville";"2022-07-28 17:49:01";3500;0;;3500;;;3500;0;0;0;"Estimées";;;"Non";;;;""
2022;2444;"71";"71054";"Bragny-sur-Saône";"2022-07-28 20:17:00";3;0;;3;;;3;0;0;0;"Estimées";;;;;;;""
2022;2445;"71";"71120";"Chauffailles";"2022-07-29 00:03:00";200;0;;200;;;200;0;0;0;"Estimées";;;;;;;""
2022;9443;"16";"16365";"Sauvignac";"2022-07-29 02:26:00";101000;95500;;;5500;;;;;;"Mesurées";;;"Non";;;;""
2022;17495;"30";"30201";"Ponteils-et-Brésis";"2022-07-29 08:31:00";6;6;;;;;;;;;;"4";;;;;;""
2022;3454;"46";"46109";"Fontanes";"2022-07-29 10:38:00";500;0;;500;;;500;0;0;0;"Estimées";;;;;;;""
2022;17508;"04";"04034";"La Brillanne";"2022-07-29 10:49:00";7;7;;;;;;;;;;"5";;;;;;""
2022;8364;"10";"10048";"Bligny";"2022-07-29 11:53:00";5000;5000;;0;;;0;0;0;0;"Estimées";;;;;;;""
2022;17487;"04";"04016";"Authon";"2022-07-29 12:24:00";200;200;;;;;;;;;;"1";"Naturelle";;;;;""
2022;2992;"88";"88218";"Granges-Aumontzey";"2022-07-29 13:06:00";20;20;;0;;;0;0;0;0;"Estimées";;;;;;;""
2022;7220;"61";"61269";"Ménil-Hubert-sur-Orne";"2022-07-29 13:52:38";30000;0;;30000;;;30000;0;;;;;"Malveillance";;;;;"Données partielles ou non valides"
2022;6549;"56";"56143";"Muzillac";"2022-07-29 13:55:00";100;0;;100;;;100;0;0;0;"Estimées";;"Involontaire (travaux)";;;;;""
2022;10185;"17";"17452";"La Tremblade";"2022-07-29 14:32:00";3000;3000;;;0;0;;;;;"Mesurées";;;"Non";0;0;0;""
2022;9444;"16";"16279";"Rioux-Martin";"2022-07-29 14:55:00";3500;3500;;;;;;;;;"Estimées";;"Involontaire (travaux)";"Non";;;;""
2022;4956;"39";"39128";"Chaussin";"2022-07-29 14:57:00";300;0;;300;;;300;0;0;0;"Estimées";;;;;;;""
2022;7706;"45";"45340";"Villemurlin";"2022-07-29 15:04:00";500;500;;0;;;0;0;0;0;"Estimées";;;;;;;""
2022;2993;"88";"88465";"Capavenir Vosges";"2022-07-29 15:11:00";200;200;;0;;;0;0;0;0;"Mesurées";;;;;;;""
2022;17510;"06";"06160";"Villeneuve-d'Entraunes";"2022-07-29 15:26:00";200;;;;;;;;;;;;"Naturelle";;;;;""
2022;10461;"47";"47039";"Boussès";"2022-07-29 16:01:32";100;100;;;0;0;;;;;"Estimées";;"Accidentelle";"Non";0;0;0;""
2022;23255;"50";"50502";"Saint-Lô";"2022-07-29 17:11:43";100;0;;100;;;100;0;0;0;"Estimées";;;"Non";;;;""
2022;7218;"61";"61462";"Sarceaux";"2022-07-29 17:14:06";2000;0;;2000;;;2000;0;;;;;"Malveillance";;;;;"Données partielles ou non valides"
2022;17581;"48";"48074";"Hures-la-Parade";"2022-07-29 17:16:00";100000;;100000;;;;;;;;;"1";;;;;;""
2022;17567;"2B";"2B252";"Pruno";"2022-07-29 18:18:00";5;;;;;;;;;;;;"Malveillance";;;;;""
2022;6997;"72";"72226";"Oizé";"2022-07-29 18:37:00";1000;1000;;0;;;0;0;0;0;"Estimées";;;;;;;""
2022;7217;"61";"61169";"Flers";"2022-07-29 18:40:41";900;0;;900;;;900;0;;;;;"Malveillance";;;;;"Données partielles ou non valides"
2022;12855;"67";"67180";"Haguenau";"2022-07-29 18:56:00";100;100;;0;;;0;0;0;0;"Estimées";;"Accidentelle";;;;;""
2022;11773;"33";"33514";"Soulac-sur-Mer";"2022-07-29 19:00:00";300;300;;0;;;0;;;0;"Estimées";;;"Non";;;;""
2022;5314;"29";"29151";"Morlaix";"2022-07-29 19:34:00";200;0;;200;;;200;0;0;0;"Estimées";;;;;;;""
2022;7216;"61";"61091";"Champsecret";"2022-07-29 20:07:44";1000;0;;1000;;;1000;0;;;;;"Malveillance";;;;;"Données partielles ou non valides"
2022;11996;"33";"33260";"Lugos";"2022-07-29 20:14:00";40000;40000;;0;;;0;0;0;0;"Estimées";;"Involontaire (particulier)";"Non";;;;""
2022;17951;"66";"66122";"Nohèdes";"2022-07-29 21:17:00";20;20;;;;;;;;;;"4";"Naturelle";;;;;""
2022;7215;"61";"61043";"Berd'huis";"2022-07-29 21:26:49";200;0;;200;;;200;0;;;;;"Malveillance";;;;;"Données partielles ou non valides"
2022;6555;"56";"56061";"La Gacilly";"2022-07-29 22:23:00";5000;0;;5000;;;5000;0;0;0;"Estimées";;;;;;;""
2022;2483;"71";"71303";"Montagny-près-Louhans";"2022-07-29 22:34:00";2000;2000;;0;;;0;0;0;0;"Estimées";;;;;;;""
2022;23120;"95";"95306";"Herblay-sur-Seine";"2022-07-30 00:00:00";175000;0;;175000;;;175000;0;0;0;"Estimées";;;;;;;"Données partielles ou non valides"
2022;19117;"13";"13081";"Rognac";"2022-07-30 05:39:00";5;5;;;;;;;;;;"1";;;;;;""
2022;19119;"13";"13005";"Aubagne";"2022-07-30 06:05:00";5;5;;;;;;;;;;"1";;;;;;""
2022;12479;"41";"41013";"Bauzy";"2022-07-30 10:23:00";10;0;;10;;;10;0;0;0;"Estimées";;;;;;;""
2022;5278;"82";"82049";"Donzac";"2022-07-30 10:56:00";3000;3000;;0;;;0;0;0;0;"Estimées";;;;;;;"Données partielles ou non valides"
2022;17568;"2B";"2B039";"Bisinchi";"2022-07-30 12:29:00";10000;;;;;;;;;;;;"Malveillance";;;;;""
2022;17570;"2B";"2B143";"Linguizzetta";"2022-07-30 12:50:00";60;;;;;;;;;;;;"Malveillance";;;;;""
2022;2490;"43";"43164";"Roche-en-Régnier";"2022-07-30 12:50:00";750;0;;750;;;750;0;0;0;"Estimées";;;;;;;""
2022;17528;"2A";"2A114";"Figari";"2022-07-30 12:55:00";93;;93;;;;;;;;;"1";"Malveillance";;;;;""
2022;7214;"61";"61037";"Bellavilliers";"2022-07-30 14:19:42";200000;0;;200000;;;200000;0;;;;;"Malveillance";;;;;"Données partielles ou non valides"
2022;2588;"21";"21087";"Bligny-sur-Ouche";"2022-07-30 14:20:00";2120;480;;380;;;380;0;1260;1260;"Mesurées";;;;;;;""
2022;19120;"13";"13107";"Simiane-Collongue";"2022-07-30 14:33:00";4500;4500;;;;;;;;;;"1";;;;;;""
2022;17572;"2B";"2B143";"Linguizzetta";"2022-07-30 14:39:00";10;;;;;;;;;;;;"Malveillance";;;;;""
2022;3463;"46";"46267";"Saint-Germain-du-Bel-Air";"2022-07-30 15:16:00";20000;0;;20000;;;20000;0;0;0;"Estimées";;;;;;;""
2022;4047;"89";"89474";"Villiers-Vineux";"2022-07-30 15:27:00";10;0;;10;;;10;0;0;0;"Estimées";;;;;;;""
2022;17507;"04";"04208";"Simiane-la-Rotonde";"2022-07-30 15:52:00";42700;36900;;;;;;;;5800;;"3";"Involontaire (travaux)";;;;;""
2022;4425;"77";"77349";"Othis";"2022-07-30 15:56:00";4;0;;4;;;4;0;0;0;"Mesurées";;;;;;;""
2022;21549;"84";"84129";"Sorgues";"2022-07-30 16:07:00";206900;18100;34400;;;;;;;154400;;"1";;;;;;""
2022;17954;"66";"66030";"Calce";"2022-07-30 16:08:00";1322000;565200;479400;;;;;;;277400;;"1";"Malveillance";;;;;""
2022;5768;"74";"74031";"Beaumont";"2022-07-30 16:36:00";20;20;;0;;;0;0;0;0;"Estimées";;;;;;;""
2022;3465;"46";"46057";"Cardaillac";"2022-07-30 17:02:00";20000;0;;20000;;;20000;0;0;0;"Estimées";;;;;;;""
2022;7213;"61";"61001";"Alençon";"2022-07-30 17:25:10";60;0;;60;;;60;0;;;;;"Malveillance";;;;;"Données partielles ou non valides"
2022;19118;"13";"13056";"Martigues";"2022-07-30 17:30:00";5536;5536;;;;;;;;;;"1";"Malveillance";;;;;""
2022;17589;"06";"06076";"Lieuche";"2022-07-30 17:46:00";600;;;;;;;;;;;;"Naturelle";;;;;""
2022;2498;"81";"81027";"Belleserre";"2022-07-30 17:55:00";110000;0;;10000;;;10000;0;100000;100000;"Estimées";;"Malveillance";;;;;""
2022;7212;"61";"61447";"Saint-Pierre-du-Regard";"2022-07-30 18:17:07";200000;0;;200000;;;200000;0;;;;;"Malveillance";;;;;"Données partielles ou non valides"
2022;17747;"05";"05023";"Briançon";"2022-07-30 18:30:00";2835;900;1900;;;;;;;35;;"1";"Involontaire (particulier)";;;;;""
2022;11711;"33";"33354";"Riocaud";"2022-07-30 18:54:00";1000;1000;;0;;;0;;;0;"Estimées";;"Malveillance";"Non";;;;""
2022;6140;"27";"27578";"Sainte-Marie-d'Attez";"2022-07-30 18:57:00";60;0;;60;;;60;0;0;0;"Estimées";;;;;;;"Données partielles ou non valides"
2022;11783;"33";"33034";"Bayas";"2022-07-30 18:59:00";10000;10000;;0;;;0;;;0;"Estimées";;;"Non";;;;""
2022;7211;"61";"61243";"Magny-le-Désert";"2022-07-30 19:18:13";40;0;;40;;;40;0;;;;;"Malveillance";;;;;"Données partielles ou non valides"
2022;17956;"66";"66214";"Tresserre";"2022-07-30 21:06:00";50000;;;;;;;;;50000;;"6";"Accidentelle";;;;;""
2022;12858;"67";"67291";"Mertzwiller";"2022-07-30 21:27:00";10;10;;0;;;0;0;0;0;"Estimées";;;;;;;""
2022;6141;"27";"27375";"Louviers";"2022-07-30 21:30:00";30;0;;30;;;30;0;0;0;"Estimées";;;;;;;"Données partielles ou non valides"
2022;18152;"34";"34056";"Castelnau-de-Guers";"2022-07-30 22:13:00";575;575;;;;;;;;;;"4";"Malveillance";;;;;""
2022;9030;"55";"55031";"Baudonvilliers";"2022-07-30 22:17:00";800;0;;800;;;800;0;0;0;"Estimées";;;;;;;""
2022;7011;"72";"72260";"Ruaudin";"2022-07-30 23:03:00";100;100;;0;;;0;0;0;0;"Estimées";;;;;;;""
2022;11723;"33";"33514";"Soulac-sur-Mer";"2022-07-30 23:52:00";200;200;;0;;;0;;;0;"Estimées";;;"Non";;;;""
2022;18924;"13";"13056";"Martigues";"2022-07-31 00:21:00";5000;5000;;;;;;;;;;"1";"Accidentelle";;;;;""
2022;3122;"15";"15083";"Jussac";"2022-07-31 02:05:00";30;30;;0;;;0;0;0;0;"Mesurées";;"Accidentelle";;;;;""
2022;18921;"13";"13039";"Fos-sur-Mer";"2022-07-31 02:12:00";5;5;;;;;;;;;;"1";;;;;;""
2022;11724;"33";"33514";"Soulac-sur-Mer";"2022-07-31 03:26:00";50;50;;0;;;0;;;0;"Estimées";;;"Non";;;;""
2022;18925;"13";"13048";"Jouques";"2022-07-31 03:37:00";20;20;;;;;;;;;;"1";"Malveillance";;;;;""
2022;13239;"86";"86174";"Naintré";"2022-07-31 04:07:11";44000;30000;;14000;0;0;;;;;"Estimées";;;"Non";;;;""
2022;17869;"83";"83137";"Toulon";"2022-07-31 05:05:00";200;200;;;;;;;;;;"4";"Involontaire (particulier)";;;;;""
2022;11706;"33";"33514";"Soulac-sur-Mer";"2022-07-31 06:15:00";150;150;;0;;;0;;;0;"Estimées";;;"Non";;;;""
2022;23109;"57";"57163";"Dabo";"2022-07-31 11:57:00";20;20;;0;;;0;0;0;0;"Estimées";;;"Non";;;;""
2022;2504;"71";"71492";"Saint-Ythaire";"2022-07-31 13:10:00";5000;0;;5000;;;5000;0;0;0;"Estimées";;;;;;;""
2022;17870;"83";"83076";"Mazaugues";"2022-07-31 13:25:00";343300;164500;1600;;;;;;;177200;;"5";"Involontaire (travaux)";;;;;""
2022;3466;"46";"46267";"Saint-Germain-du-Bel-Air";"2022-07-31 14:19:00";25000;0;;25000;;;25000;0;0;0;"Estimées";;;;;;;""
2022;8399;"38";"38412";"Saint-Laurent-du-Pont";"2022-07-31 14:23:00";500;0;;500;;;500;0;0;0;"Estimées";;;;;;;""
2022;18223;"30";"30019";"Aubais";"2022-07-31 14:57:00";2861600;2000000;861600;;;;;;;;;"4";"Malveillance";;;;;""
2022;18792;"13";"13106";"Septèmes-les-Vallons";"2022-07-31 16:15:00";349990;349990;;;;;;;;;;"1";"Accidentelle";;;;;""
2022;17957;"66";"66030";"Calce";"2022-07-31 16:20:00";353000;4600;275400;;;;;;;73000;;"1";;;;;;""
2022;17718;"06";"06077";"Lucéram";"2022-07-31 17:00:00";63000;30000;33000;;;;;;;;;"4";"Accidentelle";;;;;""
2022;18799;"13";"13071";"Les Pennes-Mirabeau";"2022-07-31 17:38:00";10000;10000;;;;;;;;;;"1";"Involontaire (particulier)";;;;;""
2022;10943;"40";"40171";"Mano";"2022-07-31 17:39:00";3050000;3050000;;0;;;0;0;0;0;"Estimées";;"Malveillance";"Non";;;;""
2022;7210;"61";"61211";"Juvigny Val d'Andaine";"2022-07-31 17:44:23";600;0;;600;;;600;0;;;;;"Malveillance";;;;;"Données partielles ou non valides"
2022;11712;"33";"33151";"Donnezac";"2022-07-31 17:59:00";10000;10000;;0;;;0;0;0;0;"Estimées";;"Malveillance";"Non";;;;""
2022;12481;"41";"41025";"Bracieux";"2022-07-31 18:03:00";50000;0;;50000;;;50000;0;0;0;"Estimées";;;;;;;""
2022;18922;"13";"13071";"Les Pennes-Mirabeau";"2022-07-31 18:11:00";35;35;;;;;;;;;;"1";"Involontaire (particulier)";;;;;""
2022;10462;"47";"47039";"Boussès";"2022-07-31 18:50:45";250;250;;;0;0;;;;;"Estimées";;"Accidentelle";"Non";0;0;0;""
2022;18344;"30";"30352";"Villevieille";"2022-07-31 19:01:00";1500;;;;;;;;;;;;;;;;;""
2022;17512;"30";"30114";"Fontanès";"2022-07-31 19:01:00";355;355;;;;;;;;;;"5";;;;;;""
2022;2507;"81";"81145";"Lisle-sur-Tarn";"2022-07-31 19:18:00";2000;0;;2000;;;2000;0;0;0;"Estimées";;;;;;;""
2022;10626;"24";"24184";"Florimont-Gaumier";"2022-07-31 20:24:00";1200;1200;;0;;;0;;;;"Estimées";;"Naturelle";"Non";;;;""
2022;2994;"88";"88017";"Aulnois";"2022-07-31 21:25:00";30;30;;0;;;0;0;0;0;"Estimées";;;;;;;""
2022;18919;"13";"13019";"Cabriès";"2022-07-31 21:36:00";100;100;;;;;;;;;;"1";"Accidentelle";;;;;""
2022;10186;"17";"17118";"Corignac";"2022-07-31 21:39:00";5000;5000;;;0;0;;;;;"Mesurées";;;"Non";0;0;0;""
2022;10627;"24";"24309";"Neuvic";"2022-07-31 21:58:00";400;400;;0;;;0;;;;"Estimées";;;"Non";;;;""
2022;2508;"81";"81056";"Campagnac";"2022-08-01 00:01:00";300;0;;300;;;300;0;0;0;"Estimées";;"Accidentelle";;;;;""
2022;11943;"33";"33514";"Soulac-sur-Mer";"2022-08-01 00:41:00";10000;10000;;0;;;0;;;0;"Estimées";;;"Non";;;;""
2022;6603;"56";"56177";"Pluvigner";"2022-08-01 03:16:00";10000;0;;10000;;;10000;0;0;0;"Estimées";;;;;;;""
2022;11875;"33";"33011";"Arès";"2022-08-01 05:00:00";30000;30000;;0;;;0;;;0;"Estimées";;;"Non";;;;""
2022;5182;"90";"90009";"Beaucourt";"2022-08-01 06:39:00";400;400;;0;;;0;0;0;0;"Estimées";;;;;;;""
2022;17578;"2B";"2B314";"Santo-Pietro-di-Tenda";"2022-08-01 08:41:00";300000;;300000;;;;;;;;;"1";"Malveillance";;;;;""
2022;17577;"2B";"2B314";"Santo-Pietro-di-Tenda";"2022-08-01 08:41:00";4460900;2282700;2159000;;;;;;;19200;;"1";"Malveillance";;;;;""
2022;2996;"88";"88383";"Remiremont";"2022-08-01 10:58:00";10;10;;0;;;0;0;0;0;"Estimées";;;;;;;""
2022;19342;"11";"11023";"Badens";"2022-08-01 11:13:00";2500;;;;;;;;;;;;;;;;;""
2022;2997;"88";"88531";"Xonrupt-Longemer";"2022-08-01 11:30:00";4;4;;0;;;0;0;0;0;"Estimées";;;;;;;""
2022;8202;"38";"38094";"Châtonnay";"2022-08-01 11:50:00";1500;0;;1500;;;1500;0;0;0;"Estimées";;;;;;;""
2022;2623;"01";"01257";"Montanges";"2022-08-01 12:01:00";10000;0;;10000;;;10000;0;0;0;"Estimées";;;;;;;""
2022;17847;"07";"07018";"Astet";"2022-08-01 12:25:00";5000;;;;;;;;;;;"1";"Accidentelle";;;;;""
2022;9181;"12";"12165";"Muret-le-Château";"2022-08-01 12:50:00";100000;100000;;0;;;0;0;0;0;"Estimées";;;;;;;""
2022;4226;"91";"91600";"Soisy-sur-Seine";"2022-08-01 14:07:00";1100;0;;1100;;;1100;0;0;0;"Estimées";;"Malveillance";;;;;""
2022;17850;"07";"07286";"Saint-Pierreville";"2022-08-01 14:37:00";20000;;;;;;;;;;;"5";;;;;;""
2022;2604;"28";"28369";"Saulnières";"2022-08-01 15:35:00";46000;6000;;0;;;0;40000;0;40000;"Estimées";;;;;;;""
2022;3346;"15";"15175";"Saint-Cernin";"2022-08-01 15:37:00";60;60;;0;;;0;0;0;0;"Mesurées";;"Accidentelle";;;;;""
2022;20859;"26";"26332";"Saint-Uze";"2022-08-01 15:41:00";3900;;;;;;;;;;;"3";"Malveillance";;;;;""
2022;2596;"71";"71044";"Bosjean";"2022-08-01 16:31:00";300;0;;300;;;300;0;0;0;"Estimées";;;;;;;""
2022;18493;"11";"11285";"Peyriac-de-Mer";"2022-08-01 16:59:00";110622;;;;;;;;;;;;;;;;;""
2022;18398;"34";"34116";"Grabels";"2022-08-01 17:02:00";908;908;;;;;;;;;;"1";;;;;;""
2022;20860;"26";"26165";"Livron-sur-Drôme";"2022-08-01 17:05:00";5000;;;;;;;;;;;;;;;;;""
2022;7209;"61";"61384";"Saint-Ellier-les-Bois";"2022-08-01 17:23:10";100;0;;100;;;100;0;;;;;"Malveillance";;;;;"Données partielles ou non valides"
2022;8199;"38";"38094";"Châtonnay";"2022-08-01 17:34:00";1000;0;;1000;;;1000;0;0;0;"Estimées";;;;;;;""
2022;6155;"27";"27068";"Bois-Anzeray";"2022-08-01 18:03:00";10000;0;;10000;;;10000;0;0;0;"Estimées";;;;;;;"Données partielles ou non valides"
2022;18911;"13";"13058";"Maussane-les-Alpilles";"2022-08-01 19:33:00";5;5;;;;;;;;;;"1";"Involontaire (particulier)";;;;;""
2022;7208;"61";"61001";"Alençon";"2022-08-01 19:44:19";200;0;;200;;;200;0;;;;;"Malveillance";;;;;"Données partielles ou non valides"
2022;23260;"50";"50417";"Quettehou";"2022-08-01 21:12:26";500;0;;500;;;500;0;0;0;"Estimées";;;"Non";;;;""
2022;18494;"11";"11010";"Antugnac";"2022-08-01 23:07:00";850;;;;;;;;;;;;;;;;;""
2022;17903;"83";"83057";"Flassans-sur-Issole";"2022-08-01 23:55:00";100;100;;;;;;;;;;"5";"Involontaire (particulier)";;;;;""
2022;2638;"43";"43075";"Collat";"2022-08-02 00:00:00";17200;17200;;0;;;0;0;0;0;"Mesurées";;"Involontaire (travaux)";;;;;""
2022;7207;"61";"61150";"Échauffour";"2022-08-02 00:35:03";3000;0;;3000;;;3000;0;;;;;"Malveillance";;;;;"Données partielles ou non valides"
2022;8196;"38";"38085";"Charvieu-Chavagneux";"2022-08-02 00:53:00";10;0;;10;;;10;0;0;0;"Estimées";;;;;;;""
2022;21741;"30";"30326";"Tavel";"2022-08-02 01:04:00";2153;;;;;;;;;;;;"Accidentelle";;;;;""
2022;10896;"40";"40287";"Sanguinet";"2022-08-02 03:37:00";2000;2000;;0;;;0;;;0;"Estimées";;"Accidentelle";"Non";;;;""
2022;18206;"66";"66014";"Baixas";"2022-08-02 05:18:00";30000;;30000;;;;;;;;;"1";"Malveillance";;;;;""
2022;18683;"66";"66003";"Amélie-les-Bains-Palalda";"2022-08-02 08:42:00";71;71;;;;;;;;;;"5";"Malveillance";;;;;""
2022;18686;"66";"66003";"Amélie-les-Bains-Palalda";"2022-08-02 08:44:00";89;89;;;;;;;;;;"5";"Malveillance";;;;;""
2022;18687;"66";"66003";"Amélie-les-Bains-Palalda";"2022-08-02 08:45:00";173;173;;;;;;;;;;"5";"Malveillance";;;;;""
2022;17749;"05";"05141";;"2022-08-02 09:23:00";13130;1100;230;;;;;;;11800;;"1";"Accidentelle";;;;;""
2022;17717;"06";"06079";"Mandelieu-la-Napoule";"2022-08-02 10:18:00";2500;;2500;;;;;;;;;"1";;;;;;""
2022;2626;"21";"21512";"Puligny-Montrachet";"2022-08-02 10:43:00";500;500;;0;;;0;0;0;0;"Mesurées";;;;;;;""
2022;17709;"34";"34064";"Le Caylar";"2022-08-02 11:17:00";12486;;12486;;;;;;;;;"1";"Involontaire (particulier)";;;;;""
2022;8194;"38";"38083";"Charette";"2022-08-02 11:57:00";60;0;;60;;;60;0;0;0;"Estimées";;;;;;;""
2022;8193;"38";"38365";"Saint-Baudille-de-la-Tour";"2022-08-02 12:48:00";50;0;;50;;;50;0;0;0;"Estimées";;;;;;;""
2022;18495;"11";"11170";"Gruissan";"2022-08-02 13:18:00";400;;;;;;;;;;;;;;;;;""
2022;9449;"16";"16046";"Coteaux-du-Blanzacais";"2022-08-02 13:22:00";52000;52000;;;;;;;;;"Mesurées";;;"Non";;;;""
2022;5770;"74";"74282";"Fillière";"2022-08-02 13:56:00";10;10;;0;;;0;0;0;0;"Estimées";;;;;;;""
2022;23111;"57";"57301";"Haspelschiedt";"2022-08-02 14:05:00";20;20;;0;;;0;0;0;0;"Estimées";;;"Non";;;;""
2022;8176;"38";"38030";"Beaucroissant";"2022-08-02 14:05:00";100;0;;100;;;100;0;0;0;"Estimées";;;;;;;""
2022;18401;"34";"34119";"Hérépian";"2022-08-02 14:12:00";26;26;;;;;;;;;;"2";"Malveillance";;;;;""
2022;8191;"38";"38042";"Bévenais";"2022-08-02 14:20:00";7000;0;;7000;;;7000;0;0;0;"Estimées";;;;;;;""
2022;8190;"38";"38560";"Val-de-Virieu";"2022-08-02 14:34:00";6000;0;;6000;;;6000;0;0;0;"Estimées";;;;;;;""
2022;23262;"50";"50142";"Vicq-sur-Mer";"2022-08-02 14:35:44";3000;0;;3000;;;3000;0;0;0;"Estimées";;;"Non";;;;""
2022;2610;"43";"43117";"Lavaudieu";"2022-08-02 14:36:00";100;0;;100;;;100;0;0;0;"Estimées";;;;;;;""
2022;10919;"40";"40142";"Laluque";"2022-08-02 14:38:00";326000;326000;;0;;;0;;;0;"Estimées";;"Involontaire (travaux)";"Non";;;;""
2022;17653;"2B";"2B147";"Lozzi";"2022-08-02 14:51:00";400;;;;;;;;;;;;"Malveillance";;;;;""
2022;18345;"30";"30105";"Dourbies";"2022-08-02 15:10:00";2500;;;;;;;;;;;;;;;;;""
2022;17711;"34";"34162";"Montagnac";"2022-08-02 15:26:00";130122;;130122;;;;;;;;;"1";"Malveillance";;;;;""
2022;13243;"86";"86174";"Naintré";"2022-08-02 15:32:39";5;5;;;0;0;;;;;"Estimées";;;"Non";;;;""
2022;17656;"2B";"2B304";"San-Lorenzo";"2022-08-02 15:36:00";5;;;;;;;;;;;;"Naturelle";;;;;""
2022;18688;"66";"66176";"Saint-Hippolyte";"2022-08-02 15:39:00";10000;;;;;;;;;10000;;"6";"Malveillance";;;;;""
2022;18912;"13";"13063";"Miramas";"2022-08-02 15:39:00";150;150;;;;;;;;;;"1";;;;;;""
2022;17712;"04";"04242";"Villeneuve";"2022-08-02 15:55:00";2365600;2079600;;;;;;;;286000;;"5";"Involontaire (particulier)";;;;;""
2022;2614;"52";"52121";"Chaumont";"2022-08-02 15:59:00";15000;0;;15000;;;15000;0;0;0;"Estimées";;"Malveillance";;;;;""
2022;17657;"2B";"2B096";"Corte";"2022-08-02 16:00:00";23000;;;;;;;;;;;;"Naturelle";;;;;""
2022;18794;"13";"13019";"Cabriès";"2022-08-02 16:15:00";50000;50000;;;;;;;;;;"1";"Accidentelle";;;;;""
2022;17654;"2B";"2B003";"Aiti";"2022-08-02 16:18:00";5;;;;;;;;;;;;"Naturelle";;;;;""
2022;7206;"61";"61389";"Sainte-Gauburge-Sainte-Colombe";"2022-08-02 16:23:38";20000;0;;20000;;;20000;0;;;;;"Malveillance";;;;;"Données partielles ou non valides"
2022;18908;"13";"13041";"Gardanne";"2022-08-02 16:37:00";250;250;;;;;;;;;;"1";"Involontaire (travaux)";;;;;""
2022;11402;"33";"33514";"Soulac-sur-Mer";"2022-08-02 16:49:00";200;200;;0;;;0;;;0;"Estimées";;"Involontaire (particulier)";"Non";;;;""
2022;18909;"13";"13042";"Gémenos";"2022-08-02 17:29:00";20;20;;;;;;;;;;"1";"Involontaire (particulier)";;;;;""
2022;11944;"33";"33514";"Soulac-sur-Mer";"2022-08-02 17:56:00";1500;1500;;0;;;0;;;0;"Estimées";;;"Non";;;;""
2022;17758;"48";"48148";"Saint-Étienne-Vallée-Française";"2022-08-02 17:57:00";150000;50000;100000;;;;;;;;;"4";"Accidentelle";;;;;""
2022;2615;"76";"76068";"Bec-de-Mortagne";"2022-08-02 18:12:00";40000;5000;;0;;;0;35000;0;35000;"Estimées";;;;;;;""
2022;3049;"08";"08081";"Bogny-sur-Meuse";"2022-08-02 18:59:00";1000;0;;1000;;;1000;0;0;0;"Estimées";;;;;;;""
2022;7205;"61";"61215";"Laleu";"2022-08-02 19:07:48";10000;0;;10000;;;10000;0;;;;;"Malveillance";;;;;"Données partielles ou non valides"
2022;4107;"35";"35211";"Paimpont";"2022-08-02 19:49:00";10000;10000;;0;;;0;0;0;0;"Estimées";;;;;;;""
2022;4228;"91";"91691";"Yerres";"2022-08-02 20:36:00";10000;0;;10000;;;10000;0;0;0;"Estimées";;;;;;;""
2022;3050;"08";"08081";"Bogny-sur-Meuse";"2022-08-02 21:02:00";400;0;;400;;;400;0;0;0;"Estimées";;;;;;;""
2022;8189;"38";"38348";"Ruy-Montceau";"2022-08-02 21:08:00";50;0;;50;;;50;0;0;0;"Estimées";;;;;;;""
2022;7204;"61";"61447";"Saint-Pierre-du-Regard";"2022-08-02 21:23:06";2200;2200;;0;;;0;0;;;;;"Malveillance";;;;;"Données partielles ou non valides"
2022;9451;"16";"16105";"Condéon";"2022-08-02 21:45:00";1400;1400;;;;;;;;;"Mesurées";;"Malveillance";"Non";;;;""
2022;8188;"38";"38317";"Le Pont-de-Claix";"2022-08-02 22:36:00";250;0;;250;;;250;0;0;0;"Estimées";;;;;;;""
2022;18691;"66";"66205";"Tautavel";"2022-08-02 23:27:00";591;;;;;;;;;591;;"6";"Malveillance";;;;;""
2022;18692;"66";"66205";"Tautavel";"2022-08-02 23:32:00";115;;115;;;;;;;;;"1";"Malveillance";;;;;""
2022;18693;"66";"66205";"Tautavel";"2022-08-02 23:45:00";470;;470;;;;;;;;;"1";"Malveillance";;;;;""
2022;18696;"66";"66205";"Tautavel";"2022-08-02 23:50:00";547;;547;;;;;;;;;"1";"Malveillance";;;;;""
2022;18695;"66";"66205";"Tautavel";"2022-08-02 23:50:00";1037;;;;;;;;;1037;;"1";"Malveillance";;;;;""
2022;11391;"33";"33205";"Illats";"2022-08-03 04:16:00";800;800;;0;;;0;;;0;"Estimées";;"Accidentelle";"Non";;;;""
2022;18521;"11";"11369";"Sallèles-d'Aude";"2022-08-03 07:08:00";5;;;;;;;;;;;;;;;;;""
2022;2619;"71";"71164";"Curtil-sous-Burnand";"2022-08-03 08:00:00";5;0;;5;;;5;0;0;0;"Estimées";;"Malveillance";;;;;""
2022;17723;"2B";"2B188";"Olmeta-di-Tuda";"2022-08-03 09:26:00";5000;;;;;;;;;;;;"Malveillance";;;;;""
2022;3352;"15";"15141";"Neussargues en Pinatelle";"2022-08-03 09:37:00";20;20;;0;;;0;0;0;0;"Mesurées";;"Malveillance";;;;;""
2022;10187;"17";"17150";"Les Églises-d'Argenteuil";"2022-08-03 11:18:00";200;200;;;0;0;;;;;"Mesurées";;;"Non";0;0;0;""
2022;23039;"57";"57038";"Audun-le-Tiche";"2022-08-03 11:38:00";200;200;;0;;;0;0;0;0;"Estimées";;;"Non";;;;""
2022;5044;"44";"44048";"Couffé";"2022-08-03 12:18:00";400;0;;400;;;400;0;0;0;"Estimées";;;;;;;""
2022;18910;"13";"13034";"Eygalières";"2022-08-03 12:22:00";500;500;;;;;;;;;;"1";"Involontaire (travaux)";;;;;""
2022;23040;"57";"57089";"Bitche";"2022-08-03 12:49:00";10000;10000;;0;;;0;0;0;0;"Estimées";;;"Non";;;;""
2022;3580;"46";"46143";"Lacapelle-Marival";"2022-08-03 12:51:00";1000;0;;1000;;;1000;0;0;0;"Estimées";;;;;;;""
2022;13247;"86";"86272";"Thuré";"2022-08-03 13:03:54";300;300;;;0;0;;;;;"Estimées";;;"Non";;;;""
2022;12379;"31";"31018";"Arnaud-Guilhem";"2022-08-03 13:26:00";50000;50000;;0;;;0;0;0;0;"Estimées";;;"Non";;;;""
2022;17713;"04";"04149";"Peyruis";"2022-08-03 13:43:00";13700;300;13400;;;;;;;;;"5";;;;;;""
2022;17724;"2B";"2B205";"Patrimonio";"2022-08-03 13:54:00";1500;;;;;;;;;;;;"Malveillance";;;;;""
2022;10629;"24";"24165";"Eygurande-et-Gardedeuil";"2022-08-03 14:03:00";5000;5000;;0;;;0;;;;"Estimées";;;"Non";;;;""
2022;12706;"18";"18285";"Villeneuve-sur-Cher";"2022-08-03 14:36:00";8;0;;8;;;8;0;0;0;"Estimées";;;"Non";;;;""
2022;2645;"43";"43121";"Léotoing";"2022-08-03 14:36:00";24050;18900;;0;;;0;5150;0;5150;"Mesurées";;"Involontaire (travaux)";;;;;""
2022;7034;"72";"72058";"Changé";"2022-08-03 14:40:00";500;500;;0;;;0;0;0;0;"Estimées";;;;;;;""
2022;6160;"27";"27049";"Mesnil-en-Ouche";"2022-08-03 15:07:00";130200;0;;200;;;200;0;130000;130000;"Estimées";;;;;;;"Données partielles ou non valides"
2022;4070;"58";"58108";"Empury";"2022-08-03 15:18:00";50000;50000;;0;;;0;0;0;0;"Estimées";;;;;;;""
2022;17851;"07";"07080";"Devesset";"2022-08-03 15:18:00";1000;;;;;;;;;;;"4";"Malveillance";;;;;""
2022;5499;"29";"29266";"Saint-Thégonnec Loc-Eguiner";"2022-08-03 16:06:00";100;0;;100;;;100;0;0;0;"Estimées";;"Involontaire (particulier)";;;;;""
2022;18699;"66";"66213";"Toulouges";"2022-08-03 16:08:00";20000;;;;;;;;;20000;;"6";"Malveillance";;;;;""
2022;23041;"57";"57089";"Bitche";"2022-08-03 16:10:00";200;200;;0;;;0;0;0;0;"Estimées";;;"Non";;;;""
2022;8184;"38";"38174";"La Frette";"2022-08-03 16:11:00";25000;0;;25000;;;25000;0;0;0;"Estimées";;;;;;;""
2022;4649;"77";"77489";"Vaux-sur-Lunain";"2022-08-03 16:16:00";500;500;;0;;;0;0;0;0;"Estimées";;"Involontaire (travaux)";;;;;""
2022;10631;"24";"24053";"Boulazac Isle Manoire";"2022-08-03 16:26:00";4000;4000;;0;;;0;;;;"Estimées";;"Involontaire (particulier)";"Non";;;;""
2022;13303;"86";"86075";"Chouppes";"2022-08-03 16:27:36";800;800;;;0;0;;;;;"Estimées";;"Accidentelle";"Non";;;;""
2022;10632;"24";"24481";"Saint-Paul-la-Roche";"2022-08-03 16:29:00";500;500;;0;;;0;;;;"Estimées";;"Involontaire (travaux)";"Non";;;;""
2022;6162;"27";"27117";"Broglie";"2022-08-03 16:49:00";130500;0;;500;;;500;0;130000;130000;"Estimées";;;;;;;"Données partielles ou non valides"
2022;18795;"13";"13050";"Lambesc";"2022-08-03 16:51:00";17300;17300;;;;;;;;;;"1";"Involontaire (particulier)";;;;;""
2022;9452;"16";"16192";"Terres-de-Haute-Charente";"2022-08-03 17:10:00";500;500;;;;;;;;;"Estimées";;;"Non";;;;""
2022;6621;"56";"56248";"Surzur";"2022-08-03 17:33:00";100;0;;100;;;100;0;0;0;"Estimées";;"Involontaire (travaux)";;;;;""
2022;8183;"38";"38339";"Roche";"2022-08-03 17:57:00";50;0;;50;;;50;0;0;0;"Estimées";;;;;;;""
2022;6618;"56";"56244";"Sérent";"2022-08-03 18:11:00";30000;0;;30000;;;30000;0;0;0;"Estimées";;"Involontaire (travaux)";;;;;""
2022;11380;"33";"33219";"La Lande-de-Fronsac";"2022-08-03 18:51:00";1000;1000;;0;;;0;;;0;"Estimées";;"Accidentelle";"Non";;;;""
2022;17715;"04";"04001";"Aiglun";"2022-08-03 18:59:00";5;5;;;;;;;;;;;"Accidentelle";;;;;""
2022;6164;"27";"27419";"Mouettes";"2022-08-03 19:04:00";1000;0;;1000;;;1000;0;0;0;"Estimées";;;;;;;"Données partielles ou non valides"
2022;9133;"55";"55303";"Loupmont";"2022-08-03 19:08:00";800;0;;800;;;800;0;0;0;"Mesurées";;;;;;;""
2022;4650;"77";"77014";"Avon";"2022-08-03 19:37:00";100;100;;0;;;0;0;0;0;"Estimées";;;;;;;""
2022;12873;"67";"67291";"Mertzwiller";"2022-08-03 19:40:00";100;0;;100;;;100;0;0;0;"Estimées";;;;;;;""
2022;4587;"59";"59153";"Condé-sur-l'Escaut";"2022-08-03 19:43:00";200;200;;0;;;0;0;0;0;"Estimées";;;;;;;""
2022;10633;"24";"24294";"Montpon-Ménestérol";"2022-08-03 20:16:00";5000;5000;;0;;;0;0;0;0;"Estimées";;"Malveillance";"Non";;;;""
2022;12860;"67";"67180";"Haguenau";"2022-08-03 20:36:00";50;50;;0;;;0;0;0;0;"Estimées";;;;;;;""
2022;3966;"01";"01419";"Thoiry";"2022-08-04 00:00:00";5000;0;;5000;;;5000;0;0;0;"Estimées";;;;;;;""
2022;12381;"31";"31569";"Vaudreuille";"2022-08-04 00:46:00";250000;250000;;0;;;0;0;0;0;"Estimées";;;"Non";;;;""
2022;18496;"11";"11181";"Labécède-Lauragais";"2022-08-04 01:17:00";150653;;;;;;;;;;;;;;;;;""
2022;8157;"38";"38169";"Fontaine";"2022-08-04 01:51:00";10000;10000;;0;;;0;0;0;0;"Estimées";;;;;;;""
2022;11810;"33";"33514";"Soulac-sur-Mer";"2022-08-04 03:01:00";10;10;;0;;;0;;;0;"Estimées";;"Malveillance";"Non";;;;""
2022;11945;"33";"33514";"Soulac-sur-Mer";"2022-08-04 03:29:00";10200;10200;;0;;;0;0;0;0;"Estimées";;"Malveillance";"Non";;;;""
2022;3002;"88";"88413";"Saint-Dié-des-Vosges";"2022-08-04 05:44:00";800;800;;0;;;0;0;0;0;"Mesurées";;;;;;;""
2022;8180;"38";"38348";"Ruy-Montceau";"2022-08-04 05:53:00";10;0;;10;;;10;0;0;0;"Estimées";;;;;;;""
2022;10737;"24";"24294";"Montpon-Ménestérol";"2022-08-04 06:19:00";15000;15000;;0;;;0;;;;"Estimées";;"Malveillance";"Non";;;;""
2022;3004;"88";"88160";"Épinal";"2022-08-04 10:33:00";20;20;;0;;;0;0;0;0;"Estimées";;;;;;;""
2022;11946;"33";"33544";"Le Verdon-sur-Mer";"2022-08-04 10:37:00";10;10;;0;;;0;;;0;"Estimées";;;"Non";;;;""
2022;7713;"45";"45060";"La Bussière";"2022-08-04 10:59:00";210000;90000;;0;;;0;120000;0;120000;"Estimées";;;;;;;""
2022;5502;"29";"29254";"Saint-Martin-des-Champs";"2022-08-04 11:08:00";1000;0;;1000;;;1000;0;0;0;"Estimées";;;;;;;""
2022;8179;"38";"38158";"Eybens";"2022-08-04 11:18:00";150;0;;150;;;150;0;0;0;"Estimées";;"Involontaire (travaux)";;;;;""
2022;2644;"52";"52121";"Chaumont";"2022-08-04 11:25:00";300;0;;300;;;300;0;0;0;"Estimées";;;;;;;""
2022;12382;"31";"31451";"Revel";"2022-08-04 11:58:00";4000;4000;;0;;;0;0;0;0;"Estimées";;;"Non";;;;""
2022;8125;"38";"38378";"Saint-Clair-du-Rhône";"2022-08-04 12:20:00";10000;10000;;0;;;0;0;0;0;"Estimées";;;;;;;""
2022;3235;"21";"21002";"Agey";"2022-08-04 12:23:00";4000;0;;4000;;;4000;0;0;0;"Estimées";;;;;;;""
2022;7203;"61";"61232";"Lonlay-l'Abbaye";"2022-08-04 13:16:47";4000;0;;4000;;;4000;0;;;;;"Malveillance";;;;;"Données partielles ou non valides"
2022;8175;"38";"38545";"Vif";"2022-08-04 14:23:00";150;0;;150;;;150;0;0;0;"Estimées";;;;;;;""
2022;9183;"12";"12244";"Saint-Rome-de-Tarn";"2022-08-04 14:35:00";127000;108400;;0;;;0;0;18600;18600;"Mesurées";;;;;;;""
2022;17973;"06";"06018";"Biot";"2022-08-04 14:41:00";2500;1500;1000;;;;;;;;;"5";;;;;;""
2022;11816;"33";"33332";"Porchères";"2022-08-04 14:54:00";4500;4500;;0;;;0;;;0;"Estimées";;;"Non";;;;""
2022;8174;"38";"38203";"Laffrey";"2022-08-04 15:10:00";500;0;;500;;;500;0;0;0;"Estimées";;"Malveillance";;;;;""
2022;12875;"67";"67254";"Kutzenhausen";"2022-08-04 15:12:00";30;0;;30;;;30;0;0;0;"Estimées";;;;;;;""
2022;8178;"38";"38242";"Monestier-de-Clermont";"2022-08-04 15:19:00";1000;1000;;0;;;0;0;0;0;"Estimées";;"Involontaire (travaux)";;;;;""
2022;18928;"13";"13069";"Pélissanne";"2022-08-04 15:20:00";10;10;;;;;;;;;;"1";;;;;;""
2022;10742;"24";"24294";"Montpon-Ménestérol";"2022-08-04 15:20:00";300;300;;0;;;0;;;;"Estimées";;"Malveillance";"Non";;;;""
2022;17967;"48";"48184";;"2022-08-04 15:45:00";90000;;90000;;;;;;;;;"1";;;;;;""
2022;18930;"13";"13073";"Peypin";"2022-08-04 15:49:00";15;15;;;;;;;;;;"1";;;;;;""
2022;4962;"39";"39279";"Larnaud";"2022-08-04 16:36:00";40000;40000;;0;;;0;0;0;0;"Estimées";;;;;;;""
2022;7202;"61";"61358";"Sai";"2022-08-04 16:37:42";2000;0;;2000;;;2000;0;;;;;"Malveillance";;;;;"Données partielles ou non valides"
2022;18497;"11";"11161";"Gardie";"2022-08-04 16:46:00";100;;;;;;;;;;;;;;;;;""
2022;7714;"45";"45332";"Varennes-Changy";"2022-08-04 17:07:00";20000;10000;;0;;;0;10000;0;10000;"Estimées";;;;;;;""
2022;4061;"58";"58260";"Saint-Parize-le-Châtel";"2022-08-04 17:21:00";20000;750;;0;;;0;0;19250;19250;"Estimées";;;;;;;""
2022;11771;"33";"33001";"Abzac";"2022-08-04 17:33:00";8000;8000;;0;;;0;;;0;"Estimées";;;"Non";;;;""
2022;8172;"38";"38381";"Saint-Didier-de-la-Tour";"2022-08-04 17:50:00";10;0;;10;;;10;0;0;0;"Estimées";;;;;;;""
2022;21550;"84";"84091";"Piolenc";"2022-08-04 17:51:00";620;620;;;;;;;;;;;"Involontaire (travaux)";;;;;""
2022;8171;"38";"38152";"Eclose-Badinières";"2022-08-04 18:01:00";400;0;;400;;;400;0;0;0;"Estimées";;;;;;;""
2022;4652;"77";"77198";"Fromont";"2022-08-04 18:13:00";1;0;;1;;;1;0;0;0;"Mesurées";;;;;;;""
2022;10634;"24";"24165";"Eygurande-et-Gardedeuil";"2022-08-04 18:23:00";50000;50000;;0;;;0;;;;"Estimées";;"Malveillance";"Non";;;;""
2022;13304;"86";"86161";"Moncontour";"2022-08-04 18:36:22";250;200;;50;0;0;;;;;"Estimées";;"Involontaire (travaux)";"Non";;;;""
2022;17721;"30";"30167";"Meyrannes";"2022-08-04 18:43:00";115;115;;;;;;;;;;"2";;;;;;""
2022;11754;"33";"33001";"Abzac";"2022-08-04 19:33:00";400;400;;0;;;0;;;0;"Estimées";;;"Non";;;;""
2022;9453;"16";"16246";"Nonac";"2022-08-04 19:59:00";10000;10000;;;;;;;;;"Mesurées";;;"Non";;;;""
2022;9454;"16";"16099";"Chillac";"2022-08-04 21:50:00";100000;70000;;;30000;;;;;;"Mesurées";;;"Non";;;;""
2022;4964;"39";"39571";"Villers-Robert";"2022-08-04 22:04:00";40;0;;40;;;40;0;0;0;"Estimées";;;;;;;""
2022;11983;"33";"33329";"Pompéjac";"2022-08-04 22:04:00";30000;30000;;0;;;0;;;0;"Estimées";;;"Non";;;;""
2022;7444;"56";"56069";"Groix";"2022-08-04 22:10:00";20000;0;;20000;;;20000;0;0;0;"Estimées";;"Involontaire (particulier)";;;;;""
2022;11947;"33";"33544";"Le Verdon-sur-Mer";"2022-08-05 01:08:00";700;700;;0;;;0;;;0;"Estimées";;;"Non";;;;""
2022;8169;"38";"38515";"Trept";"2022-08-05 01:32:00";1500;0;;1500;;;1500;0;0;0;"Estimées";;;;;;;""
2022;8168;"38";"38515";"Trept";"2022-08-05 02:38:00";2500;0;;2500;;;2500;0;0;0;"Estimées";;;;;;;""
2022;8166;"38";"38374";"Saint-Chef";"2022-08-05 03:08:00";10800;0;;10800;;;10800;0;0;0;"Estimées";;;;;;;""
2022;17722;"30";"30226";"Saint-Alexandre";"2022-08-05 06:09:00";453;453;;;;;;;;;;"2";;;;;;""
2022;7045;"72";"72234";"Pezé-le-Robert";"2022-08-05 06:31:00";2000;2000;;0;;;0;0;0;0;"Estimées";;;;;;;""
2022;11950;"33";"33514";"Soulac-sur-Mer";"2022-08-05 06:33:00";3000;3000;;0;;;0;0;0;0;"Estimées";;"Malveillance";"Non";;;;""
2022;4966;"39";"39279";"Larnaud";"2022-08-05 08:33:00";16000;0;;16000;;;16000;0;0;0;"Mesurées";;;;;;;""
2022;11705;"33";"33190";"Goualade";"2022-08-05 09:53:00";8000;8000;;0;;;0;;;0;"Estimées";;"Accidentelle";"Non";;;;""
2022;11949;"33";"33514";"Soulac-sur-Mer";"2022-08-05 10:28:00";8000;8000;;0;;;0;0;0;0;"Estimées";;"Malveillance";"Non";;;;""
2022;7201;"61";"61474";"Gouffern en Auge";"2022-08-05 12:06:05";3000;0;;3000;;;3000;0;;;;;"Malveillance";;;;;"Données partielles ou non valides"
2022;5185;"90";"90023";"Chaux";"2022-08-05 12:38:00";4000;2000;;0;;;0;2000;0;2000;"Estimées";;;;;;;""
2022;7200;"61";"61463";"Les Monts d'Andaine";"2022-08-05 12:39:33";5000;0;;5000;;;5000;0;;;;;"Malveillance";;;;;"Données partielles ou non valides"
2022;11357;"22";"22335";"Senven-Léhart";"2022-08-05 13:00:00";5000;0;;5000;;;5000;0;0;0;"Estimées";;"Malveillance";;;;;""
2022;7199;"61";"61288";"Montmerrei";"2022-08-05 14:00:16";8000;8000;;0;;;0;0;;;;;"Malveillance";;;;;"Données partielles ou non valides"
2022;23345;"50";"50570";"Savigny-le-Vieux";"2022-08-05 14:39:00";35000;0;;5000;;;5000;30000;0;30000;"Estimées";;"Involontaire (travaux)";"Non";;;;""
2022;23272;"50";"50274";"Les Loges-Marchis";"2022-08-05 14:48:35";400;0;;400;;;400;0;0;0;"Estimées";;;"Non";;;;""
2022;18931;"13";"13001";"Aix-en-Provence";"2022-08-05 14:52:00";10;10;;;;;;;;;;"1";;;;;;""
2022;17912;"83";"83035";"Le Castellet";"2022-08-05 14:52:00";29000;29000;;;;;;;;;;"4";"Malveillance";;;;;""
2022;5504;"29";"29002";"Arzano";"2022-08-05 15:14:00";40;0;;40;;;40;0;0;0;"Estimées";;;;;;;""
2022;5505;"29";"29091";"Kerlouan";"2022-08-05 15:16:00";1000;0;;1000;;;1000;0;0;0;"Estimées";;;;;;;""
2022;3260;"42";"42066";"Cleppé";"2022-08-05 15:57:00";20000;0;;20000;;;20000;0;0;0;"Estimées";;;;;;;""
2022;7198;"61";"61206";"L'Hôme-Chamondot";"2022-08-05 16:17:10";2500;0;;2500;;;2500;0;;;;;"Malveillance";;;;;"Données partielles ou non valides"
2022;2678;"81";"81104";"Giroussens";"2022-08-05 16:38:00";10000;10000;;0;;;0;0;0;0;"Estimées";;;;;;;""
2022;7197;"61";"61421";"Saint-Mars-d'Égrenne";"2022-08-05 16:59:41";30000;0;;30000;;;30000;0;;;;;"Malveillance";;;;;"Données partielles ou non valides"
2022;7048;"72";"72369";"Verneil-le-Chétif";"2022-08-05 17:15:00";10000;10000;;0;;;0;0;0;0;"Estimées";;;;;;;""
2022;17835;"2B";"2B023";"Asco";"2022-08-05 17:22:00";1;;;;;;;;;;;;"Naturelle";;;;;""
2022;2677;"81";"81291";"Taïx";"2022-08-05 17:23:00";300;300;;0;;;0;0;0;0;"Estimées";;;;;;;""
2022;7196;"61";"61211";"Juvigny Val d'Andaine";"2022-08-05 17:26:50";10000;0;;10000;;;10000;0;;;;;"Malveillance";;;;;"Données partielles ou non valides"
2022;5476;"44";"44175";"Saint-Lyphard";"2022-08-05 17:44:00";800;0;;800;;;800;0;0;0;"Estimées";;;;;;;""
2022;3237;"21";"21231";"Dijon";"2022-08-05 17:56:00";200;0;;200;;;200;0;0;0;"Estimées";;;;;;;""
2022;7195;"61";"61196";"Belforêt-en-Perche";"2022-08-05 18:01:09";40;0;;40;;;40;0;;;;;"Malveillance";;;;;"Données partielles ou non valides"
2022;6634;"56";"56021";"Brandérion";"2022-08-05 18:17:00";1000;0;;1000;;;1000;0;0;0;"Estimées";;;;;;;""
2022;6636;"56";"56143";"Muzillac";"2022-08-05 18:34:00";5000;0;;5000;;;5000;0;0;0;"Estimées";;;;;;;""
2022;7929;"38";"38565";"Voreppe";"2022-08-05 18:43:00";1054000;1014000;;0;;;0;40000;0;40000;"Mesurées";;"Naturelle";;;;;""
2022;18524;"11";"11022";"Azille";"2022-08-05 18:45:00";10907;;;;;;;;;;;;"Involontaire (particulier)";;;;;""
2022;20868;"26";"26282";"Romeyer";"2022-08-05 18:47:00";3327500;3316500;2500;;;;;;;8500;;"5";"Naturelle";;;;;""
2022;18091;"48";"48028";"Les Bondons";"2022-08-05 18:48:00";290000;;290000;;;;;;;;;"1";"Naturelle";;;;;""
2022;18529;"11";"11248";"Montirat";"2022-08-05 18:57:00";1000;;;;;;;;;;;;;;;;;""
2022;7194;"61";"61460";"Sap-en-Auge";"2022-08-05 18:57:35";200000;0;;200000;;;200000;0;;;;;"Malveillance";;;;;"Données partielles ou non valides"
2022;6637;"56";"56240";"Sarzeau";"2022-08-05 19:39:00";1;0;;1;;;1;0;0;0;"Estimées";;;;;;;""
2022;8235;"38";"38181";"Goncelin";"2022-08-05 19:47:00";50;50;;0;;;0;0;0;0;"Estimées";;"Naturelle";;;;;""
2022;7193;"61";"61407";"Sainte-Honorine-la-Chardonne";"2022-08-05 19:53:17";40;0;;40;;;40;0;;;;;"Malveillance";;;;;"Données partielles ou non valides"
2022;18932;"13";"13051";"Lançon-Provence";"2022-08-05 20:48:00";2993;2993;;;;;;;;;;"1";"Accidentelle";;;;;""
2022;7050;"72";"72260";"Ruaudin";"2022-08-05 21:30:00";200;200;;0;;;0;0;0;0;"Estimées";;;;;;;""
2022;5508;"29";"29007";"Berrien";"2022-08-05 22:20:00";100;0;;100;;;100;0;0;0;"Estimées";;;;;;;""
2022;5509;"29";"29216";"Pluguffan";"2022-08-05 22:54:00";200;0;;200;;;200;0;0;0;"Estimées";;;;;;;""
2022;10188;"17";"17173";"La Genétouze";"2022-08-05 23:42:00";179000;179000;;;0;0;;;;;"Mesurées";;;"Non";0;0;0;""
2022;18939;"13";"13103";"Salon-de-Provence";"2022-08-06 00:15:00";100;100;;;;;;;;;;"1";;;;;;""
2022;3470;"85";"85194";"Les Sables-d'Olonne";"2022-08-06 01:01:00";10000;10000;;0;;;0;0;0;0;"Mesurées";;"Involontaire (particulier)";;;;;""
2022;4967;"39";"39103";"La Chapelle-sur-Furieuse";"2022-08-06 01:04:00";20000;0;;20000;;;20000;0;0;0;"Estimées";;"Accidentelle";;;;;""
2022;18170;"2A";"2A108";"Évisa";"2022-08-06 08:01:00";14;;14;;;;;;;;;"4";;;;;;""
2022;10636;"24";"24165";"Eygurande-et-Gardedeuil";"2022-08-06 08:29:00";10000;10000;;0;;;0;;;;"Estimées";;;"Non";;;;""
2022;18171;"2A";"2A228";"Pietrosella";"2022-08-06 08:43:00";1;;1;;;;;;;;;;"Involontaire (particulier)";;;;;""
2022;11415;"33";"33514";"Soulac-sur-Mer";"2022-08-06 09:23:00";188000;188000;;0;;;0;0;0;0;"Mesurées";;"Malveillance";"Non";;;;""
2022;2715;"52";"52178";"Doulevant-le-Château";"2022-08-06 10:50:00";10000;10000;;0;;;0;0;0;0;"Mesurées";;;;;;;""
2022;17975;"06";"06018";"Biot";"2022-08-06 11:08:00";200;;200;;;;;;;;;"1";;;;;;""
2022;17809;"04";"04094";"Gréoux-les-Bains";"2022-08-06 11:12:00";166;166;;;;;;;;;;"4";"Accidentelle";;;;;""
2022;18498;"11";"11397";"Trèbes";"2022-08-06 11:31:00";100;;;;;;;;;;;;"Involontaire (particulier)";;;;;""
2022;6640;"56";"56184";"Questembert";"2022-08-06 12:16:00";45000;0;;45000;;;45000;0;0;0;"Estimées";;"Involontaire (particulier)";;;;;""
2022;2775;"28";"28123";"Dampierre-sous-Brou";"2022-08-06 12:56:00";20000;0;;20000;;;20000;0;0;0;"Estimées";;;;;;;""
2022;17824;"04";"04172";"Roumoules";"2022-08-06 13:02:00";500;500;;;;;;;;;;"4";"Accidentelle";;;;;""
2022;7192;"61";"61203";"Héloup";"2022-08-06 13:08:33";5000;0;;5000;;;5000;0;;;;;"Malveillance";;;;;"Données partielles ou non valides"
2022;5510;"29";"29191";"Plougonven";"2022-08-06 13:36:00";20000;0;;20000;;;20000;0;0;0;"Estimées";;;;;;;""
2022;6648;"56";"56233";"Saint-Philibert";"2022-08-06 13:41:00";50000;0;;50000;;;50000;0;0;0;"Mesurées";;"Involontaire (particulier)";;;;;""
2022;11769;"33";"33382";"Saint-Christoly-de-Blaye";"2022-08-06 13:44:00";5000;5000;;0;;;0;;;0;"Estimées";;;"Non";;;;""
2022;5511;"29";"29230";"Querrien";"2022-08-06 13:49:00";15000;15000;;0;;;0;0;0;0;"Estimées";;;;;;;""
2022;17968;"06";"06074";"Lantosque";"2022-08-06 13:52:00";1000;500;500;;;;;;;;;"5";"Naturelle";;;;;""
2022;5327;"82";"82124";"Montbeton";"2022-08-06 14:48:00";60000;0;;60000;;;60000;0;0;0;"Estimées";;;;;;;"Données partielles ou non valides"
2022;4129;"35";"35115";"Fougères";"2022-08-06 15:07:00";500;0;;500;;;500;0;0;0;"Estimées";;;;;;;""
2022;18408;"34";"34257";"Saint-Geniès-de-Varensal";"2022-08-06 15:11:00";381;381;;;;;;;;;;"1";"Malveillance";;;;;""
2022;17987;"34";"34318";"Vacquières";"2022-08-06 15:13:00";321000;321000;;;;;;;;;;"1";"Involontaire (particulier)";;;;;""
2022;4261;"36";"36139";"Neuillay-les-Bois";"2022-08-06 15:31:00";200;200;;0;;;0;0;0;0;;;;;;;;""
2022;7191;"61";"61435";"Saint-Nicolas-de-Sommaire";"2022-08-06 15:34:33";100;0;;100;;;100;0;;;;;"Malveillance";;;;;"Données partielles ou non valides"
2022;2778;"28";"28368";"La Saucelle";"2022-08-06 16:09:00";100000;100000;;0;;;0;0;0;0;"Estimées";;;;;;;""
2022;6662;"56";"56054";"Erdeven";"2022-08-06 16:30:00";340000;340000;;0;;;0;0;0;0;"Mesurées";;"Malveillance";;;;;""
2022;5776;"74";"74014";"Arâches-la-Frasse";"2022-08-06 16:42:00";30;30;;0;;;0;0;0;0;"Estimées";;;;;;;""
2022;18937;"13";"13035";"Eyguières";"2022-08-06 16:43:00";200;200;;;;;;;;;;"1";;;;;;""
2022;7053;"72";"72181";"Le Mans";"2022-08-06 16:48:00";68000;68000;;0;;;0;0;0;0;"Estimées";;;;;;;""
2022;17974;"06";"06077";"Lucéram";"2022-08-06 17:01:00";1500;500;1000;;;;;;;;;"3";"Naturelle";;;;;""
2022;4128;"35";"35260";"Saint-Christophe-des-Bois";"2022-08-06 17:15:00";1000;1000;;0;;;0;0;0;0;"Estimées";;;;;;;""
2022;6666;"56";"56188";"Quistinic";"2022-08-06 17:41:00";50;0;;50;;;50;0;0;0;"Estimées";;"Involontaire (travaux)";;;;;""
2022;18169;"06";"06002";"Amirat";"2022-08-06 17:41:00";120000;80000;40000;;;;;;;;;"5";"Naturelle";;;;;""
2022;9462;"16";"16046";"Coteaux-du-Blanzacais";"2022-08-06 18:26:00";400;400;;;;;;;;;"Estimées";;;"Non";;;;""
2022;11413;"33";"33348";"Queyrac";"2022-08-06 19:00:00";194000;194000;;0;;;0;0;0;0;"Mesurées";;"Involontaire (particulier)";"Non";;;;""
2022;10189;"17";"17077";"Cercoux";"2022-08-06 19:10:00";1000;1000;;;0;0;;;;;"Mesurées";;;"Non";0;0;0;""
2022;7190;"61";"61461";"Le Sap-André";"2022-08-06 19:22:13";10000;0;;10000;;;10000;0;;;;;"Malveillance";;;;;"Données partielles ou non valides"
2022;11929;"33";"33333";"Le Porge";"2022-08-06 19:36:00";10000;10000;;0;;;0;;;0;"Estimées";;;"Non";;;;""
2022;18934;"13";"13005";"Aubagne";"2022-08-06 19:36:00";150;150;;;;;;;;;;"1";"Malveillance";;;;;""
2022;2717;"71";"71293";"Ménetreuil";"2022-08-06 19:44:00";300;0;;300;;;300;0;0;0;"Estimées";;;;;;;""
2022;7189;"61";"61339";"Putanges-le-Lac";"2022-08-06 19:52:50";15000;0;;15000;;;15000;0;;;;;"Malveillance";;;;;"Données partielles ou non valides"
2022;4771;"21";"21004";"Aignay-le-Duc";"2022-08-06 20:19:00";20000;500;;0;;;0;0;19500;19500;"Estimées";;;;;;;""
2022;2746;"81";"81147";"Lombers";"2022-08-06 21:18:00";2000;1000;;0;;;0;0;1000;1000;"Estimées";;;;;;;""
2022;18936;"13";"13067";"Orgon";"2022-08-06 21:45:00";150;150;;;;;;;;;;"1";"Accidentelle";;;;;""
2022;18940;"13";"13106";"Septèmes-les-Vallons";"2022-08-06 21:54:00";30;30;;;;;;;;;;"1";;;;;;""
2022;3591;"46";"46045";"Cajarc";"2022-08-06 22:06:00";300;0;;300;;;300;0;0;0;"Estimées";;;;;;;""
2022;18555;"34";"34279";"Saint-Nazaire-de-Ladarez";"2022-08-06 22:27:00";458;0;458;;;;;;;;;"1";"Malveillance";;;;;""
2022;18552;"34";"34279";"Saint-Nazaire-de-Ladarez";"2022-08-06 22:32:00";1580;0;1580;;;;;;;;;"1";"Malveillance";;;;;""
2022;11067;"64";"64295";"Labeyrie";"2022-08-06 22:35:20";10000;10000;;;;;;;;;"Estimées";;;"Oui";0;1;0;""
2022;18557;"34";"34279";"Saint-Nazaire-de-Ladarez";"2022-08-06 22:40:00";1244;0;1244;;;;;;;;;"1";"Malveillance";;;;;""
2022;18549;"34";"34061";"Causses-et-Veyran";"2022-08-06 22:50:00";4802;4802;;;;;;;;;;"1";"Accidentelle";;;;;""
2022;3058;"88";"88081";"Bussang";"2022-08-06 22:52:00";20;20;;0;;;0;0;0;0;"Estimées";;;;;;;""
2022;11726;"33";"33458";"Saint-Paul";"2022-08-06 22:57:00";50;50;;0;;;0;;;0;"Estimées";;;"Non";;;;""
2022;3060;"88";"88160";"Épinal";"2022-08-06 23:18:00";5;5;;0;;;0;0;0;0;"Estimées";;;;;;;""
2022;6667;"56";"56134";"Mohon";"2022-08-06 23:51:00";1000;1000;;0;;;0;0;0;0;"Estimées";;;;;;;""
2022;7055;"72";"72124";"Écommoy";"2022-08-07 00:18:00";5000;5000;;0;;;0;0;0;0;"Estimées";;;;;;;""
2022;6668;"56";"56132";"Meucon";"2022-08-07 03:09:00";150000;0;;150000;;;150000;0;0;0;"Estimées";;"Malveillance";;;;;""
2022;18538;"11";"11202";"Leucate";"2022-08-07 07:58:00";50;;;;;;;;;;;;;;;;;""
2022;10190;"17";"17430";"Soubran";"2022-08-07 08:20:00";500;500;;;0;0;;;;;"Mesurées";;;"Non";0;0;0;""
2022;5513;"29";"29232";"Quimper";"2022-08-07 09:19:00";1000;0;;1000;;;1000;0;0;0;"Estimées";;;;;;;""
2022;8289;"38";"38325";"Proveysieux";"2022-08-07 10:20:00";200;200;;0;;;0;0;0;0;"Estimées";;"Naturelle";;;;;""
2022;8091;"38";"38310";"Poliénas";"2022-08-07 10:42:00";25000;25000;;0;;;0;0;0;0;"Estimées";;;;;;;""
2022;6671;"56";"56162";"Ploemeur";"2022-08-07 11:41:00";50;0;;50;;;50;0;0;0;"Estimées";;"Involontaire (particulier)";;;;;""
2022;9185;"12";"12170";"Naussac";"2022-08-07 11:42:00";90000;90000;;0;;;0;0;0;0;"Estimées";;;;;;;""
2022;3357;"15";"15175";"Saint-Cernin";"2022-08-07 13:15:00";10000;10000;;0;;;0;0;0;0;"Estimées";;;;;;;""
2022;7188;"61";"61092";"Chandai";"2022-08-07 13:15:03";205000;0;;205000;;;205000;0;;;;;"Malveillance";;;;;"Données partielles ou non valides"
2022;17972;"06";"06162";"La Brigue";"2022-08-07 13:41:00";20000;;20000;;;;;;;;;"1";"Naturelle";;;;;""
2022;5375;"44";"44180";"Vallons-de-l'Erdre";"2022-08-07 13:43:00";10000;10000;;0;;;0;0;0;0;"Estimées";;;;;;;""
2022;20576;"06";"06132";"Saorge";"2022-08-07 13:48:00";15000;;;;;;;;;;;;"Naturelle";;;;;""
2022;18173;"2A";"2A040";"Bocognano";"2022-08-07 14:06:00";5000;;5000;;;;;;;;;"1";"Naturelle";;;;;""
2022;18721;"66";"66141";"Pia";"2022-08-07 14:13:00";58000;;;;;;;;;58000;;"6";"Malveillance";;;;;""
2022;7187;"61";"61456";"Saint-Sulpice-sur-Risle";"2022-08-07 14:30:12";8000;8000;;0;;;0;0;;;;;"Malveillance";;;;;"Données partielles ou non valides"
2022;11725;"33";"33366";"Saint-André-de-Cubzac";"2022-08-07 14:31:00";13000;13000;;0;;;0;0;0;0;"Estimées";;"Malveillance";"Non";;;;""
2022;3269;"08";"08456";"Tournavaux";"2022-08-07 14:54:00";300;0;;300;;;300;0;0;0;"Estimées";;;;;;;""
2022;17837;"2B";"2B171";"Muracciole";"2022-08-07 14:54:00";10;;;;;;;;;;;;"Naturelle";;;;;""
2022;21552;"84";"84129";"Sorgues";"2022-08-07 15:25:00";6800;900;;;;;;;;5900;;"4";;;;;;""
2022;17839;"2B";"2B173";"Muro";"2022-08-07 15:42:00";200;;;;;;;;;;;;"Malveillance";;;;;""
2022;17841;"2B";"2B354";"Vivario";"2022-08-07 15:56:00";20;;;;;;;;;;;;"Naturelle";;;;;""
2022;18174;"2A";"2A204";"Pastricciola";"2022-08-07 16:01:00";50;50;;;;;;;;;;"3";"Naturelle";;;;;""
2022;18175;"2A";"2A099";"Cozzano";"2022-08-07 16:02:00";51000;1000;50000;;;;;;;;;"1";"Naturelle";;;;;""
2022;7186;"61";"61061";"Bretoncelles";"2022-08-07 16:04:40";10000;0;;10000;;;10000;0;;;;;"Malveillance";;;;;"Données partielles ou non valides"
2022;18178;"2A";"2A362";"Zonza";"2022-08-07 16:06:00";1;1;;;;;;;;;;"4";"Naturelle";;;;;""
2022;18177;"2A";"2A254";"Quenza";"2022-08-07 16:06:00";50;50;;;;;;;;;;"4";"Naturelle";;;;;""
2022;17971;"06";"06151";"Utelle";"2022-08-07 16:14:00";50;;;;;;;;;;;"1";"Naturelle";;;;;""
2022;18193;"07";"07233";"Saint-Étienne-de-Serre";"2022-08-07 16:15:00";110000;82500;27500;;;;;;;;;"3";;;;;;""
2022;18416;"34";"34235";"Rosis";"2022-08-07 16:29:00";71168;71168;;;;;;;;;;"1";"Malveillance";;;;;""
2022;9796;"79";"79299";"Saint-Varent";"2022-08-07 16:44:00";5000;5000;;;;;;;;;"Estimées";;;"Oui";0;1;0;""
2022;7185;"61";"61169";"Flers";"2022-08-07 16:50:21";6000;0;;6000;;;6000;0;;;;;"Malveillance";;;;;"Données partielles ou non valides"
2022;18417;"34";"34019";"Avène";"2022-08-07 16:51:00";362900;362900;;;;;;;;;;"1";"Accidentelle";;;;;""
2022;18179;"2A";"2A362";"Zonza";"2022-08-07 16:53:00";100;;100;;;;;;;;;"1";"Naturelle";;;;;""
2022;21742;"30";"30337";"Vallabrix";"2022-08-07 16:59:00";15;;;;;;;;;;;;"Involontaire (travaux)";;;;;""
2022;10594;"24";"24354";"La Roche-Chalais";"2022-08-07 17:25:00";597000;597000;;0;;;0;;;;"Mesurées";;"Malveillance";"Non";;;;""
2022;7184;"61";"61040";"Bellou-en-Houlme";"2022-08-07 17:25:56";30000;0;;30000;;;30000;0;;;;;"Malveillance";;;;;"Données partielles ou non valides"
2022;18499;"11";"11020";"Auriac";"2022-08-07 17:35:00";15800;;;;;;;;;;;;;;;;;""
2022;17843;"2B";"2B051";"Cambia";"2022-08-07 17:42:00";10;;;;;;;;;;;;"Naturelle";;;;;""
2022;12842;"41";"41059";"Le Controis-en-Sologne";"2022-08-07 17:46:00";10000;10000;;0;;;0;0;0;0;"Estimées";;"Accidentelle";;;;;""
2022;4132;"35";"35256";"Saint-Briac-sur-Mer";"2022-08-07 17:56:00";50;0;;50;;;50;0;0;0;"Estimées";;;;;;;""
2022;17976;"06";"06023";"Breil-sur-Roya";"2022-08-07 18:04:00";11500;1500;10000;;;;;;;;;"3";"Naturelle";;;;;""
2022;6687;"32";"32119";"Eauze";"2022-08-07 18:04:00";700;0;;700;;;700;0;0;0;"Estimées";;;;;;;""
2022;2767;"71";"71129";"Chissey-en-Morvan";"2022-08-07 18:12:00";1;0;;1;;;1;0;0;0;"Estimées";;;;;;;""
2022;17844;"2B";"2B007";"Albertacce";"2022-08-07 18:30:00";5;;;;;;;;;;;;"Naturelle";;;;;""
2022;10638;"24";"24165";"Eygurande-et-Gardedeuil";"2022-08-07 18:38:00";80000;80000;;0;;;0;;;;"Estimées";;"Malveillance";"Non";;;;""
2022;18520;"11";"11369";"Sallèles-d'Aude";"2022-08-07 18:58:00";50;;;;;;;;;;;;;;;;;""
2022;5515;"29";"29059";"Garlan";"2022-08-07 19:16:00";20000;0;;20000;;;20000;0;0;0;"Estimées";;;;;;;""
2022;3238;"21";"21485";"Plombières-lès-Dijon";"2022-08-07 20:00:00";1000;0;;1000;;;1000;0;0;0;"Estimées";;;;;;;""
2022;3596;"85";"85194";"Les Sables-d'Olonne";"2022-08-07 20:24:00";800;800;;0;;;0;0;0;0;"Mesurées";;"Involontaire (travaux)";;;;;""
2022;3239;"21";"21056";"Beire-le-Châtel";"2022-08-07 20:49:00";9000;1900;;0;;;0;7100;0;7100;"Mesurées";;;;;;;""
2022;4133;"35";"35331";"Talensac";"2022-08-07 21:16:00";1000;0;;1000;;;1000;0;0;0;"Estimées";;;;;;;""
2022;5516;"29";"29007";"Berrien";"2022-08-07 21:30:00";780000;780000;;0;;;0;0;0;0;"Mesurées";;;;;;;""
2022;5074;"88";"88037";"Basse-sur-le-Rupt";"2022-08-07 21:43:00";20;20;;0;;;0;0;0;0;"Estimées";;;;;;;""
2022;17846;"2B";"2B124";"Ghisoni";"2022-08-07 22:04:00";1;;;;;;;;;;;;"Naturelle";;;;;""
2022;20577;"06";"06160";"Villeneuve-d'Entraunes";"2022-08-07 23:52:00";4500;;;;;;;;;;;;;;;;;""
2022;13258;"86";"86275";"Usseau";"2022-08-08 00:15:07";10000;10000;;;0;0;;;;;"Estimées";;;"Non";;;;""
2022;18176;"66";"66046";"Caudiès-de-Fenouillèdes";"2022-08-08 00:34:00";6174;;;;;;;;;6174;;"6";"Malveillance";;;;;""
2022;7183;"61";"61501";"Verrières";"2022-08-08 01:19:13";1000;0;;1000;;;1000;0;;;;;"Malveillance";;;;;"Données partielles ou non valides"
2022;6188;"27";"27095";"Bosrobert";"2022-08-08 02:00:00";35000;0;;35000;;;35000;0;0;0;"Estimées";;;;;;;"Données partielles ou non valides"
2022;11995;"33";"33012";"Arsac";"2022-08-08 04:06:00";54000;54000;;0;;;0;;;0;"Estimées";;;"Non";;;;""
2022;2841;"37";"37228";"Saint-Nicolas-de-Bourgueil";"2022-08-08 04:29:00";40000;0;;40000;;;40000;0;0;0;"Estimées";;;;;;;""
2022;10894;"40";"40332";"Ychoux";"2022-08-08 05:26:00";2000;2000;;0;;;0;;;0;"Estimées";;;"Non";;;;""
2022;6693;"56";"56136";"Monteneuf";"2022-08-08 06:09:00";100;0;;100;;;100;0;0;0;"Estimées";;"Involontaire (travaux)";;;;;""
2022;21743;"30";"30142";"Laval-Pradel";"2022-08-08 08:43:00";684;;;;;;;;;;;;"Accidentelle";;;;;""
2022;4134;"35";"35221";"Pléchâtel";"2022-08-08 08:57:00";1000;0;;1000;;;1000;0;0;0;"Estimées";;;;;;;""
2022;6694;"56";"56188";"Quistinic";"2022-08-08 09:45:00";5;0;;5;;;5;0;0;0;"Estimées";;"Involontaire (travaux)";;;;;""
2022;4969;"39";"39198";"Dole";"2022-08-08 10:16:00";100;0;;100;;;100;0;0;0;"Estimées";;;;;;;""
2022;7182;"61";"61020";"Avoine";"2022-08-08 10:35:08";100000;0;;100000;;;100000;0;;;;;"Malveillance";;;;;"Données partielles ou non valides"
2022;7181;"61";"61092";"Chandai";"2022-08-08 10:39:45";700;0;;700;;;700;0;;;;;"Malveillance";;;;;"Données partielles ou non valides"
2022;11895;"33";"33450";"Saint-Michel-de-Castelnau";"2022-08-08 11:42:00";20000;20000;;0;;;0;;;0;"Estimées";;;"Non";;;;""
2022;6695;"56";"56126";"Marzan";"2022-08-08 11:43:00";200000;0;;50000;;;50000;150000;0;150000;"Estimées";;"Involontaire (travaux)";;;;;""
2022;7180;"61";"61288";"Montmerrei";"2022-08-08 12:01:37";300;300;;0;;;0;0;;;;;"Malveillance";;;;;"Données partielles ou non valides"
2022;4766;"60";"60432";"Mortefontaine";"2022-08-08 12:09:00";10000;10000;;0;;;0;0;0;0;"Estimées";;;;;;;""
2022;2790;"76";"76338";"La Hallotière";"2022-08-08 12:31:00";50;50;;0;;;0;0;0;0;"Estimées";;"Involontaire (particulier)";;;;;""
2022;5790;"49";"49018";"Baugé-en-Anjou";"2022-08-08 13:03:00";14500000;14500000;;0;;;0;0;0;0;"Mesurées";;;;;;;""
2022;5086;"88";"88079";"Bulgnéville";"2022-08-08 13:14:00";15;15;;0;;;0;0;0;0;"Estimées";;;;;;;""
2022;6698;"56";"56181";"Port-Louis";"2022-08-08 13:34:00";500;0;;500;;;500;0;0;0;"Estimées";;;;;;;""
2022;6699;"56";"56248";"Surzur";"2022-08-08 13:42:00";12000;0;;12000;;;12000;0;0;0;"Estimées";;"Involontaire (travaux)";;;;;""
2022;12841;"41";"41113";"Lavardin";"2022-08-08 13:48:00";400000;100000;;0;;;0;0;300000;300000;"Estimées";;;;;;;""
2022;9189;"12";"12003";"Les Albres";"2022-08-08 13:59:00";64400;63500;;0;;;0;0;900;900;"Mesurées";;"Malveillance";;;;;""
2022;17886;"2B";"2B023";"Asco";"2022-08-08 14:04:00";5;;;;;;;;;;;;"Naturelle";;;;;""
2022;21744;"30";"30019";"Aubais";"2022-08-08 14:23:00";25;;;;;;;;;;;;"Involontaire (travaux)";;;;;""
2022;18181;"2A";"2A040";"Bocognano";"2022-08-08 14:35:00";1000;;1000;;;;;;;;;"4";"Naturelle";;;;;""
2022;17819;"30";"30189";"Nîmes";"2022-08-08 14:36:00";583;;;;;;;;;;;;"Accidentelle";;;;;""
2022;4970;"39";"39365";"Mont-sous-Vaudrey";"2022-08-08 14:37:00";10000;0;;10000;;;10000;0;0;0;"Estimées";;;;;;;""
2022;8152;"38";"38554";"Villemoirieu";"2022-08-08 14:43:00";100;0;;100;;;100;0;0;0;"Estimées";;;;;;;""
2022;5110;"09";"09338";"Villeneuve-du-Latou";"2022-08-08 14:52:00";20000;0;;20000;;;20000;0;0;0;"Mesurées";;;;;;;""
2022;7179;"61";"61113";"Comblot";"2022-08-08 15:11:22";10000;0;;10000;;;10000;0;;;;;"Malveillance";;;;;"Données partielles ou non valides"
2022;4144;"89";"89453";"Villefargeau";"2022-08-08 15:16:00";200;0;;200;;;200;0;0;0;"Estimées";;;;;;;""
2022;18195;"07";"07288";"Saint-Priest";"2022-08-08 15:20:00";20000;;;;;;;;;;;"3";;;;;;""
2022;7178;"61";"61100";"La Chapelle-Viel";"2022-08-08 15:20:35";300;0;;300;;;300;0;;;;;"Malveillance";;;;;"Données partielles ou non valides"
2022;8151;"38";"38353";"Saint-Alban-du-Rhône";"2022-08-08 15:23:00";5000;0;;5000;;;5000;0;0;0;"Estimées";;;;;;;""
2022;2837;"43";"43132";"Mazeyrat-d'Allier";"2022-08-08 15:49:00";100;0;;100;;;100;0;0;0;"Estimées";;;;;;;""
2022;18184;"2A";"2A108";"Évisa";"2022-08-08 16:06:00";50;50;;;;;;;;;;"4";"Naturelle";;;;;""
2022;11734;"33";"33541";"Vensac";"2022-08-08 16:07:00";500;500;;0;;;0;;;0;"Estimées";;;"Non";;;;""
2022;7177;"61";"61167";"La Ferté-en-Ouche";"2022-08-08 16:15:23";1000;0;;1000;;;1000;0;;;;;"Malveillance";;;;;"Données partielles ou non valides"
2022;18800;"48";"48094";"Massegros Causses Gorges";"2022-08-08 16:21:00";12070000;12070000;;;;;;;;;;"1";"Accidentelle";;;;;""
2022;4765;"60";"60499";"Plessis-de-Roye";"2022-08-08 16:33:00";2500;0;;500;;;500;0;2000;2000;"Estimées";;;;;;;""
2022;3419;"28";"28294";"Oysonville";"2022-08-08 16:38:00";10000;0;;10000;;;10000;0;0;0;"Estimées";;;;;;;""
2022;9490;"16";"16222";"Montboyer";"2022-08-08 16:54:00";20200;200;;;20000;;;;;;"Mesurées";;;"Non";;;;""
2022;18185;"2A";"2A198";"Ota";"2022-08-08 17:08:00";50;50;;;;;;;;;;"3";"Naturelle";;;;;""
2022;5393;"44";"44151";"Saint-André-des-Eaux";"2022-08-08 17:22:00";500;0;;500;;;500;0;0;0;"Estimées";;;;;;;""
2022;7175;"61";"61248";"Mantilly";"2022-08-08 17:30:06";4000;0;;4000;;;4000;0;;;;;"Malveillance";;;;;"Données partielles ou non valides"
2022;10595;"24";"24316";"Parcoul-Chenaud";"2022-08-08 17:31:00";346000;346000;;0;;;0;;;;"Mesurées";;;"Non";;;;""
2022;10842;"40";"40034";"Bélus";"2022-08-08 17:36:00";8720;8720;;0;;;0;;;0;"Estimées";;"Involontaire (travaux)";"Non";;;;""
2022;5520;"29";"29189";"Plougastel-Daoulas";"2022-08-08 17:40:00";2500;0;;2500;;;2500;0;0;0;"Estimées";;;;;;;""
2022;8148;"38";"38044";"Biol";"2022-08-08 17:53:00";10000;0;;10000;;;10000;0;0;0;"Estimées";;"Accidentelle";;;;;""
2022;18186;"2A";"2A174";"Murzo";"2022-08-08 17:54:00";100;100;;;;;;;;;;"4";"Naturelle";;;;;""
2022;17888;"2B";"2B229";"Pietroso";"2022-08-08 18:03:00";5;;;;;;;;;;;;"Naturelle";;;;;""
2022;18187;"2A";"2A141";"Letia";"2022-08-08 18:08:00";50;50;;;;;;;;;;"3";"Naturelle";;;;;""
2022;6703;"56";"56184";"Questembert";"2022-08-08 18:24:00";1;0;;1;;;1;0;0;0;"Estimées";;"Involontaire (travaux)";;;;;""
2022;17889;"2B";"2B366";"Chisa";"2022-08-08 18:36:00";5;;;;;;;;;;;;"Naturelle";;;;;""
2022;10642;"24";"24214";"Javerlhac-et-la-Chapelle-Saint-Robert";"2022-08-08 19:02:00";10000;10000;;0;;;0;;;;"Estimées";;;"Non";;;;""
2022;6181;"27";"27505";"Saint-Agnan-de-Cernières";"2022-08-08 19:06:00";1000;0;;1000;;;1000;0;0;0;"Estimées";;;;;;;"Données partielles ou non valides"
2022;10641;"24";"24520";"Sarlat-la-Canéda";"2022-08-08 19:31:00";10000;10000;;0;;;0;;;;"Estimées";;;"Non";;;;""
2022;6704;"56";"56067";"Grand-Champ";"2022-08-08 19:35:00";300;0;;300;;;300;0;0;0;"Estimées";;;;;;;""
2022;11733;"33";"33527";"Le Teich";"2022-08-08 20:14:00";2000;2000;;0;;;0;;;0;"Estimées";;"Accidentelle";"Non";;;;""
2022;17833;"04";"04152";"Pierrevert";"2022-08-08 20:57:00";1000;1000;;;;;;;;;;"5";;;;;;""
2022;6194;"27";"27681";"Vernon";"2022-08-08 20:58:00";50;0;;50;;;50;0;0;0;"Estimées";;;;;;;"Données partielles ou non valides"
2022;9491;"16";"16251";"Oriolles";"2022-08-08 21:40:00";8500;8500;;;;;;;;;"Mesurées";;;"Non";;;;""
2022;9492;"16";"16048";"Boisbreteau";"2022-08-08 22:04:00";1115000;1035000;;;80000;;;;;;"Mesurées";;;"Non";;;;""
2022;6707;"56";"56134";"Mohon";"2022-08-09 00:45:00";300;0;;300;;;300;0;0;0;"Estimées";;"Malveillance";;;;;""
2022;8145;"38";"38146";"Dizimieu";"2022-08-09 01:21:00";5000;0;;5000;;;5000;0;0;0;"Estimées";;;;;;;""
2022;10885;"40";"40200";"Moustey";"2022-08-09 01:34:00";3810000;3810000;;0;;;0;;;0;"Estimées";;"Involontaire (travaux)";"Non";;;;""
2022;3275;"08";"08185";"Fumay";"2022-08-09 09:18:00";250;0;;250;;;250;0;0;0;"Estimées";;"Involontaire (travaux)";;;;;""
2022;4146;"89";"89037";"Béon";"2022-08-09 09:48:00";500;0;;500;;;500;0;0;0;"Estimées";;"Accidentelle";;;;;""
2022;18196;"07";"07217";"Saint-Barthélemy-le-Plain";"2022-08-09 10:42:00";44000;44000;;;;;;;;;;"3";"Accidentelle";;;;;""
2022;17963;"2B";"2B123";"Ghisonaccia";"2022-08-09 11:13:00";400;;;;;;;;;;;;"Malveillance";;;;;""
2022;18512;"11";"11124";"Durban-Corbières";"2022-08-09 11:21:00";400;;;;;;;;;;;;;;;;;""
2022;8163;"38";"38406";"Saint-Julien-de-l'Herms";"2022-08-09 11:21:00";5000;5000;;0;;;0;0;0;0;"Estimées";;;;;;;""
2022;18233;"2A";"2A114";"Figari";"2022-08-09 11:39:00";12000;1000;11000;;;;;;;;;"1";"Malveillance";;;;;""
2022;18234;"2A";"2A041";"Bonifacio";"2022-08-09 11:45:00";40;;40;;;;;;;;;"1";"Malveillance";;;;;""
2022;7350;"56";"56119";"Locoal-Mendon";"2022-08-09 12:30:00";40;0;;40;;;40;0;0;0;"Estimées";;;;;;;""
2022;5523;"29";"29042";"Crozon";"2022-08-09 12:50:00";400;0;;400;;;400;0;0;0;"Estimées";;;;;;;""
2022;18168;"06";"06047";"Conségudes";"2022-08-09 13:02:00";150;;150;;;;;;;;;"1";"Naturelle";;;;;""
2022;12137;"87";"87031";"Le Chalard";"2022-08-09 13:14:34";8000;3000;;;0;5000;;;;;"Estimées";;;"Non";;;;""
2022;12730;"18";"18140";"Massay";"2022-08-09 13:19:00";500;0;;500;;;500;0;0;0;"Estimées";;;"Non";;;;""
2022;10596;"24";"24273";"Molières";"2022-08-09 13:32:00";122000;122000;;0;;;0;;;;"Mesurées";;"Accidentelle";"Non";;;;""
2022;6198;"27";"27116";"Brionne";"2022-08-09 13:52:00";6000;0;;6000;;;6000;0;0;0;"Estimées";;;;;;;"Données partielles ou non valides"
2022;5091;"88";"88032";"Ban-de-Laveline";"2022-08-09 13:55:00";300;300;;0;;;0;0;0;0;"Estimées";;;;;;;""
2022;5526;"29";"29240";"Rosnoën";"2022-08-09 14:16:00";10000;0;;10000;;;10000;0;0;0;"Estimées";;"Involontaire (travaux)";;;;;""
2022;6199;"27";"27040";"Barquet";"2022-08-09 14:48:00";167000;0;;17000;;;17000;0;150000;150000;"Estimées";;;;;;;"Données partielles ou non valides"
2022;7174;"61";"61167";"La Ferté-en-Ouche";"2022-08-09 15:02:03";8000;0;;8000;;;8000;0;;;;;"Malveillance";;;;;"Données partielles ou non valides"
2022;22062;"57";"57158";"Craincourt";"2022-08-09 15:42:00";430000;30000;;0;;;0;400000;0;400000;"Estimées";;;"Non";;;;""
2022;3222;"49";"49022";"Beaulieu-sur-Layon";"2022-08-09 15:49:00";2000000;2000000;;0;;;0;0;0;0;"Estimées";;;;;;;""
2022;3598;"46";"46103";"Saint-Paul-Flaugnac";"2022-08-09 15:52:00";15000;0;;15000;;;15000;0;0;0;"Estimées";;;;;;;""
2022;10890;"40";"40075";"Castets";"2022-08-09 16:36:00";60000;60000;;0;;;0;;;0;"Estimées";;;"Non";;;;""
2022;21728;"30";"30284";"Saint-Martin-de-Valgalgues";"2022-08-09 16:53:00";4147;;;;;;;;;;;"2";;;;;;""
2022;12840;"41";"41224";"Saint-Marc-du-Cor";"2022-08-09 17:05:00";1300;0;;600;;;600;200;500;700;"Estimées";;;;;;;""
2022;7173;"61";"61075";"Ceaucé";"2022-08-09 17:13:35";20;0;;20;;;20;0;;;;;"Malveillance";;;;;"Données partielles ou non valides"
2022;4232;"91";"91691";"Yerres";"2022-08-09 17:17:00";500;0;;500;;;500;0;0;0;"Estimées";;;;;;;""
2022;7172;"61";"61075";"Ceaucé";"2022-08-09 17:24:14";100;0;;100;;;100;0;;;;;"Malveillance";;;;;"Données partielles ou non valides"
2022;11751;"33";"33200";"Le Haillan";"2022-08-09 17:32:00";30000;30000;;0;;;0;;;0;"Estimées";;;"Non";;;;""
2022;12839;"41";"41296";"Vouzon";"2022-08-09 17:54:00";5000;5000;;0;;;0;0;0;0;"Estimées";;"Accidentelle";;;;;""
2022;7075;"72";"72260";"Ruaudin";"2022-08-09 17:59:00";5000;5000;;0;;;0;0;0;0;"Estimées";;;;;;;""
2022;18235;"2A";"2A300";"San-Gavino-di-Carbini";"2022-08-09 18:09:00";20;;20;;;;;;;;;"4";"Naturelle";;;;;""
2022;3325;"21";"21105";"Bressey-sur-Tille";"2022-08-09 18:10:00";4100;0;;100;;;100;4000;0;4000;"Estimées";;;;;;;""
2022;6206;"27";"27495";"La Roquette";"2022-08-09 18:11:00";6000;0;;6000;;;6000;0;0;0;"Estimées";;;;;;;"Données partielles ou non valides"
2022;5403;"44";"44180";"Vallons-de-l'Erdre";"2022-08-09 18:12:00";50000;10000;;0;;;0;0;40000;40000;"Estimées";;;;;;;""
2022;12837;"41";"41018";"Blois";"2022-08-09 18:13:00";30000;30000;;0;;;0;0;0;0;"Estimées";;;;;;;""
2022;12838;"41";"41146";"Monthou-sur-Cher";"2022-08-09 18:16:00";60000;0;;60000;;;60000;0;0;0;"Estimées";;;;;;;""
2022;7171;"61";"61206";"L'Hôme-Chamondot";"2022-08-09 18:28:48";50000;0;;50000;;;50000;0;;;;;"Malveillance";;;;;"Données partielles ou non valides"
2022;12836;"41";"41057";"Conan";"2022-08-09 18:32:00";5500;0;;5500;;;5500;0;0;0;"Estimées";;;;;;;""
2022;11818;"33";"33382";"Saint-Christoly-de-Blaye";"2022-08-09 18:53:00";7000;7000;;0;;;0;;;0;"Estimées";;;"Non";;;;""
2022;18236;"2A";"2A247";"Porto-Vecchio";"2022-08-09 18:53:00";41;;41;;;;;;;;;"1";"Malveillance";;;;;""
2022;3332;"21";"21712";"Volnay";"2022-08-09 19:02:00";20000;20000;;0;;;0;0;0;0;"Mesurées";;;;;;;""
2022;7351;"56";"56126";"Marzan";"2022-08-09 19:13:00";40;0;;40;;;40;0;0;0;"Estimées";;"Involontaire (travaux)";;;;;""
2022;12139;"87";"87141";"Saint-Cyr";"2022-08-09 19:29:57";1000;1000;;;;;;;;;"Mesurées";;;"Non";;;;""
2022;23286;"50";"50143";"Coudeville-sur-Mer";"2022-08-09 19:42:09";50;0;;50;;;50;0;0;0;"Estimées";;;"Non";;;;""
2022;3278;"08";"08188";"Gespunsart";"2022-08-09 19:53:00";15000;0;;15000;;;15000;0;0;0;"Estimées";;;;;;;""
2022;4233;"91";"91135";"Champcueil";"2022-08-09 20:08:00";150;0;;150;;;150;0;0;0;"Estimées";;;;;;;""
2022;2937;"37";"37212";"Sainte-Catherine-de-Fierbois";"2022-08-09 20:39:00";50000;0;;50000;;;50000;0;0;0;"Estimées";;;;;;;""
2022;7076;"72";"72178";"Maisoncelles";"2022-08-09 20:50:00";100;0;;100;;;100;0;0;0;"Estimées";;;;;;;""
2022;2915;"71";"71223";"La Grande-Verrière";"2022-08-09 21:00:00";2000;2000;;0;;;0;0;0;0;"Estimées";;;;;;;""
2022;11811;"33";"33380";"Val-de-Livenne";"2022-08-09 21:04:00";80;80;;0;;;0;;;0;"Estimées";;;"Non";;;;""
2022;2938;"37";"37077";"Cinq-Mars-la-Pile";"2022-08-09 22:42:00";200;0;;200;;;200;0;0;0;"Estimées";;;;;;;""
2022;4976;"39";"39557";"Vescles";"2022-08-09 22:56:00";7000000;7000000;;0;;;0;0;0;0;"Mesurées";;;;;;;""
2022;11744;"33";"33514";"Soulac-sur-Mer";"2022-08-09 23:06:00";200;200;;0;;;0;;;0;"Estimées";;;"Non";;;;""
2022;11966;"33";"33514";"Soulac-sur-Mer";"2022-08-09 23:24:00";10000;10000;;0;;;0;;;0;"Estimées";;;"Non";;;;""
2022;7614;"70";"70498";"Ternuay-Melay-et-Saint-Hilaire";"2022-08-09 23:40:00";2000;0;;2000;;;2000;0;0;0;"Estimées";;;;;;;""
2022;19604;"66";"66041";"Cases-de-Pène";"2022-08-10 00:09:00";13450;3450;10000;;;;;;;;;"4";"Malveillance";;;;;""
2022;11790;"33";"33236";"Lège-Cap-Ferret";"2022-08-10 00:50:00";5000;5000;;0;;;0;;;0;"Estimées";;"Malveillance";"Non";;;;""
2022;11743;"33";"33334";"Portets";"2022-08-10 01:06:00";5000;5000;;0;;;0;;;0;"Estimées";;;"Non";;;;""
2022;5194;"90";"90047";"Fontaine";"2022-08-10 01:07:00";10000;10000;;0;;;0;0;0;0;"Estimées";;;;;;;""
2022;2916;"52";"52114";"Châteauvillain";"2022-08-10 02:51:00";50;0;;50;;;50;0;0;0;"Estimées";;;;;;;""
2022;2917;"71";"71153";"Le Creusot";"2022-08-10 03:03:00";20000;20000;;0;;;0;0;0;0;"Estimées";;;;;;;""
2022;18941;"13";"13103";"Salon-de-Provence";"2022-08-10 03:47:00";40;40;;;;;;;;;;"1";;;;;;""
2022;18242;"2A";"2A048";"Calcatoggio";"2022-08-10 04:21:00";1500;;1500;;;;;;;;;"1";"Accidentelle";;;;;""
2022;11812;"33";"33450";"Saint-Michel-de-Castelnau";"2022-08-10 04:36:00";3000;3000;;0;;;0;;;0;"Estimées";;;"Non";;;;""
2022;2947;"71";"71100";"Chardonnay";"2022-08-10 05:13:00";6000;0;;6000;;;6000;0;0;0;"Estimées";;;;;;;""
2022;11792;"33";"33222";"Lalande-de-Pomerol";"2022-08-10 05:18:00";200;200;;0;;;0;;;0;"Estimées";;;"Non";;;;""
2022;7355;"56";"56162";"Ploemeur";"2022-08-10 05:30:00";2000;0;;2000;;;2000;0;0;0;"Estimées";;;;;;;""
2022;11992;"33";"33544";"Le Verdon-sur-Mer";"2022-08-10 06:08:00";50000;50000;;0;;;0;0;0;0;"Estimées";;"Malveillance";"Non";;;;""
2022;5529;"29";"29289";"Trégarvan";"2022-08-10 06:23:00";350;0;;350;;;350;0;0;0;"Estimées";;;;;;;""
2022;18041;"30";"30243";"Saint-Christol-lez-Alès";"2022-08-10 06:53:00";2851;;2851;;;;;;;;;"1";"Malveillance";;;;;""
2022;12392;"31";"31538";"Savères";"2022-08-10 07:39:00";40000;40000;;0;;;0;0;0;0;"Estimées";;;"Non";;;;""
2022;4807;"77";"77186";"Fontainebleau";"2022-08-10 07:52:00";50;50;;0;;;0;0;0;0;"Estimées";;;;;;;""
2022;8140;"38";"38113";"Clelles";"2022-08-10 09:05:00";10;0;;10;;;10;0;0;0;"Estimées";;;;;;;""
2022;2949;"71";"71010";"Antully";"2022-08-10 10:57:00";500;0;;500;;;500;0;0;0;"Estimées";;;;;;;""
2022;4978;"39";"39423";"Plaisia";"2022-08-10 11:05:00";2000;2000;;0;;;0;0;0;0;"Estimées";;;;;;;""
2022;4979;"39";"39166";"Cornod";"2022-08-10 11:46:00";1600000;1600000;;0;;;0;0;0;0;"Estimées";;;;;;;""
2022;3374;"15";"15101";"Laveissière";"2022-08-10 12:08:00";10000;10000;;0;;;0;0;0;0;"Estimées";;;;;;;""
2022;18418;"34";"34061";"Causses-et-Veyran";"2022-08-10 12:20:00";33510;33510;;;;;;;;;;"1";"Malveillance";;;;;""
2022;7170;"61";"61263";"Ménil-Erreux";"2022-08-10 12:30:16";50000;0;;50000;;;50000;0;;;;;"Malveillance";;;;;"Données partielles ou non valides"
2022;11797;"33";"33382";"Saint-Christoly-de-Blaye";"2022-08-10 12:32:00";10000;10000;;0;;;0;;;0;"Estimées";;;"Non";;;;""
2022;5195;"90";"90059";"Lacollonge";"2022-08-10 12:56:00";600;600;;0;;;0;0;0;0;"Estimées";;;;;;;""
2022;4056;"58";"58102";"Donzy";"2022-08-10 13:00:00";260000;400;;0;;;0;0;259600;259600;"Estimées";;"Involontaire (particulier)";;;;;""
2022;8371;"10";"10141";"Essoyes";"2022-08-10 13:09:00";50000;50000;;0;;;0;0;0;0;"Estimées";;;;;;;""
2022;5098;"88";"88315";"Mortagne";"2022-08-10 13:16:00";106400;106400;;0;;;0;0;0;0;"Mesurées";;;;;;;""
2022;2928;"81";"81284";"Le Sequestre";"2022-08-10 13:16:00";500;0;;500;;;500;0;0;0;"Estimées";;;;;;;""
2022;4268;"36";"36184";"Saint-Chartier";"2022-08-10 13:27:00";200000;0;;200000;;;200000;0;0;0;;;;;;;;""
2022;6217;"27";"27209";"Écaquelon";"2022-08-10 13:59:00";800000;450000;;0;;;0;0;350000;350000;"Estimées";;"Accidentelle";;;;;"Données partielles ou non valides"
2022;5530;"29";"29177";"Plouarzel";"2022-08-10 14:10:00";5000;0;;5000;;;5000;0;0;0;"Estimées";;;;;;;""
2022;18092;"48";"48154";;"2022-08-10 14:13:00";150;;150;;;;;;;;;"1";"Involontaire (travaux)";;;;;""
2022;18203;"07";"07085";"Empurany";"2022-08-10 14:17:00";121000;60000;49000;;;;;;;12000;;"3";"Accidentelle";;;;;""
2022;3377;"15";"15147";"Parlan";"2022-08-10 14:19:00";20000;20000;;0;;;0;0;0;0;"Estimées";;"Involontaire (travaux)";;;;;""
2022;4808;"77";"77186";"Fontainebleau";"2022-08-10 14:39:00";200;200;;0;;;0;0;0;0;"Estimées";;"Accidentelle";;;;;""
2022;3042;"54";"54143";"Crépey";"2022-08-10 14:39:00";60000;50000;;0;;;0;10000;0;10000;"Estimées";;;;;;;""
2022;8136;"38";"38082";"Charavines";"2022-08-10 14:53:00";10000;0;;10000;;;10000;0;0;0;"Estimées";;;;;;;""
2022;12141;"87";"87096";"La Meyze";"2022-08-10 14:56:51";9000;9000;;;0;0;;;;;"Estimées";;;"Non";;;;""
2022;7169;"61";"61026";"Barville";"2022-08-10 14:58:17";160000;0;;160000;;;160000;0;;;;;"Malveillance";;;;;"Données partielles ou non valides"
2022;18051;"06";"06074";"Lantosque";"2022-08-10 15:02:00";40;;;;;;;;;;;;"Naturelle";;;;;""
2022;5531;"29";"29238";"Roscanvel";"2022-08-10 15:07:00";50;0;;50;;;50;0;0;0;"Estimées";;;;;;;""
2022;8135;"38";"38022";"Les Avenières Veyrins-Thuellin";"2022-08-10 15:09:00";12500;0;;12500;;;12500;0;0;0;"Estimées";;;;;;;""
2022;7168;"61";"61145";"Domfront en Poiraie";"2022-08-10 15:25:50";6000;0;;6000;;;6000;0;;;;;"Malveillance";;;;;"Données partielles ou non valides"
2022;7079;"72";"72386";"Yvré-l'Évêque";"2022-08-10 15:29:00";500;0;;500;;;500;0;0;0;"Estimées";;"Involontaire (particulier)";;;;;""
2022;18241;"2A";"2A362";"Zonza";"2022-08-10 15:29:00";500;;500;;;;;;;;;"1";"Naturelle";;;;;""
2022;21681;"2A";"2A090";"Coggia";"2022-08-10 15:34:00";300;;300;;;;;;;;;"1";"Malveillance";;;;;""
2022;12022;"41";"41073";"Danzé";"2022-08-10 15:40:00";637000;0;;157000;;;157000;0;480000;480000;"Estimées";;;;;;;""
2022;11955;"33";"33514";"Soulac-sur-Mer";"2022-08-10 15:41:00";100;100;;0;;;0;;;0;"Estimées";;;"Non";;;;""
2022;5113;"88";"88109";"Cleurie";"2022-08-10 15:48:00";500;500;;0;;;0;0;0;0;"Estimées";;;;;;;""
2022;7080;"72";"72243";"Pontvallain";"2022-08-10 15:50:00";1500;0;;1500;;;1500;0;0;0;"Estimées";;"Involontaire (particulier)";;;;;""
2022;18243;"2A";"2A026";"Azilone-Ampaza";"2022-08-10 15:54:00";30;;30;;;;;;;;;"1";;;;;;""
2022;8134;"38";"38307";"Pisieu";"2022-08-10 16:02:00";15000;0;;15000;;;15000;0;0;0;"Estimées";;;;;;;""
2022;3379;"15";"15092";"Lanobre";"2022-08-10 16:13:00";500;500;;0;;;0;0;0;0;"Estimées";;;;;;;""
2022;18266;"2A";"2A008";"Albitreccia";"2022-08-10 16:23:00";30;;30;;;;;;;;;"1";;;;;;""
2022;10846;"40";"40142";"Laluque";"2022-08-10 16:31:00";1000;1000;;0;;;0;;;0;"Estimées";;;"Non";;;;""
2022;7167;"61";"61387";"Saint-Fraimbault";"2022-08-10 16:42:26";6000;0;;6000;;;6000;0;;;;;"Malveillance";;;;;"Données partielles ou non valides"
2022;9503;"16";"16173";"Juillé";"2022-08-10 16:56:00";1500;1500;;;;;;;;;"Estimées";;;"Non";;;;""
2022;5532;"29";"29240";"Rosnoën";"2022-08-10 16:56:00";400;400;;0;;;0;0;0;0;"Estimées";;;;;;;""
2022;18267;"2A";"2A174";"Murzo";"2022-08-10 17:05:00";15;15;;;;;;;;;;"3";"Naturelle";;;;;""
2022;3604;"46";"46257";"Saint-Cirq-Madelon";"2022-08-10 17:10:00";30000;0;;30000;;;30000;0;0;0;"Estimées";;;;;;;""
2022;5763;"68";"68278";"Rixheim";"2022-08-10 17:13:00";20000;20000;;0;;;0;0;0;0;"Estimées";;"Involontaire (particulier)";;;;;""
2022;4980;"39";"39423";"Plaisia";"2022-08-10 17:16:00";30000;30000;;0;;;0;0;0;0;"Estimées";;;;;;;""
2022;18208;"07";"07344";"Vinzieux";"2022-08-10 17:20:00";10000;10000;;;;;;;;;;"3";;;;;;""
2022;7166;"61";"61407";"Sainte-Honorine-la-Chardonne";"2022-08-10 17:38:23";100000;0;;100000;;;100000;0;;;;;"Malveillance";;;;;"Données partielles ou non valides"
2022;9572;"44";"44180";"Vallons-de-l'Erdre";"2022-08-10 17:39:00";3000;0;;3000;;;3000;0;0;0;"Estimées";;;;;;;""
2022;23293;"50";"50363";"Moyon Villages";"2022-08-10 17:49:53";800;0;;800;;;800;0;0;0;"Estimées";;;"Non";;;;""
2022;18526;"11";"11416";"Villarzel-Cabardès";"2022-08-10 17:52:00";8993;;;;;;;;;;;;"Accidentelle";;;;;""
2022;18532;"11";"11025";"Bagnoles";"2022-08-10 17:56:00";23841;;;;;;;;;;;;"Accidentelle";;;;;""
2022;18530;"11";"11422";"Villedubert";"2022-08-10 17:57:00";7058;;;;;;;;;;;;"Accidentelle";;;;;""
2022;4269;"36";"36105";"Lureuil";"2022-08-10 18:22:00";10000;10000;;0;;;0;0;0;0;;;;;;;;""
2022;3608;"46";"46144";"Lacave";"2022-08-10 18:23:00";650000;650000;;0;;;0;0;0;0;"Estimées";;;;;;;""
2022;3609;"46";"46015";"Bagnac-sur-Célé";"2022-08-10 18:34:00";50000;50000;;0;;;0;0;0;0;"Estimées";;;;;;;""
2022;21745;"30";"30243";"Saint-Christol-lez-Alès";"2022-08-10 18:50:00";10;;;;;;;;;;;;"Involontaire (travaux)";;;;;""
2022;18237;"2A";"2A247";"Porto-Vecchio";"2022-08-10 19:09:00";10;;10;;;;;;;;;"1";"Malveillance";;;;;""
2022;5533;"29";"29058";"Fouesnant";"2022-08-10 19:10:00";500;0;;500;;;500;0;0;0;"Estimées";;;;;;;""
2022;21564;"84";"84065";"Lauris";"2022-08-10 19:15:00";2300;2300;;;;;;;;;;;;;;;;""
2022;18209;"07";"07126";"Lagorce";"2022-08-10 19:25:00";2523800;867700;1626500;;;;;;;29600;;"1";;;;;;""
2022;18049;"30";"30189";"Nîmes";"2022-08-10 19:25:00";564;564;;;;;;;;;;"4";;;;;;""
2022;8130;"38";"38214";"Lumbin";"2022-08-10 19:30:00";900;0;;900;;;900;0;0;0;"Estimées";;;;;;;""
2022;12861;"67";"67458";"Schweighouse-sur-Moder";"2022-08-10 19:49:00";200;0;;200;;;200;0;0;0;"Estimées";;;;;;;""
2022;4809;"77";"77100";"Le Châtelet-en-Brie";"2022-08-10 20:00:00";20;0;;20;;;20;0;0;0;"Estimées";;"Involontaire (particulier)";;;;;""
2022;2950;"71";"71543";"Tournus";"2022-08-10 21:17:00";1;0;;1;;;1;0;0;0;"Estimées";;;;;;;""
2022;9505;"16";"16015";"Angoulême";"2022-08-10 22:14:00";200;200;;;;;;;;;"Estimées";;;"Non";;;;""
2022;11813;"33";"33193";"Grayan-et-l'Hôpital";"2022-08-10 23:50:00";2400;2400;;0;;;0;;;0;"Estimées";;"Involontaire (particulier)";"Non";;;;""
2022;7165;"61";"61214";"L'Aigle";"2022-08-10 23:56:57";200;0;;200;;;200;0;;;;;"Malveillance";;;;;"Données partielles ou non valides"
2022;3382;"15";"15008";"Antignac";"2022-08-11 00:15:00";10000;10000;;0;;;0;0;0;0;"Estimées";;"Malveillance";;;;;""
2022;11745;"33";"33281";"Mérignac";"2022-08-11 00:42:00";100;100;;0;;;0;;;0;"Estimées";;;"Non";;;;""
2022;18501;"11";"11099";"Conques-sur-Orbiel";"2022-08-11 00:56:00";3510;;;;;;;;;;;;;;;;;""
2022;18083;"30";"30189";"Nîmes";"2022-08-11 01:18:00";220;;;;;;;;;;;;;;;;;""
2022;4786;"60";"60479";"Ormoy-Villers";"2022-08-11 01:29:00";3500;3500;;0;;;0;0;0;0;"Estimées";;;;;;;""
2022;11814;"33";"33193";"Grayan-et-l'Hôpital";"2022-08-11 02:32:00";2000;2000;;0;;;0;;;0;"Estimées";;"Involontaire (particulier)";"Non";;;;""
2022;11786;"33";"33193";"Grayan-et-l'Hôpital";"2022-08-11 02:51:00";1000;1000;;0;;;0;;;0;"Estimées";;"Involontaire (particulier)";"Non";;;;""
2022;10652;"24";"24380";"Saint-Barthélemy-de-Bellegarde";"2022-08-11 04:50:00";3000;3000;;0;;;0;;;;"Estimées";;;"Non";;;;""
2022;18082;"04";"04152";"Pierrevert";"2022-08-11 05:42:00";50;50;;;;;;;;;;;;;;;;""
2022;18105;"05";"05055";"La Faurie";"2022-08-11 05:54:00";2000;1500;;;;;;;;500;;;"Involontaire (particulier)";;;;;""
2022;11403;"33";"33514";"Soulac-sur-Mer";"2022-08-11 06:21:00";3000;3000;;0;;;0;;;0;"Estimées";;"Involontaire (particulier)";"Non";;;;""
2022;10653;"24";"24273";"Molières";"2022-08-11 06:51:00";20000;20000;;0;;;0;;;;"Estimées";;;"Non";;;;""
2022;6105;"27";"27335";"Heudreville-sur-Eure";"2022-08-11 07:56:00";600;0;;600;;;600;0;0;0;"Estimées";;;;;;;"Données partielles ou non valides"
2022;7730;"45";"45204";"Mézières-lez-Cléry";"2022-08-11 08:08:00";50000;25000;;0;;;0;25000;0;25000;"Estimées";;;;;;;""
2022;10191;"17";"17236";"Mirambeau";"2022-08-11 08:43:00";1000;1000;;;0;0;;;;;"Mesurées";;;"Non";0;0;0;""
2022;7164;"61";"61078";"Cerisy-Belle-Étoile";"2022-08-11 08:48:47";150;0;;150;;;150;0;;;;;"Malveillance";;;;;"Données partielles ou non valides"
2022;10654;"24";"24165";"Eygurande-et-Gardedeuil";"2022-08-11 09:21:00";3500;3500;;0;;;0;;;;"Estimées";;;"Non";;;;""
2022;19608;"66";"66147";"Porté-Puymorens";"2022-08-11 10:05:00";10;10;;;;;;;;;;"4";"Naturelle";;;;;""
2022;21565;"84";"84065";"Lauris";"2022-08-11 10:44:00";5;5;;;;;;;;;;;"Involontaire (travaux)";;;;;""
2022;4041;"58";"58168";"Millay";"2022-08-11 10:47:00";12542;12542;;0;;;0;0;0;0;"Mesurées";;"Involontaire (particulier)";;;;;""
2022;23297;"50";"50502";"Saint-Lô";"2022-08-11 11:45:29";300;0;;300;;;300;0;0;0;"Estimées";;;"Non";;;;""
2022;7731;"45";"45098";"Cléry-Saint-André";"2022-08-11 12:20:00";15000;15000;;0;;;0;0;0;0;"Estimées";;;;;;;""
2022;3024;"76";"76445";"Montérolier";"2022-08-11 12:32:00";700000;50000;;0;;;0;0;650000;650000;"Estimées";;;;;;;""
2022;4788;"60";"60601";"Saint-Vaast-lès-Mello";"2022-08-11 12:42:00";500;500;;0;;;0;0;0;0;"Estimées";;;;;;;""
2022;3017;"76";"76217";"Dieppe";"2022-08-11 12:54:00";3000;0;;3000;;;3000;0;0;0;"Estimées";;;;;;;""
2022;3611;"46";"46297";"Salviac";"2022-08-11 13:00:00";230000;0;;230000;;;230000;0;0;0;"Estimées";;;;;;;""
2022;3423;"28";"28233";"Marboué";"2022-08-11 13:05:00";50000;0;;50000;;;50000;0;0;0;"Estimées";;;;;;;""
2022;7163;"61";"61145";"Domfront en Poiraie";"2022-08-11 13:38:00";100000;0;;100000;;;100000;0;;;;;"Malveillance";;;;;"Données partielles ou non valides"
2022;4787;"60";"60432";"Mortefontaine";"2022-08-11 13:52:00";600;600;;0;;;0;0;0;0;"Mesurées";;"Involontaire (travaux)";;;;;""
2022;3612;"46";"46133";"Issepts";"2022-08-11 13:58:00";50000;0;;50000;;;50000;0;0;0;"Estimées";;;;;;;""
2022;8126;"38";"38033";"Beaulieu";"2022-08-11 14:00:00";20;0;;20;;;20;0;0;0;"Estimées";;;;;;;""
2022;7977;"38";"38545";"Vif";"2022-08-11 14:00:00";165800;165800;;0;;;0;0;0;0;"Mesurées";;"Malveillance";;;;;""
2022;4812;"77";"77360";"Pézarches";"2022-08-11 14:09:00";150;0;;150;;;150;0;0;0;"Estimées";;"Accidentelle";;;;;""
2022;11967;"33";"33193";"Grayan-et-l'Hôpital";"2022-08-11 14:10:00";3000;3000;;0;;;0;;;0;"Estimées";;;"Non";;;;""
2022;12912;"67";"67377";"Plaine";"2022-08-11 14:11:00";5000;5000;;0;;;0;0;0;0;"Estimées";;;;;;;""
2022;5535;"29";"29060";"Gouesnach";"2022-08-11 14:15:00";20000;0;;20000;;;20000;0;0;0;"Estimées";;;;;;;""
2022;7734;"45";"45188";"Loury";"2022-08-11 14:16:00";500;500;;0;;;0;0;0;0;"Estimées";;;;;;;""
2022;6108;"27";"27018";"Appeville-Annebault";"2022-08-11 14:35:00";4000;0;;4000;;;4000;0;0;0;"Estimées";;;;;;;"Données partielles ou non valides"
2022;7732;"45";"45082";"Châteauneuf-sur-Loire";"2022-08-11 14:42:00";6000;6000;;0;;;0;0;0;0;"Estimées";;;;;;;""
2022;5118;"88";"88383";"Remiremont";"2022-08-11 14:44:00";500;500;;0;;;0;0;0;0;"Estimées";;;;;;;""
2022;18796;"13";"13007";"Auriol";"2022-08-11 14:45:00";30000;30000;;;;;;;;;;"1";"Naturelle";;;;;""
2022;8124;"38";"38527";"Vaujany";"2022-08-11 15:13:00";50;0;;50;;;50;0;0;0;"Estimées";;;;;;;""
2022;18268;"2A";"2A232";"Pila-Canale";"2022-08-11 15:14:00";1;1;;;;;;;;;;"3";"Naturelle";;;;;""
2022;9130;"55";"55214";"Givrauval";"2022-08-11 15:15:00";1300;300;;0;;;0;1000;0;1000;"Mesurées";;;;;;;""
2022;18090;"83";"83111";"Sainte-Anastasie-sur-Issole";"2022-08-11 15:16:00";320;320;;;;;;;;;;"2";"Naturelle";;;;;""
2022;18269;"2A";"2A031";"Bastelica";"2022-08-11 15:23:00";1;1;;;;;;;;;;"1";"Naturelle";;;;;""
2022;4784;"60";"60086";"Boran-sur-Oise";"2022-08-11 15:23:00";400;0;;400;;;400;0;0;0;"Estimées";;;;;;;""
2022;18084;"30";"30189";"Nîmes";"2022-08-11 15:24:00";50;;;;;;;;;;;;"Involontaire (travaux)";;;;;""
2022;18270;"2A";"2A031";"Bastelica";"2022-08-11 15:25:00";10;10;;;;;;;;;;"3";"Naturelle";;;;;""
2022;18272;"2A";"2A278";"Serra-di-Scopamène";"2022-08-11 15:31:00";5;;5;;;;;;;;;"1";"Accidentelle";;;;;""
2022;5536;"29";"29151";"Morlaix";"2022-08-11 15:39:00";500;0;;500;;;500;0;0;0;"Estimées";;;;;;;""
2022;3012;"71";"71019";"Barizey";"2022-08-11 15:49:00";10000;0;;10000;;;10000;0;0;0;"Estimées";;;;;;;""
2022;7728;"45";"45049";"Bouzy-la-Forêt";"2022-08-11 15:52:00";400000;200000;;0;;;0;200000;0;200000;"Estimées";;;;;;;""
2022;12745;"18";"18108";"La Guerche-sur-l'Aubois";"2022-08-11 16:00:00";310;0;;10;;;10;0;300;300;"Estimées";;;"Non";;;;""
2022;23151;"19";"19205";"Saint-Geniez-ô-Merle";"2022-08-11 16:04:04";136000;136000;;;;;;;;;"Mesurées";;;"Non";;;;"Données partielles ou non valides"
2022;7729;"45";"45278";"Sainte-Geneviève-des-Bois";"2022-08-11 16:08:00";60000;20000;;0;;;0;0;40000;40000;"Estimées";;;;;;;""
2022;3968;"01";"01378";"Saint-Maurice-de-Gourdans";"2022-08-11 16:14:00";5000;0;;5000;;;5000;0;0;0;"Estimées";;;;;;;""
2022;3967;"01";"01361";"Saint-Jean-de-Niost";"2022-08-11 16:14:00";70000;0;;70000;;;70000;0;0;0;"Estimées";;;;;;;""
2022;9507;"16";"16053";"Bors (Canton de Charente-Sud)";"2022-08-11 16:32:00";45000;45000;;;;;;;;;"Mesurées";;;"Non";;;;""
2022;7162;"61";"61240";"Macé";"2022-08-11 16:37:27";600;0;;600;;;600;0;;;;;"Malveillance";;;;;"Données partielles ou non valides"
2022;21566;"84";"84014";"Beaumont-de-Pertuis";"2022-08-11 16:56:00";800;;800;;;;;;;;;"2";"Naturelle";;;;;""
2022;3385;"15";"15033";"Cézens";"2022-08-11 17:00:00";20000;20000;;0;;;0;0;0;0;"Estimées";;"Malveillance";;;;;""
2022;8122;"38";"38033";"Beaulieu";"2022-08-11 17:01:00";1000;0;;1000;;;1000;0;0;0;"Estimées";;;;;;;""
2022;3074;"88";"88109";"Cleurie";"2022-08-11 17:02:00";10;10;;0;;;0;0;0;0;"Estimées";;;;;;;""
2022;4589;"59";"59509";"Roost-Warendin";"2022-08-11 17:02:00";400;0;;400;;;400;0;0;0;"Estimées";;;;;;;""
2022;9508;"16";"16268";"Poursac";"2022-08-11 17:03:00";1000;1000;;;;;;;;;"Estimées";;;"Non";;;;""
2022;3013;"81";"81125";"Lacaze";"2022-08-11 17:04:00";30000;0;;30000;;;30000;0;0;0;"Estimées";;"Accidentelle";;;;;""
2022;4454;"35";"35019";"Bazouges-la-Pérouse";"2022-08-11 17:12:00";180100;180100;;0;;;0;0;0;0;"Mesurées";;;;;;;""
2022;3334;"21";"21099";"Bouze-lès-Beaune";"2022-08-11 17:33:00";7000;7000;;0;;;0;0;0;0;"Mesurées";;;;;;;""
2022;4234;"91";"91228";"Évry-Courcouronnes";"2022-08-11 17:46:00";1600;0;;1600;;;1600;0;0;0;"Estimées";;;;;;;""
2022;8121;"38";"38193";"L'Isle-d'Abeau";"2022-08-11 18:15:00";400;0;;400;;;400;0;0;0;"Estimées";;;;;;;""
2022;11758;"33";"33001";"Abzac";"2022-08-11 18:27:00";500;500;;0;;;0;;;0;"Estimées";;;"Non";;;;""
2022;18219;"07";"07010";"Annonay";"2022-08-11 18:40:00";2000;;2000;;;;;;;;;"1";;;;;;""
2022;10657;"24";"24449";"Saint-Martial-d'Artenset";"2022-08-11 18:52:00";10000;10000;;0;;;0;;;;"Estimées";;"Malveillance";"Non";;;;""
2022;4785;"60";"60159";"Compiègne";"2022-08-11 18:54:00";4500;4500;;0;;;0;0;0;0;"Mesurées";;;;;;;""
2022;3387;"15";"15092";"Lanobre";"2022-08-11 19:07:00";200;0;;200;;;200;0;0;0;"Mesurées";;"Involontaire (travaux)";;;;;""
2022;7161;"61";"61196";"Belforêt-en-Perche";"2022-08-11 19:13:00";5000;0;;5000;;;5000;0;;;;;"Malveillance";;;;;"Données partielles ou non valides"
2022;3283;"08";"08363";"Revin";"2022-08-11 19:13:00";20;0;;20;;;20;0;0;0;"Estimées";;;;;;;""
2022;8120;"38";"38194";"Izeaux";"2022-08-11 19:38:00";20;0;;20;;;20;0;0;0;"Estimées";;;;;;;""
2022;11976;"33";"33541";"Vensac";"2022-08-11 19:43:00";600;600;;0;;;0;;;0;"Estimées";;"Malveillance";"Non";;;;""
2022;8119;"38";"38265";"La Motte-d'Aveillans";"2022-08-11 19:47:00";100;0;;100;;;100;0;0;0;"Estimées";;;;;;;""
2022;21746;"30";"30037";"Bessèges";"2022-08-11 20:20:00";25;;;;;;;;;;;;"Involontaire (travaux)";;;;;""
2022;7160;"61";"61486";"Tinchebray-Bocage";"2022-08-11 20:47:21";10000;0;;10000;;;10000;0;;;;;"Malveillance";;;;;"Données partielles ou non valides"
2022;8118;"38";"38076";"La Chapelle-de-la-Tour";"2022-08-11 21:09:00";200;0;;200;;;200;0;0;0;"Estimées";;;;;;;""
2022;11777;"33";"33159";"Étauliers";"2022-08-11 21:09:00";4000;4000;;0;;;0;;;0;"Estimées";;;"Non";;;;""
2022;8117;"38";"38515";"Trept";"2022-08-11 21:35:00";150;0;;150;;;150;0;0;0;"Estimées";;;;;;;""
2022;11747;"33";"33514";"Soulac-sur-Mer";"2022-08-11 23:13:00";3;3;;0;;;0;;;0;"Estimées";;;"Non";;;;""
2022;4779;"21";"21160";"Chaume-lès-Baigneux";"2022-08-11 23:59:00";50000;0;;1000;;;1000;0;49000;49000;"Estimées";;;;;;;""
2022;18157;"83";"83148";"Vidauban";"2022-08-12 00:00:00";50;50;;;;;;;;;;"5";"Malveillance";;;;;""
2022;18210;"07";"07117";"Lablachère";"2022-08-12 00:31:00";1000;;1000;;;;;;;;;"1";"Malveillance";;;;;""
2022;11957;"33";"33541";"Vensac";"2022-08-12 00:38:00";5000;5000;;0;;;0;;;0;"Estimées";;"Malveillance";"Non";;;;""
2022;8116;"38";"38515";"Trept";"2022-08-12 00:55:00";10000;0;;10000;;;10000;0;0;0;"Estimées";;"Malveillance";;;;;""
2022;7380;"56";"56032";"Campénéac";"2022-08-12 01:12:00";4970000;4970000;;0;;;0;0;0;0;"Mesurées";;"Malveillance";;;;;""
2022;8115;"38";"38146";"Dizimieu";"2022-08-12 02:53:00";1200;0;;1200;;;1200;0;0;0;"Estimées";;"Malveillance";;;;;""
2022;11801;"33";"33014";"Les Artigues-de-Lussac";"2022-08-12 04:22:00";2000;2000;;0;;;0;;;0;"Estimées";;;"Non";;;;""
2022;8114;"38";"38515";"Trept";"2022-08-12 04:46:00";4000;0;;4000;;;4000;0;0;0;"Estimées";;"Malveillance";;;;;""
2022;18943;"13";"13103";"Salon-de-Provence";"2022-08-12 04:47:00";200;200;;;;;;;;;;"1";"Accidentelle";;;;;""
2022;4427;"88";"88409";"Saint-Amé";"2022-08-12 05:29:00";1600;1600;;0;;;0;0;0;0;"Mesurées";;"Involontaire (particulier)";;;;;""
2022;10658;"24";"24520";"Sarlat-la-Canéda";"2022-08-12 05:55:00";200;200;;0;;;0;;;;"Estimées";;;"Non";;;;""
2022;18513;"11";"11262";"Narbonne";"2022-08-12 06:01:00";20;;;;;;;;;;;;;;;;;""
2022;5425;"44";"44114";"Orvault";"2022-08-12 09:54:00";30;0;;30;;;30;0;0;0;"Estimées";;;;;;;""
2022;21747;"30";"30019";"Aubais";"2022-08-12 10:06:00";15;;;;;;;;;;;;"Involontaire (travaux)";;;;;""
2022;3390;"15";"15152";"Pierrefort";"2022-08-12 10:28:00";200;200;;0;;;0;0;0;0;"Estimées";;"Malveillance";;;;;""
2022;6212;"27";"27404";"Mesnil-Rousset";"2022-08-12 11:13:00";85000;0;;15000;;;15000;0;70000;70000;"Estimées";;;;;;;"Données partielles ou non valides"
2022;3286;"08";"08188";"Gespunsart";"2022-08-12 11:35:00";10000;0;;10000;;;10000;0;0;0;"Estimées";;;;;;;""
2022;7158;"61";"61329";"Le Pin-la-Garenne";"2022-08-12 11:58:36";200000;0;;200000;;;200000;0;;;;;"Malveillance";;;;;"Données partielles ou non valides"
2022;7159;"61";"61259";"Le Ménil-Bérard";"2022-08-12 12:01:35";30000;0;;30000;;;30000;0;;;;;"Malveillance";;;;;"Données partielles ou non valides"
2022;10933;"40";"40244";"Rivière-Saas-et-Gourby";"2022-08-12 12:21:00";406;406;;0;;;0;;;0;"Estimées";;"Involontaire (particulier)";"Non";;;;""
2022;11787;"33";"33354";"Riocaud";"2022-08-12 12:33:00";4000;4000;;0;;;0;;;0;"Estimées";;;"Non";;;;""
2022;11419;"33";"33225";"Landiras";"2022-08-12 12:36:00";67427000;67427000;;0;;;0;;;0;"Mesurées";;;"Non";;;;""
2022;4844;"21";"21485";"Plombières-lès-Dijon";"2022-08-12 12:48:00";30000;30000;;0;;;0;0;0;0;"Mesurées";;;;;;;""
2022;7157;"61";"61150";"Échauffour";"2022-08-12 12:54:31";11000;0;;11000;;;11000;0;;;;;"Malveillance";;;;;"Données partielles ou non valides"
2022;4841;"21";"21255";"Étaules";"2022-08-12 13:04:00";9000;9000;;0;;;0;0;0;0;"Mesurées";;;;;;;""
2022;7156;"61";"61040";"Bellou-en-Houlme";"2022-08-12 13:12:13";50000;0;;50000;;;50000;0;;;;;"Malveillance";;;;;"Données partielles ou non valides"
2022;5537;"29";"29059";"Garlan";"2022-08-12 13:31:00";20;0;;20;;;20;0;0;0;"Mesurées";;;;;;;""
2022;3156;"54";"54156";"Diarville";"2022-08-12 13:41:00";60500;500;;0;;;0;0;60000;60000;"Estimées";;"Accidentelle";;;;;""
2022;7155;"61";"61275";"Le Merlerault";"2022-08-12 13:41:38";2000;0;;2000;;;2000;0;;;;;"Malveillance";;;;;"Données partielles ou non valides"
2022;12147;"87";"87027";"Bussière-Galant";"2022-08-12 13:44:34";50000;50000;;;0;0;;;;;"Estimées";;;"Non";;;;""
2022;4163;"89";"89227";"Ligny-le-Châtel";"2022-08-12 14:07:00";130000;0;;100;;;100;0;129900;129900;"Mesurées";;;;;;;""
2022;5123;"88";"88037";"Basse-sur-le-Rupt";"2022-08-12 14:17:00";3000;3000;;0;;;0;0;0;0;"Estimées";;;;;;;""
2022;18106;"05";"05011";"Avançon";"2022-08-12 14:20:00";5900;5590;;;;;;;;310;;"5";"Accidentelle";;;;;""
2022;5480;"44";"44055";"La Baule-Escoublac";"2022-08-12 14:30:00";20000;20000;;0;;;0;0;0;0;"Estimées";;;;;;;""
2022;10192;"17";"17236";"Mirambeau";"2022-08-12 14:46:00";3000;3000;;;0;0;;;;;"Mesurées";;;"Non";0;0;0;""
2022;7154;"61";"61486";"Tinchebray-Bocage";"2022-08-12 14:47:54";5000;0;;5000;;;5000;0;;;;;"Malveillance";;;;;"Données partielles ou non valides"
2022;18944;"13";"13040";"Fuveau";"2022-08-12 14:56:00";100;100;;;;;;;;;;"1";"Accidentelle";;;;;""
2022;3616;"46";"46144";"Lacave";"2022-08-12 15:03:00";200000;200000;;0;;;0;0;0;0;"Estimées";;;;;;;""
2022;7153;"61";"61490";"Tournai-sur-Dive";"2022-08-12 15:13:14";110000;0;;110000;;;110000;0;;;;;"Malveillance";;;;;"Données partielles ou non valides"
2022;3910;"59";"59564";"La Sentinelle";"2022-08-12 15:27:00";15000;0;;15000;;;15000;0;0;0;"Estimées";;;;;;;""
2022;3076;"81";"81221";"Rayssac";"2022-08-12 15:30:00";200000;0;;200000;;;200000;0;0;0;"Estimées";;;;;;;""
2022;3668;"85";"85194";"Les Sables-d'Olonne";"2022-08-12 15:34:00";10;10;;0;;;0;0;0;0;"Mesurées";;"Involontaire (particulier)";;;;;""
2022;23351;"50";"50447";"Saint-Aubin-des-Préaux";"2022-08-12 15:35:00";6000;0;;6000;;;6000;0;0;0;"Estimées";;;"Non";;;;""
2022;3607;"28";"28104";"Coltainville";"2022-08-12 15:38:00";10000;0;;10000;;;10000;0;0;0;"Estimées";;;;;;;""
2022;7736;"45";"45298";"Saint-Pryvé-Saint-Mesmin";"2022-08-12 15:42:00";20000;0;;20000;;;20000;0;0;0;"Estimées";;"Accidentelle";;;;;""
2022;7097;"72";"72131";"Fercé-sur-Sarthe";"2022-08-12 15:49:00";800000;300000;;0;;;0;0;500000;500000;"Estimées";;;;;;;""
2022;3337;"21";"21593";"Savilly";"2022-08-12 15:56:00";50000;50000;;0;;;0;0;0;0;"Estimées";;;;;;;""
2022;12149;"87";"87127";"La Roche-l'Abeille";"2022-08-12 16:00:25";30000;30000;;;;;;;;;"Estimées";;;"Non";;;;""
2022;7152;"61";"61061";"Bretoncelles";"2022-08-12 16:03:12";400;0;;400;;;400;0;;;;;"Malveillance";;;;;"Données partielles ou non valides"
2022;7151;"61";"61006";"Argentan";"2022-08-12 16:09:34";1000;0;;1000;;;1000;0;;;;;"Malveillance";;;;;"Données partielles ou non valides"
2022;7392;"56";"56031";"Camors";"2022-08-12 16:12:00";40000;40000;;0;;;0;0;0;0;"Estimées";;;;;;;""
2022;5538;"29";"29113";"Lanmeur";"2022-08-12 16:37:00";500;0;;500;;;500;0;0;0;"Estimées";;;;;;;""
2022;13345;"16";"16120";"Dirac";"2022-08-12 16:37:11";5000;5000;;;;;;;;;"Estimées";;;"Non";0;0;0;""
2022;11793;"33";"33014";"Les Artigues-de-Lussac";"2022-08-12 16:49:00";500;500;;0;;;0;;;0;"Estimées";;;"Non";;;;""
2022;18942;"13";"13103";"Salon-de-Provence";"2022-08-12 16:58:00";50;50;;;;;;;;;;"1";"Accidentelle";;;;;""
2022;3125;"43";"43157";"Le Puy-en-Velay";"2022-08-12 17:25:00";98500;20000;;0;;;0;78500;0;78500;"Mesurées";;"Naturelle";;;;;""
2022;18153;"48";"48015";"Pied-de-Borne";"2022-08-12 17:40:00";100000;;100000;;;;;;;;;"1";"Accidentelle";;;;;""
2022;12754;"18";"18206";"Saint-Éloy-de-Gy";"2022-08-12 17:43:00";2000;0;;1500;;;1500;0;500;500;"Estimées";;;"Non";;;;""
2022;11254;"64";"64536";"Thèze";"2022-08-12 17:46:52";50;50;;;;;;;;;"Estimées";;"Involontaire (particulier)";"Non";;;;""
2022;8110;"38";"38553";"Villefontaine";"2022-08-12 18:17:00";4500;0;;4500;;;4500;0;0;0;"Estimées";;;;;;;""
2022;5784;"74";"74056";"Chamonix-Mont-Blanc";"2022-08-12 18:35:00";2;2;;0;;;0;0;0;0;"Estimées";;;;;;;""
2022;11768;"33";"33393";"Saint-Denis-de-Pile";"2022-08-12 18:37:00";1500;1500;;0;;;0;;;0;"Estimées";;;"Non";;;;""
2022;11749;"33";"33393";"Saint-Denis-de-Pile";"2022-08-12 18:44:00";1500;500;;0;;;0;;;1000;"Estimées";;;"Non";;;;""
2022;7100;"72";"72260";"Ruaudin";"2022-08-12 18:55:00";50;50;;0;;;0;0;0;0;"Estimées";;"Malveillance";;;;;""
2022;9096;"41";"41014";"Beauchêne";"2022-08-12 19:01:00";250;0;;250;;;250;0;0;0;"Estimées";;;;;;;""
2022;7396;"56";"56014";"Berné";"2022-08-12 19:26:00";5000;5000;;0;;;0;0;0;0;"Estimées";;;;;;;""
2022;4843;"21";"21099";"Bouze-lès-Beaune";"2022-08-12 19:34:00";1000;0;;1000;;;1000;0;0;0;"Estimées";;;;;;;""
2022;10871;"40";"40307";"Sore";"2022-08-12 19:38:00";168180;168180;;0;;;0;;;0;"Estimées";;"Accidentelle";"Non";;;;""
2022;7150;"61";"61460";"Sap-en-Auge";"2022-08-12 19:58:24";3000;0;;3000;;;3000;0;;;;;"Malveillance";;;;;"Données partielles ou non valides"
2022;11778;"33";"33159";"Étauliers";"2022-08-12 20:13:00";600;600;;0;;;0;;;0;"Estimées";;;"Non";;;;""
2022;10659;"24";"24272";"Minzac";"2022-08-12 20:33:00";500;500;;0;;;0;;;;"Estimées";;"Malveillance";"Non";;;;""
2022;8106;"38";"38468";"Salaise-sur-Sanne";"2022-08-12 21:23:00";650;0;;650;;;650;0;0;0;"Estimées";;;;;;;""
2022;3022;"43";"43065";"Chastel";"2022-08-12 21:33:00";12260;12260;;0;;;0;0;0;0;"Mesurées";;;;;;;""
2022;3617;"46";"46138";"Cœur de Causse";"2022-08-12 22:38:00";5000;0;;5000;;;5000;0;0;0;"Estimées";;;;;;;""
2022;10660;"24";"24499";"Saint-Sauveur";"2022-08-12 23:01:00";8000;8000;;0;;;0;;;;"Estimées";;;"Non";;;;""
2022;10744;"24";"24039";"Besse";"2022-08-12 23:10:00";1000;1000;;0;;;0;;;;"Estimées";;;"Non";;;;""
2022;4278;"36";"36139";"Neuillay-les-Bois";"2022-08-13 02:59:00";3000;3000;;0;;;0;0;0;0;;;;;;;;""
2022;9513;"16";"16246";"Nonac";"2022-08-13 03:29:00";300;300;;;;;;;;;"Mesurées";;;"Non";;;;""
2022;8102;"38";"38137";"Cras";"2022-08-13 03:39:00";100;0;;100;;;100;0;0;0;"Estimées";;;;;;;""
2022;5541;"29";"29171";"Plomeur";"2022-08-13 05:44:00";5000;0;;5000;;;5000;0;0;0;"Estimées";;;;;;;""
2022;19617;"66";"66068";"Escaro";"2022-08-13 06:50:00";780;780;;;;;;;;;;"3";"Malveillance";;;;;""
2022;18273;"2A";"2A300";"San-Gavino-di-Carbini";"2022-08-13 06:51:00";3;3;;;;;;;;;;"4";"Naturelle";;;;;""
2022;18274;"2A";"2A288";"Sotta";"2022-08-13 07:33:00";5;5;;;;;;;;;;"4";"Naturelle";;;;;""
2022;18275;"2A";"2A108";"Évisa";"2022-08-13 09:05:00";3;3;;;;;;;;;;"4";"Naturelle";;;;;""
2022;11755;"33";"33193";"Grayan-et-l'Hôpital";"2022-08-13 09:12:00";20;20;;0;;;0;;;0;"Estimées";;"Involontaire (particulier)";"Non";;;;""
2022;7105;"72";"72350";"Teloché";"2022-08-13 09:26:00";100;100;;0;;;0;0;0;0;"Estimées";;;;;;;""
2022;4815;"77";"77186";"Fontainebleau";"2022-08-13 09:27:00";2;2;;0;;;0;0;0;0;"Mesurées";;"Involontaire (particulier)";;;;;""
2022;11922;"33";"33056";"Blanquefort";"2022-08-13 10:26:00";50;50;;0;;;0;;;0;"Estimées";;;"Non";;;;""
2022;3127;"71";"71472";"Saint-Prix";"2022-08-13 10:37:00";90000;90000;;0;;;0;0;0;0;"Estimées";;;;;;;""
2022;10920;"40";"40184";"Mimizan";"2022-08-13 10:53:00";3000;3000;;0;;;0;;;0;"Estimées";;;"Non";;;;""
2022;18519;"11";"11196";"Laurac";"2022-08-13 10:58:00";20297;;;;;;;;;;;;;;;;;""
2022;18212;"07";"07129";"Lamastre";"2022-08-13 11:00:00";105000;105000;;;;;;;;;;"5";"Malveillance";;;;;""
2022;3096;"71";"71009";"Anost";"2022-08-13 11:05:00";500;500;;0;;;0;0;0;0;"Estimées";;;;;;;""
2022;18115;"30";"30167";"Meyrannes";"2022-08-13 11:08:00";1000;;;;;;;;;;;;;;;;;""
2022;12846;"41";"41018";"Blois";"2022-08-13 11:13:00";30000;0;;30000;;;30000;0;0;0;"Estimées";;;;;;;""
2022;23307;"50";"50112";"La Chaise-Baudouin";"2022-08-13 11:39:02";150;150;;0;;;0;0;0;0;"Estimées";;;"Non";;;;""
2022;12845;"41";"41249";"Souesmes";"2022-08-13 11:40:00";130000;130000;;0;;;0;0;0;0;"Estimées";;;;;;;""
2022;4432;"88";"88465";"Capavenir Vosges";"2022-08-13 12:29:00";200;200;;0;;;0;0;0;0;"Estimées";;;;;;;""
2022;5128;"88";"88486";"Vagney";"2022-08-13 12:38:00";1500;1500;;0;;;0;0;0;0;"Estimées";;;;;;;""
2022;12151;"87";"87150";"Saint-Hilaire-les-Places";"2022-08-13 12:38:03";50;50;;;0;0;;;;;"Mesurées";;;"Non";;;;""
2022;5542;"29";"29236";"Riec-sur-Bélon";"2022-08-13 12:41:00";50;0;;50;;;50;0;0;0;"Estimées";;;;;;;""
2022;18164;"83";"83058";"Flayosc";"2022-08-13 12:49:00";2800;2800;;;;;;;;;;"4";"Involontaire (particulier)";;;;;""
2022;5129;"88";"88160";"Épinal";"2022-08-13 13:23:00";30000;30000;;0;;;0;0;0;0;"Estimées";;;;;;;""
2022;12152;"87";"87117";"Peyrat-le-Château";"2022-08-13 13:31:57";30000;30000;;;0;0;;;;;"Estimées";;;"Non";;;;""
2022;18112;"2B";"2B185";"Oletta";"2022-08-13 13:39:00";40000;;;;;;;;;;;;"Malveillance";;;;;""
2022;3111;"37";"37234";"Saint-Quentin-sur-Indrois";"2022-08-13 13:42:00";500;0;;500;;;500;0;0;0;"Estimées";;;;;;;""
2022;3223;"49";"49307";"Loire-Authion";"2022-08-13 13:48:00";1700000;1700000;;0;;;0;0;0;0;"Estimées";;;;;;;""
2022;11820;"33";"33507";"Sauviac";"2022-08-13 14:18:00";4000;4000;;0;;;0;;;0;"Estimées";;;"Non";;;;""
2022;18102;"05";"05060";"Furmeyer";"2022-08-13 14:18:00";160;160;;;;;;;;;;"4";"Malveillance";;;;;""
2022;4985;"39";"39363";"Montrevel";"2022-08-13 14:29:00";2000000;0;;2000000;;;2000000;0;0;0;"Estimées";;;;;;;""
2022;18518;"11";"11236";"Molandier";"2022-08-13 14:55:00";9512;;;;;;;;;;;;;;;;;""
2022;3100;"76";"76367";"Houppeville";"2022-08-13 15:08:00";400;0;;400;;;400;0;0;0;"Estimées";;"Accidentelle";;;;;"Données partielles ou non valides"
2022;5544;"29";"29162";"Pleyben";"2022-08-13 15:25:00";100;0;;100;;;100;0;0;0;"Estimées";;;;;;;""
2022;8100;"38";"38017";"Assieu";"2022-08-13 15:31:00";500;0;;500;;;500;0;0;0;"Estimées";;;;;;;""
2022;18525;"11";"11164";"Ginestas";"2022-08-13 15:38:00";9156;;;;;;;;;;;;;;;;;""
2022;4434;"88";"88302";"Le Ménil";"2022-08-13 15:42:00";370500;370500;;0;;;0;0;0;0;"Mesurées";;;;;;;""
2022;5436;"44";"44179";"Saint-Mars-du-Désert";"2022-08-13 15:51:00";800;0;;800;;;800;0;0;0;"Estimées";;;;;;;""
2022;18419;"34";"34274";"Saint-Martin-de-Londres";"2022-08-13 15:53:00";914;914;;;;;;;;;;"1";;;;;;""
2022;10745;"24";"24316";"Parcoul-Chenaud";"2022-08-13 16:04:00";20;20;;0;;;0;;;;"Estimées";;;"Non";;;;""
2022;18945;"13";"13045";"Graveson";"2022-08-13 16:04:00";2;2;;;;;;;;;;"1";;;;;;""
2022;11876;"33";"33036";"Bazas";"2022-08-13 16:20:00";4000;4000;;0;;;0;0;0;0;"Estimées";;"Malveillance";"Non";;;;""
2022;11931;"33";"33244";"Lignan-de-Bazas";"2022-08-13 16:49:00";10000;10000;;0;;;0;;;0;"Estimées";;;"Non";;;;""
2022;3112;"37";"37204";"Rouziers-de-Touraine";"2022-08-13 16:55:00";1500;0;;1500;;;1500;0;0;0;"Estimées";;;;;;;""
2022;5437;"44";"44184";"Saint-Nazaire";"2022-08-13 17:04:00";10000;0;;10000;;;10000;0;0;0;"Estimées";;;;;;;""
2022;5545;"29";"29058";"Fouesnant";"2022-08-13 17:09:00";200;0;;200;;;200;0;0;0;"Estimées";;;;;;;""
2022;7107;"72";"72072";"Château-l'Hermitage";"2022-08-13 17:15:00";60000;60000;;0;;;0;0;0;0;"Estimées";;;;;;;""
2022;7108;"72";"72260";"Ruaudin";"2022-08-13 17:29:00";15;15;;0;;;0;0;0;0;"Estimées";;"Malveillance";;;;;""
2022;19619;"66";"66053";"Collioure";"2022-08-13 17:41:00";30;30;;;;;;;;;;"5";"Naturelle";;;;;""
2022;4236;"91";"91099";"Boutigny-sur-Essonne";"2022-08-13 18:10:00";4000;0;;4000;;;4000;0;0;0;"Estimées";;"Involontaire (particulier)";;;;;""
2022;23310;"50";"50260";"Juvigny les Vallées";"2022-08-13 18:13:48";2000;0;;2000;;;2000;0;0;0;"Estimées";;;"Non";;;;""
2022;5547;"29";"29188";"Plougasnou";"2022-08-13 18:22:00";200;0;;200;;;200;0;0;0;"Estimées";;;;;;;""
2022;18099;"30";"30005";"Aiguèze";"2022-08-13 18:30:00";6077;;6077;;;;;;;;;"2";"Naturelle";;;;;""
2022;19621;"66";"66106";"Maureillas-las-Illas";"2022-08-13 18:35:00";300;300;;;;;;;;;;"5";"Naturelle";;;;;""
2022;3613;"28";"28012";"Commune nouvelle d'Arrou";"2022-08-13 18:53:00";15000;0;;2000;;;2000;13000;0;13000;"Estimées";;;;;;;""
2022;23108;"57";"57160";"Creutzwald";"2022-08-13 19:08:00";20;20;;0;;;0;0;0;0;"Estimées";;;"Non";;;;""
2022;18103;"05";"05060";"Furmeyer";"2022-08-13 19:24:00";323;320;;;;;;;;3;;"4";"Malveillance";;;;;""
2022;20872;"26";"26216";"La Motte-de-Galaure";"2022-08-13 20:14:00";1000;;;;;;;;;;;;;;;;;""
2022;7110;"72";"72003";"Allonnes";"2022-08-13 20:27:00";10;10;;0;;;0;0;0;0;"Estimées";;;;;;;""
2022;8096;"38";"38544";"Vienne";"2022-08-13 20:45:00";15;0;;15;;;15;0;0;0;"Estimées";;;;;;;""
2022;10900;"40";"40041";"Beyries";"2022-08-13 20:58:00";120;120;;0;;;0;;;0;"Estimées";;;"Non";;;;""
2022;10941;"40";"40158";"Losse";"2022-08-13 21:09:00";200;200;;0;;;0;;;0;"Estimées";;"Naturelle";"Non";;;;""
2022;5548;"29";"29232";"Quimper";"2022-08-13 21:13:00";200;0;;200;;;200;0;0;0;"Estimées";;;;;;;""
2022;7112;"72";"72124";"Écommoy";"2022-08-13 21:19:00";3;3;;0;;;0;0;0;0;"Estimées";;;;;;;""
2022;10870;"40";"40295";"Saugnacq-et-Muret";"2022-08-13 21:50:00";10000;10000;;0;;;0;;;0;"Estimées";;"Naturelle";"Non";;;;""
2022;10915;"40";"40161";"Lubbon";"2022-08-13 22:45:00";20;20;;0;;;0;;;0;"Estimées";;"Naturelle";"Non";;;;""
2022;20873;"26";"26289";"Saillans";"2022-08-13 22:54:00";15000;;;;;;;;;;;;;;;;;""
2022;7408;"56";"56155";"Pénestin";"2022-08-13 23:16:00";2;0;;2;;;2;0;0;0;"Mesurées";;;;;;;""
2022;3638;"85";"85012";"La Barre-de-Monts";"2022-08-13 23:19:00";3000;0;;3000;;;3000;0;0;0;"Mesurées";;;;;;;""
2022;12012;"33";"33122";"Cestas";"2022-08-13 23:23:00";1000;1000;;0;;;0;;;0;"Estimées";;"Naturelle";"Non";;;;""
2022;18946;"13";"13100";"Saint-Rémy-de-Provence";"2022-08-13 23:31:00";3;3;;;;;;;;;;"1";;;;;;""
2022;7113;"72";"72131";"Fercé-sur-Sarthe";"2022-08-14 00:00:00";4000;4000;;0;;;0;0;0;0;"Estimées";;;;;;;""
2022;5556;"29";"29235";"Le Relecq-Kerhuon";"2022-08-14 00:34:00";50;0;;50;;;50;0;0;0;"Estimées";;;;;;;""
2022;18213;"07";"07002";"Ailhon";"2022-08-14 01:55:00";10000;;10000;;;;;;;;;"1";"Accidentelle";;;;;""
2022;8092;"38";"38200";"Jarrie";"2022-08-14 05:04:00";10;0;;10;;;10;0;0;0;"Estimées";;;;;;;""
2022;3394;"15";"15001";"Allanche";"2022-08-14 06:01:00";1;1;;0;;;0;0;0;0;"Estimées";;"Naturelle";;;;;""
2022;8084;"38";"38113";"Clelles";"2022-08-14 07:51:00";10;10;;0;;;0;0;0;0;"Estimées";;"Naturelle";;;;;""
2022;10940;"40";"40267";"Saint-Justin";"2022-08-14 08:09:00";3;3;;0;;;0;;;0;"Estimées";;"Naturelle";"Non";;;;""
2022;4842;"21";"21099";"Bouze-lès-Beaune";"2022-08-14 09:13:00";4000;0;;4000;;;4000;0;0;0;"Estimées";;;;;;;""
2022;3124;"71";"71411";"Saint-Eugène";"2022-08-14 10:43:00";14;0;;14;;;14;0;0;0;"Estimées";;;;;;;""
2022;4819;"77";"77186";"Fontainebleau";"2022-08-14 11:15:00";1;1;;0;;;0;0;0;0;"Mesurées";;"Involontaire (particulier)";;;;;""
2022;18502;"11";"11005";"Alairac";"2022-08-14 11:46:00";300;;;;;;;;;;;;"Malveillance";;;;;""
2022;21567;"84";"84062";"Lagnes";"2022-08-14 12:00:00";230;230;;;;;;;;;;"5";"Naturelle";;;;;""
2022;18947;"13";"13008";"Aurons";"2022-08-14 12:01:00";30;30;;;;;;;;;;"1";"Naturelle";;;;;""
2022;18503;"11";"11370";"Salles-d'Aude";"2022-08-14 12:07:00";2;;;;;;;;;;;;;;;;;""
2022;5130;"88";"88410";"Sainte-Barbe";"2022-08-14 12:37:00";100;100;;0;;;0;0;0;0;"Estimées";;;;;;;""
2022;3290;"08";"08328";"Nouzonville";"2022-08-14 13:05:00";4;0;;4;;;4;0;0;0;"Estimées";;;;;;;""
2022;18534;"11";"11015";"Arques";"2022-08-14 13:14:00";10000;;;;;;;;;;;;;;;;;""
2022;8089;"38";"38383";"Saint-Étienne-de-Crossey";"2022-08-14 14:07:00";10;0;;10;;;10;0;0;0;"Estimées";;;;;;;""
2022;6111;"27";"27040";"Barquet";"2022-08-14 14:13:00";10;0;;10;;;10;0;0;0;"Estimées";;;;;;;"Données partielles ou non valides"
2022;18948;"13";"13079";"Puyloubier";"2022-08-14 14:18:00";10;10;;;;;;;;;;"1";"Naturelle";;;;;""
2022;11788;"33";"33498";"Salles";"2022-08-14 14:59:00";25000;25000;;0;;;0;;;0;"Estimées";;;"Non";;;;""
2022;6112;"27";"27601";"Saint-Samson-de-la-Roque";"2022-08-14 15:11:00";9000;0;;3000;;;3000;6000;0;6000;"Estimées";;;;;;;"Données partielles ou non valides"
2022;18514;"11";"11264";"Névian";"2022-08-14 16:16:00";614340;57840;540800;;;;;;;15700;;;;;;;;""
2022;11998;"33";"33214";"Lacanau";"2022-08-14 17:09:00";1500;1500;;0;;;0;;;0;"Estimées";;;"Non";;;;""
2022;18515;"11";"11203";"Lézignan-Corbières";"2022-08-14 17:37:00";200;;;;;;;;;;;;;;;;;""
2022;18654;"04";"04039";"Castellane";"2022-08-14 18:50:00";25;25;;;;;;;;;;;"Naturelle";;;;;""
2022;10864;"40";"40066";"Carcarès-Sainte-Croix";"2022-08-14 18:51:00";5000;5000;;0;;;0;;;0;"Estimées";;;"Non";;;;""
2022;9515;"16";"16123";"Échallat";"2022-08-14 19:06:00";10500;500;;;10000;;;;;;"Estimées";;;"Non";;;;""
2022;10921;"40";"40287";"Sanguinet";"2022-08-14 19:54:00";9070;9070;;0;;;0;;;0;"Estimées";;"Naturelle";"Non";;;;""
2022;9606;"44";"44077";"Joué-sur-Erdre";"2022-08-14 20:14:00";70;0;;70;;;70;0;0;0;"Estimées";;;;;;;""
2022;18505;"11";"11155";"Fourtou";"2022-08-14 20:23:00";200;;;;;;;;;;;;;;;;;""
2022;11796;"33";"33193";"Grayan-et-l'Hôpital";"2022-08-14 22:28:00";600;600;;0;;;0;;;0;"Estimées";;"Malveillance";"Non";;;;""
2022;18504;"11";"11372";"Salsigne";"2022-08-15 00:08:00";700;;;;;;;;;;;;"Malveillance";;;;;""
2022;19625;"66";"66046";"Caudiès-de-Fenouillèdes";"2022-08-15 02:52:00";811900;772100;11000;;;;;;;28800;;"4";"Malveillance";;;;;""
2022;18952;"13";"13028";"La Ciotat";"2022-08-15 03:38:00";2;2;;;;;;;;;;"1";"Accidentelle";;;;;""
2022;18979;"2A";"2A006";"Alata";"2022-08-15 08:30:00";5;;5;;;;;;;;;"1";"Naturelle";;;;;""
2022;4488;"35";"35019";"Bazouges-la-Pérouse";"2022-08-15 09:33:00";10;0;;10;;;10;0;0;0;"Estimées";;;;;;;""
2022;18167;"83";"83039";"Châteauvert";"2022-08-15 10:48:00";20;20;;;;;;;;;;"3";"Naturelle";;;;;""
2022;18420;"34";"34312";"La Tour-sur-Orb";"2022-08-15 11:31:00";2834;2834;;;;;;;;;;"1";"Malveillance";;;;;""
2022;18158;"2B";"2B153";"Manso";"2022-08-15 11:46:00";1;;;;;;;;;;;;"Naturelle";;;;;""
2022;18302;"34";"34299";"Sérignan";"2022-08-15 14:31:00";30275;;;;;;;;;;;;"Malveillance";;;;;""
2022;18301;"34";"34180";"Nébian";"2022-08-15 15:05:00";3011;;3011;;;;;;;;;"1";"Malveillance";;;;;""
2022;10866;"40";"40051";"Bougue";"2022-08-15 15:15:00";10690;10690;;0;;;0;;;0;"Estimées";;"Naturelle";"Non";;;;""
2022;3641;"85";"85047";"Challans";"2022-08-15 16:13:00";20000;0;;20000;;;20000;0;0;0;"Mesurées";;;;;;;""
2022;5197;"90";"90101";"Vellescot";"2022-08-15 17:28:00";20;0;;20;;;20;0;0;0;"Estimées";;;;;;;""
2022;18240;"05";"05173";"Upaix";"2022-08-15 18:02:00";6200;6200;;;;;;;;;;"3";"Naturelle";;;;;""
2022;3130;"76";"76637";"Saint-Pierre-en-Port";"2022-08-15 18:35:00";20000;0;;20000;;;20000;0;0;0;"Estimées";;;;;;;""
2022;18215;"07";"07117";"Lablachère";"2022-08-15 19:54:00";15000;;15000;;;;;;;;;"1";"Accidentelle";;;;;""
2022;19341;"11";"11015";"Arques";"2022-08-16 01:03:00";50;;;;;;;;;;;;;;;;;""
2022;4288;"80";"80593";"La Neuville-lès-Bray";"2022-08-16 11:59:00";100;0;;100;;;100;0;0;0;"Estimées";;;;;;;""
2022;3969;"01";"01362";"Saint-Jean-de-Thurigneux";"2022-08-16 12:37:00";10000;0;;10000;;;10000;0;0;0;"Estimées";;;;;;;""
2022;8085;"38";"38479";"Porte-des-Bonnevaux";"2022-08-16 13:08:00";5000;0;;5000;;;5000;0;0;0;"Estimées";;;;;;;""
2022;5142;"88";"88212";"Grand";"2022-08-16 14:43:00";6;6;;0;;;0;0;0;0;"Estimées";;;;;;;""
2022;4289;"80";"80710";"Saint-Maxent";"2022-08-16 14:52:00";100;0;;100;;;100;0;0;0;"Estimées";;;;;;;""
2022;18326;"2B";"2B009";"Aléria";"2022-08-16 15:15:00";10;;;;;;;;;;;;"Naturelle";;;;;""
2022;10922;"40";"40331";"Villeneuve-de-Marsan";"2022-08-16 15:49:00";26190;13190;;0;;;0;;;13000;"Estimées";;"Naturelle";"Non";;;;""
2022;10837;"40";"40287";"Sanguinet";"2022-08-16 15:53:00";169660;169660;;0;;;0;;;0;"Estimées";;"Naturelle";"Non";;;;""
2022;9193;"12";"12226";"Saint-Hippolyte";"2022-08-16 15:54:00";301000;105100;;143400;;;143400;0;52500;52500;"Mesurées";;;;;;;""
2022;7992;"38";"38336";"Reventin-Vaugris";"2022-08-16 15:58:00";2500;0;;2500;;;2500;0;0;0;"Estimées";;;;;;;""
2022;18658;"04";"04001";"Aiglun";"2022-08-16 16:10:00";440;440;;;;;;;;;;"5";"Involontaire (particulier)";;;;;""
2022;4833;"21";"21564";"Saint-Nicolas-lès-Cîteaux";"2022-08-16 16:46:00";300;60;;0;;;0;0;240;240;"Mesurées";;;;;;;""
2022;18660;"04";"04204";"Senez";"2022-08-16 17:15:00";1700;1700;;;;;;;;;;;"Naturelle";;;;;""
2022;3208;"52";"52228";"Grandchamp";"2022-08-16 17:22:00";10000;0;;10000;;;10000;0;0;0;"Estimées";;;;;;;""
2022;18191;"83";"83123";"Sanary-sur-Mer";"2022-08-16 18:48:00";6400;6400;;;;;;;;;;"4";"Accidentelle";;;;;""
2022;3221;"71";"71433";"Saint-Julien-de-Civry";"2022-08-16 18:53:00";1;0;;1;;;1;0;0;0;"Estimées";;;;;;;""
2022;10855;"40";"40227";"Pissos";"2022-08-16 21:41:00";17540;17540;;0;;;0;;;0;"Estimées";;"Accidentelle";"Non";;;;""
2022;7119;"72";"72260";"Ruaudin";"2022-08-16 22:12:00";10;10;;0;;;0;0;0;0;"Estimées";;"Malveillance";;;;;""
2022;9517;"16";"16251";"Oriolles";"2022-08-16 22:25:00";2000;2000;;;;;;;;;"Mesurées";;;"Non";;;;""
2022;19052;"07";"07238";"Saint-Genest-de-Beauzon";"2022-08-16 22:33:00";2000;2000;;;;;;;;;;"4";;;;;;""
2022;10924;"40";"40210";"Onesse-Laharie";"2022-08-16 22:51:00";2000;2000;;0;;;0;;;0;"Estimées";;"Naturelle";"Non";;;;""
2022;18955;"13";"13108";"Tarascon";"2022-08-17 00:18:00";120;120;;;;;;;;;;"1";"Naturelle";;;;;""
2022;11968;"33";"33490";"Saint-Vivien-de-Médoc";"2022-08-17 03:43:00";40000;40000;;0;;;0;0;0;0;"Estimées";;"Malveillance";"Non";;;;""
2022;18954;"13";"13005";"Aubagne";"2022-08-17 06:29:00";2;2;;;;;;;;;;"1";;;;;;""
2022;10838;"40";"40152";"Lesperon";"2022-08-17 11:26:00";3000;3000;;0;;;0;;;0;"Estimées";;"Naturelle";"Non";;;;""
2022;7149;"61";"61292";"Montsecret-Clairefougère";"2022-08-17 14:24:46";400;0;;400;;;400;0;;;;;"Malveillance";;;;;"Données partielles ou non valides"
2022;7148;"61";"61400";"Saint-Gervais-du-Perron";"2022-08-17 14:52:18";5000;0;;5000;;;5000;0;;;;;"Malveillance";;;;;"Données partielles ou non valides"
2022;18953;"13";"13094";"Saint-Étienne-du-Grès";"2022-08-17 16:13:00";4;4;;;;;;;;;;"1";"Naturelle";;;;;""
2022;7147;"61";"61061";"Bretoncelles";"2022-08-17 16:16:38";15000;0;;15000;;;15000;0;;;;;"Malveillance";;;;;"Données partielles ou non valides"
2022;19340;"11";"11163";"Gincla";"2022-08-17 18:20:00";50;;;;;;;;;;;;;;;;;""
2022;7989;"38";"38331";"Réaumont";"2022-08-17 21:48:00";10;0;;10;;;10;0;0;0;"Estimées";;"Naturelle";;;;;""
2022;18663;"04";"04053";"Châteauneuf-Val-Saint-Donat";"2022-08-17 22:40:00";60;60;;;;;;;;;;;"Naturelle";;;;;""
2022;18980;"2A";"2A345";"Vero";"2022-08-18 08:14:00";222;22;200;;;;;;;;;"4";"Naturelle";;;;;""
2022;3245;"71";"71167";"Damerey";"2022-08-18 12:31:00";5;0;;5;;;5;0;0;0;"Estimées";;;;;;;""
2022;18956;"13";"13031";"La Destrousse";"2022-08-18 13:17:00";2;2;;;;;;;;;;"1";;;;;;""
2022;18421;"34";"34305";"Le Soulié";"2022-08-18 13:20:00";26;;;;;;;;;;;;"Naturelle";;;;;""
2022;7146;"61";"61508";"Vimoutiers";"2022-08-18 14:39:36";3000;0;;3000;;;3000;0;;;;;"Malveillance";;;;;"Données partielles ou non valides"
2022;10193;"17";"17430";"Soubran";"2022-08-18 16:37:00";5000;2000;;3000;0;0;;;;;"Mesurées";;;"Non";0;0;0;""
2022;7145;"61";"61167";"La Ferté-en-Ouche";"2022-08-18 16:43:09";6000;0;;6000;;;6000;0;;;;;"Malveillance";;;;;"Données partielles ou non valides"
2022;10907;"40";"40327";"Vielle-Soubiran";"2022-08-18 17:04:00";62690;62690;;0;;;0;;;0;"Estimées";;;"Non";;;;""
2022;12402;"31";"31584";"Villemur-sur-Tarn";"2022-08-18 18:11:15";50000;50000;;;;;;;;0;"Estimées";;;"Non";;;;"Données partielles ou non valides"
2022;19339;"11";"11373";"Salvezines";"2022-08-18 18:21:00";2000;;;;;;;;;;;;;;;;;""
2022;10899;"40";"40171";"Mano";"2022-08-18 21:13:00";11800;10000;;0;;;0;;;1800;"Estimées";;"Naturelle";"Non";;;;""
2022;18506;"11";"11198";"Laure-Minervois";"2022-08-18 23:29:00";200;;;;;;;;;;;;"Accidentelle";;;;;""
2022;19644;"66";"66103";"Marquixanes";"2022-08-19 13:42:00";1000;;1000;;;;;;;;;"1";"Malveillance";;;;;""
2022;19645;"66";"66176";"Saint-Hippolyte";"2022-08-19 14:24:00";20000;;;;;;;;;20000;;"6";"Malveillance";;;;;""
2022;18957;"13";"13081";"Rognac";"2022-08-19 14:53:00";2;2;;;;;;;;;;"1";;;;;;""
2022;18343;"30";"30119";"Fressac";"2022-08-19 16:36:00";66;66;;;;;;;;;;"3";;;;;;""
2022;6119;"27";"27168";"Connelles";"2022-08-19 18:54:00";50;0;;50;;;50;0;0;0;"Estimées";;;;;;;"Données partielles ou non valides"
2022;11266;"64";"64123";"Bidache";"2022-08-19 19:39:59";50;5;;45;;;;;;;"Estimées";;"Involontaire (particulier)";"Non";;;;""
2022;11958;"33";"33193";"Grayan-et-l'Hôpital";"2022-08-19 20:18:00";1000;1000;;0;;;0;;;0;"Estimées";;;"Non";;;;""
2022;9518;"16";"16105";"Condéon";"2022-08-19 21:54:00";2700;2700;;;;;;;;;"Mesurées";;;"Non";;;;""
2022;11893;"33";"33541";"Vensac";"2022-08-20 00:17:00";30000;30000;;0;;;0;;;0;"Estimées";;;"Non";;;;""
2022;18400;"34";"34079";"Clermont-l'Hérault";"2022-08-20 09:07:00";2519;;2519;;;;;;;;;"1";"Malveillance";;;;;""
2022;7982;"38";"38439";"Crêts en Belledonne";"2022-08-20 13:11:00";30;0;;30;;;30;0;0;0;"Estimées";;;;;;;""
2022;11828;"33";"33115";"Cazalis";"2022-08-20 13:58:00";10000;10000;;0;;;0;;;0;"Estimées";;"Naturelle";"Non";;;;""
2022;18958;"13";"13051";"Lançon-Provence";"2022-08-20 15:17:00";10;10;;;;;;;;;;"1";;;;;;""
2022;18486;"06";"06032";"Cap-d'Ail";"2022-08-20 16:02:00";20;;;;;;;;;;;;;;;;;""
2022;5144;"88";"88317";"Moussey";"2022-08-20 16:16:00";4;4;;0;;;0;0;0;0;"Estimées";;;;;;;""
2022;18507;"11";"11151";"Fontiès-d'Aude";"2022-08-20 16:20:00";36779;;;;;;;;;;;;;;;;;""
2022;4820;"77";"77360";"Pézarches";"2022-08-20 16:23:00";1000;0;;1000;;;1000;0;0;0;"Estimées";;;;;;;""
2022;6123;"27";"27394";"Martot";"2022-08-20 20:38:00";500;0;;500;;;500;0;0;0;"Estimées";;;;;;;"Données partielles ou non valides"
2022;4836;"21";"21054";"Beaune";"2022-08-20 22:06:00";3000;0;;3000;;;3000;0;0;0;"Estimées";;;;;;;""
2022;10868;"40";"40169";"Maillas";"2022-08-20 23:28:00";500;500;;0;;;0;;;0;"Estimées";;"Accidentelle";"Non";;;;""
2022;18508;"11";"11170";"Gruissan";"2022-08-21 14:30:00";113997;;;;;;;;;;;;;;;;;""
2022;8240;"38";"38545";"Vif";"2022-08-21 14:39:00";50;50;;0;;;0;0;0;0;"Estimées";;"Malveillance";;;;;""
2022;7976;"38";"38037";"Bellegarde-Poussieu";"2022-08-21 14:52:00";1000;0;;1000;;;1000;0;0;0;"Estimées";;;;;;;""
2022;23152;"19";"19225";"Saint-Merd-de-Lapleau";"2022-08-21 14:53:15";100000;100000;;;;;;;;;"Mesurées";;;"Non";;;;"Données partielles ou non valides"
2022;18666;"04";"04128";"Montfuron";"2022-08-21 15:03:00";2200;2200;;;;;;;;;;"4";"Involontaire (particulier)";;;;;""
2022;8255;"38";"38388";"Saint-Georges-de-Commiers";"2022-08-21 16:38:00";50;50;;0;;;0;0;0;0;"Estimées";;"Malveillance";;;;;""
2022;18480;"2A";"2A141";"Letia";"2022-08-21 18:50:00";200;;200;;;;;;;;;"1";"Naturelle";;;;;""
2022;18959;"13";"13019";"Cabriès";"2022-08-21 23:37:00";200;200;;;;;;;;;;"1";;;;;;""
2022;13130;"14";"14371";"Livarot-Pays-d'Auge";"2022-08-22 15:32:00";20000;0;;20000;;;20000;0;0;0;"Estimées";;;;;;;"Données partielles ou non valides"
2022;18797;"13";"13097";"Saint-Martin-de-Crau";"2022-08-22 15:53:00";948280;810500;137780;;;;;;;;;"1";"Malveillance";;;;;""
2022;18539;"11";"11322";"Roquefort-des-Corbières";"2022-08-22 16:45:00";500;;;;;;;;;;;;;;;;;""
2022;7144;"61";"61422";"Les Aspres";"2022-08-22 20:46:10";300;0;;300;;;300;0;;;;;"Malveillance";;;;;"Données partielles ou non valides"
2022;9521;"16";"16099";"Chillac";"2022-08-22 22:00:00";200;200;;;;;;;;;"Estimées";;;"Non";;;;""
2022;10665;"24";"24354";"La Roche-Chalais";"2022-08-23 02:40:00";10000;10000;;0;;;0;;;;"Estimées";;;"Non";;;;""
2022;10666;"24";"24354";"La Roche-Chalais";"2022-08-23 02:52:00";3000;3000;;0;;;0;;;;"Estimées";;;"Non";;;;""
2022;18381;"2B";"2B347";"Vezzani";"2022-08-23 10:04:00";10;;;;;;;;;;;;"Naturelle";;;;;""
2022;18430;"34";"34308";"Taussac-la-Billière";"2022-08-23 13:32:00";448;;;;;;;;;;;;"Malveillance";;;;;""
2022;7143;"61";"61397";"Saint-Germain-du-Corbéis";"2022-08-23 14:17:06";150000;0;;150000;;;150000;0;;;;;"Malveillance";;;;;"Données partielles ou non valides"
2022;10667;"24";"24300";"Nabirat";"2022-08-23 14:26:00";1500;1500;;0;;;0;;;;"Estimées";;;"Non";;;;""
2022;18550;"34";"34126";"Lamalou-les-Bains";"2022-08-23 15:56:00";812;;812;;;;;;;;;"1";"Accidentelle";;;;;""
2022;18963;"13";"13106";"Septèmes-les-Vallons";"2022-08-23 16:52:00";50;50;;;;;;;;;;"1";"Accidentelle";;;;;""
2022;18960;"13";"13022";"Cassis";"2022-08-23 18:31:00";2;2;;;;;;;;;;"1";;;;;;""
2022;18962;"13";"13113";"Venelles";"2022-08-23 19:19:00";10;10;;;;;;;;;;"1";;;;;;""
2022;18484;"2B";"2B286";"Sorbo-Ocagnano";"2022-08-23 20:48:00";1000;;;;;;;;;;;;"Malveillance";;;;;""
2022;18473;"30";"30192";"Orthoux-Sérignac-Quilhan";"2022-08-24 11:09:00";105;105;;;;;;;;;;"2";;;;;;""
2022;7142;"61";"61276";"Merri";"2022-08-24 12:06:36";3000;0;;3000;;;3000;0;;;;;"Malveillance";;;;;"Données partielles ou non valides"
2022;12767;"18";"18090";"Étréchy";"2022-08-24 14:06:00";51;0;;1;;;1;50;0;50;"Estimées";;;"Non";;;;""
2022;7141;"61";"61346";"Le Renouard";"2022-08-24 14:25:26";350000;0;;350000;;;350000;0;;;;;"Malveillance";;;;;"Données partielles ou non valides"
2022;4822;"77";"77186";"Fontainebleau";"2022-08-24 14:43:00";2500;2500;;0;;;0;0;0;0;"Mesurées";;;;;;;""
2022;5350;"82";"82077";"Labarthe";"2022-08-24 14:46:00";5000;0;;5000;;;5000;0;0;0;"Estimées";;;;;;;"Données partielles ou non valides"
2022;3829;"49";"49353";"Trélazé";"2022-08-24 15:01:00";10000;10000;;0;;;0;0;0;0;"Estimées";;;;;;;""
2022;3813;"71";"71012";"Artaix";"2022-08-24 15:06:00";30;0;;30;;;30;0;0;0;"Estimées";;"Involontaire (travaux)";;;;;""
2022;7012;"72";"72131";"Fercé-sur-Sarthe";"2022-08-24 15:41:00";2500;2500;;0;;;0;0;0;0;"Estimées";;;;;;;""
2022;12407;"31";"31139";"Chaum";"2022-08-24 15:54:22";20000;5000;;;;;;;;15000;"Estimées";;;"Non";;;;"Données partielles ou non valides"
2022;4442;"88";"88004";"Ainvelle";"2022-08-24 17:16:00";25;25;;0;;;0;0;0;0;"Estimées";;;;;;;""
2022;11794;"33";"33393";"Saint-Denis-de-Pile";"2022-08-24 17:25:00";2290;2290;;0;;;0;;;0;"Estimées";;;"Non";;;;""
2022;4874;"21";"21054";"Beaune";"2022-08-24 17:32:00";600;0;;600;;;600;0;0;0;"Estimées";;;;;;;""
2022;11951;"33";"33541";"Vensac";"2022-08-24 17:54:00";40000;40000;;0;;;0;;;0;"Estimées";;;"Non";;;;""
2022;10746;"24";"24329";"Le Pizou";"2022-08-24 17:55:00";5000;5000;;0;;;0;0;0;0;"Estimées";;"Malveillance";"Non";;;;""
2022;11824;"33";"33001";"Abzac";"2022-08-24 18:10:00";1000;1000;;0;;;0;;;0;"Estimées";;;"Non";;;;""
2022;11991;"33";"33248";"Listrac-Médoc";"2022-08-24 18:23:00";20000;20000;;0;;;0;0;0;0;"Estimées";;"Malveillance";"Non";;;;""
2022;18964;"13";"13019";"Cabriès";"2022-08-24 20:13:00";2;2;;;;;;;;;;"1";;;;;;""
2022;10747;"24";"24294";"Montpon-Ménestérol";"2022-08-24 21:51:00";100;100;;0;;;0;0;0;0;"Estimées";;"Malveillance";"Non";;;;""
2022;9523;"16";"16105";"Condéon";"2022-08-24 22:22:00";30700;30700;;;;;;;;;"Mesurées";;;"Non";;;;""
2022;11795;"33";"33233";"Laruscade";"2022-08-24 23:00:00";1000;1000;;0;;;0;;;0;"Estimées";;;"Non";;;;""
2022;10849;"40";"40180";"Meilhan";"2022-08-25 01:08:00";3200;3200;;0;;;0;;;0;"Estimées";;"Naturelle";"Non";;;;""
2022;10748;"24";"24294";"Montpon-Ménestérol";"2022-08-25 01:13:00";1000;1000;;0;;;0;;;;"Estimées";;;"Non";;;;""
2022;10954;"40";"40087";"Créon-d'Armagnac";"2022-08-25 04:25:00";10000;10000;;0;;;0;;;0;"Estimées";;;"Non";;;;""
2022;18556;"34";"34038";"Le Bousquet-d'Orb";"2022-08-25 05:38:00";52;;52;;;;;;;;;"1";"Malveillance";;;;;""
2022;19690;"66";"66123";"Nyer";"2022-08-25 06:13:00";20;20;;;;;;;;;;"3";"Naturelle";;;;;""
2022;10308;"47";"47175";"Monflanquin";"2022-08-25 07:15:45";1;1;;;0;0;;;;;"Estimées";;;"Non";0;0;0;""
2022;18981;"2A";"2A198";"Ota";"2022-08-25 08:16:00";1;1;;;;;;;;;;"4";"Naturelle";;;;;""
2022;5452;"44";"44217";"Vigneux-de-Bretagne";"2022-08-25 08:20:00";200;0;;200;;;200;0;0;0;"Estimées";;;;;;;""
2022;10854;"40";"40096";"Estigarde";"2022-08-25 08:20:00";50;50;;0;;;0;;;0;"Estimées";;"Naturelle";"Non";;;;""
2022;11903;"33";"33380";"Val-de-Livenne";"2022-08-25 09:36:00";5;5;;0;;;0;;;0;"Estimées";;"Naturelle";"Non";;;;""
2022;7140;"61";"61230";"Longny les Villages";"2022-08-25 12:01:31";150000;0;;150000;;;150000;0;;;;;"Malveillance";;;;;"Données partielles ou non valides"
2022;11956;"33";"33422";"Saint-Jean-d'Illac";"2022-08-25 12:22:00";2000;2000;;0;;;0;;;0;"Estimées";;"Naturelle";"Non";;;;""
2022;10738;"24";"24264";"Ménesplet";"2022-08-25 12:34:00";538000;538000;;0;;;0;;;;"Mesurées";;;"Non";;;;""
2022;10917;"40";"40169";"Maillas";"2022-08-25 13:12:00";200;200;;0;;;0;;;0;"Estimées";;"Naturelle";"Non";;;;""
2022;12016;"33";"33076";"Budos";"2022-08-25 13:39:00";20000;20000;;0;;;0;;;0;"Estimées";;"Naturelle";"Non";;;;""
2022;10839;"40";"40134";"Labouheyre";"2022-08-25 13:44:00";10;10;;0;;;0;;;0;"Estimées";;;"Non";;;;""
2022;23106;"57";"57089";"Bitche";"2022-08-25 14:12:00";50000;50000;;0;;;0;0;0;0;"Estimées";;;"Non";;;;""
2022;19706;"66";"66231";"Vingrau";"2022-08-25 14:16:00";2000;;2000;;;;;;;;;"1";"Malveillance";;;;;""
2022;10834;"40";"40169";"Maillas";"2022-08-25 14:27:00";39150;39150;;0;;;0;;;0;"Estimées";;"Naturelle";"Non";;;;""
2022;4676;"08";"08284";"Les Mazures";"2022-08-25 14:51:00";100;0;;100;;;100;0;0;0;"Estimées";;;;;;;""
2022;18798;"13";"13007";"Auriol";"2022-08-25 15:20:00";24800;24800;;;;;;;;;;"1";"Involontaire (travaux)";;;;;""
2022;7139;"61";"61435";"Saint-Nicolas-de-Sommaire";"2022-08-25 15:49:58";100000;0;;100000;;;100000;0;;;;;"Malveillance";;;;;"Données partielles ou non valides"
2022;11912;"33";"33070";"Brach";"2022-08-25 16:28:00";200;200;;0;;;0;;;0;"Estimées";;"Naturelle";"Non";;;;""
2022;19708;"66";"66191";"Sansa";"2022-08-25 16:40:00";400;400;;;;;;;;;;"4";"Naturelle";;;;;""
2022;18615;"48";"48178";"Saint-Privat-de-Vallongue";"2022-08-25 16:56:00";20000;20000;;;;;;;;;;"3";;;;;;""
2022;11963;"33";"33417";"Sainte-Hélène";"2022-08-25 17:01:00";200;200;;0;;;0;;;0;"Estimées";;"Naturelle";"Non";;;;""
2022;10932;"40";"40087";"Créon-d'Armagnac";"2022-08-25 17:53:00";85990;85990;;0;;;0;;;0;"Estimées";;"Naturelle";"Non";;;;""
2022;11933;"33";"33164";"Fargues";"2022-08-25 19:22:00";2000;2000;;0;;;0;;;0;"Estimées";;;"Non";;;;""
2022;4994;"21";"21498";"Posanges";"2022-08-25 23:02:00";500;0;;500;;;500;0;0;0;"Estimées";;;;;;;""
2022;19712;"66";"66041";"Cases-de-Pène";"2022-08-26 05:36:00";20000;;20000;;;;;;;;;"1";"Malveillance";;;;;""
2022;19720;"66";"66080";"Fontpédrouse";"2022-08-26 09:09:00";20;20;;;;;;;;;;"3";"Naturelle";;;;;""
2022;18575;"34";"34329";"Vendres";"2022-08-26 10:43:00";69119;;69119;;;;;;;;;"1";;;;;;""
2022;7138;"61";"61339";"Putanges-le-Lac";"2022-08-26 12:45:46";1000;0;;1000;;;1000;0;;;;;"Malveillance";;;;;"Données partielles ou non valides"
2022;3963;"46";"46012";"Aynac";"2022-08-26 14:22:00";300;0;;300;;;300;0;0;0;"Estimées";;;;;;;""
2022;5351;"82";"82052";"Escatalens";"2022-08-26 16:00:00";2000;0;;2000;;;2000;0;0;0;"Estimées";;;;;;;"Données partielles ou non valides"
2022;10853;"40";"40164";"Retjons";"2022-08-26 16:44:00";12000;12000;;0;;;0;;;0;"Estimées";;"Naturelle";"Non";;;;""
2022;18547;"83";"83023";"Brignoles";"2022-08-26 17:03:00";20;20;;;;;;;;;;"4";"Naturelle";;;;;""
2022;18616;"2B";"2B007";"Albertacce";"2022-08-26 17:27:00";10;;;;;;;;;;;;"Naturelle";;;;;""
2022;4508;"35";"35173";"Melesse";"2022-08-26 18:07:00";10;10;;0;;;0;0;0;0;"Estimées";;;;;;;""
2022;18576;"34";"34003";"Agde";"2022-08-26 18:13:00";1699;1699;;;;;;;;;;"3";;;;;;""
2022;18577;"06";"06042";"Clans";"2022-08-26 18:19:00";400;100;300;;;;;;;;;"1";"Naturelle";;;;;""
2022;7137;"61";"61203";"Héloup";"2022-08-26 22:58:46";200;0;;200;;;200;0;;;;;"Malveillance";;;;;"Données partielles ou non valides"
2022;6996;"72";"72115";"Dissay-sous-Courcillon";"2022-08-27 03:23:00";70;70;;0;;;0;0;0;0;"Estimées";;;;;;;""
2022;11925;"33";"33450";"Saint-Michel-de-Castelnau";"2022-08-27 11:14:00";2500;2500;;0;;;0;;;0;"Estimées";;"Naturelle";"Non";;;;""
2022;10668;"24";"24146";"Creyssensac-et-Pissot";"2022-08-27 11:53:00";5000;5000;;0;;;0;;;;"Estimées";;;"Non";;;;""
2022;11901;"33";"33248";"Listrac-Médoc";"2022-08-27 12:45:00";20000;20000;;0;;;0;;;0;"Estimées";;;"Non";;;;""
2022;19338;"11";"11254";"Montréal";"2022-08-27 13:24:00";3000;;;;;;;;;;;;;;;;;""
2022;19730;"66";"66141";"Pia";"2022-08-27 14:17:00";40000;;;;;;;;;40000;;"6";"Malveillance";;;;;""
2022;9196;"12";"12097";"Espeyrac";"2022-08-27 14:27:00";141300;131000;;0;;;0;8100;2200;10300;"Mesurées";;;;;;;""
2022;9197;"12";"12208";"Saint-Affrique";"2022-08-27 14:34:00";65500;45900;;0;;;0;1100;18500;19600;"Mesurées";;;;;;;""
2022;7136;"61";"61475";"Soligny-la-Trappe";"2022-08-27 15:14:48";600000;0;;600000;;;600000;0;;;;;"Malveillance";;;;;"Données partielles ou non valides"
2022;6135;"27";"27008";"Alizay";"2022-08-27 16:30:00";90000;0;;35000;;;35000;0;55000;55000;"Estimées";;;;;;;"Données partielles ou non valides"
2022;18543;"48";"48155";"Saint-Germain-de-Calberte";"2022-08-27 16:35:00";100;;100;;;;;;;;;"1";;;;;;""
2022;7135;"61";"61167";"La Ferté-en-Ouche";"2022-08-27 16:43:04";4000;0;;4000;;;4000;0;;;;;"Malveillance";;;;;"Données partielles ou non valides"
2022;9529;"16";"16283";"Ronsenac";"2022-08-27 17:43:00";4800;3700;;;1100;;;;;;"Mesurées";;;"Non";;;;""
2022;18620;"2B";"2B016";"Antisanti";"2022-08-27 18:13:00";10;;;;;;;;;;;;"Naturelle";;;;;""
2022;10671;"24";"24436";"Saint-Laurent-des-Hommes";"2022-08-27 18:44:00";1000;1000;;0;;;0;;;;"Estimées";;;"Non";;;;""
2022;23046;"57";"57742";"Walscheid";"2022-08-27 19:03:00";200;200;;0;;;0;0;0;0;"Estimées";;;"Non";;;;""
2022;11829;"33";"33173";"Francs";"2022-08-27 19:56:00";5000;5000;;0;;;0;;;0;"Estimées";;;"Non";;;;""
2022;11827;"33";"33527";"Le Teich";"2022-08-27 20:31:00";200;200;;0;;;0;;;0;"Estimées";;"Accidentelle";"Non";;;;""
2022;19071;"07";"07161";"Montpezat-sous-Bauzon";"2022-08-28 00:18:00";248000;;248000;;;;;;;;;"1";"Malveillance";;;;;""
2022;18680;"04";"04039";"Castellane";"2022-08-28 11:33:00";5;5;;;;;;;;;;;"Naturelle";;;;;""
2022;10877;"40";"40171";"Mano";"2022-08-28 13:37:00";1000;1000;;0;;;0;;;0;"Estimées";;;"Non";;;;""
2022;4825;"77";"77244";"Larchant";"2022-08-28 13:40:00";1;1;;0;;;0;0;0;0;"Mesurées";;"Involontaire (particulier)";;;;;""
2022;6984;"72";"72056";"Champfleur";"2022-08-28 14:47:00";2000;2000;;0;;;0;0;0;0;"Estimées";;"Involontaire (particulier)";;;;;""
2022;5560;"29";"29037";"Combrit";"2022-08-28 15:57:00";2000;0;;2000;;;2000;0;0;0;"Estimées";;;;;;;""
2022;18982;"2A";"2A089";"Ciamannacce";"2022-08-28 16:23:00";10;;10;;;;;;;;;"5";"Naturelle";;;;;""
2022;11909;"33";"33519";"Le Taillan-Médoc";"2022-08-28 16:48:00";100;100;;0;;;0;;;0;"Estimées";;;"Non";;;;""
2022;9134;"55";"55036";"Beauclair";"2022-08-28 16:56:00";1000;500;;0;;;0;500;0;500;"Mesurées";;;;;;;""
2022;18621;"2B";"2B124";"Ghisoni";"2022-08-28 17:05:00";10;;;;;;;;;;;;"Naturelle";;;;;""
2022;19336;"11";"11128";"Escueillens-et-Saint-Just-de-Bélengard";"2022-08-28 17:14:00";1500;;;;;;;;;;;;;;;;;""
2022;5352;"82";"82117";"Montaigu-de-Quercy";"2022-08-28 17:27:00";60000;0;;60000;;;60000;0;0;0;"Estimées";;;;;;;"Données partielles ou non valides"
2022;11830;"33";"33222";"Lalande-de-Pomerol";"2022-08-28 17:45:00";500;500;;0;;;0;;;0;"Estimées";;;"Non";;;;""
2022;6138;"27";"27676";;"2022-08-28 18:02:00";22000;0;;2000;;;2000;20000;0;20000;"Estimées";;;;;;;"Données partielles ou non valides"
2022;4359;"91";"91671";"Villeneuve-sur-Auvers";"2022-08-28 18:08:00";1000;0;;1000;;;1000;0;0;0;"Estimées";;;;;;;""
2022;11831;"33";"33284";"Mios";"2022-08-28 18:53:00";15000;15000;;0;;;0;;;0;"Estimées";;;"Non";;;;""
2022;18598;"34";"34003";"Agde";"2022-08-28 19:06:00";4288;;4288;;;;;;;;;"1";;;;;;""
2022;19735;"66";"66030";"Calce";"2022-08-28 19:23:00";20;;20;;;;;;;;;"1";"Malveillance";;;;;""
2022;5561;"29";"29028";"Cléden-Cap-Sizun";"2022-08-28 21:04:00";40;0;;40;;;40;0;0;0;"Estimées";;;;;;;""
2022;19335;"11";"11255";"Montredon-des-Corbières";"2022-08-28 22:28:00";100;;;;;;;;;;;;;;;;;""
2022;19334;"11";"11095";"Comigne";"2022-08-29 12:07:00";285519;56719;130900;;;;;;;97900;;;"Involontaire (particulier)";;;;;""
2022;13368;"67";"67180";"Haguenau";"2022-08-29 12:55:00";60000;60000;;0;;;0;0;0;0;"Estimées";;;;;;;""
2022;21581;"84";"84105";"Saignon";"2022-08-29 13:58:00";500;500;;;;;;;;;;;;;;;;""
2022;4686;"08";"08081";"Bogny-sur-Meuse";"2022-08-29 14:05:00";500;0;;500;;;500;0;0;0;"Estimées";;;;;;;""
2022;3983;"76";"76322";"Le Grand-Quevilly";"2022-08-29 14:32:00";5000;0;;5000;;;5000;0;0;0;"Estimées";;;;;;;"Données partielles ou non valides"
2022;10672;"24";"24354";"La Roche-Chalais";"2022-08-29 15:01:00";30000;30000;;0;;;0;;;;"Estimées";;;"Non";;;;""
2022;13312;"55";"55045";"Belrupt-en-Verdunois";"2022-08-29 15:32:00";30000;0;;10000;;;10000;0;20000;20000;"Estimées";;;;;;;""
2022;10928;"40";"40243";"Rion-des-Landes";"2022-08-29 15:37:00";150;150;;0;;;0;;;0;"Estimées";;"Naturelle";"Non";;;;""
2022;4687;"08";"08247";"Landrichamps";"2022-08-29 15:48:00";10000;10000;;0;;;0;0;0;0;"Estimées";;;;;;;""
2022;10934;"40";"40197";"Morcenx-la-Nouvelle";"2022-08-29 15:51:00";300;300;;0;;;0;;;0;"Estimées";;"Naturelle";"Non";;;;""
2022;3982;"81";"81125";"Lacaze";"2022-08-29 16:07:00";1000;0;;1000;;;1000;0;0;0;"Estimées";;;;;;;""
2022;23321;"50";"50041";"La Hague";"2022-08-29 16:28:44";200;0;;200;;;200;0;0;0;"Estimées";;;"Non";;;;""
2022;7134;"61";"61324";"Passais Villages";"2022-08-29 17:04:28";5000;0;;5000;;;5000;0;;;;;"Malveillance";;;;;"Données partielles ou non valides"
2022;7133;"61";"61169";"Flers";"2022-08-29 18:11:20";8000;0;;8000;;;8000;0;;;;;"Malveillance";;;;;"Données partielles ou non valides"
2022;10835;"40";"40164";"Retjons";"2022-08-29 18:12:00";1;1;;0;;;0;;;0;"Estimées";;"Naturelle";"Non";;;;""
2022;10856;"40";"40266";"Saint-Julien-en-Born";"2022-08-29 18:41:00";400;400;;0;;;0;;;0;"Estimées";;"Naturelle";"Non";;;;""
2022;11864;"33";"33057";"Blasimon";"2022-08-29 19:15:00";100;100;;0;;;0;;;0;"Estimées";;;"Non";;;;""
2022;12413;"31";"31587";"Villeneuve-lès-Bouloc";"2022-08-29 19:39:44";30000;30000;;;;;;;;0;"Estimées";;;"Non";;;;"Données partielles ou non valides"
2022;10673;"24";"24272";"Minzac";"2022-08-29 21:05:00";10000;10000;;0;;;0;;;;"Estimées";;;"Non";;;;""
2022;10674;"24";"24496";"Saint-Romain-et-Saint-Clément";"2022-08-29 21:44:00";15000;15000;;0;;;0;;;;"Estimées";;;"Non";;;;""
2022;19075;"07";"07079";"Désaignes";"2022-08-29 21:53:00";6000;;;;;;;;;;;"5";"Naturelle";;;;;""
2022;11832;"33";"33320";"Petit-Palais-et-Cornemps";"2022-08-30 00:12:00";5000;5000;;0;;;0;;;0;"Estimées";;;"Non";;;;""
2022;11833;"33";"33472";"Saint-Sauveur-de-Puynormand";"2022-08-30 00:50:00";5000;5000;;0;;;0;;;0;"Estimées";;;"Non";;;;""
2022;21582;"84";"84065";"Lauris";"2022-08-30 01:34:00";360;360;;;;;;;;;;"4";;;;;;""
2022;11834;"33";"33261";"Lussac";"2022-08-30 08:13:00";100;100;;0;;;0;;;0;"Estimées";;;"Non";;;;""
2022;7940;"38";"38276";"Nivolas-Vermelle";"2022-08-30 14:34:00";10;0;;10;;;10;0;0;0;"Estimées";;;;;;;""
2022;19079;"07";"07028";"Beaulieu";"2022-08-30 15:04:00";70000;70000;;;;;;;;;;"3";;;;;;""
2022;4290;"80";"80004";"Acheux-en-Vimeu";"2022-08-30 15:34:00";1700;0;;1500;;;1500;200;0;200;"Estimées";;;;;;;""
2022;10597;"24";"24354";"La Roche-Chalais";"2022-08-30 16:10:00";217000;217000;;0;;;0;;;;"Mesurées";;;"Non";;;;""
2022;5354;"82";"82185";"Valeilles";"2022-08-30 16:28:00";50000;50000;;0;;;0;0;0;0;"Estimées";;;;;;;"Données partielles ou non valides"
2022;10840;"40";"40056";"Brocas";"2022-08-30 16:44:00";3000;3000;;0;;;0;;;0;"Estimées";;"Naturelle";"Non";;;;""
2022;12015;"33";"33076";"Budos";"2022-08-30 16:51:00";500;500;;0;;;0;;;0;"Estimées";;"Naturelle";"Non";;;;""
2022;18656;"83";"83008";"Bagnols-en-Forêt";"2022-08-30 17:04:00";200;200;;;;;;;;;;"4";"Naturelle";;;;;""
2022;19081;"07";"07256";;"2022-08-30 17:15:00";500;;500;;;;;;;;;"1";"Naturelle";;;;;""
2022;4094;"46";"46045";"Cajarc";"2022-08-30 17:24:00";8000;0;;8000;;;8000;0;0;0;"Estimées";;;;;;;""
2022;7132;"61";"61036";"Belfonds";"2022-08-30 17:31:28";30000;0;;30000;;;30000;0;;;;;"Malveillance";;;;;"Données partielles ou non valides"
2022;6219;"27";"27516";"Treis-Sants-en-Ouche";"2022-08-30 17:53:00";100;0;;100;;;100;0;0;0;"Estimées";;;;;;;"Données partielles ou non valides"
2022;9536;"16";"16046";"Coteaux-du-Blanzacais";"2022-08-30 19:39:00";3200;3200;;;;;;;;;"Mesurées";;;"Non";;;;""
2022;9537;"16";"16258";"Pérignac";"2022-08-30 21:31:00";300;300;;;;;;;;;"Estimées";;;"Non";;;;""
2022;10677;"24";"24436";"Saint-Laurent-des-Hommes";"2022-08-30 21:56:00";20000;20000;;0;;;0;;;;"Estimées";;;"Non";;;;""
2022;18965;"13";"13056";"Martigues";"2022-08-31 11:23:00";20;20;;;;;;;;;;"1";;;;;;""
2022;4688;"08";"08081";"Bogny-sur-Meuse";"2022-08-31 13:24:00";2;0;;2;;;2;0;0;0;"Estimées";;"Involontaire (travaux)";;;;;""
2022;20227;"11";"11261";"Moux";"2022-08-31 13:54:00";5000;;;;;;;;;;;;"Involontaire (particulier)";;;;;""
2022;18648;"34";"34086";"Courniou";"2022-08-31 14:02:00";2118;;2118;;;;;;;;;"1";;;;;;""
2022;10194;"17";"17077";"Cercoux";"2022-08-31 15:12:00";30000;5000;;25000;0;0;;;;;"Mesurées";;;"Non";0;0;0;""
2022;11805;"33";"33361";"Ruch";"2022-08-31 15:34:00";100;100;;0;;;0;;;0;"Estimées";;;"Non";;;;""
2022;7472;"56";"56090";"Inzinzac-Lochrist";"2022-08-31 16:12:00";200;0;;200;;;200;0;0;0;"Estimées";;;;;;;""
2022;4072;"71";"71175";"Diconne";"2022-08-31 16:37:00";20000;0;;20000;;;20000;0;0;0;"Estimées";;;;;;;""
2022;11865;"33";"33380";"Val-de-Livenne";"2022-08-31 16:52:00";50000;50000;;0;;;0;;;0;"Estimées";;;"Non";;;;""
2022;18682;"13";"13055";"Marseille";"2022-08-31 17:50:00";150;;150;;;;;;;;;"4";;;;;;""
2022;10843;"40";"40135";"Labrit";"2022-08-31 18:22:00";3557;3557;;0;;;0;;;0;"Estimées";;"Naturelle";"Non";;;;""
2022;9540;"16";"16192";"Terres-de-Haute-Charente";"2022-08-31 19:57:00";10500;500;;;10000;;;;;;"Estimées";;;"Non";;;;""
2022;4525;"35";"35104";"Epiniac";"2022-08-31 21:32:00";800;800;;0;;;0;0;0;0;"Estimées";;;;;;;""
2022;9541;"16";"16384";"Touvérac";"2022-08-31 21:44:00";5500;5500;;;;;;;;;"Mesurées";;;"Non";;;;""
2022;19082;"07";"07028";"Beaulieu";"2022-09-01 11:36:00";80000;;80000;;;;;;;;;"1";"Naturelle";;;;;""
2022;18967;"13";"13040";"Fuveau";"2022-09-01 11:40:00";500;500;;;;;;;;;;"1";"Malveillance";;;;;""
2022;19084;"07";"07161";"Montpezat-sous-Bauzon";"2022-09-01 14:13:00";200;;200;;;;;;;;;"1";"Involontaire (travaux)";;;;;""
2022;11837;"33";"33417";"Sainte-Hélène";"2022-09-01 14:58:00";200;200;;0;;;0;;;0;"Estimées";;;"Non";;;;""
2022;4583;"59";"59253";"Fresnes-sur-Escaut";"2022-09-01 16:16:00";3000;0;;3000;;;3000;0;0;0;"Estimées";;;;;;;""
2022;11838;"33";"33123";"Cézac";"2022-09-01 16:49:00";3000;3000;;0;;;0;;;0;"Estimées";;;"Non";;;;""
2022;5356;"82";"82027";"Campsas";"2022-09-01 18:20:00";1000;0;;1000;;;1000;0;0;0;"Estimées";;;;;;;"Données partielles ou non valides"
2022;10685;"24";"24294";"Montpon-Ménestérol";"2022-09-01 19:07:00";400;400;;0;;;0;;;;"Estimées";;;"Non";;;;""
2022;4692;"08";"08302";"Monthermé";"2022-09-01 20:13:00";200;0;;200;;;200;0;0;0;"Estimées";;;;;;;""
2022;18729;"2B";"2B007";"Albertacce";"2022-09-01 20:20:00";12000;;;;;;;;;;;;"Naturelle";;;;;""
2022;10686;"24";"24294";"Montpon-Ménestérol";"2022-09-01 21:41:00";5000;5000;;0;;;0;;;;"Estimées";;;"Non";;;;""
2022;18966;"13";"13110";"Trets";"2022-09-01 22:03:00";300;300;;;;;;;;;;"1";;;;;;""
2022;18743;"34";"34038";"Le Bousquet-d'Orb";"2022-09-02 00:45:00";780;;780;;;;;;;;;"1";"Malveillance";;;;;""
2022;10905;"40";"40060";"Callen";"2022-09-02 04:02:00";5760;5760;;0;;;0;;;0;"Estimées";;"Naturelle";"Non";;;;""
2022;10925;"40";"40297";"Le Sen";"2022-09-02 07:54:00";41940;41940;;0;;;0;;;0;"Estimées";;"Naturelle";"Non";;;;""
2022;5457;"60";"60213";"Ermenonville";"2022-09-02 08:04:00";5000;5000;;0;;;0;0;0;0;"Mesurées";;;;;;;""
2022;20228;"11";"11067";"Canet";"2022-09-02 11:49:00";2750;;;;;;;;;;;;;;;;;""
2022;10841;"40";"40246";"Sabres";"2022-09-02 12:16:00";4000;4000;;0;;;0;;;0;"Estimées";;"Naturelle";"Non";;;;""
2022;4693;"08";"08448";"Thilay";"2022-09-02 14:43:00";10000;10000;;0;;;0;0;0;0;"Estimées";;;;;;;""
2022;18735;"04";"04152";"Pierrevert";"2022-09-02 15:31:00";1;1;;;;;;;;;;"3";"Naturelle";;;;;""
2022;18970;"13";"13100";"Saint-Rémy-de-Provence";"2022-09-02 15:37:00";100;100;;;;;;;;;;"1";"Naturelle";;;;;""
2022;10688;"24";"24165";"Eygurande-et-Gardedeuil";"2022-09-02 15:52:00";500;500;;0;;;0;;;;"Estimées";;;"Non";;;;""
2022;18968;"13";"13041";"Gardanne";"2022-09-02 16:22:00";10;10;;;;;;;;;;"1";"Naturelle";;;;;""
2022;18969;"13";"13060";"Meyreuil";"2022-09-02 17:00:00";10;10;;;;;;;;;;"1";"Naturelle";;;;;""
2022;18750;"83";"83144";"La Valette-du-Var";"2022-09-02 17:49:00";200;200;;;;;;;;;;"4";"Naturelle";;;;;""
2022;18736;"04";"04104";"Limans";"2022-09-02 19:24:00";2000;2000;;;;;;;;;;;"Naturelle";;;;;""
2022;19333;"11";"11126";"Escales";"2022-09-02 22:24:00";810;;;;;;;;;;;;"Malveillance";;;;;""
2022;19785;"66";"66148";"Port-Vendres";"2022-09-03 02:41:00";64000;;64000;;;;;;;;;"1";"Accidentelle";;;;;""
2022;18731;"2B";"2B039";"Bisinchi";"2022-09-03 09:25:00";80;;;;;;;;;;;;"Malveillance";;;;;""
2022;18973;"13";"13060";"Meyreuil";"2022-09-03 12:42:00";4;4;;;;;;;;;;"1";"Involontaire (particulier)";;;;;""
2022;18971;"13";"13098";"Saint-Mitre-les-Remparts";"2022-09-03 16:34:00";70;70;;;;;;;;;;"1";"Naturelle";;;;;""
2022;19092;"07";"07187";"Prunet";"2022-09-03 17:32:00";3000;;;;;;;;;;;"5";"Accidentelle";;;;;""
2022;9149;"16";"16025";"Baignes-Sainte-Radegonde";"2022-09-03 21:24:00";20000;20000;;;;;;;;;"Estimées";;;"Non";;;;""
2022;7933;"38";"38515";"Trept";"2022-09-04 11:45:00";500;0;;500;;;500;0;0;0;"Estimées";;"Malveillance";;;;;""
2022;4697;"08";"08420";"Signy-le-Petit";"2022-09-04 11:54:00";20;20;;0;;;0;0;0;0;"Estimées";;;;;;;""
2022;11280;"64";"64113";"Bergouey-Viellenave";"2022-09-04 12:02:15";5;5;;;;;;;;;"Estimées";;"Malveillance";"Non";;;;""
2022;11085;"64";"64322";"Lasse";"2022-09-04 12:11:49";5000;500;;4500;;;;;;;"Estimées";;;"Non";;;;""
2022;18984;"2A";"2A295";"Sant'Andréa-d'Orcino";"2022-09-04 12:54:00";250;;250;;;;;;;;;"1";;;;;;""
2022;7131;"61";"61117";"Condé-sur-Sarthe";"2022-09-04 13:44:27";200000;0;;200000;;;200000;0;;;;;"Malveillance";;;;;"Données partielles ou non valides"
2022;11877;"33";"33529";"La Teste-de-Buch";"2022-09-04 16:16:00";120;20;;0;;;0;;;100;"Estimées";;;"Non";;;;""
2022;4198;"46";"46023";"Belfort-du-Quercy";"2022-09-04 16:39:00";1000;0;;1000;;;1000;0;0;0;"Estimées";;;;;;;""
2022;10689;"24";"24294";"Montpon-Ménestérol";"2022-09-04 17:35:00";300;300;;0;;;0;;;;"Estimées";;"Malveillance";"Non";;;;""
2022;7765;"45";"45272";"Saint-Cyr-en-Val";"2022-09-04 17:42:00";300;300;;0;;;0;0;0;0;"Estimées";;;;;;;""
2022;7474;"56";"56152";"Le Palais";"2022-09-04 20:23:00";800;0;;800;;;800;0;0;0;"Estimées";;;;;;;""
2022;7475;"56";"56058";"Férel";"2022-09-05 02:30:00";3000;0;;3000;;;3000;0;0;0;"Estimées";;;;;;;""
2022;11918;"33";"33429";"Saint-Léger-de-Balson";"2022-09-05 13:47:00";2500;2500;;0;;;0;;;0;"Estimées";;;"Non";;;;""
2022;4239;"81";"81222";"Réalmont";"2022-09-05 14:21:00";900;0;;900;;;900;0;0;0;"Estimées";;;;;;;""
2022;7130;"61";"61339";"Putanges-le-Lac";"2022-09-05 15:42:36";20000;0;;20000;;;20000;0;;;;;"Malveillance";;;;;"Données partielles ou non valides"
2022;18752;"2B";"2B095";"Corscia";"2022-09-05 15:47:00";40000;;;;;;;;;;;;"Malveillance";;;;;""
2022;5358;"82";"82048";"Dieupentale";"2022-09-05 16:12:00";4000;0;;4000;;;4000;0;0;0;"Estimées";;"Accidentelle";;;;;"Données partielles ou non valides"
2022;11422;"33";"33540";"Vendays-Montalivet";"2022-09-05 16:32:00";610000;610000;;0;;;0;0;0;0;"Mesurées";;"Involontaire (particulier)";"Non";;;;""
2022;10739;"24";"24354";"La Roche-Chalais";"2022-09-05 17:16:00";192000;192000;;0;;;0;0;0;0;"Mesurées";;"Malveillance";"Non";;;;""
2022;7476;"56";"56126";"Marzan";"2022-09-05 18:25:00";800;0;;800;;;800;0;0;0;"Estimées";;"Accidentelle";;;;;""
2022;9217;"12";"12003";"Les Albres";"2022-09-05 22:45:00";10400;10100;;0;;;0;0;300;300;"Mesurées";;"Malveillance";;;;;""
2022;8156;"38";"38347";"Roybon";"2022-09-06 14:08:00";10000;10000;;0;;;0;0;0;0;"Estimées";;"Malveillance";;;;;""
2022;7129;"61";"61300";"Moutiers-au-Perche";"2022-09-06 14:40:00";300;0;;300;;;300;0;;;;;"Malveillance";;;;;"Données partielles ou non valides"
2022;10902;"40";"40167";"Luxey";"2022-09-06 17:15:00";184110;184110;;0;;;0;;;0;"Estimées";;"Naturelle";"Non";;;;""
2022;4937;"35";"35172";"Meillac";"2022-09-06 17:51:00";20;0;;20;;;20;0;0;0;"Estimées";;;;;;;""
2022;5203;"88";"88188";"Fresse-sur-Moselle";"2022-09-06 18:44:00";10;10;;0;;;0;0;0;0;"Estimées";;;;;;;""
2022;21583;"84";"84091";"Piolenc";"2022-09-06 19:06:00";5;5;;;;;;;;;;"4";"Involontaire (travaux)";;;;;""
2022;11850;"33";"33382";"Saint-Christoly-de-Blaye";"2022-09-06 22:20:00";2000;2000;;0;;;0;;;0;"Estimées";;;"Non";;;;""
2022;7927;"38";"38374";"Saint-Chef";"2022-09-07 01:05:00";50;0;;50;;;50;0;0;0;"Estimées";;"Malveillance";;;;;""
2022;10913;"40";"40197";"Morcenx-la-Nouvelle";"2022-09-07 08:32:00";20000;20000;;0;;;0;;;0;"Estimées";;;"Non";;;;""
2022;18974;"13";"13058";"Maussane-les-Alpilles";"2022-09-07 16:10:00";10;10;;;;;;;;;;"1";"Naturelle";;;;;""
2022;19078;"06";"06088";"Nice";"2022-09-08 04:00:00";400;;;;;;;;;;;;"Naturelle";;;;;""
2022;18805;"83";"83067";"Gonfaron";"2022-09-08 11:32:00";4;4;;;;;;;;;;"3";"Naturelle";;;;;""
2022;5458;"60";"60160";"Conchy-les-Pots";"2022-09-08 17:19:00";800;0;;800;;;800;0;0;0;"Estimées";;;;;;;""
2022;5206;"88";"88447";"Saulxures-sur-Moselotte";"2022-09-08 17:38:00";1;0;;1;;;1;0;0;0;"Estimées";;;;;;;""
2022;18975;"13";"13025";"Châteauneuf-le-Rouge";"2022-09-08 18:05:00";100;100;;;;;;;;;;"1";"Accidentelle";;;;;""
2022;18976;"13";"13110";"Trets";"2022-09-08 18:20:00";400;400;;;;;;;;;;"1";"Accidentelle";;;;;""
2022;18977;"13";"13087";"Rousset";"2022-09-08 18:35:00";1500;1500;;;;;;;;;;"1";"Accidentelle";;;;;""
2022;18978;"13";"13025";"Châteauneuf-le-Rouge";"2022-09-08 18:45:00";1000;1000;;;;;;;;;;"1";"Accidentelle";;;;;""
2022;19332;"11";"11272";"Palaja";"2022-09-08 22:34:00";50;;;;;;;;;;;;;;;;;""
2022;23324;"50";"50616";"Le Val-Saint-Père";"2022-09-09 11:02:24";10;10;;0;;;0;0;0;0;"Estimées";;;"Non";;;;""
2022;5208;"88";"88413";"Saint-Dié-des-Vosges";"2022-09-09 15:04:00";1;1;;0;;;0;0;0;0;"Estimées";;;;;;;""
2022;19413;"06";"06023";"Breil-sur-Roya";"2022-09-09 15:10:00";3000;;;;;;;;;;;;"Naturelle";;;;;""
2022;10598;"24";"24294";"Montpon-Ménestérol";"2022-09-09 17:20:00";114000;114000;;0;;;0;;;;"Mesurées";;;"Non";;;;""
2022;11900;"33";"33036";"Bazas";"2022-09-09 19:46:00";120;120;;0;;;0;;;0;"Estimées";;;"Non";;;;""
2022;19331;"11";"11370";"Salles-d'Aude";"2022-09-09 21:11:00";50;;;;;;;;;;;;"Malveillance";;;;;""
2022;19509;"06";"06104";"Roquebrune-Cap-Martin";"2022-09-09 23:42:00";71000;20000;51000;;;;;;;;;"1";"Involontaire (travaux)";;;;;""
2022;7128;"61";"61196";"Belforêt-en-Perche";"2022-09-10 00:42:10";10;0;;10;;;10;0;;;;;"Malveillance";;;;;"Données partielles ou non valides"
2022;4287;"80";"80122";"Bouquemaison";"2022-09-10 10:29:00";60;0;;60;;;60;0;0;0;"Estimées";;;;;;;""
2022;19796;"66";"66166";"Sahorre";"2022-09-10 11:33:00";250;250;;;;;;;;;;"3";;;;;;""
2022;19037;"13";"13088";"Le Rove";"2022-09-10 12:12:00";10;10;;;;;;;;;;"1";;;;;;""
2022;10694;"24";"24294";"Montpon-Ménestérol";"2022-09-10 14:52:00";300;300;;0;;;0;;;;"Estimées";;"Malveillance";"Non";;;;""
2022;5209;"88";"88290";"Martigny-les-Gerbonvaux";"2022-09-10 19:23:00";20;20;;0;;;0;0;0;0;"Estimées";;;;;;;""
2022;23326;"50";"50402";"Les Pieux";"2022-09-10 20:32:58";80;0;;80;;;80;0;0;0;"Estimées";;;"Non";;;;""
2022;19131;"2B";"2B296";"Sant'Antonino";"2022-09-11 02:27:00";30000;;;;;;;;;;;;"Malveillance";;;;;""
2022;11090;"64";"64510";"Sault-de-Navailles";"2022-09-11 13:41:07";1500;500;;1000;;;;;;;"Estimées";;;"Non";;;;""
2022;7343;"32";"32266";"Moncorneil-Grazan";"2022-09-11 13:59:00";70200;200;;0;;;0;70000;0;70000;"Estimées";;;;;;;""
2022;10927;"40";"40257";"Sainte-Eulalie-en-Born";"2022-09-11 14:30:00";6000;6000;;0;;;0;;;0;"Estimées";;"Involontaire (particulier)";"Non";;;;""
2022;19330;"11";"11188";"La Palme";"2022-09-11 14:45:00";13420;;;;;;;;;;;;;;;;;""
2022;10754;"24";"24294";"Montpon-Ménestérol";"2022-09-11 15:30:00";200;200;;0;;;0;;;;"Estimées";;;"Non";;;;""
2022;11858;"33";"33527";"Le Teich";"2022-09-11 16:27:00";4000;4000;;0;;;0;;;0;"Estimées";;;"Non";;;;""
2022;7925;"38";"38468";"Salaise-sur-Sanne";"2022-09-11 17:07:00";30;0;;30;;;30;0;0;0;"Estimées";;;;;;;""
2022;10195;"17";"17260";"Neuvicq";"2022-09-11 18:07:00";3000;3000;;;0;0;;;;;"Mesurées";;;"Non";0;0;0;""
2022;10488;"47";"47036";"Bourlens";"2022-09-11 19:37:15";500;500;;;0;0;;;;;"Estimées";;"Involontaire (particulier)";"Non";0;0;0;""
2022;11286;"64";"64191";"Coarraze";"2022-09-11 20:17:58";500;100;;;;400;;;;;"Estimées";;"Accidentelle";"Non";;;;""
2022;20100;"66";"66071";"Estagel";"2022-09-11 20:36:00";1000;;1000;;;;;;;;;"1";"Malveillance";;;;;""
2022;11863;"33";"33377";"Saint-Avit-de-Soulège";"2022-09-12 13:11:00";17000;15000;;0;;;0;;;2000;"Estimées";;;"Non";;;;""
2022;4760;"46";"46055";"Capdenac";"2022-09-12 14:08:00";530000;530000;;0;;;0;0;0;0;"Estimées";;;;;;;""
2022;10944;"40";"40123";"Herm";"2022-09-12 15:07:00";459000;459000;;0;;;0;;;0;"Estimées";;"Accidentelle";"Non";;;;""
2022;11287;"64";"64309";"Lamayou";"2022-09-12 15:08:55";40000;12000;;;28000;;;;;;"Estimées";;"Involontaire (travaux)";"Non";;;;""
2022;11417;"33";"33503";"Saumos";"2022-09-12 15:21:00";32480000;32480000;;0;;;0;0;0;0;"Mesurées";;"Malveillance";"Non";;;;""
2022;11962;"33";"33144";"Cudos";"2022-09-12 15:31:00";16000;16000;;0;;;0;;;0;"Estimées";;;"Non";;;;""
2022;10698;"24";"24354";"La Roche-Chalais";"2022-09-12 16:29:00";40000;40000;;0;;;0;;;;"Estimées";;"Malveillance";"Non";;;;""
2022;4761;"46";"46281";"Saint-Médard-de-Presque";"2022-09-12 16:34:00";150;0;;150;;;150;0;0;0;"Estimées";;;;;;;""
2022;10696;"24";"24115";"Château-l'Évêque";"2022-09-12 16:43:00";15000;15000;;0;;;0;;;;"Estimées";;"Involontaire (particulier)";"Non";;;;""
2022;7127;"61";"61274";"Les Menus";"2022-09-12 18:17:05";5000;0;;5000;;;5000;0;;;;;"Malveillance";;;;;"Données partielles ou non valides"
2022;11862;"33";"33026";"Balizac";"2022-09-12 20:33:00";500;500;;0;;;0;;;0;"Estimées";;"Naturelle";"Non";;;;""
2022;10930;"40";"40287";"Sanguinet";"2022-09-13 03:20:00";6000;6000;;0;;;0;;;0;"Estimées";;;"Non";;;;""
2022;7126;"61";"61241";"La Madeleine-Bouvet";"2022-09-13 15:08:38";500;0;;500;;;500;0;;;;;"Malveillance";;;;;"Données partielles ou non valides"
2022;12004;"33";"33540";"Vendays-Montalivet";"2022-09-13 15:32:00";70000;70000;;0;;;0;0;0;0;"Estimées";;"Involontaire (travaux)";"Non";;;;""
2022;9325;"16";"16393";"Vars";"2022-09-13 15:38:00";1500;1500;;;;;;;;;"Estimées";;"Involontaire (particulier)";"Non";;;;""
2022;5318;"29";"29264";"Saint-Servais";"2022-09-13 15:54:00";30;0;;30;;;30;0;0;0;"Estimées";;;;;;;""
2022;9326;"16";"16176";"Lachaise";"2022-09-13 18:03:00";150;150;;;;;;;;;"Estimées";;;"Non";;;;""
2022;5591;"15";"15175";"Saint-Cernin";"2022-09-13 18:21:00";200;0;;200;;;200;0;0;0;"Mesurées";;"Naturelle";;;;;""
2022;10844;"40";"40152";"Lesperon";"2022-09-14 11:44:00";4500;4500;;0;;;0;;;0;"Estimées";;"Naturelle";"Non";;;;""
2022;4663;"43";"43017";"Azérat";"2022-09-14 14:10:00";200;0;;200;;;200;0;0;0;"Estimées";;"Accidentelle";;;;;""
2022;12003;"33";"33502";"Saugon";"2022-09-14 15:09:00";58000;58000;;0;;;0;;;0;"Estimées";;;"Non";;;;""
2022;11099;"64";"64463";"Rébénacq";"2022-09-14 16:42:18";500;10;;490;;;;;;;"Estimées";;;"Non";;;;""
2022;11291;"64";"64233";"Garlin";"2022-09-14 16:48:55";100000;100;;;99900;;;;;;"Estimées";;"Involontaire (travaux)";"Oui";0;0;1;""
2022;11869;"33";"33351";"Reignac";"2022-09-14 20:45:00";2000;2000;;0;;;0;;;0;"Estimées";;;"Non";;;;""
2022;9543;"16";"16118";"Deviat";"2022-09-15 14:31:00";10000;10000;;;;;;;;;"Mesurées";;;"Non";;;;""
2022;9328;"16";"16111";"Courgeac";"2022-09-15 14:41:00";2350000;2010000;;;340000;;;;;;"Mesurées";;;"Non";;;;""
2022;9544;"16";"16118";"Deviat";"2022-09-15 14:44:00";400;400;;;;;;;;;"Mesurées";;;"Non";;;;""
2022;9542;"16";"16246";"Nonac";"2022-09-15 14:50:00";162000;148000;;;14000;;;;;;"Mesurées";;;"Non";;;;""
2022;19286;"2B";"2B051";"Cambia";"2022-09-15 15:12:00";8000;;;;;;;;;;;;"Malveillance";;;;;""
2022;11891;"33";"33193";"Grayan-et-l'Hôpital";"2022-09-15 15:39:00";800;800;;0;;;0;;;0;"Estimées";;;"Non";;;;""
2022;19287;"2B";"2B145";"Loreto-di-Casinca";"2022-09-15 16:29:00";25000;5000;20000;;;;;;;;;"1";"Malveillance";;;;;""
2022;10755;"24";"24354";"La Roche-Chalais";"2022-09-15 16:33:00";5000;5000;;0;;;0;;;;"Estimées";;;"Non";;;;""
2022;4940;"35";"35231";"Poligné";"2022-09-15 16:34:00";50;0;;50;;;50;0;0;0;"Estimées";;;;;;;""
2022;11878;"33";"33284";"Mios";"2022-09-16 01:48:00";3000;3000;;0;;;0;;;0;"Estimées";;;"Non";;;;""
2022;12427;"31";"31202";"Fronton";"2022-09-16 07:30:02";1000;1000;;;;;;;;0;"Estimées";;;"Non";;;;"Données partielles ou non valides"
2022;7125;"61";"61416";"Saint-Léonard-des-Parcs";"2022-09-16 16:18:32";5000;0;;5000;;;5000;0;;;;;"Malveillance";;;;;"Données partielles ou non valides"
2022;10946;"40";"40168";"Magescq";"2022-09-16 17:06:00";1057000;1057000;;0;;;0;;;0;"Estimées";;"Involontaire (travaux)";"Non";;;;""
2022;7124;"61";"61126";"Coulonges-sur-Sarthe";"2022-09-16 20:17:30";2000;0;;2000;;;2000;0;;;;;"Malveillance";;;;;"Données partielles ou non valides"
2022;11890;"33";"33527";"Le Teich";"2022-09-16 20:23:00";2000;2000;;0;;;0;;;0;"Estimées";;;"Non";;;;""
2022;19292;"2B";"2B039";"Bisinchi";"2022-09-16 22:31:00";100;;;;;;;;;;;;"Malveillance";;;;;""
2022;10699;"24";"24511";"Saint-Vincent-Jalmoutiers";"2022-09-17 02:09:00";1500;1500;;0;;;0;;;;"Estimées";;"Malveillance";"Non";;;;""
2022;19694;"13";"13088";"Le Rove";"2022-09-17 04:32:00";10;10;;;;;;;;;;"1";;;;;;""
2022;19255;"34";"34107";"Fraisse-sur-Agout";"2022-09-17 12:23:00";30;;;;;;;;;;;;"Malveillance";;;;;""
2022;11870;"33";"33362";"Sablons";"2022-09-17 13:18:00";10000;10000;;0;;;0;;;0;"Estimées";;;"Non";;;;""
2022;10910;"40";"40168";"Magescq";"2022-09-17 14:15:00";4000;4000;;0;;;0;;;0;"Estimées";;"Involontaire (travaux)";"Non";;;;""
2022;20229;"11";"11431";"Villeneuve-les-Corbières";"2022-09-17 14:15:00";500;;;;;;;;;;;;;;;;;""
2022;20173;"66";"66004";"Les Angles";"2022-09-17 14:16:00";10;10;;;;;;;;;;"5";"Naturelle";;;;;""
2022;19695;"13";"13113";"Venelles";"2022-09-17 15:23:00";5000;5000;;;;;;;;;;"1";"Involontaire (travaux)";;;;;""
2022;4942;"35";"35171";"Médréac";"2022-09-17 16:00:00";350;0;;350;;;350;0;0;0;"Estimées";;;;;;;""
2022;7484;"56";"56101";"Languidic";"2022-09-17 16:13:00";15;0;;15;;;15;0;0;0;"Mesurées";;"Involontaire (particulier)";;;;;""
2022;5320;"29";"29185";"Plouescat";"2022-09-17 16:35:00";50;0;;50;;;50;0;0;0;"Estimées";;;;;;;""
2022;19696;"13";"13037";"La Fare-les-Oliviers";"2022-09-17 17:06:00";1100;1100;;;;;;;;;;"1";;;;;;""
2022;10201;"17";"17236";"Mirambeau";"2022-09-17 17:23:00";20000;20000;;;0;0;;;;;"Mesurées";;"Involontaire (particulier)";"Non";0;0;0;""
2022;19299;"2B";"2B304";"San-Lorenzo";"2022-09-17 18:09:00";200;;;;;;;;;;;;"Malveillance";;;;;""
2022;7123;"61";"61474";"Gouffern en Auge";"2022-09-17 18:39:20";3000;0;;3000;;;3000;0;;;;;"Malveillance";;;;;"Données partielles ou non valides"
2022;10700;"24";"24294";"Montpon-Ménestérol";"2022-09-17 20:41:00";300;300;;0;;;0;0;0;0;"Estimées";;"Malveillance";"Non";;;;""
2022;11889;"33";"33527";"Le Teich";"2022-09-17 22:59:00";900;900;;0;;;0;;;0;"Estimées";;;"Non";;;;""
2022;10196;"17";"17236";"Mirambeau";"2022-09-18 06:40:00";10000;10000;;;0;0;;;;;"Mesurées";;;"Non";0;0;0;""
2022;11964;"33";"33193";"Grayan-et-l'Hôpital";"2022-09-18 07:22:00";40000;40000;;0;;;0;0;0;0;"Estimées";;"Malveillance";"Non";;;;""
2022;19697;"13";"13056";"Martigues";"2022-09-18 11:23:00";4;4;;;;;;;;;;"1";"Malveillance";;;;;""
2022;10197;"17";"17140";"Dolus-d'Oléron";"2022-09-18 13:23:00";1000;1000;;;0;0;;;;;"Mesurées";;;"Non";0;0;0;""
2022;11420;"33";"33011";"Arès";"2022-09-18 13:39:00";1158000;1158000;;0;;;0;;;0;"Mesurées";;;"Non";;;;""
2022;19307;"05";"05050";"Espinasses";"2022-09-18 14:00:00";500;;;;;;;;;;;;"Involontaire (travaux)";;;;;""
2022;7924;"38";"38282";"Optevoz";"2022-09-18 14:12:00";200;0;;200;;;200;0;0;0;"Estimées";;;;;;;""
2022;19305;"48";"48050";"Bédouès-Cocurès";"2022-09-18 15:07:00";60000;;60000;;;;;;;;;"3";"Accidentelle";;;;;""
2022;11984;"33";"33540";"Vendays-Montalivet";"2022-09-18 15:13:00";5000;5000;;0;;;0;;;0;"Estimées";;;"Non";;;;""
2022;19700;"13";"13039";"Fos-sur-Mer";"2022-09-18 15:52:00";300;300;;;;;;;;;;"1";"Malveillance";;;;;""
2022;10873;"40";"40313";"Tartas";"2022-09-18 16:19:00";5000;5000;;0;;;0;;;0;"Estimées";;;"Non";;;;""
2022;10321;"47";"47242";"Saint-Front-sur-Lémance";"2022-09-18 16:21:08";15000;5000;;10000;0;0;;;;;"Estimées";;;"Oui";0;1;1;""
2022;10701;"24";"24030";"Beauregard-de-Terrasson";"2022-09-18 16:50:00";20000;20000;;0;;;0;;;;"Estimées";;"Accidentelle";"Non";;;;""
2022;7922;"38";"38135";"Courtenay";"2022-09-18 16:51:00";50;0;;50;;;50;0;0;0;"Estimées";;;;;;;""
2022;7921;"38";"38488";"Siccieu-Saint-Julien-et-Carisieu";"2022-09-18 17:08:00";500;0;;500;;;500;0;0;0;"Estimées";;;;;;;""
2022;9241;"12";"12286";"Vabres-l'Abbaye";"2022-09-18 17:41:00";150000;150000;;0;;;0;0;0;0;"Estimées";;;;;;;""
2022;11977;"33";"33193";"Grayan-et-l'Hôpital";"2022-09-18 17:50:00";3000;3000;;0;;;0;;;0;"Estimées";;;"Non";;;;""
2022;10850;"40";"40142";"Laluque";"2022-09-18 17:54:00";99730;99730;;0;;;0;;;0;"Estimées";;;"Non";;;;""
2022;20231;"11";"11203";"Lézignan-Corbières";"2022-09-18 18:13:00";10;;;;;;;;;;;;"Accidentelle";;;;;""
2022;10702;"24";"24354";"La Roche-Chalais";"2022-09-18 18:26:00";5000;5000;;0;;;0;;;;"Estimées";;"Malveillance";"Non";;;;""
2022;19698;"13";"13039";"Fos-sur-Mer";"2022-09-18 18:56:00";4;4;;;;;;;;;;"1";"Malveillance";;;;;""
2022;20232;"11";"11067";"Canet";"2022-09-18 19:15:00";100;;;;;;;;;;;;;;;;;""
2022;19701;"13";"13056";"Martigues";"2022-09-19 07:47:00";10;10;;;;;;;;;;"1";"Malveillance";;;;;""
2022;19379;"06";"06163";"Tende";"2022-09-19 11:41:00";68800;48800;;;;;;;;20000;;"4";"Involontaire (travaux)";;;;;""
2022;19511;"2A";"2A284";"Sollacaro";"2022-09-19 12:35:00";1000;;1000;;;;;;;;;"1";;;;;;""
2022;4596;"59";"59168";"Cysoing";"2022-09-19 12:42:00";1000;0;;1000;;;1000;0;0;0;"Estimées";;"Accidentelle";;;;;""
2022;20233;"11";"11436";"Villesèque-des-Corbières";"2022-09-19 14:16:00";1000;;;;;;;;;;;;;;;;;""
2022;20181;"66";"66127";"Opoul-Périllos";"2022-09-19 14:40:00";1000;1000;;;;;;;;;;"4";;;;;;""
2022;11293;"64";"64314";"Larceveau-Arros-Cibits";"2022-09-19 14:40:27";50;20;;30;;;;;;;"Estimées";;"Involontaire (particulier)";"Non";;;;""
2022;5272;"77";"77186";"Fontainebleau";"2022-09-19 14:57:00";2500;2500;;0;;;0;0;0;0;"Mesurées";;;;;;;""
2022;10198;"17";"17140";"Dolus-d'Oléron";"2022-09-19 15:11:00";500;500;;;0;0;;;;;"Mesurées";;;"Non";0;0;0;""
2022;4795;"81";"81233";"Terre-de-Bancalié";"2022-09-19 15:35:00";100000;0;;50000;;;50000;0;50000;50000;"Estimées";;;;;;;""
2022;7122;"61";"61413";"Saint-Lambert-sur-Dive";"2022-09-19 15:46:02";100000;0;;100000;;;100000;0;;;;;"Malveillance";;;;;"Données partielles ou non valides"
2022;19702;"13";"13016";"La Bouilladisse";"2022-09-19 15:50:00";30;30;;;;;;;;;;"1";;;;;;""
2022;19703;"13";"13056";"Martigues";"2022-09-19 16:14:00";1500;1500;;;;;;;;;;"1";"Involontaire (particulier)";;;;;""
2022;19704;"13";"13056";"Martigues";"2022-09-19 16:44:00";4;4;;;;;;;;;;"1";"Involontaire (particulier)";;;;;""
2022;10325;"47";"47323";"Villeneuve-sur-Lot";"2022-09-19 17:08:54";8;8;;;0;0;;;;;"Estimées";;;"Non";0;0;0;""
2022;20183;"66";"66122";"Nohèdes";"2022-09-19 17:35:00";30;30;;;;;;;;;;"5";"Naturelle";;;;;""
2022;19705;"13";"13056";"Martigues";"2022-09-19 20:39:00";400;400;;;;;;;;;;"1";;;;;;""
2022;19306;"48";"48115";"Le Pompidou";"2022-09-20 11:07:00";16800;;16800;;;;;;;;;"1";"Involontaire (travaux)";;;;;""
2022;20234;"11";"11274";"Pauligne";"2022-09-20 15:45:00";1000;;;;;;;;;;;;;;;;;""
2022;11886;"33";"33395";"Saint-Estèphe";"2022-09-20 18:27:00";6500;6500;;0;;;0;;;0;"Estimées";;;"Non";;;;""
2022;5211;"88";"88256";"Jussarupt";"2022-09-20 18:41:00";4;4;;0;;;0;0;0;0;"Estimées";;;;;;;""
2022;11917;"33";"33376";"Saint-Aubin-de-Médoc";"2022-09-21 04:43:00";3000;3000;;0;;;0;;;0;"Estimées";;;"Non";;;;""
2022;19512;"2A";"2A247";"Porto-Vecchio";"2022-09-21 08:00:00";1;;;;;;;;;1;;"1";"Involontaire (particulier)";;;;;""
2022;12177;"87";"87085";"Limoges";"2022-09-21 08:15:05";1;1;;;;;;;;;"Mesurées";;;"Non";;;;""
2022;4830;"81";"81066";"Caucalières";"2022-09-21 11:35:00";1000;1000;;0;;;0;0;0;0;"Estimées";;"Accidentelle";;;;;""
2022;19707;"13";"13039";"Fos-sur-Mer";"2022-09-21 14:10:00";50;50;;;;;;;;;;"1";"Malveillance";;;;;""
2022;20235;"11";"11053";"Brugairolles";"2022-09-21 14:23:00";50759;;;;;;;;;;;;;;;;;""
2022;19309;"30";"30200";"Pompignan";"2022-09-21 15:27:00";4447;;;;;;;;;;;;"Involontaire (particulier)";;;;;""
2022;11965;"33";"33380";"Val-de-Livenne";"2022-09-21 16:46:00";66000;66000;;0;;;0;;;0;"Estimées";;;"Non";;;;""
2022;10708;"24";"24165";"Eygurande-et-Gardedeuil";"2022-09-21 18:57:00";10000;10000;;0;;;0;;;;"Estimées";;;"Non";;;;""
2022;4849;"37";"37123";"Langeais";"2022-09-22 00:06:00";60000;0;;60000;;;60000;0;0;0;"Estimées";;;;;;;""
2022;11978;"33";"33380";"Val-de-Livenne";"2022-09-22 02:53:00";1500;1500;;0;;;0;;;0;"Estimées";;;"Non";;;;""
2022;11924;"33";"33240";"Lesparre-Médoc";"2022-09-22 05:49:00";10000;10000;;0;;;0;;;0;"Estimées";;;"Non";;;;""
2022;19711;"13";"13056";"Martigues";"2022-09-22 06:57:00";300;300;;;;;;;;;;"1";"Malveillance";;;;;""
2022;11914;"33";"33329";"Pompéjac";"2022-09-22 15:27:00";500;500;;0;;;0;;;0;"Estimées";;;"Non";;;;""
2022;11952;"33";"33095";"Captieux";"2022-09-22 15:52:00";20000;20000;;0;;;0;;;0;"Estimées";;;"Non";;;;""
2022;9261;"12";"12037";"Broquiès";"2022-09-22 15:57:00";60000;60000;;0;;;0;0;0;0;"Estimées";;"Accidentelle";;;;;""
2022;11367;"65";"65473";"Villelongue";"2022-09-22 16:01:00";150000;0;;150000;;;150000;0;0;0;"Estimées";;;;;;;""
2022;4857;"46";"46128";"Gramat";"2022-09-22 17:40:00";650;0;;650;;;650;0;0;0;"Estimées";;;;;;;""
2022;5048;"39";"39097";"Champagnole";"2022-09-22 18:02:00";50;0;;50;;;50;0;0;0;"Estimées";;;;;;;""
2022;19714;"13";"13056";"Martigues";"2022-09-23 07:51:00";50;50;;;;;;;;;;"1";"Malveillance";;;;;""
2022;5274;"77";"77186";"Fontainebleau";"2022-09-23 08:44:00";3000;3000;;0;;;0;0;0;0;"Estimées";;;;;;;""
2022;10709;"24";"24256";"Marsac-sur-l'Isle";"2022-09-23 15:35:00";10000;10000;;0;;;0;;;;"Estimées";;"Accidentelle";"Non";;;;""
2022;7486;"56";"56247";"Sulniac";"2022-09-23 18:18:00";60000;0;;60000;;;60000;0;0;0;"Estimées";;;;;;;""
2022;7121;"61";"61046";"Bizou";"2022-09-23 22:14:38";1500;0;;1500;;;1500;0;;;;;"Malveillance";;;;;"Données partielles ou non valides"
2022;7488;"56";"56034";"Carnac";"2022-09-25 17:24:00";30;0;;30;;;30;0;0;0;"Estimées";;;;;;;""
2022;20236;"11";"11255";"Montredon-des-Corbières";"2022-09-25 18:43:00";100;;;;;;;;;;;;"Involontaire (particulier)";;;;;""
2022;9372;"16";"16118";"Deviat";"2022-09-26 18:37:00";22600;22600;;;;;;;;;"Mesurées";;;"Non";;;;""
2022;19713;"13";"13056";"Martigues";"2022-09-27 05:29:00";60;60;;;;;;;;;;"1";"Malveillance";;;;;""
2022;19715;"13";"13056";"Martigues";"2022-09-27 09:13:00";10;10;;;;;;;;;;"1";"Malveillance";;;;;""
2022;23330;"50";"50616";"Le Val-Saint-Père";"2022-09-27 11:59:20";1;0;;1;;;1;0;0;0;"Estimées";;;"Non";;;;""
2022;10974;"70";"70285";"Héricourt";"2022-09-28 00:00:00";300;300;;0;;;0;0;0;0;"Estimées";;;;;;;""
2022;19519;"2A";"2A004";"Ajaccio";"2022-09-28 05:19:00";500;;500;;;;;;;;;"1";;;;;;""
2022;19414;"06";"06070";"Gréolières";"2022-09-28 18:00:00";100;;;;;;;;;;;;;;;;;""
2022;11939;"33";"33202";"Hostens";"2022-09-29 10:06:00";20;20;;0;;;0;;;0;"Estimées";;;"Non";;;;""
2022;19716;"13";"13030";"Cuges-les-Pins";"2022-09-29 11:01:00";500;500;;;;;;;;;;"1";"Involontaire (travaux)";;;;;""
2022;19717;"13";"13056";"Martigues";"2022-09-30 07:34:00";300;300;;;;;;;;;;"1";"Malveillance";;;;;""
2022;20237;"11";"11262";"Narbonne";"2022-09-30 08:45:00";400;;;;;;;;;;;;"Accidentelle";;;;;""
2022;19718;"13";"13007";"Auriol";"2022-09-30 14:34:00";30;30;;;;;;;;;;"1";"Involontaire (particulier)";;;;;""
2022;19725;"13";"13030";"Cuges-les-Pins";"2022-10-01 14:16:00";50;50;;;;;;;;;;"1";"Involontaire (travaux)";;;;;""
2022;21584;"84";"84091";"Piolenc";"2022-10-01 15:21:00";5;5;;;;;;;;;;;"Involontaire (travaux)";;;;;""
2022;20238;"11";"11191";"Laroque-de-Fa";"2022-10-01 15:43:00";31900;;;;;;;;;;;;;;;;;""
2022;19728;"13";"13071";"Les Pennes-Mirabeau";"2022-10-03 05:07:00";500;500;;;;;;;;;;"1";;;;;;""
2022;20239;"11";"11145";"Fleury";"2022-10-03 11:34:00";145700;;;;;;;;;;;;;;;;;""
2022;19550;"83";"83032";"Carcès";"2022-10-03 12:22:00";175;175;;;;;;;;;;"5";"Malveillance";;;;;""
2022;20240;"11";"11366";"Sainte-Valière";"2022-10-03 14:07:00";8488;;;;;;;;;;;;;;;;;""
2022;10935;"40";"40285";"Saint-Yaguen";"2022-10-04 10:08:00";100;100;;0;;;0;;;0;"Estimées";;;"Non";;;;""
2022;7494;"56";"56107";"Larmor-Plage";"2022-10-04 16:07:00";2;0;;2;;;2;0;0;0;"Mesurées";;;;;;;""
2022;19466;"30";"30076";"Cavillargues";"2022-10-04 16:38:00";1000;;;;;;;;;;;;;;;;;""
2022;10760;"24";"24354";"La Roche-Chalais";"2022-10-04 16:50:00";10000;10000;;0;;;0;0;0;0;"Estimées";;"Malveillance";"Non";;;;""
2022;20226;"66";"66096";"Latour-de-France";"2022-10-04 19:04:00";300;;300;;;;;;;;;"1";"Malveillance";;;;;""
2022;19443;"2B";"2B207";"Penta-di-Casinca";"2022-10-04 19:16:00";15000;;;;;;;;;;;;;;;;;""
2022;20274;"66";"66071";"Estagel";"2022-10-04 19:23:00";300;;300;;;;;;;;;"1";"Malveillance";;;;;""
2022;20272;"66";"66042";"Cassagnes";"2022-10-04 19:23:00";100;;100;;;;;;;;;"1";"Malveillance";;;;;""
2022;20242;"11";"11122";"Douzens";"2022-10-05 10:37:00";50;;;;;;;;;;;;"Accidentelle";;;;;""
2022;20243;"11";"11206";"Limoux";"2022-10-05 14:43:00";113339;;;;;;;;;;;;;;;;;""
2022;19520;"2B";"2B185";"Oletta";"2022-10-05 14:55:00";80000;;80000;;;;;;;;;"1";"Malveillance";;;;;""
2022;13273;"86";"86203";"Queaux";"2022-10-05 17:27:15";10000;10000;;;0;0;;;;;"Estimées";;;"Non";;;;""
2022;7862;"16";"16099";"Chillac";"2022-10-05 19:05:00";1500;1500;;;;;;;;;"Estimées";;;"Non";;;;""
2022;10903;"40";"40081";"Cère";"2022-10-05 19:53:00";1200;1200;;0;;;0;;;0;"Estimées";;;"Non";;;;""
2022;5242;"37";"37003";"Amboise";"2022-10-05 22:51:00";1;0;;1;;;1;0;0;0;"Estimées";;;;;;;""
2022;19729;"13";"13028";"La Ciotat";"2022-10-06 05:50:00";200;200;;;;;;;;;;"1";"Involontaire (particulier)";;;;;""
2022;20292;"66";"66140";"Pézilla-la-Rivière";"2022-10-06 10:03:00";10000;;;;;;;;;10000;;"6";"Involontaire (particulier)";;;;;""
2022;20244;"11";"11144";"Fitou";"2022-10-06 15:33:00";5000;;;;;;;;;;;;"Involontaire (particulier)";;;;;""
2022;20969;"26";"26345";"Suze-la-Rousse";"2022-10-07 03:24:00";400;;;;;;;;;;;;;;;;;""
2022;7495;"56";"56184";"Questembert";"2022-10-07 12:11:00";10;0;;10;;;10;0;0;0;"Estimées";;;;;;;""
2022;19527;"2B";"2B185";"Oletta";"2022-10-07 12:54:00";12000;;12000;;;;;;;;;"1";"Involontaire (travaux)";;;;;""
2022;19528;"2B";"2B007";"Albertacce";"2022-10-07 14:57:00";500;;;;;;;;;;;;;;;;;""
2022;12442;"31";"31547";"Seysses";"2022-10-07 15:41:24";1500;1500;;;;;;;;0;"Estimées";;;"Non";;;;"Données partielles ou non valides"
2022;10858;"40";"40015";"Arx";"2022-10-07 18:31:00";20;20;;0;;;0;;;0;"Estimées";;"Involontaire (travaux)";"Non";;;;""
2022;10832;"40";"40310";"Soustons";"2022-10-08 16:17:00";3000;3000;;0;;;0;;;0;"Estimées";;;"Non";;;;""
2022;20245;"11";"11379";"Sigean";"2022-10-09 15:18:00";100;;;;;;;;;;;;"Involontaire (particulier)";;;;;""
2022;21689;"2A";"2A186";"Olivese";"2022-10-09 15:41:00";50;;50;;;;;;;;;;;;;;;""
2022;20246;"11";"11011";"Aragon";"2022-10-09 15:58:00";4235;;;;;;;;;;;;;;;;;""
2022;21690;"2A";"2A348";"Vico";"2022-10-09 20:14:00";5;;;;;;;;;5;;;"Involontaire (particulier)";;;;;""
2022;20247;"11";"11203";"Lézignan-Corbières";"2022-10-10 15:04:00";3000;;;;;;;;;;;;"Involontaire (particulier)";;;;;""
2022;7914;"38";"38087";"Chasse-sur-Rhône";"2022-10-10 15:23:00";150;0;;150;;;150;0;0;0;"Mesurées";;;;;;;""
2022;20248;"11";"11217";"Marcorignan";"2022-10-10 15:59:00";25400;;;;;;;;;;;;"Involontaire (travaux)";;;;;""
2022;20067;"48";"48140";"Saint-Chély-d'Apcher";"2022-10-11 14:12:00";20000;;20000;;;;;;;;;"1";;;;;;""
2022;19734;"13";"13063";"Miramas";"2022-10-12 18:15:00";100;100;;;;;;;;;;"1";"Malveillance";;;;;""
2022;19731;"13";"13047";"Istres";"2022-10-12 22:57:00";100;100;;;;;;;;;;"1";;;;;;""
2022;19632;"06";"06070";"Gréolières";"2022-10-13 10:32:00";100;;;;;;;;;;;"1";"Involontaire (particulier)";;;;;""
2022;11980;"33";"33300";"Naujac-sur-Mer";"2022-10-13 14:24:00";1500;1500;;0;;;0;;;0;"Estimées";;"Accidentelle";"Non";;;;""
2022;19751;"2B";"2B182";"Occhiatana";"2022-10-14 14:49:00";10000;;;;;;;;;;;;;;;;;""
2022;10343;"47";"47075";"La Croix-Blanche";"2022-10-15 14:36:38";1000;800;;200;0;0;;;;;"Estimées";;;"Non";0;0;0;""
2022;10860;"40";"40085";"Commensacq";"2022-10-16 14:15:00";114000;114000;;0;;;0;;;0;"Estimées";;;"Non";;;;""
2022;20021;"2B";"2B153";"Manso";"2022-10-16 16:34:00";10000;;;;;;;;;;;;;;;;;""
2022;7912;"38";"38377";"Saint-Clair-de-la-Tour";"2022-10-16 19:47:00";300;0;;300;;;300;0;0;0;"Estimées";;;;;;;""
2022;7911;"38";"38045";"Biviers";"2022-10-17 12:06:00";10;0;;10;;;10;0;0;0;"Estimées";;;;;;;""
2022;10345;"47";"47213";"Prayssas";"2022-10-17 17:28:28";22000;2000;;20000;0;0;;;;;"Estimées";;;"Non";0;0;0;""
2022;19757;"2B";"2B218";"Piedicorte-di-Gaggio";"2022-10-17 23:04:00";300;;;;;;;;;;;;;;;;;""
2022;19760;"2B";"2B034";"Belgodère";"2022-10-18 15:11:00";500;10;490;;;;;;;;;"2";"Malveillance";;;;;""
2022;19762;"2B";"2B182";"Occhiatana";"2022-10-18 16:08:00";800;;;;;;;;;;;;"Malveillance";;;;;""
2022;19719;"13";"13087";"Rousset";"2022-10-18 16:29:00";5000;5000;;;;;;;;;;"1";"Involontaire (particulier)";;;;;""
2022;10710;"24";"24354";"La Roche-Chalais";"2022-10-18 18:27:00";2000;2000;;0;;;0;;;;"Estimées";;;"Non";;;;""
2022;21691;"2A";"2A323";"Tavaco";"2022-10-19 12:22:00";25000;;24000;;;;;;;1000;;"1";"Malveillance";;;;;""
2022;20249;"11";"11337";"Saint-Couat-d'Aude";"2022-10-19 20:16:00";500;;;;;;;;;;;;;;;;;""
2022;11985;"33";"33115";"Cazalis";"2022-10-20 07:09:00";64000;64000;;0;;;0;;;0;"Estimées";;;"Non";;;;""
2022;20321;"66";"66154";"Puyvalador";"2022-10-20 10:45:00";10;10;;;;;;;;;;"3";;;;;;""
2022;10889;"40";"40142";"Laluque";"2022-10-20 14:07:00";258000;258000;;0;;;0;;;0;"Estimées";;"Accidentelle";"Non";;;;""
2022;21692;"2A";"2A198";"Ota";"2022-10-20 18:53:00";10;;10;;;;;;;;;;"Involontaire (particulier)";;;;;""
2022;21693;"2A";"2A062";"Carbuccia";"2022-10-20 19:56:00";10;;10;;;;;;;;;;"Involontaire (particulier)";;;;;""
2022;19922;"13";"13081";"Rognac";"2022-10-21 01:22:00";30;30;;;;;;;;;;"1";"Malveillance";;;;;""
2022;19921;"13";"13112";"Velaux";"2022-10-21 02:33:00";50;50;;;;;;;;;;"1";"Malveillance";;;;;""
2022;20323;"66";"66205";"Tautavel";"2022-10-21 10:08:00";100;;100;;;;;;;;;"1";"Malveillance";;;;;""
2022;20256;"11";"11037";"Berriac";"2022-10-21 16:29:00";2000;;;;;;;;;;;;"Accidentelle";;;;;""
2022;20019;"2B";"2B347";"Vezzani";"2022-10-22 10:24:00";600;;;;;;;;;;;;;;;;;""
2022;21694;"2A";"2A017";"Appietto";"2022-10-22 11:38:00";200;;150;;;;;;;50;;;"Involontaire (particulier)";;;;;""
2022;20014;"2B";"2B329";"Tralonca";"2022-10-22 12:11:00";1000;;;;;;;;;;;;;;;;;""
2022;20250;"11";"11262";"Narbonne";"2022-10-22 13:37:00";20;;;;;;;;;;;;;;;;;""
2022;20015;"2B";"2B292";"Sant'Andréa-di-Bozio";"2022-10-22 13:44:00";55000;;;;;;;;;;;"1";"Malveillance";;;;;""
2022;21695;"2A";"2A362";"Zonza";"2022-10-22 13:54:00";60;;60;;;;;;;;;;"Involontaire (particulier)";;;;;""
2022;19925;"13";"13030";"Cuges-les-Pins";"2022-10-22 14:35:00";6;6;;;;;;;;;;"1";"Involontaire (particulier)";;;;;""
2022;19923;"13";"13082";"Rognes";"2022-10-22 15:28:00";50;50;;;;;;;;;;"1";"Involontaire (particulier)";;;;;""
2022;21696;"2A";"2A215";"Pianottoli-Caldarello";"2022-10-22 15:50:00";50;;50;;;;;;;;;;"Involontaire (particulier)";;;;;""
2022;20464;"11";"11058";"Cailhau";"2022-10-22 16:52:00";9255;;;;;;;;;;;;;;;;;""
2022;5588;"15";"15012";"Arpajon-sur-Cère";"2022-10-22 18:15:00";200;200;;0;;;0;0;0;0;"Mesurées";;"Involontaire (travaux)";;;;;""
2022;20022;"2B";"2B347";"Vezzani";"2022-10-23 10:24:00";600;;;;;;;;;;;;;;;;;""
2022;5587;"15";"15142";"Neuvéglise-sur-Truyère";"2022-10-23 10:56:00";15000;0;;15000;;;15000;0;0;0;"Estimées";;"Involontaire (travaux)";;;;;""
2022;21697;"2A";"2A186";"Olivese";"2022-10-23 11:43:00";1000;;1000;;;;;;;;;;"Malveillance";;;;;""
2022;20023;"2B";"2B153";"Manso";"2022-10-23 12:50:00";5000;;;;;;;;;;;;;;;;;""
2022;20024;"2B";"2B184";"Olcani";"2022-10-23 14:28:00";1886400;403600;1480000;;;;;;;2800;;"3";"Malveillance";;;;;""
2022;7500;"56";"56006";"Augan";"2022-10-23 15:36:00";30;0;;30;;;30;0;0;0;"Estimées";;;;;;;""
2022;5565;"37";"37223";"Saint-Laurent-de-Lin";"2022-10-23 17:28:00";100;0;;100;;;100;0;0;0;"Estimées";;;;;;;""
2022;11404;"33";"33458";"Saint-Paul";"2022-10-23 19:33:00";30;30;;0;;;0;;;0;"Estimées";;"Involontaire (particulier)";"Non";;;;""
2022;7501;"56";"56061";"La Gacilly";"2022-10-23 22:13:00";10;0;;10;;;10;0;0;0;"Estimées";;;;;;;""
2022;20031;"2B";"2B183";"Ogliastro";"2022-10-24 07:58:00";1571400;668700;882800;;;;;;;19900;;"1";"Malveillance";;;;;""
2022;20028;"2B";"2B049";"Calenzana";"2022-10-24 12:25:00";200;;;;;;;;;;;;;;;;;""
2022;20027;"2B";"2B292";"Sant'Andréa-di-Bozio";"2022-10-24 12:53:00";102070;102070;;;;;;;;;;"2";"Malveillance";;;;;""
2022;20025;"2B";"2B246";"La Porta";"2022-10-24 13:25:00";200;;;;;;;;;;;;;;;;;""
2022;20036;"2B";"2B283";"Solaro";"2022-10-25 14:54:00";3000;;;;;;;;;;;;"Malveillance";;;;;""
2022;19927;"13";"13098";"Saint-Mitre-les-Remparts";"2022-10-25 16:49:00";300;300;;;;;;;;;;"1";;;;;;""
2022;11318;"64";"64110";"Béost";"2022-10-25 17:38:54";20000;1000;;19000;;;;;;;"Estimées";;"Malveillance";"Non";;;;""
2022;19929;"13";"13079";"Puyloubier";"2022-10-26 12:07:00";15000;15000;;;;;;;;;;"1";"Involontaire (travaux)";;;;;""
2022;20039;"2B";"2B329";"Tralonca";"2022-10-26 13:28:00";5000;;;;;;;;;;;;"Malveillance";;;;;""
2022;20038;"2B";"2B292";"Sant'Andréa-di-Bozio";"2022-10-26 14:06:00";25000;;25000;;;;;;;;;"1";"Malveillance";;;;;""
2022;20037;"2B";"2B292";"Sant'Andréa-di-Bozio";"2022-10-26 14:35:00";30000;;30000;;;;;;;;;"1";"Malveillance";;;;;""
2022;10953;"40";"40142";"Laluque";"2022-10-26 15:22:00";5000;5000;;0;;;0;;;0;"Estimées";;;"Non";;;;""
2022;5229;"89";"89015";"Arcy-sur-Cure";"2022-10-26 15:40:00";100;0;;100;;;100;0;0;0;"Estimées";;;;;;;""
2022;19999;"04";"04094";"Gréoux-les-Bains";"2022-10-26 17:57:00";260;260;;;;;;;;;;"3";;;;;;""
2022;20048;"2B";"2B059";"Canavaggia";"2022-10-27 18:34:00";2000;;;;;;;;;;;;"Malveillance";;;;;""
2022;10532;"47";"47304";"Taillebourg";"2022-10-27 18:51:16";10010;10;;10000;0;0;;;;;"Estimées";;"Involontaire (particulier)";"Non";0;0;0;""
2022;20442;"83";"83142";"Trigance";"2022-10-28 14:12:00";1577730;1530800;46700;;;;;;;230;;"3";"Accidentelle";;;;;""
2022;20251;"11";"11122";"Douzens";"2022-10-28 15:10:00";3800;;;;;;;;;;;;;;;;;""
2022;20051;"2B";"2B055";"Campitello";"2022-10-28 15:20:00";177900;7900;170000;;;;;;;;;"1";"Malveillance";;;;;""
2022;20055;"2B";"2B110";"Favalello";"2022-10-28 16:01:00";100;;;;;;;;;;;;"Malveillance";;;;;""
2022;20354;"66";"66069";"Espira-de-l'Agly";"2022-10-28 16:10:00";1000;;1000;;;;;;;;;"1";"Malveillance";;;;;""
2022;20056;"2B";"2B219";"Piedicroce";"2022-10-28 19:13:00";4000;;;;;;;;;;;;"Malveillance";;;;;""
2022;7906;"38";"38389";"Saint-Georges-d'Espéranche";"2022-10-28 19:16:00";30;0;;30;;;30;0;0;0;"Estimées";;"Malveillance";;;;;""
2022;11320;"64";"64217";"Esquiule";"2022-10-28 19:21:27";150000;150000;;;;;;;;;"Estimées";;"Malveillance";"Non";;;;""
2022;21158;"11";"11390";"Thézan-des-Corbières";"2022-10-29 03:34:00";150;;;;;;;;;;;;"Accidentelle";;;;;""
2022;11125;"64";"64047";"Arnéguy";"2022-10-29 07:53:41";30000;30000;;;;;;;;;"Estimées";;;"Non";;;;""
2022;5583;"15";"15202";"Saint-Martin-Valmeroux";"2022-10-29 08:43:00";1500;1500;;0;;;0;0;0;0;"Estimées";;"Involontaire (particulier)";;;;;""
2022;10761;"24";"24075";"Campagnac-lès-Quercy";"2022-10-29 12:11:00";20000;20000;;0;;;0;;;;"Estimées";;"Accidentelle";"Non";;;;""
2022;20446;"83";"83008";"Bagnols-en-Forêt";"2022-10-29 17:11:00";2;2;;;;;;;;;;"5";"Involontaire (particulier)";;;;;""
2022;11322;"64";"64147";"Briscous";"2022-10-29 22:14:03";50;50;;;;;;;;;"Estimées";;"Involontaire (particulier)";"Non";;;;""
2022;7502;"56";"56109";"Lauzach";"2022-10-30 09:37:00";2;0;;2;;;2;0;0;0;"Mesurées";;;;;;;""
2022;20363;"66";"66119";"Mosset";"2022-10-30 14:15:00";400;400;;;;;;;;;;"5";"Involontaire (particulier)";;;;;""
2022;7508;"46";"46193";"Miers";"2022-10-30 14:33:00";6000;0;;6000;;;6000;0;0;0;"Estimées";;;;;;;""
2022;5581;"15";"15250";"Vebret";"2022-10-30 18:35:00";20;20;;0;;;0;0;0;0;"Mesurées";;"Involontaire (travaux)";;;;;""
2022;20066;"2B";"2B155";"Matra";"2022-10-31 12:44:00";400;;;;;;;;;;;;;;;;;""
2022;20069;"2B";"2B112";"Feliceto";"2022-10-31 16:23:00";20;;;;;;;;;;;;;;;;;""
2022;20070;"2B";"2B299";"San-Gavino-d'Ampugnani";"2022-10-31 16:46:00";20;;;;;;;;;;;;;;;;;""
2022;20253;"11";"11324";"Roubia";"2022-10-31 17:04:00";6000;;;;;;;;;;;;"Accidentelle";;;;;""
2022;19931;"13";"13082";"Rognes";"2022-10-31 17:53:00";50;50;;;;;;;;;;"1";"Involontaire (particulier)";;;;;""
2022;21711;"2A";"2A038";"Bilia";"2022-11-01 12:32:00";2000;;2000;;;;;;;;;;;;;;;""
2022;10861;"40";"40267";"Saint-Justin";"2022-11-01 12:42:00";100;100;;0;;;0;;;0;"Estimées";;;"Non";;;;""
2022;19933;"13";"13005";"Aubagne";"2022-11-01 15:09:00";350;350;;;;;;;;;;"1";"Naturelle";;;;;""
2022;12189;"87";"87163";"Saint-Martial-sur-Isop";"2022-11-01 15:25:05";10;10;;;;;;;;;"Mesurées";;;"Non";;;;""
2022;20078;"2B";"2B241";"Poggio-Marinaccio";"2022-11-01 16:29:00";3000;;;;;;;;;;;;;;;;;""
2022;21712;"2A";"2A040";"Bocognano";"2022-11-01 17:02:00";30;;30;;;;;;;;;;;;;;;""
2022;10544;"47";"47297";"Sembas";"2022-11-01 18:33:23";800;600;;200;0;0;;;;;"Estimées";;"Involontaire (particulier)";"Non";0;0;0;""
2022;20254;"11";"11223";"Mas-des-Cours";"2022-11-02 11:31:00";2000;;;;;;;;;;;;;;;;;""
2022;20367;"66";"66145";"Ponteilla";"2022-11-02 13:24:00";10000;;;;;;;;;10000;;"6";"Involontaire (particulier)";;;;;""
2022;19935;"13";"13056";"Martigues";"2022-11-02 15:22:00";10;10;;;;;;;;;;"1";"Involontaire (particulier)";;;;;""
2022;20991;"11";"11267";"Ornaisons";"2022-11-02 17:32:00";2000;;;;;;;;;;;;"Involontaire (travaux)";;;;;""
2022;20003;"04";"04129";"Montjustin";"2022-11-02 21:46:00";20;;;;;;;;;;;;"Involontaire (travaux)";;;;;""
2022;7503;"56";"56164";"Ploeren";"2022-11-03 14:34:00";5;0;;5;;;5;0;0;0;"Estimées";;"Involontaire (particulier)";;;;;""
2022;21714;"2A";"2A348";"Vico";"2022-11-03 16:54:00";80;;80;;;;;;;;;;;;;;;""
2022;20376;"66";"66213";"Toulouges";"2022-11-04 10:26:00";12000;;;;;;;;;12000;;"6";;;;;;""
2022;21717;"2A";"2A215";"Pianottoli-Caldarello";"2022-11-04 13:09:00";4;;4;;;;;;;;;;"Involontaire (travaux)";;;;;""
2022;21716;"2A";"2A139";"Lecci";"2022-11-04 15:01:00";500;;500;;;;;;;;;;;;;;;""
2022;10358;"47";"47084";"Douzains";"2022-11-04 17:42:12";30;30;;;0;0;;;;;"Estimées";;;"Non";0;0;0;""
2022;20004;"13";"13077";"Port-de-Bouc";"2022-11-06 13:41:00";300;300;;;;;;;;;;"1";"Malveillance";;;;;""
2022;10550;"47";"47151";"Loubès-Bernac";"2022-11-06 14:19:15";10;10;;;0;0;;;;;"Mesurées";;"Naturelle";"Non";0;0;0;""
2022;20992;"11";"11393";"Tourouzelle";"2022-11-06 14:29:00";2000;;;;;;;;;;;;"Involontaire (travaux)";;;;;""
2022;10551;"47";"47101";"Fourques-sur-Garonne";"2022-11-06 14:59:44";300;300;;;0;0;;;;;"Estimées";;"Involontaire (particulier)";"Non";0;0;0;""
2022;20993;"11";"11379";"Sigean";"2022-11-07 12:29:00";400;;;;;;;;;;;;;;;;;""
2022;10552;"47";"47195";"Nérac";"2022-11-07 14:36:21";30;30;;;0;0;;;;;"Estimées";;"Involontaire (particulier)";"Oui";0;1;0;""
2022;20994;"11";"11295";"Portel-des-Corbières";"2022-11-07 17:47:00";300;;;;;;;;;;;;"Accidentelle";;;;;""
2022;20099;"2B";"2B029";"Barbaggio";"2022-11-08 13:22:00";20000;;;;;;;;;;;;;;;;;""
2022;21719;"2A";"2A048";"Calcatoggio";"2022-11-08 15:30:00";17000;;10000;;;;;;;7000;;;"Involontaire (travaux)";;;;;""
2022;20995;"11";"11405";"Ventenac-en-Minervois";"2022-11-08 17:20:00";4000;;;;;;;;;;;;;;;;;""
2022;21004;"11";"11194";"Lastours";"2022-11-08 17:23:00";5;;;;;;;;;;;;;;;;;""
2022;7505;"56";"56174";"Plumelin";"2022-11-09 14:29:00";10;0;;10;;;10;0;0;0;"Estimées";;"Involontaire (particulier)";;;;;""
2022;20996;"11";"11262";"Narbonne";"2022-11-10 16:26:00";5000;;;;;;;;;;;;"Involontaire (travaux)";;;;;""
2022;20618;"66";"66095";"Latour-de-Carol";"2022-11-10 16:46:00";100;100;;;;;;;;;;"4";"Accidentelle";;;;;""
2022;20624;"66";"66127";"Opoul-Périllos";"2022-11-10 18:00:00";300;;300;;;;;;;;;"1";"Involontaire (travaux)";;;;;""
2022;20465;"11";"11190";"La Redorte";"2022-11-11 12:56:00";29300;;;;;;;;;;;;;;;;;""
2022;11987;"33";"33202";"Hostens";"2022-11-11 15:55:00";100;100;;0;;;0;;;0;"Estimées";;;"Non";;;;""
2022;7509;"46";"46042";"Cahors";"2022-11-12 13:30:00";10000;10000;;0;;;0;0;0;0;"Estimées";;;;;;;""
2022;20998;"11";"11170";"Gruissan";"2022-11-12 23:03:00";1500;;;;;;;;;;;;"Involontaire (particulier)";;;;;""
2022;21720;"2A";"2A041";"Bonifacio";"2022-11-13 10:30:00";1;;1;;;;;;;;;;;;;;;""
2022;10555;"47";"47010";"Antagnac";"2022-11-13 12:16:15";2;2;;;0;0;;;;;"Estimées";;"Involontaire (particulier)";"Non";0;0;0;""
2022;20258;"2B";"2B015";"Ampriani";"2022-11-13 12:19:00";150;;;;;;;;;;;;;;;;;""
2022;11986;"33";"33042";"Belin-Béliet";"2022-11-13 16:26:00";5;5;;0;;;0;;;0;"Estimées";;;"Non";;;;""
2022;21722;"2A";"2A284";"Sollacaro";"2022-11-13 19:15:00";5;;5;;;;;;;;;;;;;;;""
2022;20999;"11";"11203";"Lézignan-Corbières";"2022-11-14 08:40:00";600;;;;;;;;;;;;;;;;;""
2022;20633;"66";"66205";"Tautavel";"2022-11-14 17:06:00";10000;;;;;;;;;10000;;"6";;;;;;""
2022;21294;"11";"11188";"La Palme";"2022-11-15 13:38:00";1800;;;;;;;;;;;;;;;;;""
2022;10556;"47";"47271";"Saint-Pierre-sur-Dropt";"2022-11-16 18:01:07";50;50;;;0;0;;;;;"Estimées";;"Involontaire (particulier)";"Non";0;0;0;""
2022;20466;"11";"11266";"Port-la-Nouvelle";"2022-11-17 18:45:00";20;;;;;;;;;;;;;;;;;""
2022;20399;"2B";"2B059";"Canavaggia";"2022-11-18 13:26:00";15000;;;;;;;;;;;;;;;;;""
2022;21278;"13";"13028";"La Ciotat";"2022-11-20 10:30:00";20;20;;;;;;;;;;"1";;;;;;""
2022;21000;"11";"11285";"Peyriac-de-Mer";"2022-11-20 11:57:00";1100;;;;;;;;;;;;"Involontaire (travaux)";;;;;""
2022;20289;"30";"30159";"Le Martinet";"2022-11-20 14:35:00";15000;;;;;;;;;;;"4";"Accidentelle";;;;;""
2022;21001;"11";"11132";"Fabrezan";"2022-11-20 14:49:00";54800;;;;;;;;;;;;"Involontaire (travaux)";;;;;""
2022;10558;"47";"47310";"Tonneins";"2022-11-20 18:00:20";500;500;;;0;0;;;;;"Estimées";;"Involontaire (travaux)";"Non";0;0;0;""
2022;20668;"66";"66153";"Prunet-et-Belpuig";"2022-11-22 17:13:00";50;50;;;;;;;;;;"3";"Involontaire (particulier)";;;;;""
2022;20402;"06";"06050";"Coursegoules";"2022-11-23 16:44:00";1200;;;;;;;;;;;;;;;;;""
2022;21002;"11";"11067";"Canet";"2022-11-23 16:48:00";100;;;;;;;;;;;;"Accidentelle";;;;;""
2022;5724;"37";"37241";"Savigné-sur-Lathan";"2022-11-26 17:54:00";100;0;;100;;;100;0;0;0;"Estimées";;;;;;;""
2022;21159;"11";"11398";"Treilles";"2022-11-26 19:17:00";15;;;;;;;;;;;;"Involontaire (particulier)";;;;;""
2022;20734;"66";"66030";"Calce";"2022-12-01 14:59:00";4000;;4000;;;;;;;;;"1";;;;;;""
2022;21295;"11";"11086";"Caves";"2022-12-04 13:57:00";30;;;;;;;;;;;;;;;;;""
2022;21003;"11";"11164";"Ginestas";"2022-12-04 15:25:00";5400;;;;;;;;;;;;"Involontaire (travaux)";;;;;""
2022;20760;"66";"66079";"Finestret";"2022-12-05 17:35:00";20;20;;;;;;;;;;"5";;;;;;""
2022;20982;"66";"66049";"Céret";"2022-12-07 16:31:00";300;300;;;;;;;;;;"5";"Malveillance";;;;;""
2022;10560;"47";"47203";"Penne-d'Agenais";"2022-12-07 17:40:56";2;2;;;0;0;;;;;"Estimées";;"Involontaire (particulier)";"Non";0;0;0;""
2022;6355;"37";"37220";"Saint-Germain-sur-Vienne";"2022-12-09 18:24:00";80;0;;80;;;80;0;0;0;"Estimées";;;;;;;""
2022;21160;"11";"11024";"Bages";"2022-12-10 22:32:00";500;;;;;;;;;;;;"Involontaire (travaux)";;;;;""
2022;20990;"66";"66108";"Millas";"2022-12-11 10:33:00";10000;;;;;;;;;10000;;"6";"Malveillance";;;;;""
2022;21005;"06";"06074";"Lantosque";"2022-12-11 13:42:00";2000;;;;;;;;;;;;"Malveillance";;;;;""
2022;21279;"13";"13103";"Salon-de-Provence";"2022-12-11 17:07:00";2;2;;;;;;;;;;"1";;;;;;""
2022;21568;"11";"11315";"Rieux-Minervois";"2022-12-22 18:35:00";10080;;;;;;;;;;;;;;;;;""
2022;6748;"71";"71210";"Fuissé";"2022-12-24 15:22:00";5;0;;5;;;5;0;0;0;"Estimées";;;;;;;""
2022;11132;"64";"64377";"Mendionde";"2022-12-25 11:38:53";10000;10000;;;;;;;;;"Estimées";;;"Non";;;;""
2022;11134;"64";"64545";"Urrugne";"2022-12-26 15:08:05";5;5;;;;;;;;;"Estimées";;;"Non";;;;""
2022;21656;"66";"66192";"Sauto";"2022-12-27 14:04:00";300;300;;;;;;;;;;"5";"Accidentelle";;;;;""
2022;21658;"66";"66118";"Montner";"2022-12-30 22:08:00";300;;300;;;;;;;;;"1";"Malveillance";;;;;""
2022;12005;"33";"33051";"Biganos";"2022-12-31 16:41:00";8;8;;0;;;0;;;0;"Estimées";;"Malveillance";"Non";;;;""
2022;21725;"2A";"2A048";"Calcatoggio";"2022-12-31 17:00:00";50;;50;;;;;;;;;;"Involontaire (particulier)";;;;;""
2023;9664;"2B";"2B046";"Cagnano";"2023-01-01 10:05:00";100;0;100;0;0;0;;;;;"Estimées";;"Malveillance";"Non";;;;""
2023;9282;"88";"88148";"Dommartin-lès-Remiremont";"2023-01-01 15:29:00";2;2;;0;0;0;;;;;"Estimées";;;;;;;""
2023;17212;"40";"40132";"Labatut";"2023-01-01 17:54:00";1000;1000;;0;0;0;;;;;"Estimées";;"Accidentelle";"Non";0;0;0;""
2023;22382;"64";"64271";"Iholdy";"2023-01-01 18:11:35";10000;10000;;0;0;0;;;;;"Estimées";;;"Non";0;0;0;""
2023;21346;"83";"83152";"Rayol-Canadel-sur-Mer";"2023-01-02 20:59:00";35;0;35;0;0;0;;;;;"Estimées";;"Involontaire (particulier)";"Non";0;0;0;"Données partielles ou non valides"
2023;21347;"83";"83056";"Figanières";"2023-01-03 15:15:00";2;0;2;0;0;0;;;;;"Estimées";;;"Non";0;0;0;"Données partielles ou non valides"
2023;550;"2A";"2A326";"Tolla";"2023-01-04 11:37:00";200;0;200;0;0;0;;;;;"Estimées";"1";"Involontaire (particulier)";"Non";;;;""
2023;13847;"66";"66190";"Salses-le-Château";"2023-01-04 13:14:00";5000;0;5000;0;0;0;;;;;"Estimées";;"Involontaire (travaux)";"Non";;;;""
2023;22385;"64";"64306";"Lahourcade";"2023-01-05 11:57:34";10;10;;0;0;0;;;;;"Estimées";;;"Non";0;0;0;""
2023;1270;"13";"13106";"Septèmes-les-Vallons";"2023-01-05 16:55:00";1000;1000;0;0;0;0;;;;;"Mesurées";"1";"Accidentelle";"Non";;;;""
2023;14926;"31";"31556";"Les Tourreilles";"2023-01-05 18:51:00";5000;5000;;0;0;0;;;;;"Estimées";;;"Non";;;;""
2023;2776;"32";"32312";"Pessan";"2023-01-06 14:04:00";10000;10000;;0;0;0;;;;;"Estimées";;;"Non";;;;""
2023;224;"2B";"2B341";"Venaco";"2023-01-06 14:27:00";100;100;0;0;0;0;;;;;"Estimées";"3";;"Non";;;;""
2023;225;"2B";"2B138";"Lavatoggio";"2023-01-06 15:38:00";500;100;0;400;0;0;;;;;"Estimées";"1";;"Non";;;;""
2023;1271;"13";"13022";"Cassis";"2023-01-06 20:15:00";20;20;0;0;0;0;;;;;"Estimées";"1";"Accidentelle";"Non";;;;""
2023;21349;"83";"83002";"Aiguines";"2023-01-07 15:09:00";100000;0;100000;0;0;0;;;;;"Estimées";;"Accidentelle";"Non";0;0;0;"Données partielles ou non valides"
2023;226;"2B";"2B063";"Carcheto-Brustico";"2023-01-08 11:08:00";5000;0;5000;0;0;0;;;;;"Estimées";"1";;"Non";;;;""
2023;234;"2B";"2B150";"Lumio";"2023-01-08 12:26:00";100;0;100;0;0;0;;;;;"Estimées";"1";;"Non";;;;""
2023;239;"2B";"2B286";"Sorbo-Ocagnano";"2023-01-11 16:33:00";3000;0;3000;0;0;0;;;;;"Estimées";"1";;"Non";;;;""
2023;645;"2A";"2A362";"Zonza";"2023-01-11 22:51:00";1;0;1;0;0;0;;;;;"Estimées";;"Involontaire (particulier)";"Non";;;;""
2023;3684;"11";"11262";"Narbonne";"2023-01-12 01:10:00";150;0;150;0;0;0;;;;;"Mesurées";;"Accidentelle";"Non";;;;""
2023;21350;"83";"83055";"Fayence";"2023-01-12 13:31:00";5000;5000;0;0;0;0;;;;;"Estimées";;"Involontaire (particulier)";"Non";0;0;0;"Données partielles ou non valides"
2023;6303;"30";"30057";"Cabrières";"2023-01-13 14:55:00";1000;1000;0;0;0;0;;;;;"Estimées";"1";;"Non";;;;""
2023;240;"2B";"2B190";"Olmi-Cappella";"2023-01-13 17:40:00";300;300;0;0;0;0;;;;;"Estimées";;;"Non";;;;""
2023;21353;"83";"83148";"Vidauban";"2023-01-13 18:18:00";10;10;0;0;0;0;;;;;"Estimées";;"Involontaire (travaux)";"Non";0;0;0;"Données partielles ou non valides"
2023;8884;"88";"88010";"Aouze";"2023-01-13 23:29:00";1;1;;0;0;0;;;;;"Estimées";;;"Non";;;;""
2023;21354;"83";"83056";"Figanières";"2023-01-14 14:32:00";2000;0;2000;0;0;0;;;;;"Estimées";;"Involontaire (particulier)";"Non";0;0;0;"Données partielles ou non valides"
2023;13875;"66";"66109";"Molitg-les-Bains";"2023-01-14 14:43:00";30000;20000;0;10000;0;0;;;;;"Estimées";;"Involontaire (particulier)";"Non";;;;""
2023;21355;"83";"83121";"Salernes";"2023-01-14 19:49:00";1;1;0;0;0;0;;;;;"Estimées";;"Involontaire (travaux)";"Non";0;0;0;"Données partielles ou non valides"
2023;246;"2B";"2B079";"Castello-di-Rostino";"2023-01-15 10:21:00";1000;1000;0;0;0;0;;;;;"Estimées";"2";;"Non";;;;""
2023;13893;"66";"66069";"Espira-de-l'Agly";"2023-01-18 11:36:00";500;500;0;0;0;0;;;;;"Estimées";;"Malveillance";"Non";;;;""
2023;21360;"83";"83107";"Roquebrune-sur-Argens";"2023-01-19 14:13:00";60;0;60;0;0;0;;;;;"Estimées";;;"Non";0;0;0;"Données partielles ou non valides"
2023;84;"06";"06157";"Vence";"2023-01-19 15:08:00";50000;5000;45000;0;0;0;;;;;"Estimées";"1";;"Non";;;;""
2023;1272;"13";"13080";"Le Puy-Sainte-Réparade";"2023-01-20 17:03:00";15;15;0;0;0;0;;;;;"Estimées";"1";"Involontaire (particulier)";"Non";;;;""
2023;6308;"30";"30156";"Marguerittes";"2023-01-20 17:53:00";1000;0;1000;0;0;0;;;;;"Estimées";"1";;"Non";;;;""
2023;21362;"83";"83067";"Gonfaron";"2023-01-20 20:02:00";3;0;3;0;0;0;;;;;"Estimées";;;"Non";0;0;0;"Données partielles ou non valides"
2023;3685;"11";"11266";"Port-la-Nouvelle";"2023-01-21 10:20:00";150;5;145;0;0;0;;;;;"Mesurées";;"Accidentelle";"Non";;;;""
2023;21363;"83";"83003";"Ampus";"2023-01-21 13:31:00";18000;0;18000;0;0;0;;;;;"Estimées";;"Involontaire (particulier)";"Non";0;0;0;"Données partielles ou non valides"
2023;21364;"83";"83061";"Fréjus";"2023-01-21 18:09:00";2;2;0;0;0;0;;;;;"Estimées";;"Involontaire (particulier)";"Non";0;0;0;"Données partielles ou non valides"
2023;13905;"66";"66030";"Calce";"2023-01-21 22:37:00";600;0;600;0;0;0;;;;;"Estimées";;"Malveillance";"Non";;;;""
2023;119;"06";"06077";"Lucéram";"2023-01-22 00:35:00";500;0;500;0;0;0;;;;;"Estimées";;;"Non";;;;""
2023;15375;"38";"38050";"Le Bouchage";"2023-01-22 00:42:00";100;100;;0;0;0;;;;;"Estimées";;"Involontaire (travaux)";"Non";;;;""
2023;2014;"30";"30090";"Concoules";"2023-01-22 14:12:00";300;300;0;0;0;0;;;;;"Estimées";;;"Non";;;;""
2023;13907;"66";"66049";"Céret";"2023-01-22 14:25:00";1920;1920;0;0;0;0;;;;;"Mesurées";;"Involontaire (particulier)";"Non";;;;""
2023;1273;"13";"13050";"Lambesc";"2023-01-23 16:10:00";300;300;0;0;0;0;;;;;"Estimées";"1";;"Non";;;;""
2023;15370;"85";"85226";"Saint-Hilaire-de-Riez";"2023-01-24 10:26:00";10;10;;0;0;0;;;;;"Estimées";;"Accidentelle";"Non";;;;""
2023;21369;"83";"83121";"Salernes";"2023-01-24 12:10:00";50;0;50;0;0;0;;;;;"Estimées";;"Involontaire (particulier)";"Non";0;0;0;"Données partielles ou non valides"
2023;21370;"83";"83113";"Saint-Julien";"2023-01-24 17:55:00";5;0;5;0;0;0;;;;;"Estimées";;"Involontaire (particulier)";"Non";0;0;0;"Données partielles ou non valides"
2023;21371;"83";"83116";"Saint-Maximin-la-Sainte-Baume";"2023-01-24 19:26:00";10;0;10;0;0;0;;;;;"Estimées";;"Involontaire (particulier)";"Non";0;0;0;"Données partielles ou non valides"
2023;21372;"83";"83015";"Bauduen";"2023-01-25 11:30:00";150;150;0;0;0;0;;;;;"Estimées";;"Accidentelle";"Non";0;0;0;"Données partielles ou non valides"
2023;104;"48";"48004";"Altier";"2023-01-25 13:22:00";15300;3300;0;12000;0;0;;;;;"Mesurées";"1";"Involontaire (travaux)";"Non";;;;""
2023;1274;"13";"13047";"Istres";"2023-01-25 13:26:00";60;60;0;0;0;0;;;;;"Estimées";"1";"Accidentelle";"Non";;;;""
2023;21373;"83";"83066";"Ginasservis";"2023-01-25 15:50:00";50;0;50;0;0;0;;;;;"Estimées";;;"Non";0;0;0;"Données partielles ou non valides"
2023;21374;"83";"83072";"Lorgues";"2023-01-25 15:59:00";5;5;0;0;0;0;;;;;"Estimées";;"Accidentelle";"Non";0;0;0;"Données partielles ou non valides"
2023;129;"06";"06050";"Coursegoules";"2023-01-26 15:36:00";200;0;200;0;0;0;;;;;"Estimées";;"Malveillance";"Non";;;;""
2023;3686;"11";"11266";"Port-la-Nouvelle";"2023-01-27 13:17:00";300;10;290;0;0;0;;;;;"Mesurées";;"Accidentelle";"Non";;;;""
2023;1275;"13";"13071";"Les Pennes-Mirabeau";"2023-01-27 18:53:00";10;10;;;;;;;;;"Estimées";"1";"Involontaire (particulier)";"Non";;;;""
2023;381;"34";"34319";"Vailhan";"2023-01-27 20:40:00";8634;0;8634;;;;;;;;"Mesurées";"1";"Malveillance";"Non";;;;""
2023;131;"06";"06035";"Castellar";"2023-01-28 11:00:00";200;0;200;0;0;0;;;;;"Estimées";;;"Non";;;;""
2023;85;"06";"06129";"Saint-Sauveur-sur-Tinée";"2023-01-28 13:18:00";200;0;200;0;0;0;;;;;"Estimées";"1";"Involontaire (particulier)";"Non";;;;""
2023;2664;"26";"26104";"Cornillac";"2023-01-28 14:05:00";5000;5000;0;0;0;0;;;;;"Estimées";"5";"Involontaire (particulier)";"Non";;;;""
2023;252;"56";"56120";"Locqueltas";"2023-01-28 16:05:00";800;800;;0;0;0;;;;;"Estimées";;"Involontaire (travaux)";"Non";;;;""
2023;1277;"13";"13022";"Cassis";"2023-01-29 01:05:00";10;10;;;;;;;;;"Estimées";"1";"Involontaire (particulier)";"Non";;;;""
2023;15377;"38";"38455";"Saint-Savin";"2023-01-29 06:43:00";1;1;;0;0;0;;;;;"Estimées";;;"Non";;;;""
2023;21378;"83";"83097";"Pourrières";"2023-01-29 15:23:00";300;0;300;0;0;0;;;;;"Estimées";;"Involontaire (particulier)";"Non";0;0;0;"Données partielles ou non valides"
2023;1276;"13";"13040";"Fuveau";"2023-01-29 16:20:00";30;30;;;;;;;;;"Estimées";"1";"Involontaire (particulier)";"Non";;;;""
2023;13921;"66";"66106";"Maureillas-las-Illas";"2023-01-29 17:16:00";200;200;0;0;0;0;;;;;"Estimées";;;"Non";;;;""
2023;3687;"11";"11064";"Camplong-d'Aude";"2023-01-29 17:40:00";1500;1500;0;0;0;0;;;;;"Mesurées";;;"Non";;;;""
2023;21379;"83";"83001";"Les Adrets-de-l'Estérel";"2023-01-29 18:02:00";1;0;1;0;0;0;;;;;"Estimées";;;"Non";0;0;0;"Données partielles ou non valides"
2023;3166;"30";"30137";"Lamelouze";"2023-01-29 23:39:00";3470;3470;0;0;0;0;;;;;"Mesurées";"5";"Involontaire (particulier)";"Non";;;;""
2023;21380;"83";"83080";"Mons";"2023-01-30 11:11:00";550;0;550;0;0;0;;;;;"Estimées";;"Malveillance";"Non";0;0;0;"Données partielles ou non valides"
2023;7954;"84";"84051";"Goult";"2023-01-30 15:48:00";9700;9000;0;0;700;0;;;;;"Mesurées";"2";"Involontaire (particulier)";"Non";;;;""
2023;21381;"83";"83149";"Villecroze";"2023-01-30 20:15:00";20;0;20;0;0;0;;;;;"Estimées";;"Involontaire (particulier)";"Non";0;0;0;"Données partielles ou non valides"
2023;1279;"13";"13082";"Rognes";"2023-01-31 07:04:00";200;200;;;;;;;;;"Estimées";"1";"Involontaire (particulier)";"Non";;;;""
2023;21382;"83";"83015";"Bauduen";"2023-01-31 12:54:00";10;0;10;0;0;0;;;;;"Estimées";;"Involontaire (particulier)";"Non";0;0;0;"Données partielles ou non valides"
2023;13926;"66";"66158";"Rasiguères";"2023-01-31 13:44:00";800;0;800;0;0;0;;;;;"Estimées";;"Malveillance";"Non";;;;""
2023;21383;"83";"83143";"Le Val";"2023-01-31 15:49:00";500;0;500;0;0;0;;;;;"Estimées";;"Involontaire (particulier)";"Non";0;0;0;"Données partielles ou non valides"
2023;21384;"83";"83046";"Cotignac";"2023-01-31 15:56:00";2500;0;2500;0;0;0;;;;;"Estimées";;"Involontaire (particulier)";"Non";0;0;0;"Données partielles ou non valides"
2023;358;"34";"34092";"Cruzy";"2023-01-31 16:08:00";9817;0;9817;;;;;;;;"Mesurées";"1";"Involontaire (travaux)";"Non";;;;""
2023;87;"06";"06072";"Ilonse";"2023-01-31 16:27:00";100;0;100;0;0;0;;;;;"Estimées";;"Malveillance";"Non";;;;""
2023;21385;"83";"83069";"Hyères";"2023-01-31 18:52:00";500;0;500;0;0;0;;;;;"Estimées";;"Accidentelle";"Non";0;0;0;"Données partielles ou non valides"
2023;353;"34";"34013";"Aspiran";"2023-01-31 19:24:00";21834;0;21834;;;;;;;;"Mesurées";;"Malveillance";"Non";;;;""
2023;3688;"11";"11262";"Narbonne";"2023-01-31 20:15:00";30;0;30;0;0;0;;;;;"Mesurées";;"Malveillance";"Non";;;;""
2023;1278;"13";"13041";"Gardanne";"2023-01-31 20:54:00";100;100;;;;;;;;;"Estimées";"1";;"Non";;;;""
2023;21386;"83";"83063";"La Garde-Freinet";"2023-02-01 06:23:00";7000;7000;0;0;0;0;;;;;"Estimées";;"Involontaire (travaux)";"Non";0;0;0;"Données partielles ou non valides"
2023;21387;"83";"83063";"La Garde-Freinet";"2023-02-01 06:54:00";4000;4000;0;0;0;0;;;;;"Estimées";;"Involontaire (travaux)";"Non";0;0;0;"Données partielles ou non valides"
2023;86;"06";"06157";"Vence";"2023-02-01 11:34:00";180900;0;180900;0;0;0;;;;;"Mesurées";"1";"Malveillance";"Non";;;;""
2023;1703;"04";"04112";"Manosque";"2023-02-01 13:38:00";900;0;900;0;0;0;;;;;"Mesurées";;"Involontaire (travaux)";"Non";;;;""
2023;13930;"66";"66211";"Tordères";"2023-02-01 13:53:00";650;650;0;0;0;0;;;;;"Estimées";;"Involontaire (particulier)";"Non";;;;""
2023;13933;"66";"66119";"Mosset";"2023-02-01 15:31:00";500;500;0;0;0;0;;;;;"Estimées";;;"Non";;;;""
2023;3689;"11";"11188";"La Palme";"2023-02-02 13:13:00";8000;0;8000;0;0;0;;;;;"Mesurées";;"Involontaire (travaux)";"Non";;;;""
2023;21389;"83";"83124";"Seillans";"2023-02-02 13:47:00";4000;4000;0;0;0;0;;;;;"Estimées";;"Involontaire (travaux)";"Non";0;0;0;"Données partielles ou non valides"
2023;3690;"11";"11285";"Peyriac-de-Mer";"2023-02-02 14:47:00";70020;0;70020;0;0;0;;;;;"Mesurées";;"Involontaire (travaux)";"Non";;;;""
2023;1704;"04";"04099";"Lambruisse";"2023-02-02 15:01:00";629900;326400;0;303500;0;0;;;;;"Mesurées";;"Involontaire (travaux)";"Non";;;;""
2023;335;"34";"34313";"Tressan";"2023-02-02 15:37:00";59816;0;59816;0;0;0;;;;;"Mesurées";"1";"Involontaire (travaux)";"Non";;;;""
2023;13937;"66";"66111";"Montalba-le-Château";"2023-02-02 16:13:00";19303;13400;5900;0;0;3;;;;;"Mesurées";;"Malveillance";"Non";;;;""
2023;3691;"11";"11170";"Gruissan";"2023-02-02 17:36:00";1;0;1;0;0;0;;;;;"Mesurées";;"Involontaire (particulier)";"Non";;;;""
2023;21392;"83";"83125";"Seillons-Source-d'Argens";"2023-02-02 17:57:00";5;0;5;0;0;0;;;;;"Estimées";;"Involontaire (travaux)";"Non";0;0;0;"Données partielles ou non valides"
2023;21393;"83";"83038";"Châteaudouble";"2023-02-02 19:52:00";10;0;10;0;0;0;;;;;"Estimées";;"Involontaire (particulier)";"Non";0;0;0;"Données partielles ou non valides"
2023;21394;"83";"83064";"Garéoult";"2023-02-02 22:25:00";10;0;10;0;0;0;;;;;"Estimées";;;"Non";0;0;0;"Données partielles ou non valides"
2023;6334;"30";"30164";"Méjannes-le-Clap";"2023-02-03 13:29:00";1000;1000;0;0;0;0;;;;;"Estimées";;;"Non";;;;""
2023;1280;"13";"13114";"Ventabren";"2023-02-03 13:57:00";200;200;;;;;;;;;"Estimées";"1";;"Non";;;;""
2023;2229;"48";"48065";"Fraissinet-de-Fourques";"2023-02-03 15:35:00";17400;12400;0;5000;0;0;;;;;"Estimées";"3";"Involontaire (travaux)";"Non";;;;""
2023;106;"48";"48065";"Fraissinet-de-Fourques";"2023-02-03 15:40:00";20000;0;20000;0;0;0;;;;;"Estimées";"3";"Involontaire (travaux)";"Non";;;;""
2023;8162;"84";"84090";"Peypin-d'Aigues";"2023-02-03 15:51:00";800;800;0;0;0;0;;;;;"Mesurées";"3";;"Non";;;;""
2023;321;"34";"34237";"Roujan";"2023-02-03 19:12:00";44773;0;44773;;;;;;;;"Mesurées";"1";"Malveillance";"Non";;;;""
2023;3692;"11";"11106";"Coursan";"2023-02-03 21:19:00";10000;0;10000;0;0;0;;;;;"Mesurées";;"Involontaire (travaux)";"Non";;;;""
2023;1282;"13";"13065";"Mouriès";"2023-02-04 05:32:00";954400;954400;0;0;0;0;;;;;"Mesurées";"1";"Accidentelle";"Non";;;;""
2023;6338;"30";"30062";"Calvisson";"2023-02-04 08:48:00";1000;1000;0;0;0;0;;;;;"Estimées";;;"Non";;;;""
2023;1706;"04";"04081";"Esparron-de-Verdon";"2023-02-04 09:47:00";700;700;0;0;0;0;;;;;"Estimées";;"Involontaire (particulier)";"Non";;;;""
2023;3693;"11";"11073";"Cassaignes";"2023-02-04 10:17:00";2000;200;1800;0;0;0;;;;;"Mesurées";;;"Non";;;;""
2023;315;"34";"34119";"Hérépian";"2023-02-04 11:33:00";5169;0;5169;0;0;0;;;;;"Mesurées";"1";"Malveillance";"Non";;;;""
2023;1281;"13";"13002";"Allauch";"2023-02-04 13:58:00";10;10;;;;;;;;;"Estimées";"1";"Involontaire (particulier)";"Non";;;;""
2023;310;"34";"34291";"Saint-Vincent-d'Olargues";"2023-02-04 14:16:00";1024;1024;0;0;0;0;;;;;"Mesurées";"3";"Involontaire (particulier)";"Non";;;;""
2023;308;"34";"34189";"Olonzac";"2023-02-04 14:21:00";4108;0;4108;;;;;;;;"Mesurées";"1";"Involontaire (travaux)";"Non";;;;""
2023;304;"34";"34147";"Magalas";"2023-02-04 15:39:00";12094;0;12094;0;0;0;;;;;"Mesurées";"1";"Malveillance";"Non";;;;""
2023;89;"06";"06051";"La Croix-sur-Roudoule";"2023-02-04 16:28:00";50;0;50;0;0;0;;;;;"Estimées";;;"Non";;;;""
2023;88;"06";"06050";"Coursegoules";"2023-02-04 16:53:00";5000;0;5000;0;0;0;;;;;"Estimées";;"Involontaire (particulier)";"Non";;;;""
2023;291;"34";"34304";"Soubès";"2023-02-04 18:54:00";1692;0;1692;;;;;;;;"Mesurées";"1";"Involontaire (particulier)";"Non";;;;""
2023;249;"56";"56241";"Sauzon";"2023-02-04 23:44:00";70000;70000;;0;0;0;;;;;"Estimées";;;"Non";;;;""
2023;3694;"11";"11266";"Port-la-Nouvelle";"2023-02-05 11:10:00";500;0;500;0;0;0;;;;;"Mesurées";;"Involontaire (particulier)";"Non";;;;""
2023;1283;"13";"13100";"Saint-Rémy-de-Provence";"2023-02-05 12:17:00";100;100;;;;;;;;;"Estimées";"1";"Accidentelle";"Non";;;;""
2023;3695;"11";"11256";"Montséret";"2023-02-05 13:19:00";21720;0;21720;0;0;0;;;;;"Mesurées";;;"Non";;;;""
2023;3696;"11";"11355";"Saint-Martin-de-Villereglan";"2023-02-05 14:00:00";17;0;17;0;0;0;;;;;"Mesurées";;"Involontaire (travaux)";"Non";;;;""
2023;186;"66";"66212";"Torreilles";"2023-02-05 15:06:00";254700;92100;0;31800;0;130800;;;;;"Mesurées";;"Malveillance";"Non";;;;""
2023;90;"05";"05173";"Upaix";"2023-02-05 16:09:00";20;20;;;;;;;;;"Estimées";"5";"Involontaire (particulier)";"Non";;;;""
2023;2254;"30";"30296";"Saint-Roman-de-Codières";"2023-02-05 16:20:00";78;78;0;0;0;0;;;;;"Mesurées";"6";"Involontaire (particulier)";"Non";;;;""
2023;21398;"83";"83026";"Cabasse";"2023-02-05 17:05:00";5;0;5;0;0;0;;;;;"Estimées";;"Involontaire (travaux)";"Non";0;0;0;"Données partielles ou non valides"
2023;6203;"30";"30220";"Roquedur";"2023-02-05 17:34:00";233;233;0;0;0;0;;;;;"Mesurées";"2";"Involontaire (particulier)";"Non";;;;""
2023;13959;"66";"66194";"Serralongue";"2023-02-06 07:34:00";5000;5000;0;0;0;0;;;;;"Estimées";;"Accidentelle";"Non";;;;""
2023;644;"2A";"2A041";"Bonifacio";"2023-02-06 10:49:00";1;0;1;0;0;0;;;;;"Estimées";;"Involontaire (particulier)";"Non";;;;""
2023;640;"2A";"2A324";"Tavera";"2023-02-06 11:05:00";100;0;100;0;0;0;;;;;"Estimées";;"Involontaire (travaux)";"Non";;;;""
2023;257;"2B";"2B123";"Ghisonaccia";"2023-02-06 15:03:00";150;0;150;0;0;0;;;;;"Estimées";"1";;"Non";;;;""
2023;1284;"13";"13108";"Tarascon";"2023-02-06 17:32:00";30;30;;;;;;;;;"Estimées";"1";"Involontaire (particulier)";"Non";;;;""
2023;3697;"11";"11106";"Coursan";"2023-02-06 19:46:00";100;0;100;0;0;0;;;;;"Mesurées";;"Involontaire (travaux)";"Non";;;;""
2023;1285;"13";"13110";"Trets";"2023-02-06 22:28:00";300;300;;;;;;;;;"Estimées";"1";"Involontaire (particulier)";"Non";;;;""
2023;21399;"83";"83099";"Puget-sur-Argens";"2023-02-07 11:50:00";300;0;300;0;0;0;;;;;"Estimées";;"Involontaire (particulier)";"Non";0;0;0;"Données partielles ou non valides"
2023;21400;"83";"83069";"Hyères";"2023-02-07 15:18:00";10;0;10;0;0;0;;;;;"Estimées";;"Accidentelle";"Non";0;0;0;"Données partielles ou non valides"
2023;18655;"47";"47125";"Lacépède";"2023-02-07 17:16:26";100;50;;50;0;0;;;;;"Estimées";;"Involontaire (particulier)";"Non";0;0;0;""
2023;9310;"88";"88355";"Portieux";"2023-02-07 18:33:00";20;20;;0;0;0;;;;;"Estimées";;;;;;;""
2023;17754;"12";"12038";"Brousse-le-Château";"2023-02-07 18:36:00";10;10;;0;0;0;;;;;"Estimées";;"Involontaire (particulier)";"Non";;;;""
2023;21401;"83";"83033";"Carnoules";"2023-02-07 18:53:00";10;10;0;0;0;0;;;;;"Estimées";;"Accidentelle";"Non";0;0;0;"Données partielles ou non valides"
2023;17213;"40";"40046";"Biscarrosse";"2023-02-08 05:00:00";300;300;;0;0;0;;;;;"Mesurées";;"Accidentelle";"Non";0;0;0;""
2023;1286;"13";"13056";"Martigues";"2023-02-08 10:18:00";2;2;;;;;;;;;"Estimées";"1";"Malveillance";"Non";;;;""
2023;21402;"83";"83107";"Roquebrune-sur-Argens";"2023-02-08 10:22:00";5;0;5;0;0;0;;;;;"Estimées";;"Involontaire (particulier)";"Non";0;0;0;"Données partielles ou non valides"
2023;489;"2B";"2B314";"Santo-Pietro-di-Tenda";"2023-02-08 11:37:00";40;0;40;0;0;0;;;;;"Estimées";"1";"Malveillance";"Non";;;;""
2023;490;"2B";"2B314";"Santo-Pietro-di-Tenda";"2023-02-08 11:37:00";50;0;50;0;0;0;;;;;"Estimées";;"Malveillance";"Non";;;;""
2023;576;"07";"07011";"Vallées-d'Antraigues-Asperjoc";"2023-02-08 15:25:00";36320;36320;0;0;0;0;;;;;"Estimées";"3";"Involontaire (travaux)";"Non";;;;""
2023;21962;"24";"24396";"Saint-Cyprien";"2023-02-08 17:10:00";10000;10000;;0;0;0;;;;;"Estimées";;"Malveillance";"Non";;;;""
2023;114;"06";"06162";"La Brigue";"2023-02-08 17:45:00";84000;10000;74000;0;0;0;;;;;"Mesurées";;;"Non";;;;""
2023;112;"06";"06038";"Châteauneuf-Grasse";"2023-02-09 04:50:00";2900;2900;;;;;;;;;"Mesurées";"3";"Malveillance";"Non";;;;""
2023;107;"48";"48061";"Florac Trois Rivières";"2023-02-09 14:00:00";15900;9000;0;6900;0;0;;;;;"Estimées";"3";"Involontaire (travaux)";"Non";;;;""
2023;18656;"47";"47234";"Saint-Caprais-de-Lerm";"2023-02-09 14:23:11";20;20;;0;0;0;;;;;"Estimées";;"Involontaire (particulier)";"Non";0;0;0;""
2023;113;"06";"06051";"La Croix-sur-Roudoule";"2023-02-09 15:46:00";1000;0;1000;0;0;0;;;;;"Estimées";"1";"Involontaire (particulier)";"Non";;;;""
2023;10753;"77";"77186";"Fontainebleau";"2023-02-09 17:12:00";1800;1800;;0;0;0;;;;;"Estimées";;;"Non";;;;"Données partielles ou non valides"
2023;18657;"47";"47036";"Bourlens";"2023-02-09 18:51:00";200;200;;0;0;0;;;;;"Estimées";;"Involontaire (particulier)";"Non";0;0;0;""
2023;1287;"13";"13086";"Roquevaire";"2023-02-10 10:18:00";200;200;;;;;;;;;"Mesurées";"1";"Involontaire (particulier)";"Non";;;;""
2023;578;"07";"07284";"Saint-Pierre-Saint-Jean";"2023-02-10 13:03:00";3000;3000;0;0;0;0;;;;;"Estimées";"5";"Involontaire (particulier)";"Non";;;;""
2023;19805;"33";"33417";"Sainte-Hélène";"2023-02-10 13:42:00";20;20;;0;0;0;;;;;"Estimées";;"Malveillance";"Non";0;0;0;""
2023;21404;"83";"83076";"Mazaugues";"2023-02-10 15:10:00";7;0;5;0;0;2;;;;;"Estimées";;"Involontaire (particulier)";"Non";0;0;0;"Données partielles ou non valides"
2023;18659;"47";"47185";"Montayral";"2023-02-10 16:01:08";300;300;;0;0;0;;;;;"Estimées";;"Involontaire (particulier)";"Non";0;0;0;""
2023;6214;"30";"30215";"Rivières";"2023-02-10 16:28:00";1000;1000;0;0;0;0;;;;;"Estimées";;;"Non";;;;""
2023;17216;"40";"40075";"Castets";"2023-02-10 17:04:00";50;50;;0;0;0;;;;;"Estimées";;"Involontaire (travaux)";"Non";0;0;0;""
2023;580;"07";"07147";"Malarce-sur-la-Thines";"2023-02-10 18:27:00";551000;93300;436500;8700;0;12500;;;;;"Mesurées";"1";"Involontaire (travaux)";"Non";;;;""
2023;3698;"11";"11361";"Saint-Papoul";"2023-02-10 18:40:00";100;100;0;0;0;0;;;;;"Mesurées";;"Accidentelle";"Non";;;;""
2023;20112;"30";"30075";"Caveirac";"2023-02-11 00:21:00";39;39;0;0;0;0;;;;;"Mesurées";"2";"Accidentelle";;;;;""
2023;1289;"13";"13029";"Cornillon-Confoux";"2023-02-11 10:32:00";200;200;;;;;;;;;"Estimées";"1";"Involontaire (particulier)";"Non";;;;""
2023;641;"2A";"2A186";"Olivese";"2023-02-11 12:20:00";10;0;10;0;0;0;;;;;"Estimées";;;"Non";;;;""
2023;20124;"19";"19038";"Chameyrat";"2023-02-11 13:12:35";1000;1000;;0;0;0;;;;;"Estimées";;;"Non";0;0;0;""
2023;20125;"19";"19041";"Chanac-les-Mines";"2023-02-11 13:45:05";1600;1600;;0;0;0;;;;;"Estimées";;;"Non";0;0;0;""
2023;21968;"24";"24246";"Lunas";"2023-02-11 14:01:00";5000;5000;;0;0;0;;;;;"Estimées";;"Involontaire (particulier)";"Non";;;;""
2023;20126;"19";"19038";"Chameyrat";"2023-02-11 14:19:00";1000;1000;;0;0;0;;;;;"Estimées";;;"Non";0;0;0;""
2023;21405;"83";"83096";"Pourcieux";"2023-02-11 15:00:00";5;5;0;0;0;0;;;;;"Estimées";;;"Non";0;0;0;"Données partielles ou non valides"
2023;3699;"11";"11184";"Lafage";"2023-02-11 15:20:00";8000;1500;6500;0;0;0;;;;;"Mesurées";;"Involontaire (travaux)";"Non";;;;""
2023;18660;"47";"47072";"Courbiac";"2023-02-11 17:27:51";500;500;;0;0;0;;;;;"Estimées";;"Involontaire (particulier)";"Non";0;0;0;""
2023;929;"15";"15267";"Ytrac";"2023-02-11 18:33:00";20000;20000;;0;0;0;;;;;"Estimées";;"Involontaire (travaux)";"Non";;;;""
2023;1288;"13";"13063";"Miramas";"2023-02-11 19:02:00";50;50;;;;;;;;;"Estimées";"1";;"Non";;;;""
2023;115;"06";"06077";"Lucéram";"2023-02-11 23:14:00";2000;0;2000;0;0;0;;;;;"Estimées";;"Accidentelle";"Non";;;;""
2023;1290;"13";"13047";"Istres";"2023-02-12 09:54:00";20;20;;;;;;;;;"Estimées";"1";"Involontaire (particulier)";"Non";;;;""
2023;13069;"74";"74033";"Bernex";"2023-02-12 11:21:00";500;500;;0;0;0;;;;;"Estimées";;"Involontaire (travaux)";"Non";;;;""
2023;672;"2B";"2B292";"Sant'Andréa-di-Bozio";"2023-02-12 12:38:00";10000;0;10000;0;0;0;;;;;"Estimées";"1";"Malveillance";"Non";;;;""
2023;646;"2A";"2A092";"Conca";"2023-02-12 13:19:00";2000;0;2000;0;0;0;;;;;"Estimées";;"Involontaire (particulier)";"Non";;;;""
2023;217;"05";"05145";"Saint-Jean-Saint-Nicolas";"2023-02-12 13:24:00";1300;1254;0;0;0;46;;;;;"Estimées";"4";"Malveillance";"Non";;;;""
2023;17217;"40";"40210";"Onesse-Laharie";"2023-02-12 14:44:00";2312;2312;;0;0;0;;;;;"Mesurées";;"Involontaire (travaux)";"Non";0;0;0;""
2023;18662;"47";"47215";"Pujols";"2023-02-12 15:15:45";200;200;;0;0;0;;;;;"Estimées";;"Involontaire (particulier)";"Non";0;0;0;""
2023;21406;"83";"83091";"Pierrefeu-du-Var";"2023-02-12 15:22:00";100;0;100;0;0;0;;;;;"Estimées";;;"Non";0;0;0;"Données partielles ou non valides"
2023;21973;"24";"24395";"Saint-Cybranet";"2023-02-12 16:32:00";30000;30000;;0;0;0;;;;;"Estimées";;"Involontaire (particulier)";"Non";;;;""
2023;16981;"16";"16384";"Touvérac";"2023-02-12 16:52:39";20;20;;0;0;0;;;;;"Estimées";;"Accidentelle";"Non";0;0;0;""
2023;135;"06";"06100";"Revest-les-Roches";"2023-02-12 17:16:00";50;0;50;0;0;0;;;;;"Estimées";;;"Non";;;;""
2023;21407;"83";"83149";"Villecroze";"2023-02-12 17:20:00";1500;0;1500;0;0;0;;;;;"Estimées";;"Malveillance";"Non";0;0;0;"Données partielles ou non valides"
2023;22403;"64";"64478";"Saint-Faust";"2023-02-12 17:46:41";3000;3000;;0;0;0;;;;;"Estimées";;;"Non";0;0;0;""
2023;136;"06";"06085";"Mougins";"2023-02-12 18:03:00";500;0;500;0;0;0;;;;;"Estimées";;;"Non";;;;""
2023;20128;"19";"19038";"Chameyrat";"2023-02-12 18:08:54";500;500;;0;0;0;;;;;"Estimées";;;"Non";0;0;0;""
2023;19808;"33";"33348";"Queyrac";"2023-02-13 11:58:00";20;20;;0;0;0;;;;;"Estimées";;;"Non";0;0;0;""
2023;454;"56";"56260";"Vannes";"2023-02-13 13:13:00";15000;15000;;0;0;0;;;;;"Estimées";;;"Non";;;;""
2023;812;"34";"34144";"Lunas";"2023-02-13 13:16:00";20216;0;20216;;;;;;;;"Mesurées";"1";"Involontaire (travaux)";"Non";;;;""
2023;19807;"33";"33251";"Louchats";"2023-02-13 13:32:37";10000;10000;;0;0;0;;;;;"Estimées";;;"Non";0;0;0;""
2023;581;"07";"07081";"Dompnac";"2023-02-13 13:54:00";15000;15000;0;0;0;0;;;;;"Estimées";"3";"Involontaire (travaux)";"Non";;;;""
2023;20294;"23";"23049";"Champsanglard";"2023-02-13 15:07:00";10000;10000;;0;0;0;;;;;"Estimées";;"Accidentelle";"Non";0;0;0;""
2023;6222;"30";"30051";"Branoux-les-Taillades";"2023-02-13 15:09:00";1000;1000;0;0;0;0;;;;;"Estimées";;;"Non";;;;""
2023;6224;"30";"30325";"Sumène";"2023-02-14 09:25:00";81134;81134;0;0;0;0;;;;;"Mesurées";"2";"Involontaire (travaux)";"Non";;;;""
2023;16924;"09";"09008";"Alos";"2023-02-14 11:07:00";180000;50000;;130000;0;0;;;;;"Mesurées";;;"Oui";;1;;"Données partielles ou non valides"
2023;18666;"47";"47003";"Agnac";"2023-02-14 13:15:58";10;10;;0;0;0;;;;;"Estimées";;"Involontaire (particulier)";"Non";0;0;0;""
2023;18667;"47";"47163";"Mauvezin-sur-Gupie";"2023-02-14 14:15:22";30000;30000;;0;0;0;;;;;"Estimées";;"Involontaire (particulier)";"Non";0;0;0;""
2023;20133;"19";"19048";"Le Chastang";"2023-02-14 14:26:32";300;300;;0;0;0;;;;;"Estimées";;;"Non";0;0;0;""
2023;220;"05";"05010";"Aspres-sur-Buëch";"2023-02-14 14:47:00";2000;2000;;;;;;;;;"Estimées";"5";"Involontaire (particulier)";"Non";;;;""
2023;19810;"33";"33008";"Porte-de-Benauge";"2023-02-14 15:16:15";5000;5000;;0;0;0;;;;;"Estimées";;"Accidentelle";"Non";0;0;0;""
2023;20135;"19";"19058";"Combressol";"2023-02-14 15:57:49";500;500;;0;0;0;;;;;"Estimées";;;"Non";0;0;0;""
2023;19809;"33";"33005";"Andernos-les-Bains";"2023-02-14 16:11:34";2000;2000;;0;0;0;;;;;"Estimées";;"Malveillance";"Non";0;0;0;""
2023;20136;"19";"19101";"Laguenne-sur-Avalouze";"2023-02-14 19:00:27";500;500;;0;0;0;;;;;"Estimées";;;"Non";0;0;0;""
2023;6225;"30";"30240";"Saint-Césaire-de-Gauzignan";"2023-02-14 19:23:00";1000;1000;0;0;0;0;;;;;"Estimées";;;"Non";;;;""
2023;21981;"24";"24277";"Monfaucon";"2023-02-15 11:47:00";10000;10000;;0;0;0;;;;;"Estimées";;"Accidentelle";"Non";;;;""
2023;3700;"11";"11249";"Montjardin";"2023-02-15 12:40:00";5000;5000;0;0;0;0;;;;;"Mesurées";;"Involontaire (travaux)";"Non";;;;""
2023;1715;"04";"04135";"Moustiers-Sainte-Marie";"2023-02-15 13:22:00";16200;6800;0;9400;0;0;;;;;"Mesurées";;"Involontaire (particulier)";"Non";;;;""
2023;21409;"83";"83140";"Tourves";"2023-02-15 13:34:00";8000;0;8000;0;0;0;;;;;"Estimées";;;"Non";0;0;0;"Données partielles ou non valides"
2023;986;"29";"29181";"Plouédern";"2023-02-15 15:02:00";2000;2000;;0;0;0;;;;;"Estimées";;;"Non";;;;""
2023;3701;"11";"11188";"La Palme";"2023-02-15 15:27:00";800;0;800;0;0;0;;;;;"Mesurées";;"Involontaire (particulier)";"Non";;;;""
2023;16984;"16";"16084";"Charras";"2023-02-15 16:14:20";1000;1000;;0;0;0;;;;;"Mesurées";;;"Non";0;0;0;""
2023;587;"07";"07329";"Valgorge";"2023-02-15 17:18:00";1000;1000;0;0;0;0;;;;;"Estimées";"3";"Involontaire (particulier)";"Non";;;;""
2023;1291;"13";"13007";"Auriol";"2023-02-16 12:52:00";200;200;;;;;;;;;"Estimées";"1";"Involontaire (particulier)";"Non";;;;""
2023;18671;"47";"47077";"Cuzorn";"2023-02-16 15:15:19";10000;10000;;0;0;0;;;;;"Estimées";;"Involontaire (particulier)";"Non";0;0;0;""
2023;6229;"30";"30170";"Molières-Cavaillac";"2023-02-16 15:21:00";367;367;0;0;0;0;;;;;"Mesurées";"2";"Involontaire (particulier)";"Non";;;;""
2023;19811;"33";"33461";"Saint-Philippe-d'Aiguille";"2023-02-16 17:16:44";300;300;;0;0;0;;;;;"Estimées";;"Malveillance";"Non";0;0;0;""
2023;5624;"11";"11107";"Courtauly";"2023-02-16 17:47:00";83928;83928;0;0;0;0;;;;;"Mesurées";;;"Non";;;;""
2023;6233;"30";"30203";"Portes";"2023-02-17 10:51:00";1061;1061;0;0;0;0;;;;;"Mesurées";"2";;"Non";;;;""
2023;590;"07";"07194";"Rochessauve";"2023-02-17 11:38:00";20000;0;20000;0;0;0;;;;;"Estimées";"1";;"Non";;;;""
2023;592;"07";"07060";"Châteauneuf-de-Vernoux";"2023-02-17 12:46:00";3500;3500;0;0;0;0;;;;;"Estimées";"5";;"Non";;;;""
2023;21989;"24";"24488";"Saint-Pompont";"2023-02-17 13:01:00";40000;40000;;0;0;0;;;;;"Estimées";;"Malveillance";"Non";;;;""
2023;15390;"38";"38334";"Revel";"2023-02-17 14:38:00";2000;2000;;0;0;0;;;;;"Estimées";;;"Non";;;;""
2023;14935;"31";"31430";"Ponlat-Taillebourg";"2023-02-17 16:00:00";10000;10000;;0;0;0;;;;;"Estimées";;;"Non";;;;""
2023;3702;"11";"11351";"Saint-Laurent-de-la-Cabrerisse";"2023-02-17 16:25:00";12000;0;12000;0;0;0;;;;;"Mesurées";;"Involontaire (travaux)";"Non";;;;""
2023;13985;"66";"66060";"Corsavy";"2023-02-17 16:48:00";20;20;0;0;0;0;;;;;"Estimées";;"Accidentelle";"Non";;;;""
2023;608;"48";"48004";"Altier";"2023-02-17 18:15:00";130000;0;130000;0;0;0;;;;;"Estimées";"1";"Involontaire (travaux)";"Non";;;;"Données partielles ou non valides"
2023;642;"2A";"2A330";"Ucciani";"2023-02-17 18:46:00";100;0;100;0;0;0;;;;;"Estimées";;;"Non";;;;""
2023;2784;"32";"32154";"Homps";"2023-02-17 18:47:00";20000;20000;;0;0;0;;;;;"Estimées";;;"Non";;;;""
2023;22423;"64";"64475";"Sainte-Engrâce";"2023-02-17 18:52:42";100;100;;0;0;0;;;;;"Estimées";;;"Non";0;0;0;""
2023;1309;"13";"13047";"Istres";"2023-02-17 19:52:00";200;200;;;;;;;;;"Estimées";"1";"Malveillance";"Non";;;;""
2023;3721;"11";"11203";"Lézignan-Corbières";"2023-02-17 23:13:00";3000;0;3000;0;0;0;;;;;"Mesurées";;"Involontaire (travaux)";"Non";;;;""
2023;3722;"11";"11285";"Peyriac-de-Mer";"2023-02-18 10:31:00";50;0;50;0;0;0;;;;;"Mesurées";;"Accidentelle";"Non";;;;""
2023;15391;"38";"38131";"Les Côtes-d'Arey";"2023-02-18 12:16:00";75;75;;0;0;0;;;;;"Estimées";;;"Non";;;;""
2023;21411;"83";"83092";"Pignans";"2023-02-18 13:03:00";10;0;10;0;0;0;;;;;"Estimées";;"Involontaire (particulier)";"Non";0;0;0;"Données partielles ou non valides"
2023;2716;"26";"26185";"Mirmande";"2023-02-18 14:02:00";300;300;0;0;0;0;;;;;"Estimées";"2";;"Non";;;;""
2023;768;"34";"34019";"Avène";"2023-02-18 15:08:00";81599;0;81599;0;0;0;;;;;"Mesurées";"1";"Involontaire (travaux)";"Non";;;;""
2023;606;"82";"82096";"La Ville-Dieu-du-Temple";"2023-02-18 15:13:00";30000;30000;;0;0;0;;;;;"Estimées";;;;;;;"Données partielles ou non valides"
2023;767;"34";"34092";"Cruzy";"2023-02-18 15:33:00";26815;0;26815;;;;;;;;"Mesurées";"1";"Involontaire (travaux)";"Non";;;;""
2023;1292;"13";"13056";"Martigues";"2023-02-18 16:44:00";100;100;0;0;0;0;;;;;"Estimées";"1";;"Non";;;;""
2023;21412;"83";"83057";"Flassans-sur-Issole";"2023-02-18 18:37:00";5;0;5;0;0;0;;;;;"Estimées";;;"Non";0;0;0;"Données partielles ou non valides"
2023;18673;"47";"47213";"Prayssas";"2023-02-18 22:20:23";100;100;;0;0;0;;;;;"Estimées";;"Involontaire (particulier)";"Non";0;0;0;""
2023;691;"2B";"2B120";"Furiani";"2023-02-19 11:38:00";50;0;50;0;0;0;;;;;"Estimées";"1";"Malveillance";"Non";;;;""
2023;3724;"11";"11040";"Bizanet";"2023-02-19 12:24:00";2;0;2;0;0;0;;;;;"Mesurées";;"Involontaire (travaux)";"Non";;;;""
2023;3723;"11";"11207";"Loupia";"2023-02-19 13:56:00";1000;0;1000;0;0;0;;;;;"Mesurées";;"Accidentelle";"Non";;;;""
2023;693;"2B";"2B112";"Feliceto";"2023-02-19 14:02:00";12000;0;12000;0;0;0;;;;;"Estimées";"1";"Malveillance";"Non";;;;""
2023;527;"12";"12039";"Brusque";"2023-02-19 14:12:00";40000;40000;;0;0;0;;;;;"Estimées";;;"Non";;;;""
2023;609;"48";"48096";"Meyrueis";"2023-02-19 14:22:00";150000;10000;140000;0;0;0;;;;;"Estimées";;"Involontaire (travaux)";"Non";;;;""
2023;533;"06";"06120";"Saint-Étienne-de-Tinée";"2023-02-19 14:58:00";4000;0;4000;0;0;0;;;;;"Estimées";;"Malveillance";"Non";;;;""
2023;8891;"88";"88089";"La Chapelle-devant-Bruyères";"2023-02-19 15:39:00";9;9;;0;0;0;;;;;"Estimées";;;;;;;""
2023;21413;"83";"83023";"Brignoles";"2023-02-19 15:42:00";500;0;500;0;0;0;;;;;"Estimées";;"Malveillance";"Non";0;0;0;"Données partielles ou non valides"
2023;253;"13";"13055";"Marseille";"2023-02-19 15:42:00";15;15;;;;;;;;;"Estimées";"4";"Involontaire (particulier)";"Non";;;;""
2023;258;"2B";"2B170";"Morsiglia";"2023-02-19 16:30:00";3000;3000;0;0;0;0;;;;;"Estimées";;;"Non";;;;""
2023;696;"2B";"2B361";"Zilia";"2023-02-19 16:41:00";3000;0;3000;0;0;0;;;;;"Estimées";"1";;"Non";;;;""
2023;21414;"83";"83138";"Tourrettes";"2023-02-19 17:17:00";20;0;20;0;0;0;;;;;"Estimées";;"Involontaire (particulier)";"Non";0;0;0;"Données partielles ou non valides"
2023;17688;"12";"12248";"Saint-Sernin-sur-Rance";"2023-02-19 18:50:00";5000;5000;;0;0;0;;;;;"Estimées";;"Involontaire (travaux)";"Non";;;;""
2023;6247;"30";"30009";"Alzon";"2023-02-19 20:59:00";1000;1000;0;0;0;0;;;;;"Mesurées";;;"Non";;;;""
2023;8544;"30";"30120";"Gagnières";"2023-02-20 00:36:00";275;275;0;0;0;0;;;;;"Mesurées";"2";;"Non";;;;""
2023;542;"06";"06103";"Roquebillière";"2023-02-20 09:13:00";50000;1000;49000;0;0;0;;;;;"Estimées";"1";"Malveillance";"Non";;;;""
2023;701;"2B";"2B123";"Ghisonaccia";"2023-02-20 11:46:00";100;0;100;0;0;0;;;;;"Estimées";"1";;"Non";;;;""
2023;21415;"83";"83023";"Brignoles";"2023-02-20 13:28:00";1000;1000;0;0;0;0;;;;;"Estimées";;"Involontaire (travaux)";"Non";0;0;0;"Données partielles ou non valides"
2023;7438;"11";"11223";"Mas-des-Cours";"2023-02-20 14:18:00";500;0;500;0;0;0;;;;;"Mesurées";;;"Non";;;;""
2023;610;"48";"48096";"Meyrueis";"2023-02-20 14:20:00";631000;0;631000;0;0;0;;;;;"Estimées";"1";"Involontaire (travaux)";"Non";;;;""
2023;2789;"32";"32159";"L'Isle-de-Noé";"2023-02-20 14:55:00";30000;30000;;0;0;0;;;;;"Estimées";;;"Non";;;;""
2023;13996;"66";"66123";"Nyer";"2023-02-20 15:14:00";10000;10000;0;0;0;0;;;;;"Estimées";;"Involontaire (particulier)";"Non";;;;""
2023;15829;"17";"17173";"La Genétouze";"2023-02-20 16:47:00";16000;16000;;0;0;0;;;;;"Mesurées";;"Accidentelle";"Non";0;0;0;""
2023;745;"34";"34040";"Brenas";"2023-02-20 17:04:00";4368;0;4368;0;0;0;;;;;"Mesurées";"1";"Involontaire (travaux)";"Non";;;;""
2023;3726;"11";"11053";"Brugairolles";"2023-02-20 17:09:00";200;0;200;0;0;0;;;;;"Mesurées";;"Involontaire (travaux)";"Non";;;;""
2023;647;"2A";"2A331";"Urbalacone";"2023-02-20 19:06:00";2;0;2;0;0;0;;;;;"Estimées";;;"Non";;;;""
2023;643;"2A";"2A247";"Porto-Vecchio";"2023-02-20 20:03:00";10;10;0;0;0;0;;;;;"Estimées";;;"Non";;;;""
2023;21416;"83";"83136";"Le Thoronet";"2023-02-21 12:02:00";2500;0;2500;0;0;0;;;;;"Estimées";;"Involontaire (particulier)";"Non";0;0;0;"Données partielles ou non valides"
2023;20298;"23";"23214";"Saint-Martial-le-Mont";"2023-02-21 13:52:00";2000;2000;;0;0;0;;;;;"Estimées";;"Involontaire (particulier)";"Non";0;0;0;""
2023;596;"07";"07161";"Montpezat-sous-Bauzon";"2023-02-21 14:19:00";20000;6600;13400;0;0;0;;;;;"Estimées";"1";"Involontaire (travaux)";"Non";;;;""
2023;611;"48";"48019";"Barre-des-Cévennes";"2023-02-21 14:59:00";30000;0;30000;0;0;0;;;;;"Estimées";"1";"Involontaire (travaux)";"Non";;;;""
2023;21417;"83";"83125";"Seillons-Source-d'Argens";"2023-02-21 15:43:00";1500;0;1500;0;0;0;;;;;"Estimées";;"Malveillance";"Non";0;0;0;"Données partielles ou non valides"
2023;466;"05";"05102";"La Piarre";"2023-02-21 16:51:00";29316;4900;0;24400;0;16;;;;;"Estimées";"5";"Involontaire (particulier)";"Non";;;;""
2023;597;"07";"07145";"Lussas";"2023-02-21 17:24:00";7500;0;7500;0;0;0;;;;;"Estimées";"1";"Involontaire (particulier)";"Non";;;;""
2023;21418;"83";"83100";"Puget-Ville";"2023-02-21 17:45:00";30;0;30;0;0;0;;;;;"Estimées";;;"Non";0;0;0;"Données partielles ou non valides"
2023;22627;"64";"64040";"Arette";"2023-02-21 18:42:00";1109300;10000;;1099300;0;0;;;;;"Estimées";;"Involontaire (travaux)";"Non";;;;""
2023;704;"2B";"2B350";"Vignale";"2023-02-22 10:54:00";30000;30000;0;0;0;0;;;;;"Estimées";"3";;"Non";;;;""
2023;536;"06";"06013";"Belvédère";"2023-02-22 14:11:00";800;0;800;0;0;0;;;;;"Estimées";;;"Non";;;;""
2023;3725;"11";"11351";"Saint-Laurent-de-la-Cabrerisse";"2023-02-22 18:33:00";2500;0;2500;0;0;0;;;;;"Mesurées";;"Accidentelle";"Non";;;;""
2023;1295;"13";"13103";"Salon-de-Provence";"2023-02-23 18:33:00";10;10;;;;;;;;;"Estimées";"1";;"Non";;;;""
2023;538;"06";"06058";"Escragnolles";"2023-02-24 04:37:00";500;0;500;0;0;0;;;;;"Estimées";;;"Non";;;;""
2023;707;"2B";"2B281";"Sisco";"2023-02-24 07:35:00";2300;0;2300;0;0;0;;;;;"Estimées";;"Malveillance";"Non";;;;""
2023;541;"06";"06103";"Roquebillière";"2023-02-24 12:22:00";50;0;50;0;0;0;;;;;"Estimées";;;"Non";;;;""
2023;21420;"83";"83052";"Esparron";"2023-02-25 11:15:00";25;0;25;0;0;0;;;;;"Estimées";;;"Non";0;0;0;"Données partielles ou non valides"
2023;934;"13";"13055";"Marseille";"2023-02-25 14:22:00";1;1;;;;;;;;;"Estimées";"3";"Involontaire (particulier)";"Non";;;;""
2023;21421;"83";"83072";"Lorgues";"2023-02-25 16:14:00";1;0;1;0;0;0;;;;;"Estimées";;"Malveillance";"Non";0;0;0;"Données partielles ou non valides"
2023;3727;"11";"11145";"Fleury";"2023-02-25 16:24:00";6200;200;6000;0;0;0;;;;;"Mesurées";;"Accidentelle";"Non";;;;""
2023;15400;"38";"38035";"Beauvoir-de-Marc";"2023-02-25 17:00:00";5;5;;0;0;0;;;;;"Estimées";;;"Non";;;;""
2023;19814;"33";"33236";"Lège-Cap-Ferret";"2023-02-26 09:37:31";1;1;;0;0;0;;;;;"Estimées";;"Malveillance";"Non";0;0;0;""
2023;964;"74";"74289";"Vallières-sur-Fier";"2023-02-26 13:35:00";1560;1560;;0;0;0;;;;;"Mesurées";;"Accidentelle";"Non";;;;""
2023;867;"34";"34237";"Roujan";"2023-02-27 08:51:00";11257;0;11257;0;0;0;;;;;"Mesurées";"1";"Malveillance";"Non";;;;""
2023;12540;"67";"67324";"Niederbronn-les-Bains";"2023-02-27 14:43:00";20000;20000;;0;0;0;;;;;"Estimées";;;"Non";;;;""
2023;13498;"72";"72291";"Saint-Jean-de-la-Motte";"2023-02-27 15:03:00";1000;1000;;0;0;0;;;;;"Estimées";;;"Non";;;;""
2023;15402;"38";"38027";"Barraux";"2023-02-27 16:11:00";20000;20000;;0;0;0;;;;;"Estimées";;;"Non";;;;""
2023;1725;"04";"04169";"La Rochegiron";"2023-02-27 18:04:00";20;20;0;0;0;0;;;;;"Estimées";;"Accidentelle";"Non";;;;""
2023;1915;"30";"30051";"Branoux-les-Taillades";"2023-02-28 13:22:00";168;168;0;0;0;0;;;;;"Mesurées";"2";;"Non";;;;""
2023;1298;"13";"13114";"Ventabren";"2023-02-28 17:15:00";10;10;;;;;;;;;"Estimées";;"Involontaire (particulier)";"Non";;;;""
2023;861;"34";"34183";"Nissan-lez-Enserune";"2023-02-28 23:29:00";2846;0;2846;;;;;;;;"Mesurées";"1";"Involontaire (travaux)";"Non";;;;""
2023;3728;"11";"11435";"Villerouge-Termenès";"2023-03-01 12:19:00";50;50;0;0;0;0;;;;;"Mesurées";;"Involontaire (particulier)";"Non";;;;""
2023;3729;"11";"11439";"Villespy";"2023-03-01 14:22:00";25;25;0;0;0;0;;;;;"Mesurées";;"Involontaire (particulier)";"Non";;;;""
2023;13501;"72";"72187";"Marigné-Laillé";"2023-03-01 15:11:00";2000;2000;;0;0;0;;;;;"Estimées";;;"Non";;;;""
2023;851;"34";"34258";"Saint-Geniès-de-Fontedit";"2023-03-01 16:51:00";49096;0;49096;0;0;0;;;;;"Mesurées";"1";"Accidentelle";"Non";;;;""
2023;12000;"67";"67324";"Niederbronn-les-Bains";"2023-03-01 17:42:00";1;1;;0;0;0;;;;;"Estimées";;"Involontaire (particulier)";"Non";;;;""
2023;17541;"86";"86086";"Coussay-les-Bois";"2023-03-01 18:51:00";20;20;;0;0;0;;;;;"Estimées";;"Involontaire (particulier)";"Non";;;;""
2023;13376;"34";"34093";"Dio-et-Valquières";"2023-03-01 20:42:00";921;921;0;0;0;0;;;;;"Mesurées";"1";;"Non";;;;""
2023;848;"34";"34093";"Dio-et-Valquières";"2023-03-01 20:42:00";2303;0;2303;0;0;0;;;;;"Mesurées";"1";;"Non";;;;""
2023;3730;"11";"11145";"Fleury";"2023-03-02 09:23:00";1600;0;1600;0;0;0;;;;;"Mesurées";;"Malveillance";"Non";;;;""
2023;3731;"11";"11145";"Fleury";"2023-03-02 09:23:00";80;0;80;0;0;0;;;;;"Mesurées";;"Accidentelle";"Non";;;;""
2023;1726;"04";"04076";"Entrevaux";"2023-03-02 11:43:00";11800;11800;0;0;0;0;;;;;"Mesurées";;"Malveillance";"Non";;;;""
2023;1729;"04";"04217";"Thoard";"2023-03-02 12:56:00";2400;2400;0;0;0;0;;;;;"Mesurées";;;"Non";;;;""
2023;13502;"72";"72260";"Ruaudin";"2023-03-02 12:59:00";300;300;;0;0;0;;;;;"Estimées";;;"Non";;;;""
2023;22017;"24";"24159";"Échourgnac";"2023-03-02 17:20:00";800;800;;0;0;0;;;;;"Estimées";;"Involontaire (particulier)";"Non";0;0;0;""
2023;13503;"72";"72181";"Le Mans";"2023-03-02 17:44:00";250;250;;0;0;0;;;;;"Estimées";;;"Non";;;;""
2023;19816;"33";"33471";"Saint-Sauveur";"2023-03-03 00:32:00";64500;64500;;0;0;0;;;;;"Mesurées";;"Accidentelle";"Non";;;;""
2023;19817;"33";"33436";"Saint-Magne";"2023-03-03 10:05:42";7500;7500;;0;0;0;;;;;"Estimées";;"Accidentelle";"Non";0;0;0;""
2023;8369;"84";"84061";"Lagarde-Paréol";"2023-03-03 12:42:00";25;25;0;0;0;0;;;;;"Estimées";;;"Non";;;;""
2023;1727;"04";"04194";"Saint-Pierre";"2023-03-03 12:57:00";6600;6600;0;0;0;0;;;;;"Mesurées";;"Involontaire (travaux)";"Non";;;;""
2023;1299;"13";"13072";"Peynier";"2023-03-03 14:27:00";60;60;;;;;;;;;"Estimées";"1";"Involontaire (particulier)";"Non";;;;""
2023;612;"48";"48051";"Le Collet-de-Dèze";"2023-03-03 15:15:00";3000;0;3000;0;0;0;;;;;"Estimées";"5";"Involontaire (travaux)";"Non";;;;""
2023;3732;"11";"11393";"Tourouzelle";"2023-03-03 15:28:00";5476;1476;4000;0;0;0;;;;;"Mesurées";;"Involontaire (particulier)";"Non";;;;""
2023;616;"06";"06059";"Èze";"2023-03-03 16:23:00";200;0;200;0;0;0;;;;;"Estimées";;;"Non";;;;""
2023;22018;"24";"24134";"Corgnac-sur-l'Isle";"2023-03-03 18:57:00";2500;2500;;0;0;0;;;;;"Estimées";;"Accidentelle";"Non";0;0;0;""
2023;21423;"83";"83010";"Bargème";"2023-03-03 22:31:00";36;0;36;0;0;0;;;;;"Estimées";;"Malveillance";"Non";0;0;0;"Données partielles ou non valides"
2023;669;"07";"07322";"Thueyts";"2023-03-04 11:27:00";3000;3000;0;0;0;0;;;;;"Estimées";"3";"Involontaire (travaux)";"Non";;;;""
2023;21424;"83";"83154";"Saint-Antonin-du-Var";"2023-03-04 12:41:00";500;500;0;0;0;0;;;;;"Estimées";;"Involontaire (particulier)";"Non";0;0;0;"Données partielles ou non valides"
2023;617;"06";"06070";"Gréolières";"2023-03-04 13:18:00";500;0;500;0;0;0;;;;;"Estimées";;"Involontaire (particulier)";"Non";;;;""
2023;16992;"16";"16416";"Vitrac-Saint-Vincent";"2023-03-04 13:28:36";2000;2000;;0;0;0;;;;;"Estimées";;;"Non";0;0;0;""
2023;22019;"24";"24035";"Pays de Belvès";"2023-03-04 14:42:00";5000;5000;;0;0;0;;;;;"Estimées";;"Involontaire (particulier)";"Non";;;;""
2023;8373;"84";"84102";"Roussillon";"2023-03-04 16:01:00";50;50;0;0;0;0;;;;;"Estimées";;;"Non";;;;""
2023;17228;"40";"40157";"Lit-et-Mixe";"2023-03-04 17:12:00";20;20;;0;0;0;;;;;"Estimées";;"Malveillance";"Non";0;0;0;""
2023;15408;"38";"38344";"Roussillon";"2023-03-04 18:54:00";80;80;;0;0;0;;;;;"Estimées";;;"Non";;;;""
2023;17230;"40";"40197";"Morcenx-la-Nouvelle";"2023-03-04 19:09:00";500;100;;400;0;0;;;;;"Estimées";;;"Non";0;0;0;""
2023;22020;"24";"24330";"Plazac";"2023-03-05 10:34:00";5;5;;0;0;0;;;;;"Estimées";;"Involontaire (particulier)";"Non";0;0;0;""
2023;6277;"30";"30198";"Les Plantiers";"2023-03-05 11:27:00";2772;2772;0;0;0;0;;;;;"Mesurées";"2";;"Non";;;;""
2023;668;"07";"07112";"Labastide-sur-Bésorgues";"2023-03-05 14:03:00";390700;89700;230100;70900;0;0;;;;;"Mesurées";"4";"Involontaire (travaux)";"Non";;;;""
2023;665;"06";"06102";"Rimplas";"2023-03-05 17:02:00";9200;9200;;;;;;;;;"Mesurées";"4";"Malveillance";"Non";;;;""
2023;1195;"15";"15027";"Puycapel";"2023-03-05 17:04:00";250;250;;0;0;0;;;;;"Mesurées";;"Involontaire (travaux)";"Non";;;;""
2023;17229;"40";"40060";"Callen";"2023-03-05 23:31:00";10;10;;0;0;0;;;;;"Estimées";;"Accidentelle";"Non";0;0;0;""
2023;662;"07";"07325";"Ucel";"2023-03-06 12:08:00";500;500;0;0;0;0;;;;;"Estimées";"4";"Involontaire (particulier)";"Non";;;;""
2023;5642;"11";"11269";"Ouveillan";"2023-03-06 12:35:00";51157;0;51157;0;0;0;;;;;"Mesurées";;;"Non";;;;""
2023;18682;"47";"47006";"Allez-et-Cazeneuve";"2023-03-06 13:37:51";50;50;;0;0;0;;;;;"Estimées";;"Involontaire (particulier)";"Non";0;0;0;""
2023;1130;"34";"34319";"Vailhan";"2023-03-06 14:06:00";84;0;84;0;0;0;;;;;"Mesurées";"1";"Malveillance";"Non";;;;""
2023;11094;"74";"74188";"Montriond";"2023-03-06 14:17:00";13000;13000;;0;0;0;;;;;"Estimées";;"Involontaire (travaux)";"Non";;;;""
2023;667;"07";"07222";"Saint-Cierge-sous-le-Cheylard";"2023-03-06 14:34:00";10000;0;10000;0;0;0;;;;;"Estimées";"1";"Involontaire (particulier)";"Non";;;;""
2023;666;"07";"07011";"Vallées-d'Antraigues-Asperjoc";"2023-03-06 14:38:00";4000;0;4000;0;0;0;;;;;"Estimées";"1";;"Non";;;;""
2023;664;"07";"07093";"Genestelle";"2023-03-06 15:02:00";1500;0;1500;0;0;0;;;;;"Estimées";"1";"Involontaire (particulier)";"Non";;;;""
2023;663;"07";"07200";"Le Roux";"2023-03-06 15:13:00";6000;6000;0;0;0;0;;;;;"Estimées";"4";"Involontaire (particulier)";"Non";;;;""
2023;19819;"33";"33320";"Petit-Palais-et-Cornemps";"2023-03-06 15:19:52";10000;5000;;5000;0;0;;;;;"Estimées";;"Involontaire (particulier)";"Non";0;0;0;""
2023;698;"05";"05068";"Jarjayes";"2023-03-06 16:33:00";700;700;0;0;0;0;;;;;"Mesurées";"4";"Involontaire (travaux)";"Non";;;;""
2023;8383;"84";"84038";"Cheval-Blanc";"2023-03-06 16:45:00";2200;2200;0;0;0;0;;;;;"Mesurées";"2";"Involontaire (particulier)";"Non";;;;""
2023;14042;"66";"66160";"Reynès";"2023-03-06 19:11:00";1070;1070;0;0;0;0;;;;;"Mesurées";;"Involontaire (particulier)";"Non";;;;""
2023;19821;"33";"33233";"Laruscade";"2023-03-06 22:52:07";200;200;;0;0;0;;;;;"Estimées";;"Malveillance";"Non";0;0;0;""
2023;1014;"2B";"2B352";"Ville-di-Paraso";"2023-03-07 06:54:00";10000;0;10000;0;0;0;;;;;"Estimées";;"Malveillance";"Non";;;;""
2023;3733;"11";"11148";"Fontcouverte";"2023-03-07 12:19:00";900;100;800;0;0;0;;;;;"Mesurées";;"Malveillance";"Non";;;;""
2023;699;"05";"05117";"Ribeyret";"2023-03-07 12:35:00";25904;7300;0;18600;0;4;;;;;"Estimées";"5";"Involontaire (travaux)";"Non";;;;""
2023;1300;"13";"13041";"Gardanne";"2023-03-07 13:15:00";1000;1000;;;;;;;;;"Estimées";"1";;"Non";;;;""
2023;1159;"45";"45095";"Chilleurs-aux-Bois";"2023-03-07 14:12:00";70000;70000;;0;0;0;;;;;"Estimées";;;"Non";;;;""
2023;8894;"88";"88470";"Le Tholy";"2023-03-07 14:32:00";150;150;;0;0;0;;;;;"Estimées";;;;;;;""
2023;21427;"83";"83127";"Signes";"2023-03-07 15:44:00";1500;0;1500;0;0;0;;;;;"Estimées";;"Involontaire (particulier)";"Non";0;0;0;"Données partielles ou non valides"
2023;1015;"2B";"2B152";"Luri";"2023-03-07 18:46:00";4;0;4;0;0;0;;;;;"Estimées";;;"Non";;;;""
2023;959;"06";"06025";"Le Broc";"2023-03-08 14:35:00";60000;40000;20000;0;0;0;;;;;"Mesurées";"3";"Malveillance";"Non";;;;""
2023;21429;"83";"83016";"Le Beausset";"2023-03-08 14:36:00";2;0;2;0;0;0;;;;;"Estimées";;"Involontaire (particulier)";"Non";0;0;0;"Données partielles ou non valides"
2023;21430;"83";"83060";"Fox-Amphoux";"2023-03-08 17:02:00";3;0;3;0;0;0;;;;;"Estimées";;"Involontaire (travaux)";"Non";0;0;0;"Données partielles ou non valides"
2023;21431;"83";"83106";"Rocbaron";"2023-03-09 11:09:00";40;0;40;0;0;0;;;;;"Estimées";;;"Non";0;0;0;"Données partielles ou non valides"
2023;21432;"83";"83004";"Les Arcs";"2023-03-09 11:13:00";500;0;500;0;0;0;;;;;"Estimées";;"Involontaire (particulier)";"Non";0;0;0;"Données partielles ou non valides"
2023;14061;"66";"66150";"Prats-de-Mollo-la-Preste";"2023-03-09 15:08:00";10000;10000;0;0;0;0;;;;;"Estimées";;"Involontaire (particulier)";"Non";;;;""
2023;1023;"2B";"2B039";"Bisinchi";"2023-03-10 10:49:00";1000;0;1000;0;0;0;;;;;"Estimées";"1";"Malveillance";"Non";;;;""
2023;965;"06";"06022";"Bouyon";"2023-03-10 13:11:00";500;0;500;0;0;0;;;;;"Estimées";;"Accidentelle";"Non";;;;""
2023;21435;"83";"83043";"Collobrières";"2023-03-10 13:50:00";2500;2500;0;0;0;0;;;;;"Estimées";;"Involontaire (travaux)";"Non";0;0;0;"Données partielles ou non valides"
2023;957;"06";"06130";"Saint-Vallier-de-Thiey";"2023-03-10 14:02:00";413600;52700;360900;0;0;0;;;;;"Mesurées";"5";"Accidentelle";"Non";;;;""
2023;954;"06";"06043";"Coaraze";"2023-03-10 14:22:00";5000;0;5000;;;;;;;;"Estimées";"5";;"Non";;;;""
2023;21438;"83";"83115";"Sainte-Maxime";"2023-03-10 14:38:00";2000;2000;0;0;0;0;;;;;"Estimées";;"Involontaire (travaux)";"Non";0;0;0;"Données partielles ou non valides"
2023;1064;"2B";"2B120";"Furiani";"2023-03-10 14:40:00";6000;0;6000;0;0;0;;;;;"Estimées";;;"Non";;;;""
2023;952;"06";"06081";"Le Mas";"2023-03-10 14:48:00";7000;0;7000;0;0;0;;;;;"Estimées";"4";"Accidentelle";"Non";;;;""
2023;21440;"83";"83054";"La Farlède";"2023-03-10 15:19:00";900;900;0;0;0;0;;;;;"Estimées";;;"Non";0;0;0;"Données partielles ou non valides"
2023;953;"06";"06074";"Lantosque";"2023-03-10 15:24:00";2500;0;2500;0;0;0;;;;;"Estimées";;;"Non";;;;""
2023;14068;"66";"66019";"Bélesta";"2023-03-10 15:42:00";10;0;10;0;0;0;;;;;"Estimées";;"Malveillance";"Non";;;;""
2023;21441;"83";"83138";"Tourrettes";"2023-03-10 15:53:00";1000;0;1000;0;0;0;;;;;"Estimées";;;"Non";0;0;0;"Données partielles ou non valides"
2023;21442;"83";"83028";"Callas";"2023-03-10 16:12:00";2500;2500;0;0;0;0;;;;;"Estimées";;"Accidentelle";"Non";0;0;0;"Données partielles ou non valides"
2023;21443;"83";"83112";"Saint-Cyr-sur-Mer";"2023-03-10 16:25:00";6000;0;6000;0;0;0;;;;;"Estimées";;"Involontaire (travaux)";"Non";0;0;0;"Données partielles ou non valides"
2023;21444;"83";"83054";"La Farlède";"2023-03-10 18:51:00";1;0;1;0;0;0;;;;;"Estimées";;"Involontaire (travaux)";"Non";0;0;0;"Données partielles ou non valides"
2023;21445;"83";"83109";"La Roque-Esclapon";"2023-03-10 20:52:00";100;100;0;0;0;0;;;;;"Estimées";;"Accidentelle";"Non";0;0;0;"Données partielles ou non valides"
2023;956;"06";"06137";"Spéracèdes";"2023-03-10 22:10:00";5400;5400;;;;;;;;;"Mesurées";"4";"Accidentelle";"Non";;;;""
2023;21447;"83";"83051";"Entrecasteaux";"2023-03-11 10:47:00";1350;1350;0;0;0;0;;;;;"Estimées";;"Involontaire (particulier)";"Non";0;0;0;"Données partielles ou non valides"
2023;955;"06";"06098";"Puget-Rostang";"2023-03-11 12:07:00";2000;0;2000;0;0;0;;;;;"Estimées";"4";"Malveillance";"Non";;;;""
2023;958;"06";"06024";"Briançonnet";"2023-03-11 13:53:00";202000;196000;6000;0;0;0;;;;;"Mesurées";"3";"Accidentelle";"Non";;;;""
2023;1069;"2B";"2B218";"Piedicorte-di-Gaggio";"2023-03-11 14:30:00";75000;0;72000;3000;0;0;;;;;"Estimées";"1";"Malveillance";"Non";;;;""
2023;21448;"83";"83033";"Carnoules";"2023-03-11 15:39:00";2500;0;2500;0;0;0;;;;;"Estimées";;;"Non";0;0;0;"Données partielles ou non valides"
2023;21449;"83";"83143";"Le Val";"2023-03-11 17:18:00";3500;3500;0;0;0;0;;;;;"Estimées";;;"Non";0;0;0;"Données partielles ou non valides"
2023;21451;"83";"83033";"Carnoules";"2023-03-12 07:38:00";4500;0;4500;0;0;0;;;;;"Estimées";;"Involontaire (travaux)";"Non";0;0;0;"Données partielles ou non valides"
2023;1074;"2B";"2B184";"Olcani";"2023-03-12 13:10:00";2000;0;2000;0;0;0;;;;;"Estimées";;"Malveillance";"Non";;;;""
2023;1301;"13";"13086";"Roquevaire";"2023-03-12 15:31:00";200;200;;;;;;;;;"Estimées";"1";"Involontaire (particulier)";"Non";;;;""
2023;6291;"30";"30307";"Les Salles-du-Gardon";"2023-03-12 16:31:00";1000;1000;0;0;0;0;;;;;"Estimées";;;"Non";;;;""
2023;1302;"13";"13082";"Rognes";"2023-03-12 20:04:00";50;50;;;;;;;;;"Estimées";"1";"Involontaire (particulier)";"Non";;;;""
2023;1953;"30";"30179";"Montfrin";"2023-03-12 22:57:00";3000;3000;0;0;0;0;;;;;"Estimées";;;"Non";;;;""
2023;1075;"2B";"2B084";"Cateri";"2023-03-13 11:22:00";5000;0;5000;0;0;0;;;;;"Estimées";"1";;"Non";;;;""
2023;14940;"31";"31067";"Bezins-Garraux";"2023-03-13 16:04:00";30000;10000;;20000;0;0;;;;;"Estimées";;;"Non";;;;""
2023;1076;"2B";"2B361";"Zilia";"2023-03-13 17:58:00";100;0;100;0;0;0;;;;;"Estimées";"1";"Malveillance";"Non";;;;""
2023;1077;"2B";"2B290";"Speloncato";"2023-03-13 19:18:00";40;0;40;0;0;0;;;;;"Estimées";"1";;"Non";;;;""
2023;1078;"2B";"2B039";"Bisinchi";"2023-03-14 13:56:00";15000;10000;5000;0;0;0;;;;;"Estimées";"2";"Malveillance";"Non";;;;""
2023;21452;"83";"83005";"Artignosc-sur-Verdon";"2023-03-14 15:06:00";2500;2500;0;0;0;0;;;;;"Estimées";;;"Non";0;0;0;"Données partielles ou non valides"
2023;1147;"2B";"2B123";"Ghisonaccia";"2023-03-14 15:43:00";1500;0;1500;0;0;0;;;;;"Estimées";;"Malveillance";"Non";;;;""
2023;1303;"13";"13038";"Fontvieille";"2023-03-14 15:49:00";300;300;;;;;;;;;"Estimées";"1";;"Non";;;;""
2023;21453;"83";"83023";"Brignoles";"2023-03-14 15:53:00";3;0;3;0;0;0;;;;;"Estimées";;"Malveillance";"Non";0;0;0;"Données partielles ou non valides"
2023;1149;"2B";"2B077";"Castellare-di-Casinca";"2023-03-14 19:47:00";100;0;100;0;0;0;;;;;"Estimées";;;"Non";;;;""
2023;21455;"83";"83069";"Hyères";"2023-03-15 10:49:00";500;500;0;0;0;0;;;;;"Estimées";;"Involontaire (particulier)";"Non";0;0;0;"Données partielles ou non valides"
2023;14079;"66";"66149";"Prades";"2023-03-15 11:41:00";3000;3000;0;0;0;0;;;;;"Estimées";;"Involontaire (particulier)";"Non";;;;""
2023;1954;"30";"30122";"Gajan";"2023-03-15 12:53:00";20279;20279;0;0;0;0;;;;;"Mesurées";"2";;;;;;""
2023;21456;"83";"83144";"La Valette-du-Var";"2023-03-15 15:15:00";4;0;4;0;0;0;;;;;"Estimées";;;"Non";0;0;0;"Données partielles ou non valides"
2023;21457;"83";"83058";"Flayosc";"2023-03-15 15:25:00";2;0;2;0;0;0;;;;;"Estimées";;;"Non";0;0;0;"Données partielles ou non valides"
2023;21458;"83";"83107";"Roquebrune-sur-Argens";"2023-03-15 15:55:00";2;0;2;0;0;0;;;;;"Estimées";;;"Non";0;0;0;"Données partielles ou non valides"
2023;8317;"84";"84076";"Mirabeau";"2023-03-15 16:39:00";21100;21100;0;0;0;0;;;;;"Mesurées";"4";"Involontaire (particulier)";"Non";;;;""
2023;22458;"64";"64256";"Hasparren";"2023-03-15 17:07:22";100;100;;0;0;0;;;;;"Estimées";;;"Non";0;0;0;""
2023;966;"06";"06050";"Coursegoules";"2023-03-15 17:14:00";800;0;800;0;0;0;;;;;"Mesurées";;;"Non";;;;""
2023;8896;"88";"88413";"Saint-Dié-des-Vosges";"2023-03-15 17:22:00";3;3;;0;0;0;;;;;"Estimées";;;;;;;""
2023;4179;"2A";"2A362";"Zonza";"2023-03-16 10:59:00";200;0;200;0;0;0;;;;;"Estimées";;"Involontaire (particulier)";"Non";;;;""
2023;1306;"13";"13101";"Saint-Savournin";"2023-03-16 13:06:00";1000;1000;;;;;;;;;"Mesurées";"1";"Involontaire (particulier)";"Non";;;;""
2023;1150;"2B";"2B046";"Cagnano";"2023-03-16 14:41:00";8000;0;8000;0;0;0;;;;;"Estimées";;;"Non";;;;""
2023;1151;"2B";"2B314";"Santo-Pietro-di-Tenda";"2023-03-16 14:41:00";500;0;500;0;0;0;;;;;"Estimées";;;"Non";;;;""
2023;1307;"13";"13007";"Auriol";"2023-03-16 15:02:00";10;10;;;;;;;;;"Estimées";"1";"Involontaire (particulier)";"Non";;;;""
2023;1305;"13";"13029";"Cornillon-Confoux";"2023-03-16 16:32:00";10;10;;;;;;;;;"Estimées";"1";;"Non";;;;""
2023;21459;"83";"83043";"Collobrières";"2023-03-16 16:46:00";600;600;0;0;0;0;;;;;"Estimées";;"Involontaire (particulier)";"Non";0;0;0;"Données partielles ou non valides"
2023;1308;"13";"13007";"Auriol";"2023-03-16 18:32:00";200;200;;;;;;;;;"Mesurées";"1";;"Non";;;;""
2023;3734;"11";"11071";"Cascastel-des-Corbières";"2023-03-16 19:07:00";1600;0;1600;0;0;0;;;;;"Mesurées";;"Involontaire (travaux)";"Non";;;;""
2023;1310;"13";"13023";"Ceyreste";"2023-03-17 03:49:00";200;200;;;;;;;;;"Estimées";"1";"Involontaire (particulier)";"Non";;;;""
2023;1311;"13";"13026";"Châteauneuf-les-Martigues";"2023-03-17 04:46:00";10;10;;;;;;;;;"Estimées";"1";;"Non";;;;""
2023;6360;"30";"30338";"Vallérargues";"2023-03-17 07:43:00";229300;229300;0;0;0;0;;;;;"Mesurées";"1";"Involontaire (travaux)";"Non";;;;""
2023;982;"06";"06031";"Cantaron";"2023-03-17 10:20:00";150;0;150;;;;;;;;"Estimées";;"Involontaire (travaux)";"Non";;;;""
2023;1152;"2B";"2B079";"Castello-di-Rostino";"2023-03-17 11:53:00";13000;0;13000;0;0;0;;;;;"Estimées";"1";"Malveillance";"Non";;;;""
2023;19824;"33";"33457";"Saint-Pardon-de-Conques";"2023-03-17 13:48:30";2500;2500;;0;0;0;;;;;"Estimées";;;"Non";0;0;0;""
2023;1154;"2B";"2B173";"Muro";"2023-03-17 15:53:00";55;0;55;0;0;0;;;;;"Estimées";"1";;"Non";;;;""
2023;4180;"2A";"2A254";"Quenza";"2023-03-17 17:24:00";3000;0;3000;0;0;0;;;;;"Mesurées";;;"Non";;;;""
2023;1155;"2B";"2B343";"Venzolasca";"2023-03-17 17:45:00";4000;0;4000;0;0;0;;;;;"Estimées";;;"Non";;;;""
2023;18688;"47";"47179";"Monsempron-Libos";"2023-03-17 17:45:46";150;150;;0;0;0;;;;;"Estimées";;"Involontaire (particulier)";"Non";0;0;0;""
2023;4181;"2A";"2A254";"Quenza";"2023-03-17 18:54:00";4926;0;4926;0;0;0;;;;;"Mesurées";;;"Non";;;;""
2023;1156;"2B";"2B318";"Taglio-Isolaccio";"2023-03-18 10:16:00";231000;100000;95000;36000;0;0;;;;;"Estimées";"2";"Malveillance";"Non";;;;""
2023;21461;"83";"83112";"Saint-Cyr-sur-Mer";"2023-03-18 11:39:00";1;1;0;0;0;0;;;;;"Estimées";;"Involontaire (particulier)";"Non";0;0;0;"Données partielles ou non valides"
2023;4183;"2A";"2A359";"Zicavo";"2023-03-18 17:30:00";97000;90000;7000;0;0;0;;;;;"Mesurées";;;"Non";;;;""
2023;5645;"11";"11353";"Saint-Marcel-sur-Aude";"2023-03-19 19:27:00";50;50;0;0;0;0;;;;;"Mesurées";;;"Non";;;;""
2023;19828;"33";"33255";"Lucmau";"2023-03-20 12:01:13";800;800;;0;0;0;;;;;"Estimées";;"Accidentelle";"Non";0;0;0;""
2023;1313;"13";"13058";"Maussane-les-Alpilles";"2023-03-20 14:04:00";10;10;;;;;;;;;"Estimées";"1";"Involontaire (particulier)";"Non";;;;""
2023;997;"81";"81115";"Labastide-Rouairoux";"2023-03-20 14:42:00";1000;1000;;0;0;0;;;;;"Estimées";;;"Non";;;;""
2023;1262;"34";"34093";"Dio-et-Valquières";"2023-03-20 15:21:00";14943;0;14943;0;0;0;;;;;"Mesurées";"1";"Involontaire (travaux)";"Non";;;;""
2023;10597;"77";"77186";"Fontainebleau";"2023-03-20 15:21:00";15;15;;0;0;0;;;;;"Estimées";;;"Non";;;;""
2023;21463;"83";"83060";"Fox-Amphoux";"2023-03-21 11:14:00";125;0;125;0;0;0;;;;;"Estimées";;;"Non";0;0;0;"Données partielles ou non valides"
2023;3735;"11";"11197";"Lauraguel";"2023-03-21 13:52:00";500;0;500;0;0;0;;;;;"Mesurées";;"Involontaire (travaux)";"Non";;;;""
2023;1030;"85";"85234";"Saint-Jean-de-Monts";"2023-03-21 15:39:00";40;40;;0;0;0;;;;;"Mesurées";;;"Non";;;;""
2023;1165;"2B";"2B039";"Bisinchi";"2023-03-21 17:45:00";4000;0;4000;0;0;0;;;;;"Estimées";"1";"Malveillance";"Non";;;;""
2023;21464;"83";"83060";"Fox-Amphoux";"2023-03-21 18:29:00";100;0;100;0;0;0;;;;;"Estimées";;;"Non";0;0;0;"Données partielles ou non valides"
2023;1167;"2B";"2B246";"La Porta";"2023-03-22 12:02:00";300;300;0;0;0;0;;;;;"Estimées";"2";;"Non";;;;""
2023;1081;"07";"07239";"Saint-Genest-Lachamp";"2023-03-22 12:26:00";200900;12200;97100;78700;0;12900;;;;;"Mesurées";"1";"Involontaire (particulier)";"Non";;;;""
2023;1314;"13";"13091";"Saint-Cannat";"2023-03-22 14:13:00";1000;1000;;;;;;;;;"Estimées";"1";"Involontaire (particulier)";"Non";;;;""
2023;6606;"11";"11188";"La Palme";"2023-03-22 16:09:00";1000;0;1000;0;0;0;;;;;"Mesurées";;;"Non";;;;""
2023;14095;"66";"66230";"Vinça";"2023-03-22 17:05:00";4000;4000;0;0;0;0;;;;;"Estimées";;"Involontaire (particulier)";"Non";;;;""
2023;14096;"66";"66009";"Arles-sur-Tech";"2023-03-22 17:11:00";50;50;0;0;0;0;;;;;"Estimées";;"Accidentelle";"Non";;;;""
2023;21465;"83";"83124";"Seillans";"2023-03-23 11:03:00";150;0;150;0;0;0;;;;;"Estimées";;"Malveillance";"Non";0;0;0;"Données partielles ou non valides"
2023;13507;"72";"72008";"Arnage";"2023-03-23 17:03:00";50;50;;0;0;0;;;;;"Estimées";;;"Non";;;;""
2023;17236;"40";"40040";"Beylongue";"2023-03-23 17:05:00";10;10;;0;0;0;;;;;"Estimées";;;"Non";0;0;0;""
2023;3736;"11";"11413";"Villardonnel";"2023-03-23 18:36:00";500;500;0;0;0;0;;;;;"Mesurées";;"Involontaire (travaux)";"Non";;;;""
2023;22473;"64";"64506";"Sarrance";"2023-03-23 20:16:27";10000;10000;;0;0;0;;;;;"Estimées";;"Involontaire (travaux)";"Non";0;0;0;""
2023;1315;"13";"13039";"Fos-sur-Mer";"2023-03-24 12:25:00";200;200;;;;;;;;;"Estimées";"1";"Involontaire (particulier)";"Non";;;;""
2023;13088;"74";"74010";"Annecy";"2023-03-24 14:32:00";100;100;;0;0;0;;;;;"Estimées";;"Involontaire (travaux)";"Non";;;;""
2023;1202;"48";"48041";"Chastanier";"2023-03-24 15:06:00";10000;0;10000;0;0;0;;;;;"Estimées";"1";"Involontaire (travaux)";"Non";;;;""
2023;1169;"2B";"2B059";"Canavaggia";"2023-03-24 16:12:00";8600;0;8600;0;0;0;;;;;"Estimées";"1";;"Non";;;;""
2023;14101;"66";"66183";"Saint-Marsal";"2023-03-24 20:46:00";15000;15000;0;0;0;0;;;;;"Estimées";;"Malveillance";"Non";;;;""
2023;1174;"2B";"2B046";"Cagnano";"2023-03-25 08:22:00";5000;0;5000;0;0;0;;;;;"Estimées";;"Malveillance";"Non";;;;""
2023;21467;"83";"83068";"Grimaud";"2023-03-25 09:32:00";20;0;20;0;0;0;;;;;"Estimées";;"Involontaire (particulier)";"Non";0;0;0;"Données partielles ou non valides"
2023;4190;"2A";"2A323";"Tavaco";"2023-03-25 14:44:00";600;0;600;0;0;0;;;;;"Estimées";;;"Non";;;;""
2023;4191;"2A";"2A271";"Sarrola-Carcopino";"2023-03-25 14:53:00";10;0;10;0;0;0;;;;;"Estimées";;;"Non";;;;""
2023;4189;"2A";"2A211";"Petreto-Bicchisano";"2023-03-25 15:14:00";32000;0;32000;0;0;0;;;;;"Mesurées";;;"Non";;;;""
2023;1175;"2B";"2B230";"Piève";"2023-03-25 17:35:00";5000;0;5000;0;0;0;;;;;"Estimées";"1";"Involontaire (travaux)";"Non";;;;""
2023;4192;"2A";"2A133";"Guitera-les-Bains";"2023-03-25 17:51:00";10;0;10;0;0;0;;;;;"Estimées";;;"Non";;;;""
2023;22030;"24";"24354";"La Roche-Chalais";"2023-03-25 21:54:00";5000;5000;;0;0;0;;;;;"Estimées";;"Accidentelle";"Non";;;;""
2023;4193;"2A";"2A211";"Petreto-Bicchisano";"2023-03-26 10:19:00";7271;0;7271;0;0;0;;;;;"Mesurées";;;"Non";;;;""
2023;1316;"13";"13039";"Fos-sur-Mer";"2023-03-26 10:51:00";50;50;;;;;;;;;"Estimées";"1";"Involontaire (particulier)";"Non";;;;""
2023;1264;"2B";"2B079";"Castello-di-Rostino";"2023-03-26 11:03:00";15000;0;15000;0;0;0;;;;;"Estimées";"1";"Malveillance";"Non";;;;""
2023;1265;"2B";"2B039";"Bisinchi";"2023-03-26 11:41:00";6900;0;6900;0;0;0;;;;;"Estimées";"1";"Malveillance";"Non";;;;""
2023;21469;"83";"83018";"Besse-sur-Issole";"2023-03-26 12:04:00";200;0;200;0;0;0;;;;;"Estimées";;"Malveillance";"Non";0;0;0;"Données partielles ou non valides"
2023;1267;"2B";"2B172";"Murato";"2023-03-26 13:47:00";8000;0;8000;0;0;0;;;;;"Estimées";"1";"Malveillance";"Non";;;;""
2023;1086;"07";"07184";"Pranles";"2023-03-26 15:14:00";1500;1500;0;0;0;0;;;;;"Estimées";"3";"Involontaire (travaux)";"Non";;;;""
2023;8345;"84";"84129";"Sorgues";"2023-03-26 17:27:00";20;20;0;0;0;0;;;;;"Estimées";;;"Non";;;;""
2023;1268;"2B";"2B169";"Morosaglia";"2023-03-26 17:34:00";358700;219900;0;138700;0;100;;;;;"Estimées";"5";"Malveillance";"Non";;;;""
2023;1269;"2B";"2B097";"Costa";"2023-03-26 18:56:00";500;0;500;0;0;0;;;;;"Estimées";"1";;"Non";;;;""
2023;21470;"83";"83097";"Pourrières";"2023-03-26 18:57:00";20;0;20;0;0;0;;;;;"Estimées";;"Involontaire (particulier)";"Non";0;0;0;"Données partielles ou non valides"
2023;14107;"66";"66048";"Cerbère";"2023-03-27 11:17:00";30;0;30;0;0;0;;;;;"Estimées";;"Accidentelle";"Non";;;;""
2023;1061;"06";"06075";"Levens";"2023-03-27 15:55:00";200;0;200;0;0;0;;;;;"Estimées";;;"Non";;;;""
2023;4194;"2A";"2A130";"Grosseto-Prugna";"2023-03-27 16:45:00";10;0;10;0;0;0;;;;;"Estimées";;;"Non";;;;""
2023;1340;"2B";"2B172";"Murato";"2023-03-27 16:50:00";1000;0;1000;0;0;0;;;;;"Estimées";"1";;"Non";;;;""
2023;1317;"13";"13046";"Gréasque";"2023-03-27 18:46:00";100;100;;;;;;;;;"Estimées";"1";"Involontaire (particulier)";"Non";;;;""
2023;21474;"83";"83141";"Trans-en-Provence";"2023-03-27 20:08:00";15;0;15;0;0;0;;;;;"Estimées";;;"Non";0;0;0;"Données partielles ou non valides"
2023;21475;"83";"83068";"Grimaud";"2023-03-28 01:04:00";10000;10000;0;0;0;0;;;;;"Estimées";;;"Non";0;0;0;"Données partielles ou non valides"
2023;21476;"83";"83027";"La Cadière-d'Azur";"2023-03-28 12:41:00";500;0;500;0;0;0;;;;;"Estimées";;"Involontaire (particulier)";"Non";0;0;0;"Données partielles ou non valides"
2023;1342;"2B";"2B213";"Pianello";"2023-03-28 13:06:00";63000;0;63000;0;0;0;;;;;"Estimées";"1";"Malveillance";"Non";;;;""
2023;1741;"04";"04227";"Vachères";"2023-03-28 13:25:00";6000;5300;0;0;0;700;;;;;"Mesurées";;"Involontaire (particulier)";"Non";;;;""
2023;1088;"07";"07269";"Saint-Martin-de-Valamas";"2023-03-28 14:38:00";5000;0;5000;0;0;0;;;;;"Estimées";"1";"Involontaire (travaux)";"Non";;;;""
2023;19829;"33";"33417";"Sainte-Hélène";"2023-03-28 15:26:01";25000;25000;;0;0;0;;;;;"Estimées";;;"Non";0;0;0;""
2023;1343;"2B";"2B152";"Luri";"2023-03-28 17:34:00";20;0;20;0;0;0;;;;;"Estimées";;;"Non";;;;""
2023;1742;"04";"04063";"Corbières-en-Provence";"2023-03-28 18:10:00";5400;0;5400;0;0;0;;;;;"Mesurées";;"Involontaire (particulier)";"Non";;;;""
2023;19830;"33";"33422";"Saint-Jean-d'Illac";"2023-03-29 02:38:08";1500;1500;;0;0;0;;;;;"Estimées";;;"Non";0;0;0;""
2023;14110;"66";"66214";"Tresserre";"2023-03-29 12:33:00";31140;31140;0;0;0;0;;;;;"Mesurées";;;"Non";;;;""
2023;1318;"13";"13092";"Saint-Chamas";"2023-03-29 13:17:00";100;100;;;;;;;;;"Estimées";"1";"Involontaire (particulier)";"Non";;;;""
2023;3737;"11";"11269";"Ouveillan";"2023-03-29 14:20:00";200;0;200;0;0;0;;;;;"Mesurées";;;"Non";;;;""
2023;1203;"48";"48198";"Villefort";"2023-03-29 14:20:00";110000;0;110000;0;0;0;;;;;"Estimées";"1";"Involontaire (travaux)";"Non";;;;""
2023;21477;"83";"83091";"Pierrefeu-du-Var";"2023-03-29 15:21:00";500;500;0;0;0;0;;;;;"Estimées";;"Involontaire (particulier)";"Non";0;0;0;"Données partielles ou non valides"
2023;1507;"07";"07019";"Aubenas";"2023-03-29 17:13:00";500;500;0;0;0;0;;;;;"Estimées";"4";;"Non";;;;""
2023;1178;"06";"06023";"Breil-sur-Roya";"2023-03-29 18:09:00";200;0;200;0;0;0;;;;;"Estimées";;"Malveillance";"Non";;;;""
2023;13508;"72";"72191";"Mayet";"2023-03-29 18:36:00";10;10;;0;0;0;;;;;"Estimées";;;"Non";;;;""
2023;1319;"13";"13062";"Mimet";"2023-03-29 22:13:00";20;20;;;;;;;;;"Estimées";"1";"Involontaire (particulier)";"Non";;;;""
2023;1345;"2B";"2B124";"Ghisoni";"2023-03-30 10:49:00";20;20;0;0;0;0;;;;;"Estimées";"4";"Malveillance";"Non";;;;""
2023;19831;"33";"33273";"Martignas-sur-Jalle";"2023-03-30 12:38:00";1000;1000;;0;0;0;;;;;"Estimées";;"Malveillance";"Non";0;0;0;""
2023;1320;"13";"13007";"Auriol";"2023-03-30 13:36:00";100;100;;;;;;;;;"Estimées";"1";"Involontaire (particulier)";"Non";;;;""
2023;1346;"2B";"2B302";"San-Giovanni-di-Moriani";"2023-03-30 15:03:00";10;0;10;0;0;0;;;;;"Estimées";;;"Non";;;;""
2023;1401;"34";"34142";"Lodève";"2023-03-30 15:31:00";2746;2746;0;0;0;0;;;;;"Mesurées";"2";"Malveillance";"Non";;;;""
2023;13509;"72";"72200";"Moncé-en-Belin";"2023-03-30 15:43:00";400;400;;0;0;0;;;;;"Estimées";;;"Non";;;;""
2023;1177;"05";"05117";"Ribeyret";"2023-03-31 08:26:00";1000;1000;0;0;0;0;;;;;"Mesurées";"3";"Involontaire (particulier)";"Non";;;;""
2023;1226;"06";"06103";"Roquebillière";"2023-03-31 15:09:00";1000;0;1000;0;0;0;;;;;"Estimées";;"Malveillance";"Non";;;;""
2023;3738;"11";"11203";"Lézignan-Corbières";"2023-03-31 15:58:00";600;600;0;0;0;0;;;;;"Mesurées";;"Accidentelle";"Non";;;;""
2023;21479;"83";"83007";"Aups";"2023-03-31 16:46:00";55;0;55;0;0;0;;;;;"Estimées";;"Involontaire (particulier)";"Non";0;0;0;"Données partielles ou non valides"
2023;1321;"13";"13098";"Saint-Mitre-les-Remparts";"2023-03-31 18:34:00";1000;1000;;;;;;;;;"Estimées";"1";"Malveillance";"Non";;;;""
2023;1370;"2B";"2B124";"Ghisoni";"2023-03-31 20:18:00";15000;15000;0;0;0;0;;;;;"Estimées";"5";;"Non";;;;""
2023;1230;"06";"06088";"Nice";"2023-04-01 03:11:00";46900;46400;0;460;0;40;;;;;"Mesurées";"4";"Involontaire (particulier)";"Non";;;;""
2023;1373;"2B";"2B252";"Pruno";"2023-04-01 07:37:00";10000;10000;0;0;0;0;;;;;"Estimées";;"Malveillance";"Non";;;;""
2023;1374;"2B";"2B302";"San-Giovanni-di-Moriani";"2023-04-01 07:59:00";798600;368000;0;430600;0;0;;;;;"Estimées";"3";"Malveillance";"Non";;;;""
2023;21480;"83";"83019";"Bormes-les-Mimosas";"2023-04-01 09:45:00";1;0;1;0;0;0;;;;;"Estimées";;"Involontaire (particulier)";"Non";0;0;0;"Données partielles ou non valides"
2023;1376;"2B";"2B317";"Santa-Reparata-di-Moriani";"2023-04-01 10:37:00";160000;159740;0;260;0;0;;;;;"Estimées";"3";"Malveillance";"Non";;;;""
2023;1222;"06";"06020";"La Bollène-Vésubie";"2023-04-01 10:53:00";500;0;500;0;0;0;;;;;"Estimées";;"Accidentelle";"Non";;;;""
2023;1223;"06";"06074";"Lantosque";"2023-04-01 11:02:00";200;0;200;0;0;0;;;;;"Estimées";;;"Non";;;;""
2023;6391;"30";"30345";"La Vernarède";"2023-04-01 13:45:00";2276;2276;0;0;0;0;;;;;"Mesurées";"4";"Involontaire (travaux)";"Non";;;;""
2023;7440;"11";"11426";"Villegly";"2023-04-01 14:30:00";200;200;0;0;0;0;;;;;"Mesurées";;;"Non";;;;""
2023;1329;"06";"06116";"Saint-Auban";"2023-04-01 14:41:00";95200;41200;53400;0;0;600;;;;;"Mesurées";;"Malveillance";"Non";;;;""
2023;3739;"11";"11144";"Fitou";"2023-04-01 15:01:00";400;0;400;0;0;0;;;;;"Mesurées";;;"Non";;;;""
2023;1440;"06";"06116";"Saint-Auban";"2023-04-01 16:00:00";1500;0;1500;0;0;0;;;;;"Estimées";;;"Non";;;;""
2023;11499;"2A";"2A141";"Letia";"2023-04-01 16:08:00";25000;0;25000;0;0;0;;;;;"Mesurées";"1";;"Non";;;;""
2023;1337;"06";"06088";"Nice";"2023-04-01 16:27:00";91200;1000;90000;0;200;0;;;;;"Mesurées";;;"Non";;;;""
2023;1441;"06";"06116";"Saint-Auban";"2023-04-01 17:00:00";40;0;40;0;0;0;;;;;"Estimées";;;"Non";;;;""
2023;15860;"84";"84091";"Piolenc";"2023-04-01 17:45:00";1;1;0;0;0;0;;;;;"Estimées";;;"Non";;;;""
2023;2665;"26";"26360";"Valaurie";"2023-04-01 17:45:00";5000;5000;0;0;0;0;;;;;"Estimées";"2";"Naturelle";"Non";;;;""
2023;1224;"06";"06163";"Tende";"2023-04-01 18:32:00";24900;24900;0;0;0;0;;;;;"Mesurées";"5";;"Oui";0;1;1;""
2023;11498;"2A";"2A186";"Olivese";"2023-04-01 20:40:00";7300;0;7300;0;0;0;;;;;"Mesurées";;;"Non";;;;""
2023;1422;"2B";"2B225";"Pietra-di-Verde";"2023-04-02 00:27:00";308100;305500;0;0;0;2600;;;;;"Estimées";"2";"Malveillance";"Non";;;;""
2023;14132;"66";"66060";"Corsavy";"2023-04-02 02:32:00";10000;10000;0;0;0;0;;;;;"Estimées";;"Accidentelle";"Non";;;;""
2023;21481;"83";"83063";"La Garde-Freinet";"2023-04-02 10:55:00";1;0;1;0;0;0;;;;;"Estimées";;"Involontaire (particulier)";"Non";0;0;0;"Données partielles ou non valides"
2023;21482;"83";"83050";"Draguignan";"2023-04-02 11:34:00";1;1;0;0;0;0;;;;;"Estimées";;"Involontaire (particulier)";"Non";0;0;0;"Données partielles ou non valides"
2023;1322;"13";"13015";"Bouc-Bel-Air";"2023-04-02 16:15:00";10;10;;;;;;;;;"Estimées";"1";"Involontaire (particulier)";"Non";;;;""
2023;21484;"83";"83108";"La Roquebrussanne";"2023-04-02 16:22:00";10;0;10;0;0;0;;;;;"Estimées";;"Naturelle";"Non";0;0;0;"Données partielles ou non valides"
2023;1324;"13";"13002";"Allauch";"2023-04-02 17:01:00";60;60;;;;;;;;;"Estimées";"1";"Accidentelle";"Non";;;;""
2023;1323;"13";"13109";"Le Tholonet";"2023-04-02 17:25:00";400;400;;;;;;;;;"Estimées";"1";"Involontaire (particulier)";"Non";;;;""
2023;1423;"2B";"2B034";"Belgodère";"2023-04-03 10:32:00";300;0;300;0;0;0;;;;;"Estimées";"1";;"Non";;;;""
2023;1366;"06";"06079";"Mandelieu-la-Napoule";"2023-04-03 13:08:00";20;0;20;0;0;0;;;;;"Estimées";;;"Non";;;;""
2023;21486;"83";"83063";"La Garde-Freinet";"2023-04-03 14:27:00";100;0;100;0;0;0;;;;;"Estimées";;"Involontaire (particulier)";"Non";0;0;0;"Données partielles ou non valides"
2023;1747;"04";"04076";"Entrevaux";"2023-04-03 15:19:00";21800;20700;0;1100;0;0;;;;;"Mesurées";;"Involontaire (travaux)";"Non";;;;""
2023;1424;"2B";"2B007";"Albertacce";"2023-04-03 16:50:00";660;0;660;0;0;0;;;;;"Estimées";"1";;"Non";;;;""
2023;21487;"83";"83081";"Montauroux";"2023-04-03 18:42:00";2;2;0;0;0;0;;;;;"Estimées";;"Involontaire (particulier)";"Non";0;0;0;"Données partielles ou non valides"
2023;1592;"07";"07072";"Coux";"2023-04-04 14:44:00";5000;5000;0;0;0;0;;;;;"Estimées";"3";"Involontaire (particulier)";"Non";;;;""
2023;1628;"41";"41232";"Salbris";"2023-04-04 15:36:00";200;200;;0;0;0;;;;;"Estimées";;;"Non";;;;""
2023;9543;"41";"41232";"Salbris";"2023-04-04 15:36:00";200;200;;0;0;0;;;;;"Estimées";;;"Non";;;;""
2023;6607;"11";"11188";"La Palme";"2023-04-04 16:39:00";2500;0;2500;0;0;0;;;;;"Mesurées";;;"Non";;;;""
2023;1333;"48";"48019";"Barre-des-Cévennes";"2023-04-04 19:07:00";10000;0;10000;0;0;0;;;;;"Estimées";"1";"Involontaire (travaux)";"Non";;;;""
2023;1577;"34";"34144";"Lunas";"2023-04-04 21:14:00";42884;42884;0;0;0;0;;;;;"Mesurées";"2";"Malveillance";"Non";;;;""
2023;1576;"34";"34144";"Lunas";"2023-04-04 22:27:00";3751;3751;0;0;0;0;;;;;"Mesurées";"4";"Malveillance";"Non";;;;""
2023;1574;"34";"34312";"La Tour-sur-Orb";"2023-04-05 00:58:00";2595;2595;0;0;0;0;;;;;"Mesurées";"2";"Malveillance";"Non";;;;""
2023;21908;"34";"34312";"La Tour-sur-Orb";"2023-04-05 09:37:00";50;50;0;0;0;0;;;;;"Estimées";"4";"Involontaire (travaux)";"Non";;;;""
2023;15872;"84";"84028";"Cairanne";"2023-04-05 14:32:00";3075;3075;0;0;0;0;;;;;"Mesurées";;;"Non";;;;""
2023;19839;"33";"33540";"Vendays-Montalivet";"2023-04-05 15:59:38";3000;3000;;0;0;0;;;;;"Estimées";;;"Non";0;0;0;""
2023;21488;"83";"83012";"Barjols";"2023-04-05 16:00:00";100;0;100;0;0;0;;;;;"Estimées";;"Involontaire (particulier)";"Non";0;0;0;"Données partielles ou non valides"
2023;1454;"66";"66212";"Torreilles";"2023-04-05 17:07:00";160600;72000;0;83800;0;4800;;;;;"Mesurées";;"Malveillance";"Non";;;;""
2023;1568;"34";"34261";"Saint-Guilhem-le-Désert";"2023-04-05 17:09:00";267800;267800;0;0;0;0;;;;;"Mesurées";"4";"Malveillance";"Non";;;;""
2023;1565;"34";"34142";"Lodève";"2023-04-05 17:57:00";384;0;384;0;0;0;;;;;"Mesurées";"2";"Malveillance";"Non";;;;""
2023;1593;"07";"07286";"Saint-Pierreville";"2023-04-05 18:24:00";10000;10000;0;0;0;0;;;;;"Estimées";"5";"Involontaire (travaux)";"Non";;;;""
2023;21910;"34";"34172";"Montpellier";"2023-04-05 18:24:00";2;0;2;0;0;0;;;;;"Estimées";"1";"Malveillance";"Non";;;;""
2023;1426;"2B";"2B314";"Santo-Pietro-di-Tenda";"2023-04-05 18:27:00";1000;0;1000;0;0;0;;;;;"Estimées";;;"Non";;;;""
2023;3740;"11";"11286";"Peyriac-Minervois";"2023-04-05 18:49:00";5000;0;5000;0;0;0;;;;;"Mesurées";;"Involontaire (travaux)";"Non";;;;""
2023;1427;"2B";"2B046";"Cagnano";"2023-04-05 20:21:00";1000;1000;0;0;0;0;;;;;"Estimées";;;"Non";;;;""
2023;1594;"07";"07011";"Vallées-d'Antraigues-Asperjoc";"2023-04-05 20:42:00";5000;0;5000;0;0;0;;;;;"Estimées";"1";;"Non";;;;""
2023;21489;"83";"83035";"Le Castellet";"2023-04-05 23:52:00";2;0;2;0;0;0;;;;;"Estimées";;"Involontaire (travaux)";"Non";0;0;0;"Données partielles ou non valides"
2023;21490;"83";"83089";"Ollières";"2023-04-06 10:29:00";200;200;0;0;0;0;;;;;"Estimées";;;"Non";0;0;0;"Données partielles ou non valides"
2023;1359;"46";"46297";"Salviac";"2023-04-06 12:17:00";200;200;;0;0;0;;;;;"Estimées";;;"Non";;;;""
2023;19841;"33";"33526";"Tayac";"2023-04-06 14:06:04";800;800;;0;0;0;;;;;"Estimées";;"Involontaire (travaux)";"Non";0;0;0;""
2023;1611;"13";"13065";"Mouriès";"2023-04-06 14:37:00";4300;4300;0;0;0;0;;;;;"Mesurées";"1";;"Non";;;;""
2023;1336;"05";"05087";"Montmaur";"2023-04-06 15:41:00";600;170;0;0;0;430;;;;;"Mesurées";"5";"Involontaire (particulier)";"Non";;;;""
2023;1549;"34";"34214";"Pouzolles";"2023-04-06 16:21:00";15374;0;15374;0;0;0;;;;;"Mesurées";"1";"Involontaire (travaux)";"Non";;;;""
2023;1547;"34";"34074";"Cessenon-sur-Orb";"2023-04-06 16:40:00";21209;0;21209;0;0;0;;;;;"Mesurées";"1";"Involontaire (travaux)";"Non";;;;""
2023;21491;"83";"83089";"Ollières";"2023-04-06 17:09:00";200;200;0;0;0;0;;;;;"Estimées";;;"Non";0;0;0;"Données partielles ou non valides"
2023;1545;"34";"34194";"Paulhan";"2023-04-06 17:28:00";5597;0;5597;0;0;0;;;;;"Mesurées";"1";"Involontaire (travaux)";"Non";;;;""
2023;1431;"2B";"2B243";"Polveroso";"2023-04-06 18:15:00";50;0;50;0;0;0;;;;;"Estimées";"1";;"Non";;;;""
2023;1597;"07";"07104";"Issamoulenc";"2023-04-06 18:54:00";4100;1100;3000;0;0;0;;;;;"Estimées";"1";"Malveillance";"Non";;;;""
2023;1540;"34";"34142";"Lodève";"2023-04-06 19:39:00";394;394;0;0;0;0;;;;;"Mesurées";"2";"Malveillance";"Non";;;;""
2023;21492;"83";"83043";"Collobrières";"2023-04-07 09:50:00";2;0;2;0;0;0;;;;;"Estimées";;"Involontaire (particulier)";"Non";0;0;0;"Données partielles ou non valides"
2023;21494;"83";"83097";"Pourrières";"2023-04-07 13:12:00";200;0;200;0;0;0;;;;;"Estimées";;"Malveillance";"Non";0;0;0;"Données partielles ou non valides"
2023;1598;"07";"07104";"Issamoulenc";"2023-04-07 13:52:00";9500;0;9500;0;0;0;;;;;"Estimées";"1";"Malveillance";"Non";;;;""
2023;1764;"04";"04049";"Château-Arnoux-Saint-Auban";"2023-04-07 15:48:00";9200;9200;0;0;0;0;;;;;"Mesurées";;"Involontaire (travaux)";"Non";;;;""
2023;1351;"12";"12080";"Coupiac";"2023-04-07 16:15:00";50000;50000;;0;0;0;;;;;"Estimées";;;"Non";;;;""
2023;17695;"12";"12183";"Plaisance";"2023-04-07 16:18:00";50000;50000;;0;0;0;;;;;"Estimées";;;"Non";;;;""
2023;6419;"30";"30299";"Saint-Siffret";"2023-04-07 17:10:00";1000;1000;0;0;0;0;;;;;"Estimées";;;"Non";;;;""
2023;1525;"34";"34208";"Popian";"2023-04-07 17:50:00";27041;0;27041;0;0;0;;;;;"Mesurées";"1";"Involontaire (travaux)";"Non";;;;""
2023;22037;"24";"24094";"Chalagnac";"2023-04-07 18:06:00";500;500;;0;0;0;;;;;"Estimées";;"Accidentelle";"Non";0;0;0;""
2023;1765;"04";"04181";"Saint-Jeannet";"2023-04-07 18:42:00";700;700;0;0;0;0;;;;;"Mesurées";;"Involontaire (particulier)";"Non";;;;""
2023;2129;"30";"30201";"Ponteils-et-Brésis";"2023-04-07 21:35:00";1500;1500;0;0;0;0;;;;;"Estimées";;;"Non";;;;""
2023;1612;"13";"13062";"Mimet";"2023-04-08 10:58:00";20;20;0;0;0;0;;;;;"Estimées";"1";"Involontaire (particulier)";"Non";;;;""
2023;19843;"33";"33320";"Petit-Palais-et-Cornemps";"2023-04-08 11:17:25";200;200;;0;0;0;;;;;"Estimées";;"Malveillance";"Non";0;0;0;""
2023;6619;"11";"11104";"Counozouls";"2023-04-08 11:45:00";13550;0;13550;0;0;0;;;;;"Mesurées";;;"Non";;;;""
2023;2118;"30";"30198";"Les Plantiers";"2023-04-08 13:04:00";11268;11268;0;0;0;0;;;;;"Mesurées";"2";;;;;;""
2023;2725;"26";"26274";"Rochefourchat";"2023-04-08 14:52:00";500;500;0;0;0;0;;;;;"Estimées";"2";;"Non";;;;""
2023;11500;"2A";"2A284";"Sollacaro";"2023-04-08 14:54:00";28000;500;27500;0;0;0;;;;;"Mesurées";;;"Non";;;;""
2023;21498;"83";"83056";"Figanières";"2023-04-08 15:11:00";200;200;0;0;0;0;;;;;"Estimées";;"Involontaire (particulier)";"Non";0;0;0;"Données partielles ou non valides"
2023;3741;"11";"11145";"Fleury";"2023-04-08 15:12:00";300;0;300;0;0;0;;;;;"Mesurées";;"Accidentelle";"Non";;;;""
2023;1442;"48";"48138";"Saint-Bonnet-de-Chirac";"2023-04-08 15:20:00";4000;0;4000;0;0;0;;;;;"Estimées";"3";"Involontaire (travaux)";"Non";;;;""
2023;15890;"84";"84101";"La Roque-sur-Pernes";"2023-04-08 16:17:00";15;15;0;0;0;0;;;;;"Estimées";;;"Non";;;;""
2023;17241;"40";"40257";"Sainte-Eulalie-en-Born";"2023-04-08 16:46:00";2010;2000;;10;0;0;;;;;"Estimées";;"Accidentelle";"Non";0;0;0;""
2023;1347;"05";"05061";"Gap";"2023-04-08 16:47:00";150;150;0;0;0;0;;;;;"Mesurées";;"Malveillance";"Non";;;;""
2023;13089;"74";"74208";"Passy";"2023-04-08 16:50:00";20;20;;0;0;0;;;;;"Estimées";;"Accidentelle";"Non";;;;""
2023;17240;"40";"40234";"Pouydesseaux";"2023-04-08 17:06:00";1500;1500;;0;0;0;;;;;"Estimées";;"Accidentelle";"Non";0;0;0;""
2023;1363;"46";"46087";"Dégagnac";"2023-04-08 17:26:00";10000;10000;;0;0;0;;;;;"Estimées";;;"Non";;;;""
2023;21500;"83";"83140";"Tourves";"2023-04-08 17:51:00";15000;15000;0;0;0;0;;;;;"Estimées";;;"Non";0;0;0;"Données partielles ou non valides"
2023;3742;"11";"11010";"Antugnac";"2023-04-08 17:59:00";3000;0;3000;0;0;0;;;;;"Mesurées";;"Involontaire (travaux)";"Non";;;;""
2023;1349;"76";"76575";"Saint-Étienne-du-Rouvray";"2023-04-08 19:30:00";1000;1000;;0;0;0;;;;;"Estimées";;;"Non";;;;""
2023;2666;"26";"26093";"Clansayes";"2023-04-08 21:11:00";3000;3000;0;0;0;0;;;;;"Estimées";"3";;"Non";;;;""
2023;17005;"16";"16223";"Montbron";"2023-04-08 23:26:41";2000;2000;;0;0;0;;;;;"Estimées";;;"Non";0;0;0;""
2023;17006;"16";"16213";"Mazerolles";"2023-04-09 00:00:51";100;100;;0;0;0;;;;;"Estimées";;;"Non";0;0;0;""
2023;1613;"13";"13060";"Meyreuil";"2023-04-09 02:48:00";100;100;0;0;0;0;;;;;"Estimées";"1";"Involontaire (particulier)";"Non";;;;""
2023;1614;"13";"13037";"La Fare-les-Oliviers";"2023-04-09 07:11:00";20;20;0;0;0;0;;;;;"Estimées";"1";"Involontaire (particulier)";"Non";;;;""
2023;15892;"84";"84101";"La Roque-sur-Pernes";"2023-04-09 08:12:00";1;1;0;0;0;0;;;;;"Estimées";;;"Non";;;;""
2023;1443;"48";"48148";"Saint-Étienne-Vallée-Française";"2023-04-09 09:09:00";1000;0;1000;0;0;0;;;;;"Estimées";;;"Non";;;;""
2023;17008;"16";"16374";"Soyaux";"2023-04-09 13:34:43";300;300;;0;0;0;;;;;"Estimées";;;"Non";0;0;0;""
2023;2107;"30";"30080";"Chamborigaud";"2023-04-09 15:40:00";924;924;0;0;0;0;;;;;"Mesurées";"3";"Involontaire (travaux)";"Non";;;;""
2023;16244;"14";"14025";"Aubigny";"2023-04-09 15:50:00";15;15;;0;0;0;;;;;"Estimées";;;"Non";;;;""
2023;1444;"48";"48041";"Chastanier";"2023-04-09 16:44:00";200;0;200;0;0;0;;;;;"Estimées";"1";"Involontaire (travaux)";"Non";;;;""
2023;18701;"47";"47210";"Port-Sainte-Marie";"2023-04-09 16:57:12";10000;10000;;0;0;0;;;;;"Estimées";;;"Non";0;0;0;""
2023;21501;"83";"83150";"Vinon-sur-Verdon";"2023-04-09 16:59:00";100000;100000;0;0;0;0;;;;;"Estimées";;"Involontaire (particulier)";"Non";0;0;0;"Données partielles ou non valides"
2023;1615;"13";"13039";"Fos-sur-Mer";"2023-04-09 17:16:00";200;200;0;0;0;0;;;;;"Mesurées";"1";"Malveillance";"Non";;;;""
2023;2134;"30";"30331";"Tresques";"2023-04-09 17:45:00";200;200;0;0;0;0;;;;;"Estimées";;;"Non";;;;""
2023;1445;"48";"48094";"Massegros Causses Gorges";"2023-04-09 17:50:00";10000;10000;0;0;0;0;;;;;"Estimées";"4";;"Non";;;;""
2023;19848;"33";"33137";"Cours-les-Bains";"2023-04-09 17:54:42";15000;15000;;0;0;0;;;;;"Estimées";;"Malveillance";"Non";0;0;0;""
2023;19847;"33";"33453";"Saint-Michel-de-Lapujade";"2023-04-09 18:44:31";30000;30000;;0;0;0;;;;;"Estimées";;;"Non";0;0;0;""
2023;22636;"32";"32079";"Castelnau d'Auzan Labarrère";"2023-04-09 19:17:00";30000;30000;;0;0;0;;;;;"Estimées";;"Involontaire (travaux)";"Non";;;;""
2023;1435;"2B";"2B341";"Venaco";"2023-04-09 19:20:00";100;100;0;0;0;0;;;;;"Estimées";"5";;"Non";;;;""
2023;18702;"47";"47162";"Massoulès";"2023-04-09 19:27:32";2500;2500;;0;0;0;;;;;"Estimées";;"Involontaire (particulier)";"Non";0;0;0;""
2023;1601;"07";"07248";"Saint-Jean-Roure";"2023-04-09 19:40:00";200;200;0;0;0;0;;;;;"Estimées";"4";;"Non";;;;""
2023;1854;"29";"29232";"Quimper";"2023-04-10 04:08:00";5;5;;0;0;0;;;;;"Mesurées";;"Malveillance";"Non";;;;""
2023;1616;"13";"13001";"Aix-en-Provence";"2023-04-10 08:21:00";800;800;0;0;0;0;;;;;"Estimées";"1";"Involontaire (particulier)";"Non";;;;""
2023;20190;"19";"19146";"Naves";"2023-04-10 12:14:38";300;300;;0;0;0;;;;;"Estimées";;;"Non";0;0;0;""
2023;21505;"83";"83045";"Correns";"2023-04-10 12:19:00";20;0;20;0;0;0;;;;;"Estimées";;"Involontaire (particulier)";"Non";0;0;0;"Données partielles ou non valides"
2023;3743;"11";"11251";"Val-de-Dagne";"2023-04-10 12:40:00";200;0;200;0;0;0;;;;;"Mesurées";;"Involontaire (travaux)";"Non";;;;""
2023;20191;"19";"19131";"Meilhards";"2023-04-10 12:49:57";500;500;;0;0;0;;;;;"Estimées";;;"Non";0;0;0;""
2023;14171;"66";"66143";"Planèzes";"2023-04-10 14:47:00";20000;20000;0;0;0;0;;;;;"Estimées";;;"Non";;;;""
2023;1617;"13";"13039";"Fos-sur-Mer";"2023-04-10 15:56:00";1;1;0;0;0;0;;;;;"Mesurées";"1";"Malveillance";"Non";;;;""
2023;22495;"64";"64102";"Bayonne";"2023-04-10 16:54:12";5;5;;0;0;0;;;;;"Estimées";;"Accidentelle";"Non";0;0;0;""
2023;1777;"2B";"2B239";"Poggio-d'Oletta";"2023-04-10 17:09:00";5000;0;5000;0;0;0;;;;;"Estimées";;;"Non";;;;""
2023;14172;"66";"66013";"Baillestavy";"2023-04-10 18:09:00";20;20;0;0;0;0;;;;;"Estimées";;;"Non";;;;""
2023;1421;"15";"15011";"Arnac";"2023-04-10 18:13:00";40000;40000;;0;0;0;;;;;"Estimées";;"Involontaire (travaux)";"Non";;;;""
2023;5646;"11";"11092";"Citou";"2023-04-10 20:14:00";300;0;300;0;0;0;;;;;"Mesurées";;;"Non";;;;""
2023;1619;"13";"13071";"Les Pennes-Mirabeau";"2023-04-10 21:16:00";10;10;0;0;0;0;;;;;"Estimées";"1";"Involontaire (particulier)";"Non";;;;""
2023;21509;"83";"83146";"La Verdière";"2023-04-11 10:53:00";10;10;0;0;0;0;;;;;"Estimées";;;"Non";0;0;0;"Données partielles ou non valides"
2023;21510;"83";"83010";"Bargème";"2023-04-11 11:10:00";800;0;800;0;0;0;;;;;"Estimées";;"Involontaire (particulier)";"Non";0;0;0;"Données partielles ou non valides"
2023;6435;"30";"30198";"Les Plantiers";"2023-04-11 12:18:00";628;628;0;0;0;0;;;;;"Mesurées";"3";"Involontaire (travaux)";"Non";;;;""
2023;20111;"30";"30198";"Les Plantiers";"2023-04-11 12:20:00";466500;466500;0;0;0;0;;;;;"Mesurées";"3";"Involontaire (travaux)";;;;;""
2023;1779;"2B";"2B046";"Cagnano";"2023-04-11 12:29:00";5000;0;5000;0;0;0;;;;;"Estimées";;;"Non";;;;""
2023;21511;"83";"83140";"Tourves";"2023-04-11 14:37:00";100;0;100;0;0;0;;;;;"Estimées";;;"Non";0;0;0;"Données partielles ou non valides"
2023;21512;"83";"83101";"Ramatuelle";"2023-04-11 15:28:00";20;0;20;0;0;0;;;;;"Estimées";;;"Non";0;0;0;"Données partielles ou non valides"
2023;21513;"83";"83031";"Le Cannet-des-Maures";"2023-04-11 16:08:00";1;1;0;0;0;0;;;;;"Estimées";;;"Non";0;0;0;"Données partielles ou non valides"
2023;1418;"46";"46239";"Le Roc";"2023-04-11 18:03:00";20000;20000;;0;0;0;;;;;"Estimées";;;"Non";;;;""
2023;2905;"32";"32438";"Tachoires";"2023-04-11 18:09:00";15000;15000;;0;0;0;;;;;"Estimées";;;"Non";;;;""
2023;14944;"31";"31393";"Mourvilles-Hautes";"2023-04-11 18:35:00";20000;20000;;0;0;0;;;;;"Estimées";;;"Non";;;;""
2023;1603;"07";"07149";"Marcols-les-Eaux";"2023-04-11 18:57:00";1500;1500;0;0;0;0;;;;;"Estimées";"3";;"Non";;;;""
2023;1641;"12";"12205";"La Rouquette";"2023-04-11 20:42:00";55000;55000;;0;0;0;;;;;"Mesurées";;"Naturelle";"Non";;;;""
2023;3744;"11";"11379";"Sigean";"2023-04-12 00:27:00";300;100;200;0;0;0;;;;;"Mesurées";;"Accidentelle";"Non";;;;""
2023;1780;"2B";"2B246";"La Porta";"2023-04-12 11:03:00";600;0;600;0;0;0;;;;;"Estimées";"1";"Malveillance";"Non";;;;""
2023;1437;"06";"06137";"Spéracèdes";"2023-04-12 11:30:00";400;0;400;0;0;0;;;;;"Estimées";;"Involontaire (particulier)";"Non";;;;""
2023;21514;"83";"83063";"La Garde-Freinet";"2023-04-12 12:16:00";400;400;0;0;0;0;;;;;"Estimées";;"Involontaire (particulier)";"Non";0;0;0;"Données partielles ou non valides"
2023;21515;"83";"83131";"Solliès-Toucas";"2023-04-12 16:54:00";50;0;50;0;0;0;;;;;"Estimées";;;"Non";0;0;0;"Données partielles ou non valides"
2023;1781;"2B";"2B281";"Sisco";"2023-04-12 17:02:00";150;0;150;0;0;0;;;;;"Estimées";;;"Non";;;;""
2023;2278;"34";"34038";"Le Bousquet-d'Orb";"2023-04-12 18:34:00";55;55;0;0;0;0;;;;;"Mesurées";"2";"Malveillance";"Non";;;;""
2023;3746;"11";"11203";"Lézignan-Corbières";"2023-04-12 19:34:00";200;0;200;0;0;0;;;;;"Mesurées";;;"Non";;;;""
2023;1782;"2B";"2B185";"Oletta";"2023-04-13 12:22:00";500;0;500;0;0;0;;;;;"Estimées";;"Malveillance";"Non";;;;""
2023;15908;"84";"84034";"Caumont-sur-Durance";"2023-04-13 14:30:00";3000;3000;0;0;0;0;;;;;"Estimées";;;"Non";;;;""
2023;1438;"06";"06066";"Gilette";"2023-04-13 14:36:00";300;0;300;0;0;0;;;;;"Estimées";;;"Non";;;;""
2023;21516;"83";"83001";"Les Adrets-de-l'Estérel";"2023-04-13 14:56:00";100;0;100;0;0;0;;;;;"Estimées";;"Involontaire (particulier)";"Non";0;0;0;"Données partielles ou non valides"
2023;1690;"06";"06048";"Contes";"2023-04-13 16:04:00";200;0;200;0;0;0;;;;;"Estimées";;"Involontaire (particulier)";"Non";;;;""
2023;1439;"06";"06081";"Le Mas";"2023-04-13 16:09:00";1000;0;1000;0;0;0;;;;;"Estimées";;"Accidentelle";"Non";;;;""
2023;1620;"13";"13050";"Lambesc";"2023-04-13 16:56:00";200;200;0;0;0;0;;;;;"Estimées";"1";"Involontaire (particulier)";"Non";;;;""
2023;15831;"17";"17033";"La Barde";"2023-04-13 18:09:00";85000;85000;;0;0;0;;;;;"Mesurées";;;"Non";0;0;0;""
2023;21517;"83";"83107";"Roquebrune-sur-Argens";"2023-04-13 18:51:00";20;0;20;0;0;0;;;;;"Estimées";;"Involontaire (particulier)";"Non";0;0;0;"Données partielles ou non valides"
2023;21518;"83";"83069";"Hyères";"2023-04-14 10:08:00";20;0;20;0;0;0;;;;;"Estimées";;"Involontaire (travaux)";"Non";0;0;0;"Données partielles ou non valides"
2023;21519;"83";"83040";"Châteauvieux";"2023-04-14 12:33:00";200;0;200;0;0;0;;;;;"Estimées";;;"Non";0;0;0;"Données partielles ou non valides"
2023;15912;"84";"84078";"Mondragon";"2023-04-14 13:51:00";40;40;0;0;0;0;;;;;"Estimées";;;"Non";;;;""
2023;21521;"83";"83058";"Flayosc";"2023-04-14 15:47:00";50;0;50;0;0;0;;;;;"Estimées";;;"Non";0;0;0;"Données partielles ou non valides"
2023;14185;"66";"66190";"Salses-le-Château";"2023-04-14 15:53:00";1000;1000;0;0;0;0;;;;;"Estimées";;;"Non";;;;""
2023;1784;"2B";"2B213";"Pianello";"2023-04-14 16:17:00";3000;0;3000;0;0;0;;;;;"Estimées";"1";"Malveillance";"Non";;;;""
2023;14186;"66";"66044";"Castelnou";"2023-04-14 16:30:00";100;100;0;0;0;0;;;;;"Estimées";;"Involontaire (particulier)";"Non";;;;""
2023;1785;"2B";"2B320";"Tallone";"2023-04-14 20:06:00";5000;5000;0;0;0;0;;;;;"Estimées";"2";;"Non";;;;""
2023;21522;"83";"83135";"Tavernes";"2023-04-15 09:35:00";5;0;5;0;0;0;;;;;"Estimées";;"Involontaire (particulier)";"Non";0;0;0;"Données partielles ou non valides"
2023;14188;"66";"66108";"Millas";"2023-04-15 09:53:00";550;0;550;0;0;0;;;;;"Estimées";;"Malveillance";"Non";;;;""
2023;21524;"83";"83065";"Gassin";"2023-04-15 11:42:00";1;0;1;0;0;0;;;;;"Estimées";;;"Non";0;0;0;"Données partielles ou non valides"
2023;21525;"83";"83140";"Tourves";"2023-04-15 12:44:00";50;0;50;0;0;0;;;;;"Estimées";;"Involontaire (travaux)";"Non";0;0;0;"Données partielles ou non valides"
2023;21526;"83";"83065";"Gassin";"2023-04-15 13:49:00";1;0;1;0;0;0;;;;;"Estimées";;;"Non";0;0;0;"Données partielles ou non valides"
2023;1622;"13";"13038";"Fontvieille";"2023-04-15 14:06:00";15;15;0;0;0;0;;;;;"Estimées";"1";"Accidentelle";"Non";;;;""
2023;1623;"13";"13039";"Fos-sur-Mer";"2023-04-15 15:14:00";1500;1500;0;0;0;0;;;;;"Estimées";"1";"Accidentelle";"Non";;;;""
2023;2335;"34";"34194";"Paulhan";"2023-04-15 15:49:00";10000;0;10000;0;0;0;;;;;"Estimées";;"Malveillance";"Non";;;;""
2023;21527;"83";"83004";"Les Arcs";"2023-04-15 15:50:00";10;0;10;0;0;0;;;;;"Estimées";;"Involontaire (travaux)";"Non";0;0;0;"Données partielles ou non valides"
2023;1814;"13";"13055";"Marseille";"2023-04-15 16:43:00";4000;0;4000;0;0;0;;;;;"Estimées";"1";;"Non";;;;""
2023;1506;"05";"05114";"Réallon";"2023-04-15 22:16:00";100;100;0;0;0;0;;;;;"Estimées";"4";;"Non";;;;""
2023;8909;"88";"88439";"Sanchey";"2023-04-15 22:44:00";500;500;;0;0;0;;;;;"Estimées";;;;;;;""
2023;21528;"83";"83068";"Grimaud";"2023-04-15 23:50:00";1000;1000;0;0;0;0;;;;;"Estimées";;;"Non";0;0;0;"Données partielles ou non valides"
2023;1786;"2B";"2B152";"Luri";"2023-04-16 00:12:00";500;0;500;0;0;0;;;;;"Estimées";;;"Non";;;;""
2023;1650;"66";"66016";"Banyuls-sur-Mer";"2023-04-16 09:16:00";7245000;1285300;3895200;0;0;2064500;;;;;"Mesurées";;"Involontaire (particulier)";"Oui";0;0;1;""
2023;1647;"06";"06162";"La Brigue";"2023-04-16 11:43:00";100;0;100;0;0;0;;;;;"Estimées";;"Naturelle";"Non";;;;""
2023;6454;"30";"30080";"Chamborigaud";"2023-04-16 11:50:00";159;159;0;0;0;0;;;;;"Mesurées";"4";;"Non";;;;""
2023;21529;"83";"83063";"La Garde-Freinet";"2023-04-16 12:24:00";200;200;0;0;0;0;;;;;"Estimées";;"Involontaire (particulier)";"Non";0;0;0;"Données partielles ou non valides"
2023;3747;"11";"11441";"Vinassan";"2023-04-16 13:14:00";600;0;600;0;0;0;;;;;"Mesurées";;;"Non";;;;""
2023;6455;"30";"30339";"Val-d'Aigoual";"2023-04-16 15:24:00";1;1;0;0;0;0;;;;;"Estimées";"1";;"Non";;;;""
2023;14195;"66";"66008";"Argelès-sur-Mer";"2023-04-16 16:12:00";77000;77000;0;0;0;0;;;;;"Mesurées";;"Involontaire (particulier)";"Non";;;;""
2023;4323;"91";"91514";"Quincy-sous-Sénart";"2023-04-16 16:25:00";10;10;;0;0;0;;;;;"Estimées";;;"Non";;;;""
2023;1624;"13";"13039";"Fos-sur-Mer";"2023-04-16 17:55:00";10;10;0;0;0;0;;;;;"Estimées";"1";"Malveillance";"Non";;;;""
2023;2366;"34";"34051";"Canet";"2023-04-16 22:15:00";3721;0;3721;0;0;0;;;;;"Mesurées";"1";"Malveillance";"Non";;;;""
2023;21530;"83";"83102";"Régusse";"2023-04-17 07:34:00";10;0;10;0;0;0;;;;;"Estimées";;;"Non";0;0;0;"Données partielles ou non valides"
2023;15922;"84";"84005";"Aurel";"2023-04-17 13:29:00";100;100;0;0;0;0;;;;;"Estimées";;;"Non";;;;""
2023;1625;"13";"13001";"Aix-en-Provence";"2023-04-17 16:33:00";15;15;0;0;0;0;;;;;"Estimées";"1";"Involontaire (particulier)";"Non";;;;""
2023;1646;"06";"06149";"La Trinité";"2023-04-17 16:48:00";22100;20400;1700;0;0;0;;;;;"Mesurées";"4";"Involontaire (particulier)";"Non";;;;""
2023;1626;"13";"13063";"Miramas";"2023-04-18 07:51:00";5;5;0;0;0;0;;;;;"Estimées";"1";;"Non";;;;""
2023;4713;"13";"13063";"Miramas";"2023-04-18 07:51:00";5;5;0;0;0;0;;;;;"Estimées";"1";;"Non";;;;""
2023;21533;"83";"83141";"Trans-en-Provence";"2023-04-18 10:27:00";150;0;150;0;0;0;;;;;"Estimées";;"Involontaire (particulier)";"Non";0;0;0;"Données partielles ou non valides"
2023;1695;"56";"56188";"Quistinic";"2023-04-18 11:55:00";500;500;;0;0;0;;;;;"Estimées";;"Malveillance";"Non";;;;""
2023;21534;"83";"83050";"Draguignan";"2023-04-18 12:30:00";8000;8000;0;0;0;0;;;;;"Estimées";;"Involontaire (particulier)";"Non";0;0;0;"Données partielles ou non valides"
2023;15927;"84";"84130";"Suzette";"2023-04-18 12:50:00";1000;1000;0;0;0;0;;;;;"Estimées";;;"Non";;;;""
2023;13512;"72";"72248";"Pruillé-l'Éguillé";"2023-04-18 12:55:00";5;5;;0;0;0;;;;;"Estimées";;;"Non";;;;""
2023;15928;"84";"84073";"Ménerbes";"2023-04-18 13:04:00";600;600;0;0;0;0;;;;;"Estimées";;;"Non";;;;""
2023;1819;"2B";"2B314";"Santo-Pietro-di-Tenda";"2023-04-18 14:21:00";20;0;20;0;0;0;;;;;"Estimées";;;"Non";;;;""
2023;21535;"83";"83004";"Les Arcs";"2023-04-18 15:51:00";21;21;0;0;0;0;;;;;"Estimées";;;"Non";0;0;0;"Données partielles ou non valides"
2023;21537;"83";"83116";"Saint-Maximin-la-Sainte-Baume";"2023-04-18 16:28:00";5000;0;5000;0;0;0;;;;;"Estimées";;;"Non";0;0;0;"Données partielles ou non valides"
2023;4715;"13";"13044";"Grans";"2023-04-18 17:15:00";200;200;0;0;0;0;;;;;"Estimées";"1";"Malveillance";"Non";;;;""
2023;19856;"33";"33051";"Biganos";"2023-04-18 18:11:31";600;300;;300;0;0;;;;;"Estimées";;"Accidentelle";"Non";0;0;0;""
2023;21538;"83";"83030";"Camps-la-Source";"2023-04-19 00:39:00";80;0;80;0;0;0;;;;;"Estimées";;;"Non";0;0;0;"Données partielles ou non valides"
2023;1824;"2B";"2B072";"Casalta";"2023-04-19 12:16:00";4000;500;0;3500;0;0;;;;;"Estimées";"2";"Malveillance";"Non";;;;""
2023;22046;"24";"24068";"Le Buisson-de-Cadouin";"2023-04-19 13:02:00";5000;5000;;0;0;0;;;;;"Estimées";;"Accidentelle";"Non";;;;""
2023;3748;"11";"11242";"Montclar";"2023-04-19 14:21:00";2;0;2;0;0;0;;;;;"Mesurées";;"Accidentelle";"Non";;;;""
2023;22047;"24";"24540";"Sorges et Ligueux en Périgord";"2023-04-19 14:33:00";800;800;;0;0;0;;;;;"Estimées";;"Involontaire (particulier)";"Non";0;0;0;""
2023;13513;"72";"72024";"La Bazoge";"2023-04-19 14:48:00";500;500;;0;0;0;;;;;"Estimées";;;"Non";;;;""
2023;2464;"34";"34322";"Valflaunès";"2023-04-19 18:31:00";109;109;0;0;0;0;;;;;"Mesurées";"4";"Malveillance";"Non";;;;""
2023;4718;"13";"13017";"Boulbon";"2023-04-19 18:55:00";1500;1500;0;0;0;0;;;;;"Estimées";"1";"Involontaire (particulier)";"Non";;;;""
2023;15938;"84";"84026";"Cadenet";"2023-04-20 00:40:00";500;500;0;0;0;0;;;;;"Mesurées";"2";"Malveillance";"Non";;;;""
2023;15939;"84";"84026";"Cadenet";"2023-04-20 03:30:00";700;700;0;0;0;0;;;;;"Mesurées";"5";"Malveillance";"Non";;;;""
2023;21541;"83";"83049";"Cuers";"2023-04-20 11:31:00";200;0;200;0;0;0;;;;;"Estimées";;"Involontaire (particulier)";"Non";0;0;0;"Données partielles ou non valides"
2023;15940;"84";"84054";"L'Isle-sur-la-Sorgue";"2023-04-20 11:58:00";800;800;0;0;0;0;;;;;"Estimées";;;"Non";;;;""
2023;19857;"33";"33300";"Naujac-sur-Mer";"2023-04-20 12:02:05";5000;5000;;0;0;0;;;;;"Estimées";;"Accidentelle";"Non";0;0;0;""
2023;19858;"33";"33159";"Étauliers";"2023-04-20 13:22:29";3000;3000;;0;0;0;;;;;"Estimées";;;"Non";0;0;0;""
2023;15832;"17";"17099";"Chepniers";"2023-04-20 14:28:00";4365;4365;;0;0;0;;;;;"Mesurées";;;"Non";0;0;0;""
2023;17246;"40";"40103";"Gaillères";"2023-04-20 14:52:00";1;1;;0;0;0;;;;;"Estimées";;"Involontaire (particulier)";"Non";0;0;0;""
2023;17245;"40";"40229";"Pontenx-les-Forges";"2023-04-20 15:49:00";2;2;;0;0;0;;;;;"Estimées";;"Accidentelle";"Non";0;0;0;""
2023;1640;"81";"81128";"Lacrouzette";"2023-04-20 16:08:00";10000;10000;;0;0;0;;;;;"Estimées";;"Involontaire (travaux)";"Non";;;;""
2023;4708;"28";"28209";"Lèves";"2023-04-20 17:01:00";20000;20000;;0;0;0;;;;;"Estimées";;;"Non";;;;""
2023;19859;"33";"33214";"Lacanau";"2023-04-20 18:00:48";500;500;;0;0;0;;;;;"Estimées";;;"Non";0;0;0;""
2023;11503;"2A";"2A017";"Appietto";"2023-04-20 18:30:00";50;0;50;0;0;0;;;;;"Estimées";;;"Non";;;;""
2023;14219;"66";"66008";"Argelès-sur-Mer";"2023-04-21 10:02:00";5;0;5;0;0;0;;;;;"Estimées";;"Malveillance";"Non";;;;""
2023;21542;"83";"83097";"Pourrières";"2023-04-21 10:49:00";60;0;60;0;0;0;;;;;"Estimées";;"Involontaire (particulier)";"Non";0;0;0;"Données partielles ou non valides"
2023;1827;"2B";"2B178";"Nonza";"2023-04-21 11:50:00";200;200;0;0;0;0;;;;;"Estimées";"2";;"Non";;;;""
2023;21543;"83";"83148";"Vidauban";"2023-04-21 13:14:00";600;0;600;0;0;0;;;;;"Estimées";;"Accidentelle";"Non";0;0;0;"Données partielles ou non valides"
2023;4719;"13";"13049";"Lamanon";"2023-04-21 17:30:00";100;100;0;0;0;0;;;;;"Estimées";"1";"Involontaire (particulier)";"Non";;;;""
2023;15833;"17";"17167";"Le Fouilloux";"2023-04-21 19:53:00";1265;1265;;0;0;0;;;;;"Mesurées";;;"Non";0;0;0;""
2023;17249;"40";"40326";"Vielle-Saint-Girons";"2023-04-21 20:02:00";50;50;;0;0;0;;;;;"Estimées";;"Naturelle";"Non";0;0;0;""
2023;17250;"40";"40150";"Léon";"2023-04-21 20:08:00";1;1;;0;0;0;;;;;"Estimées";;"Naturelle";"Non";0;0;0;""
2023;14945;"31";"31459";"Roquesérière";"2023-04-21 20:21:00";1000;1000;;0;0;0;;;;;"Estimées";;;"Non";;;;""
2023;17251;"40";"40276";"Saint-Michel-Escalus";"2023-04-21 20:27:00";20;20;;0;0;0;;;;;"Estimées";;"Naturelle";"Non";0;0;0;""
2023;17247;"40";"40310";"Soustons";"2023-04-21 20:43:00";150;150;;0;0;0;;;;;"Estimées";;"Naturelle";"Non";0;0;0;""
2023;17248;"40";"40046";"Biscarrosse";"2023-04-21 20:50:00";50;50;;0;0;0;;;;;"Estimées";;"Naturelle";"Non";0;0;0;""
2023;4720;"13";"13026";"Châteauneuf-les-Martigues";"2023-04-22 12:17:00";10;10;0;0;0;0;;;;;"Estimées";"1";"Involontaire (particulier)";"Non";;;;""
2023;15956;"84";"84017";"Bédoin";"2023-04-22 15:20:00";3500;3500;0;0;0;0;;;;;"Estimées";;;"Non";;;;""
2023;21544;"83";"83061";"Fréjus";"2023-04-22 15:53:00";350;350;0;0;0;0;;;;;"Estimées";;"Malveillance";"Non";0;0;0;"Données partielles ou non valides"
2023;6475;"30";"30189";"Nîmes";"2023-04-22 16:42:00";1000;1000;0;0;0;0;;;;;"Estimées";;;"Non";;;;""
2023;8911;"88";"88367";"Rambervillers";"2023-04-22 22:05:00";20;20;;0;0;0;;;;;"Estimées";;;;;;;""
2023;1829;"2B";"2B356";"Zalana";"2023-04-23 11:47:00";10000;10000;0;0;0;0;;;;;"Estimées";"2";;"Non";;;;""
2023;13090;"74";"74241";"Saint-Jeoire";"2023-04-23 15:21:00";20;20;;0;0;0;;;;;"Estimées";;"Involontaire (particulier)";"Non";;;;""
2023;15830;"17";"17279";"Plassac";"2023-04-23 15:58:00";10000;10000;;0;0;0;;;;;"Mesurées";;;"Non";0;0;0;""
2023;21546;"83";"83094";"Le Plan-de-la-Tour";"2023-04-23 16:10:00";3;0;3;0;0;0;;;;;"Estimées";;"Involontaire (particulier)";"Non";0;0;0;"Données partielles ou non valides"
2023;15959;"84";"84082";"Mormoiron";"2023-04-23 16:21:00";1000;1000;0;0;0;0;;;;;"Estimées";;;"Non";;;;""
2023;17543;"86";"86221";"Saint-Genest-d'Ambière";"2023-04-23 17:44:00";2;2;;0;0;0;;;;;"Estimées";;;"Non";;;;""
2023;11504;"2A";"2A254";"Quenza";"2023-04-24 08:27:00";138000;0;138000;0;0;0;;;;;"Mesurées";"1";;"Non";;;;""
2023;1792;"07";"07290";"Saint-Prix";"2023-04-24 13:06:00";1500;0;1500;0;0;0;;;;;"Estimées";"1";"Naturelle";"Non";;;;""
2023;21547;"83";"83061";"Fréjus";"2023-04-24 13:34:00";1;0;1;0;0;0;;;;;"Estimées";;"Involontaire (travaux)";"Non";0;0;0;"Données partielles ou non valides"
2023;21548;"83";"83124";"Seillans";"2023-04-24 14:06:00";4000;4000;0;0;0;0;;;;;"Estimées";;"Accidentelle";"Non";0;0;0;"Données partielles ou non valides"
2023;3749;"11";"11264";"Névian";"2023-04-24 15:44:00";2600;400;2200;0;0;0;;;;;"Mesurées";;;"Non";;;;""
2023;21549;"83";"83124";"Seillans";"2023-04-24 17:01:00";1;1;0;0;0;0;;;;;"Estimées";;"Involontaire (travaux)";"Non";0;0;0;"Données partielles ou non valides"
2023;21550;"83";"83069";"Hyères";"2023-04-24 17:07:00";1;0;1;0;0;0;;;;;"Estimées";;;"Non";0;0;0;"Données partielles ou non valides"
2023;4721;"13";"13047";"Istres";"2023-04-24 23:30:00";1000;1000;0;0;0;0;;;;;"Estimées";"1";"Involontaire (particulier)";"Non";;;;""
2023;4722;"13";"13081";"Rognac";"2023-04-25 12:36:00";10;10;0;0;0;0;;;;;"Estimées";"1";"Involontaire (particulier)";"Non";;;;""
2023;1696;"06";"06104";"Roquebrune-Cap-Martin";"2023-04-25 14:03:00";7300;0;7300;0;0;0;;;;;"Estimées";;;"Oui";0;0;1;""
2023;21551;"83";"83033";"Carnoules";"2023-04-25 14:49:00";500;0;500;0;0;0;;;;;"Estimées";;;"Non";0;0;0;"Données partielles ou non valides"
2023;4724;"13";"13001";"Aix-en-Provence";"2023-04-25 15:43:00";200;200;0;0;0;0;;;;;"Estimées";"1";"Involontaire (particulier)";"Non";;;;""
2023;15964;"84";"84049";"Gigondas";"2023-04-25 16:16:00";100;100;0;0;0;0;;;;;"Estimées";;;"Non";;;;""
2023;21553;"83";"83071";"La Londe-les-Maures";"2023-04-25 16:49:00";500;500;0;0;0;0;;;;;"Estimées";;;"Non";0;0;0;"Données partielles ou non valides"
2023;21554;"83";"83071";"La Londe-les-Maures";"2023-04-25 19:03:00";500;500;0;0;0;0;;;;;"Estimées";;;"Non";0;0;0;"Données partielles ou non valides"
2023;4734;"13";"13041";"Gardanne";"2023-04-26 10:03:00";30;30;0;0;0;0;;;;;"Estimées";"1";"Involontaire (particulier)";"Non";;;;""
2023;1842;"2B";"2B190";"Olmi-Cappella";"2023-04-26 15:45:00";5000;0;5000;0;0;0;;;;;"Estimées";"1";"Malveillance";"Non";;;;""
2023;11506;"2A";"2A258";"Renno";"2023-04-26 21:51:00";100;0;100;0;0;0;;;;;"Estimées";;;"Non";;;;""
2023;4738;"13";"13110";"Trets";"2023-04-27 11:27:00";100;100;0;0;0;0;;;;;"Estimées";"1";"Involontaire (particulier)";"Non";;;;""
2023;1844;"2B";"2B213";"Pianello";"2023-04-27 12:03:00";226000;0;130000;96000;0;0;;;;;"Estimées";"1";;"Non";;;;""
2023;11507;"2A";"2A212";"Piana";"2023-04-27 13:44:00";300;0;300;0;0;0;;;;;"Estimées";;"Involontaire (particulier)";"Non";;;;""
2023;21557;"83";"83069";"Hyères";"2023-04-27 14:04:00";4;0;4;0;0;0;;;;;"Estimées";;"Involontaire (particulier)";"Non";0;0;0;"Données partielles ou non valides"
2023;21558;"83";"83027";"La Cadière-d'Azur";"2023-04-27 14:11:00";50;0;50;0;0;0;;;;;"Estimées";;"Involontaire (particulier)";"Non";0;0;0;"Données partielles ou non valides"
2023;21560;"83";"83117";"Saint-Paul-en-Forêt";"2023-04-27 17:32:00";28216;28216;0;0;0;0;;;;;"Mesurées";"4";"Malveillance";"Non";;;;"Données partielles ou non valides"
2023;3750;"11";"11124";"Durban-Corbières";"2023-04-27 18:02:00";50;0;50;0;0;0;;;;;"Mesurées";;"Involontaire (travaux)";"Non";;;;""
2023;21561;"83";"83071";"La Londe-les-Maures";"2023-04-28 13:31:00";10;0;10;0;0;0;;;;;"Estimées";;;"Non";0;0;0;"Données partielles ou non valides"
2023;4740;"13";"13087";"Rousset";"2023-04-28 17:26:00";300;300;0;0;0;0;;;;;"Estimées";"1";;"Non";;;;""
2023;11510;"2A";"2A359";"Zicavo";"2023-04-28 19:40:00";300;0;300;0;0;0;;;;;"Estimées";;;"Non";;;;""
2023;2668;"26";"26345";"Suze-la-Rousse";"2023-04-28 21:13:00";50;50;0;0;0;0;;;;;"Estimées";"5";;"Non";;;;""
2023;4745;"13";"13118";"Coudoux";"2023-04-29 07:10:00";20;20;0;0;0;0;;;;;"Estimées";"1";"Involontaire (particulier)";"Non";;;;""
2023;21562;"83";"83123";"Sanary-sur-Mer";"2023-04-29 10:56:00";10;0;10;0;0;0;;;;;"Estimées";;;"Non";0;0;0;"Données partielles ou non valides"
2023;1847;"2B";"2B039";"Bisinchi";"2023-04-29 16:14:00";3500;0;3500;0;0;0;;;;;"Estimées";"1";"Malveillance";"Non";;;;""
2023;1863;"53";"53130";"Laval";"2023-04-29 16:59:00";10000;10000;;0;0;0;;;;;"Estimées";;"Involontaire (particulier)";"Non";;;;""
2023;14241;"66";"66222";"Vernet-les-Bains";"2023-04-29 17:50:00";4;4;0;0;0;0;;;;;"Estimées";;"Naturelle";"Non";;;;""
2023;21563;"83";"83132";"Solliès-Ville";"2023-04-29 20:19:00";1;0;1;0;0;0;;;;;"Estimées";;;"Non";0;0;0;"Données partielles ou non valides"
2023;21564;"83";"83063";"La Garde-Freinet";"2023-04-30 07:38:00";150;0;150;0;0;0;;;;;"Estimées";;"Accidentelle";"Non";0;0;0;"Données partielles ou non valides"
2023;7687;"63";"63182";"Jumeaux";"2023-04-30 15:32:00";2500;2500;;0;0;0;;;;;"Estimées";;;"Non";;;;""
2023;4342;"91";"91114";"Brunoy";"2023-04-30 15:50:00";5;5;;0;0;0;;;;;"Estimées";;;"Non";;;;""
2023;22056;"24";"24354";"La Roche-Chalais";"2023-04-30 17:00:00";100;100;;0;0;0;;;;;"Estimées";;"Involontaire (particulier)";"Non";0;0;0;""
2023;1698;"05";"05010";"Aspres-sur-Buëch";"2023-04-30 18:41:00";30;30;0;0;0;0;;;;;"Mesurées";;"Involontaire (particulier)";"Oui";0;1;1;""
2023;15979;"84";"84109";"Saint-Hippolyte-le-Graveyron";"2023-04-30 19:38:00";20;20;0;0;0;0;;;;;"Estimées";;;"Non";;;;""
2023;6495;"30";"30339";"Val-d'Aigoual";"2023-05-01 11:39:00";16952;16952;0;0;0;0;;;;;"Mesurées";"3";"Malveillance";"Non";;;;""
2023;19866;"33";"33268";"Margaux-Cantenac";"2023-05-01 17:16:53";10;10;;0;0;0;;;;;"Estimées";;;"Non";0;0;0;""
2023;1797;"07";"07110";"Joyeuse";"2023-05-01 17:41:00";3000;0;3000;0;0;0;;;;;"Estimées";"1";;"Non";;;;""
2023;1811;"66";"66071";"Estagel";"2023-05-01 17:54:00";460;460;0;0;0;0;;;;;"Mesurées";;"Malveillance";"Non";;;;""
2023;4750;"13";"13091";"Saint-Cannat";"2023-05-01 18:04:00";10;10;0;0;0;0;;;;;"Estimées";"1";;"Non";;;;""
2023;4748;"13";"13027";"Châteaurenard";"2023-05-01 19:47:00";500;500;0;0;0;0;;;;;"Estimées";"1";;"Non";;;;""
2023;15981;"84";"84012";"Beaumes-de-Venise";"2023-05-01 21:35:00";90;90;0;0;0;0;;;;;"Estimées";;;"Non";;;;""
2023;6503;"30";"30135";"Jonquières-Saint-Vincent";"2023-05-02 12:25:00";42723;42723;0;0;0;0;;;;;"Mesurées";"2";"Malveillance";"Non";;;;""
2023;8543;"30";"30135";"Jonquières-Saint-Vincent";"2023-05-02 12:25:00";2850;2850;0;0;0;0;;;;;"Mesurées";;"Malveillance";"Non";;;;""
2023;2417;"34";"34073";"Cers";"2023-05-02 14:00:00";65071;0;65071;0;0;0;;;;;"Mesurées";"1";"Accidentelle";"Non";;;;""
2023;2797;"15";"15236";"Thiézac";"2023-05-02 17:30:00";15000;15000;;0;0;0;;;;;"Estimées";;"Involontaire (particulier)";"Non";;;;""
2023;21571;"83";"83004";"Les Arcs";"2023-05-02 17:31:00";50;0;50;0;0;0;;;;;"Estimées";;;"Non";0;0;0;"Données partielles ou non valides"
2023;22058;"24";"24354";"La Roche-Chalais";"2023-05-02 21:30:00";127000;127000;;0;0;0;;;;;"Mesurées";;"Involontaire (particulier)";"Non";;;;""
2023;3266;"29";"29023";"Carantec";"2023-05-03 10:19:00";2;2;;0;0;0;;;;;"Mesurées";;;"Non";;;;""
2023;2411;"34";"34199";"Pézenas";"2023-05-03 12:36:00";10574;0;10574;0;0;0;;;;;"Mesurées";"1";"Involontaire (particulier)";"Non";;;;""
2023;4752;"13";"13071";"Les Pennes-Mirabeau";"2023-05-03 13:05:00";43400;43400;0;0;0;0;;;;;"Mesurées";"1";"Involontaire (particulier)";"Non";;;;""
2023;21574;"83";"83123";"Sanary-sur-Mer";"2023-05-03 14:07:00";10;0;10;0;0;0;;;;;"Estimées";;"Accidentelle";"Non";0;0;0;"Données partielles ou non valides"
2023;20199;"19";"19240";"Saint-Salvadour";"2023-05-03 15:43:52";700;700;;0;0;0;;;;;"Estimées";;;"Non";0;0;0;""
2023;4751;"13";"13002";"Allauch";"2023-05-03 15:49:00";500;500;0;0;0;0;;;;;"Estimées";"1";"Involontaire (particulier)";"Non";;;;""
2023;6608;"11";"11086";"Caves";"2023-05-03 16:27:00";150;0;150;0;0;0;;;;;"Mesurées";;;"Non";;;;""
2023;3979;"45";"45051";"Bray-Saint-Aignan";"2023-05-03 19:06:00";200;200;;0;0;0;;;;;"Estimées";;;"Non";;;;""
2023;4754;"13";"13001";"Aix-en-Provence";"2023-05-04 02:45:00";40;40;0;0;0;0;;;;;"Estimées";"1";"Involontaire (particulier)";"Non";;;;""
2023;2669;"26";"26234";"Piégros-la-Clastre";"2023-05-04 14:45:00";400;400;0;0;0;0;;;;;"Estimées";"2";;"Non";;;;""
2023;21575;"83";"83031";"Le Cannet-des-Maures";"2023-05-04 16:35:00";100;0;100;0;0;0;;;;;"Estimées";;"Involontaire (particulier)";"Non";0;0;0;"Données partielles ou non valides"
2023;17017;"16";"16062";"Brie-sous-Barbezieux";"2023-05-04 20:51:52";1000;1000;;0;0;0;;;;;"Estimées";;;"Non";0;0;0;""
2023;4756;"13";"13028";"La Ciotat";"2023-05-04 23:19:00";10;10;0;0;0;0;;;;;"Estimées";"1";;"Non";;;;""
2023;21576;"83";"83092";"Pignans";"2023-05-05 16:07:00";1000;1000;0;0;0;0;;;;;"Estimées";;;"Non";0;0;0;"Données partielles ou non valides"
2023;3867;"07";"07319";"Le Teil";"2023-05-05 19:29:00";100;0;100;0;0;0;;;;;"Estimées";"1";;"Non";;;;""
2023;20200;"19";"19007";"Altillac";"2023-05-06 01:02:56";10;10;;0;0;0;;;;;"Estimées";;;"Non";0;0;0;""
2023;21578;"83";"83143";"Le Val";"2023-05-06 12:12:00";30;0;30;0;0;0;;;;;"Estimées";;"Involontaire (travaux)";"Non";0;0;0;"Données partielles ou non valides"
2023;4757;"13";"13071";"Les Pennes-Mirabeau";"2023-05-06 14:25:00";5000;5000;0;0;0;0;;;;;"Estimées";"1";"Involontaire (travaux)";"Non";;;;""
2023;6518;"30";"30289";"Saint-Nazaire-des-Gardies";"2023-05-06 14:38:00";76;76;0;0;0;0;;;;;"Mesurées";;"Involontaire (travaux)";"Non";;;;""
2023;1838;"48";"48086";"Luc";"2023-05-06 16:10:00";300;0;300;0;0;0;;;;;"Estimées";"1";;"Non";;;;""
2023;22059;"24";"24354";"La Roche-Chalais";"2023-05-06 18:33:00";80;80;;0;0;0;;;;;"Estimées";;"Involontaire (particulier)";"Non";0;0;0;""
2023;19864;"33";"33202";"Hostens";"2023-05-06 21:45:04";400;400;;0;0;0;;;;;"Estimées";;;"Non";0;0;0;""
2023;1841;"06";"06106";"Roquestéron";"2023-05-07 11:41:00";100;0;100;0;0;0;;;;;"Estimées";;"Involontaire (particulier)";"Non";;;;""
2023;1867;"04";"04069";"Demandolx";"2023-05-07 14:37:00";4800;4300;0;500;0;0;;;;;"Mesurées";;;"Non";;;;""
2023;1861;"2B";"2B135";"Isolaccio-di-Fiumorbo";"2023-05-07 14:53:00";200;0;200;0;0;0;;;;;"Estimées";;"Malveillance";"Non";;;;""
2023;21579;"83";"83073";"Le Luc";"2023-05-07 15:37:00";10;0;10;0;0;0;;;;;"Estimées";;;"Non";0;0;0;"Données partielles ou non valides"
2023;21580;"83";"83118";"Saint-Raphaël";"2023-05-07 16:05:00";250;0;250;0;0;0;;;;;"Estimées";;"Malveillance";"Non";0;0;0;"Données partielles ou non valides"
2023;4768;"13";"13086";"Roquevaire";"2023-05-07 16:27:00";10;10;0;0;0;0;;;;;"Estimées";"1";"Involontaire (particulier)";"Non";;;;""
2023;21581;"83";"83116";"Saint-Maximin-la-Sainte-Baume";"2023-05-07 18:37:00";300;0;300;0;0;0;;;;;"Estimées";;"Involontaire (particulier)";"Non";0;0;0;"Données partielles ou non valides"
2023;4761;"13";"13063";"Miramas";"2023-05-07 19:11:00";10;10;0;0;0;0;;;;;"Estimées";"1";"Malveillance";"Non";;;;""
2023;4765;"13";"13032";"Éguilles";"2023-05-07 21:34:00";2400;2400;0;0;0;0;;;;;"Mesurées";"1";"Malveillance";"Non";;;;""
2023;4778;"13";"13047";"Istres";"2023-05-08 08:50:00";5;5;0;0;0;0;;;;;"Estimées";"1";"Malveillance";"Non";;;;""
2023;4772;"13";"13005";"Aubagne";"2023-05-08 14:05:00";1000;1000;0;0;0;0;;;;;"Estimées";"1";"Involontaire (particulier)";"Non";;;;""
2023;4781;"13";"13112";"Velaux";"2023-05-08 14:42:00";250;250;0;0;0;0;;;;;"Estimées";"1";"Involontaire (particulier)";"Non";;;;""
2023;14260;"66";"66008";"Argelès-sur-Mer";"2023-05-08 15:52:00";40000;40000;0;0;0;0;;;;;"Mesurées";;"Malveillance";"Non";;;;""
2023;2624;"34";"34213";"Poussan";"2023-05-08 16:14:00";5157;0;5157;0;0;0;;;;;"Mesurées";"1";"Involontaire (particulier)";"Non";;;;""
2023;2622;"34";"34183";"Nissan-lez-Enserune";"2023-05-08 19:47:00";14837;0;14837;0;0;0;;;;;"Mesurées";"1";"Malveillance";"Non";;;;""
2023;21583;"83";"83072";"Lorgues";"2023-05-09 16:06:00";500;500;0;0;0;0;;;;;"Estimées";;"Malveillance";"Non";0;0;0;"Données partielles ou non valides"
2023;4783;"13";"13105";"Sénas";"2023-05-09 19:20:00";10;10;0;0;0;0;;;;;"Estimées";"1";"Involontaire (particulier)";"Non";;;;""
2023;14263;"66";"66069";"Espira-de-l'Agly";"2023-05-10 05:12:00";30000;0;30000;0;0;0;;;;;"Estimées";;"Malveillance";"Non";;;;""
2023;1864;"06";"06083";"Menton";"2023-05-10 14:11:00";500;0;500;0;0;0;;;;;"Estimées";;"Involontaire (travaux)";"Non";;;;""
2023;21584;"83";"83107";"Roquebrune-sur-Argens";"2023-05-10 14:42:00";50;0;50;0;0;0;;;;;"Estimées";;"Involontaire (particulier)";"Non";0;0;0;"Données partielles ou non valides"
2023;4785;"13";"13071";"Les Pennes-Mirabeau";"2023-05-10 14:45:00";300;300;0;0;0;0;;;;;"Estimées";"1";"Involontaire (particulier)";"Non";;;;""
2023;21585;"83";"83115";"Sainte-Maxime";"2023-05-10 15:09:00";10;0;10;0;0;0;;;;;"Estimées";;;"Non";0;0;0;"Données partielles ou non valides"
2023;14267;"66";"66049";"Céret";"2023-05-10 16:04:00";1000;0;1000;0;0;0;;;;;"Estimées";;"Involontaire (travaux)";"Non";;;;""
2023;2658;"2B";"2B033";"Bastia";"2023-05-10 17:46:00";500;0;100;0;0;400;;;;;"Estimées";"1";;"Non";;;;""
2023;11275;"11";"11262";"Narbonne";"2023-05-10 19:52:00";80;0;80;0;0;0;;;;;"Mesurées";;;"Non";;;;""
2023;4789;"13";"13002";"Allauch";"2023-05-11 12:37:00";50;50;0;0;0;0;;;;;"Estimées";"1";"Involontaire (particulier)";"Non";;;;""
2023;2660;"2B";"2B152";"Luri";"2023-05-11 13:52:00";3000;0;3000;0;0;0;;;;;"Estimées";;"Malveillance";"Non";;;;""
2023;2659;"2B";"2B143";"Linguizzetta";"2023-05-11 14:07:00";80;0;80;0;0;0;;;;;"Estimées";;"Naturelle";"Non";;;;""
2023;1865;"06";"06039";"Châteauneuf-Villevieille";"2023-05-11 15:24:00";400;0;400;0;0;0;;;;;"Estimées";;"Naturelle";"Non";;;;""
2023;2604;"34";"34225";"Puisserguier";"2023-05-11 17:11:00";2404;0;2404;0;0;0;;;;;"Mesurées";"1";"Involontaire (travaux)";"Non";;;;""
2023;21586;"83";"83140";"Tourves";"2023-05-11 21:07:00";30;30;0;0;0;0;;;;;"Estimées";;;"Non";0;0;0;"Données partielles ou non valides"
2023;4792;"13";"13039";"Fos-sur-Mer";"2023-05-11 22:59:00";100;100;0;0;0;0;;;;;"Estimées";"1";"Involontaire (particulier)";"Non";;;;""
2023;16027;"84";"84076";"Mirabeau";"2023-05-12 19:43:00";10;10;0;0;0;0;;;;;"Estimées";;;"Non";;;;""
2023;2476;"06";"06029";"Cannes";"2023-05-13 08:47:00";10;0;10;0;0;0;;;;;"Estimées";;"Naturelle";"Non";;;;""
2023;4798;"13";"13005";"Aubagne";"2023-05-13 10:13:00";30;30;0;0;0;0;;;;;"Estimées";"1";"Involontaire (particulier)";"Non";;;;""
2023;21587;"83";"83110";"Rougiers";"2023-05-13 13:21:00";1;0;1;0;0;0;;;;;"Estimées";;"Involontaire (particulier)";"Non";0;0;0;"Données partielles ou non valides"
2023;2598;"04";"04122";"Mirabeau";"2023-05-14 17:22:00";10;10;0;0;0;0;;;;;"Estimées";;"Naturelle";"Non";;;;""
2023;6545;"30";"30329";"Thoiras";"2023-05-15 09:32:00";77;77;0;0;0;0;;;;;"Mesurées";;"Involontaire (travaux)";"Non";;;;""
2023;14277;"66";"66158";"Rasiguères";"2023-05-15 10:30:00";2000;0;2000;0;0;0;;;;;"Estimées";;"Malveillance";"Non";;;;""
2023;4803;"13";"13100";"Saint-Rémy-de-Provence";"2023-05-15 16:30:00";2000;2000;0;0;0;0;;;;;"Estimées";"1";"Accidentelle";"Non";;;;""
2023;19867;"33";"33284";"Mios";"2023-05-15 18:21:51";200;200;;0;0;0;;;;;"Estimées";;;"Non";0;0;0;""
2023;21589;"83";"83061";"Fréjus";"2023-05-16 11:56:00";20;0;20;0;0;0;;;;;"Estimées";;;"Non";0;0;0;"Données partielles ou non valides"
2023;2753;"34";"34322";"Valflaunès";"2023-05-16 19:14:00";186;186;0;0;0;0;;;;;"Mesurées";"1";"Malveillance";"Non";;;;""
2023;21590;"83";"83090";"Ollioules";"2023-05-16 23:30:00";10;0;10;0;0;0;;;;;"Estimées";;"Malveillance";"Non";0;0;0;"Données partielles ou non valides"
2023;21591;"83";"83137";"Toulon";"2023-05-16 23:55:00";2;0;2;0;0;0;;;;;"Estimées";;;"Non";0;0;0;"Données partielles ou non valides"
2023;2751;"34";"34312";"La Tour-sur-Orb";"2023-05-17 00:20:00";44;44;0;0;0;0;;;;;"Mesurées";"2";"Malveillance";"Non";;;;""
2023;21592;"83";"83070";"Le Lavandou";"2023-05-17 14:13:00";10;0;10;0;0;0;;;;;"Estimées";;"Involontaire (travaux)";"Non";0;0;0;"Données partielles ou non valides"
2023;2676;"06";"06109";"La Roquette-sur-Var";"2023-05-17 19:28:00";10;10;0;0;0;0;;;;;"Estimées";;"Naturelle";"Non";;;;""
2023;2745;"34";"34135";"Lespignan";"2023-05-18 06:44:00";16310;0;16310;0;0;0;;;;;"Mesurées";"1";"Malveillance";"Non";;;;""
2023;2744;"34";"34300";"Servian";"2023-05-18 14:02:00";510;0;510;0;0;0;;;;;"Mesurées";"1";"Involontaire (travaux)";"Non";;;;""
2023;2632;"37";"37264";"Vallères";"2023-05-18 15:28:00";200;200;;0;0;0;;;;;"Estimées";;;"Non";;;;""
2023;19869;"33";"33351";"Reignac";"2023-05-18 17:55:26";4000;2000;;2000;0;0;;;;;"Estimées";;;"Non";0;0;0;""
2023;2739;"34";"34147";"Magalas";"2023-05-18 21:23:00";5027;0;5027;0;0;0;;;;;"Mesurées";"1";"Malveillance";"Non";;;;""
2023;4807;"13";"13047";"Istres";"2023-05-18 21:57:00";5;5;0;0;0;0;;;;;"Estimées";"1";"Involontaire (particulier)";"Non";;;;""
2023;2738;"34";"34138";"Lieuran-Cabrières";"2023-05-19 13:13:00";4560;0;4560;0;0;0;;;;;"Mesurées";"1";"Malveillance";"Non";;;;""
2023;2633;"37";"37282";"Yzeures-sur-Creuse";"2023-05-19 15:23:00";20000;20000;;0;0;0;;;;;"Estimées";;;"Non";;;;""
2023;6610;"11";"11379";"Sigean";"2023-05-19 15:24:00";3000;0;3000;0;0;0;;;;;"Mesurées";;;"Non";;;;""
2023;19871;"33";"33260";"Lugos";"2023-05-19 17:08:51";300;300;;0;0;0;;;;;"Estimées";;"Accidentelle";"Non";0;0;0;""
2023;13091;"74";"74010";"Annecy";"2023-05-19 17:34:00";1;1;;0;0;0;;;;;"Mesurées";;"Involontaire (particulier)";"Non";;;;""
2023;6612;"11";"11322";"Roquefort-des-Corbières";"2023-05-22 12:12:00";200;0;200;0;0;0;;;;;"Mesurées";;;"Non";;;;""
2023;4360;"91";"91114";"Brunoy";"2023-05-22 14:44:00";5;5;;0;0;0;;;;;"Estimées";;;"Non";;;;""
2023;13092;"74";"74281";"Thonon-les-Bains";"2023-05-23 02:30:00";1;1;;0;0;0;;;;;"Mesurées";;"Involontaire (particulier)";"Non";;;;""
2023;3753;"11";"11379";"Sigean";"2023-05-23 23:46:00";500;500;0;0;0;0;;;;;"Mesurées";;"Accidentelle";"Non";;;;""
2023;9030;"10";"10352";"Sainte-Maure";"2023-05-24 16:34:00";15000;15000;;0;0;0;;;;;"Estimées";;;;;;;"Données partielles ou non valides"
2023;15834;"17";"17225";"Les Mathes";"2023-05-24 16:48:00";200;200;;0;0;0;;;;;"Mesurées";;;"Non";0;0;0;""
2023;2702;"56";"56143";"Muzillac";"2023-05-24 17:12:00";5000;5000;;0;0;0;;;;;"Estimées";;;"Non";;;;""
2023;3751;"11";"11144";"Fitou";"2023-05-24 22:03:00";500;0;500;0;0;0;;;;;"Mesurées";;;"Non";;;;""
2023;2645;"41";"41260";"Thoury";"2023-05-25 14:02:00";1000;1000;;0;0;0;;;;;"Estimées";;"Accidentelle";"Non";;;;""
2023;2640;"59";"59491";"Raismes";"2023-05-25 15:37:00";5000;5000;;0;0;0;;;;;"Estimées";;"Accidentelle";"Non";;;;""
2023;15807;"41";"41285";"Villeny";"2023-05-25 15:49:00";3000;3000;;0;0;0;;;;;"Estimées";;"Accidentelle";"Non";;;;""
2023;2643;"41";"41285";"Villeny";"2023-05-25 15:49:00";3000;3000;;0;0;0;;;;;"Estimées";;"Accidentelle";"Non";;;;""
2023;5647;"11";"11069";"Carcassonne";"2023-05-25 16:49:00";200;0;200;0;0;0;;;;;"Mesurées";;;"Non";;;;""
2023;2703;"56";"56026";"Bubry";"2023-05-25 19:17:00";500;500;;0;0;0;;;;;"Estimées";;;"Non";;;;""
2023;22066;"24";"24354";"La Roche-Chalais";"2023-05-26 02:23:00";10000;10000;;0;0;0;;;;;"Estimées";;"Involontaire (travaux)";"Non";;;;""
2023;17028;"16";"16029";"Bardenac";"2023-05-26 02:55:09";25000;25000;;0;0;0;;;;;"Estimées";;"Malveillance";"Non";0;0;0;""
2023;22067;"24";"24354";"La Roche-Chalais";"2023-05-26 08:00:00";1;1;;0;0;0;;;;;"Estimées";;"Malveillance";"Non";0;0;0;""
2023;19873;"33";"33202";"Hostens";"2023-05-26 14:49:35";2000;2000;;0;0;0;;;;;"Estimées";;"Naturelle";"Non";0;0;0;""
2023;5649;"11";"11369";"Sallèles-d'Aude";"2023-05-26 20:23:00";15;15;0;0;0;0;;;;;"Mesurées";;;"Non";;;;""
2023;14302;"66";"66231";"Vingrau";"2023-05-26 21:33:00";1580;0;1580;0;0;0;;;;;"Estimées";;"Malveillance";"Non";;;;""
2023;17254;"40";"40056";"Brocas";"2023-05-27 15:41:00";8000;8000;;0;0;0;;;;;"Mesurées";;"Accidentelle";"Non";0;0;0;""
2023;3112;"35";"35139";"Laillé";"2023-05-27 15:52:00";100;100;;0;0;0;;;;;"Estimées";;;"Non";;;;""
2023;21598;"83";"83023";"Brignoles";"2023-05-27 16:00:00";50;0;50;0;0;0;;;;;"Estimées";;"Malveillance";"Non";0;0;0;"Données partielles ou non valides"
2023;22071;"24";"24165";"Eygurande-et-Gardedeuil";"2023-05-27 17:05:00";6000;6000;;0;0;0;;;;;"Estimées";;"Accidentelle";"Non";;;;""
2023;11515;"2A";"2A142";"Levie";"2023-05-27 17:25:00";2000;0;2000;0;0;0;;;;;"Estimées";;"Involontaire (particulier)";"Non";;;;""
2023;13520;"72";"72046";"Le Breil-sur-Mérize";"2023-05-27 20:34:00";20;20;;0;0;0;;;;;"Estimées";;;"Non";;;;""
2023;3282;"29";"29226";"Poullan-sur-Mer";"2023-05-27 22:30:00";250;250;;0;0;0;;;;;"Estimées";;;"Non";;;;""
2023;8916;"88";"88308";"Mont-lès-Neufchâteau";"2023-05-28 13:30:00";30;30;;0;0;0;;;;;"Estimées";;;"Non";;;;""
2023;13777;"32";"32160";"L'Isle-Jourdain";"2023-05-28 15:55:00";40;40;;0;0;0;;;;;"Estimées";;"Accidentelle";"Non";;;;""
2023;4810;"13";"13001";"Aix-en-Provence";"2023-05-28 16:08:00";100;100;0;0;0;0;;;;;"Estimées";"1";"Involontaire (particulier)";"Non";;;;""
2023;13778;"32";"32290";"Montréal";"2023-05-28 16:53:00";200;200;;0;0;0;;;;;"Estimées";;"Involontaire (particulier)";"Non";;;;""
2023;18721;"47";"47286";"Sauméjan";"2023-05-28 17:12:24";6000;6000;;0;0;0;;;;;"Estimées";;"Naturelle";"Non";0;0;0;""
2023;21601;"83";"83121";"Salernes";"2023-05-28 18:34:00";50;0;50;0;0;0;;;;;"Estimées";;"Naturelle";"Non";0;0;0;"Données partielles ou non valides"
2023;4814;"13";"13001";"Aix-en-Provence";"2023-05-28 21:18:00";10;10;0;0;0;0;;;;;"Estimées";"1";"Malveillance";"Non";;;;""
2023;21602;"83";"83137";"Toulon";"2023-05-29 00:59:00";70;70;0;0;0;0;;;;;"Estimées";;"Involontaire (particulier)";"Non";0;0;0;"Données partielles ou non valides"
2023;3284;"29";"29232";"Quimper";"2023-05-29 07:50:00";2;2;;0;0;0;;;;;"Mesurées";;;"Non";;;;""
2023;3880;"07";"07274";"Saint-Maurice-en-Chalencon";"2023-05-29 10:00:00";5;5;0;0;0;0;;;;;"Estimées";"4";"Naturelle";"Non";;;;""
2023;17255;"40";"40108";"Gastes";"2023-05-29 10:09:00";500;500;;0;0;0;;;;;"Estimées";;"Naturelle";"Non";0;0;0;""
2023;21603;"83";"83072";"Lorgues";"2023-05-29 10:57:00";100;100;0;0;0;0;;;;;"Estimées";;"Accidentelle";"Non";0;0;0;"Données partielles ou non valides"
2023;4818;"13";"13056";"Martigues";"2023-05-29 11:44:00";5;5;0;0;0;0;;;;;"Estimées";"1";"Involontaire (particulier)";"Non";;;;""
2023;21604;"83";"83154";"Saint-Antonin-du-Var";"2023-05-29 13:36:00";3000;0;3000;0;0;0;;;;;"Estimées";;"Accidentelle";"Non";0;0;0;"Données partielles ou non valides"
2023;3197;"34";"34101";"Florensac";"2023-05-29 15:11:00";33814;33814;0;0;0;0;;;;;"Mesurées";"1";"Accidentelle";"Non";;;;""
2023;3196;"34";"34328";"Vendémian";"2023-05-29 16:23:00";358;0;358;0;0;0;;;;;"Mesurées";"1";"Involontaire (travaux)";"Non";;;;""
2023;13094;"74";"74133";"Gaillard";"2023-05-29 16:45:00";10;10;;0;0;0;;;;;"Mesurées";;"Accidentelle";"Non";;;;""
2023;17552;"86";"86293";"Vivonne";"2023-05-29 17:27:00";200;200;;0;0;0;;;;;"Estimées";;"Accidentelle";"Non";;;;""
2023;3194;"34";"34095";"Fabrègues";"2023-05-29 18:29:00";27;27;0;0;0;0;;;;;"Mesurées";"4";"Naturelle";"Non";;;;""
2023;19876;"33";"33239";"Lerm-et-Musset";"2023-05-29 19:08:33";1200;1200;;0;0;0;;;;;"Estimées";;"Naturelle";"Non";0;0;0;""
2023;21605;"83";"83129";"Six-Fours-les-Plages";"2023-05-29 19:13:00";1;1;0;0;0;0;;;;;"Estimées";;;"Non";0;0;0;"Données partielles ou non valides"
2023;21607;"83";"83091";"Pierrefeu-du-Var";"2023-05-30 13:37:00";180;0;180;0;0;0;;;;;"Estimées";;;"Non";0;0;0;"Données partielles ou non valides"
2023;2675;"58";"58168";"Millay";"2023-05-30 15:40:00";1000;1000;;0;0;0;;;;;"Estimées";;;"Non";;;;""
2023;13095;"74";"74151";"Lornay";"2023-05-30 17:15:00";20;20;;0;0;0;;;;;"Estimées";;;"Non";;;;""
2023;3190;"34";"34028";"Bédarieux";"2023-05-30 17:35:00";100;100;0;0;0;0;;;;;"Estimées";;"Malveillance";"Non";;;;""
2023;10756;"77";"77186";"Fontainebleau";"2023-05-31 07:13:00";20;20;;0;0;0;;;;;"Estimées";;;"Non";;;;"Données partielles ou non valides"
2023;2869;"56";"56067";"Grand-Champ";"2023-05-31 09:52:00";20;20;;0;0;0;;;;;"Estimées";;;"Non";;;;""
2023;19877;"33";"33255";"Lucmau";"2023-05-31 10:33:36";100;100;;0;0;0;;;;;"Estimées";;"Naturelle";"Non";0;0;0;""
2023;11517;"2A";"2A108";"Évisa";"2023-05-31 14:38:00";1;0;1;0;0;0;;;;;"Estimées";;"Involontaire (particulier)";"Non";;;;""
2023;4136;"26";"26043";"Beauvoisin";"2023-05-31 15:02:00";20;20;0;0;0;0;;;;;"Estimées";"2";"Naturelle";"Non";;;;""
2023;16245;"14";"14761";"Vimont";"2023-05-31 16:38:00";80;80;;0;0;0;;;;;"Estimées";;;"Non";;;;""
2023;10758;"77";"77186";"Fontainebleau";"2023-05-31 17:21:00";2000;2000;;0;0;0;;;;;"Estimées";;;"Non";;;;"Données partielles ou non valides"
2023;4822;"13";"13047";"Istres";"2023-05-31 18:31:00";200;200;0;0;0;0;;;;;"Estimées";"1";"Malveillance";"Non";;;;""
2023;10696;"77";"77014";"Avon";"2023-05-31 18:53:00";8;8;;0;0;0;;;;;"Estimées";;;"Non";;;;""
2023;19878;"33";"33097";"Carcans";"2023-05-31 19:04:52";10;10;;0;0;0;;;;;"Estimées";;;"Non";0;0;0;""
2023;10588;"77";"77186";"Fontainebleau";"2023-05-31 19:36:00";40;40;;0;0;0;;;;;"Estimées";;;"Non";;;;""
2023;5653;"11";"11369";"Sallèles-d'Aude";"2023-05-31 21:14:00";50;50;0;0;0;0;;;;;"Mesurées";;;"Non";;;;""
2023;10747;"77";"77485";"Le Vaudoué";"2023-06-01 08:08:00";10000;10000;;0;0;0;;;;;"Estimées";;;"Non";;;;"Données partielles ou non valides"
2023;2871;"56";"56176";"Pluneret";"2023-06-01 14:19:00";100;100;;0;0;0;;;;;"Estimées";;"Involontaire (particulier)";"Non";;;;""
2023;4004;"49";"49163";"Jarzé Villages";"2023-06-01 14:53:00";5000;5000;;0;0;0;;;;;"Estimées";;;"Non";;;;""
2023;10740;"77";"77186";"Fontainebleau";"2023-06-01 15:06:00";6;6;;0;0;0;;;;;"Estimées";;"Involontaire (particulier)";"Non";;;;"Données partielles ou non valides"
2023;3987;"45";"45051";"Bray-Saint-Aignan";"2023-06-01 18:54:00";150;150;;0;0;0;;;;;"Estimées";;;"Non";;;;""
2023;3986;"45";"45049";"Bouzy-la-Forêt";"2023-06-01 19:11:00";2000;2000;;0;0;0;;;;;"Estimées";;;"Non";;;;""
2023;3988;"45";"45084";"Châtenoy";"2023-06-02 10:31:00";2000;2000;;0;0;0;;;;;"Estimées";;;"Non";;;;""
2023;2771;"21";"21054";"Beaune";"2023-06-02 12:57:00";3000;3000;;0;0;0;;;;;"Estimées";;;"Non";;;;""
2023;13524;"72";"72054";"Champagné";"2023-06-02 13:12:00";4000;4000;;0;0;0;;;;;"Estimées";;;"Non";;;;""
2023;21608;"83";"83072";"Lorgues";"2023-06-02 16:19:00";1;1;0;0;0;0;;;;;"Estimées";;"Naturelle";"Non";0;0;0;"Données partielles ou non valides"
2023;14836;"27";"27144";"Champigny-la-Futelaye";"2023-06-02 17:10:00";1800;1500;;300;0;0;;;;;"Estimées";;;"Non";;;;"Données partielles ou non valides"
2023;2773;"21";"21261";"Fauverney";"2023-06-02 17:36:00";100;100;;0;0;0;;;;;"Estimées";;;"Non";;;;""
2023;4377;"91";"91249";"Forges-les-Bains";"2023-06-02 19:49:00";200;200;;0;0;0;;;;;"Estimées";;;"Non";;;;""
2023;2957;"06";"06088";"Nice";"2023-06-02 20:50:00";20;0;20;0;0;0;;;;;"Estimées";;;"Non";;;;""
2023;17256;"40";"40046";"Biscarrosse";"2023-06-02 21:01:00";2;2;;0;0;0;;;;;"Estimées";;"Naturelle";"Non";0;0;0;""
2023;14320;"66";"66008";"Argelès-sur-Mer";"2023-06-03 11:18:00";6000;6000;0;0;0;0;;;;;"Estimées";;"Malveillance";"Non";;;;""
2023;3180;"34";"34063";"Caux";"2023-06-03 15:11:00";260400;0;260400;0;0;0;;;;;"Mesurées";"1";"Malveillance";"Non";;;;""
2023;3178;"34";"34063";"Caux";"2023-06-03 16:01:00";784;0;784;0;0;0;;;;;"Mesurées";"1";"Malveillance";"Non";;;;""
2023;19882;"33";"33042";"Belin-Béliet";"2023-06-03 22:15:55";8000;8000;;0;0;0;;;;;"Estimées";;"Naturelle";"Non";0;0;0;""
2023;2877;"56";"56155";"Pénestin";"2023-06-04 09:54:00";20;20;;0;0;0;;;;;"Estimées";;;"Non";;;;""
2023;19883;"33";"33528";"Le Temple";"2023-06-04 10:15:18";3000;3000;;0;0;0;;;;;"Estimées";;"Naturelle";"Non";0;0;0;""
2023;5655;"11";"11148";"Fontcouverte";"2023-06-04 14:07:00";500;0;500;0;0;0;;;;;"Mesurées";;;"Non";;;;""
2023;9229;"73";"73227";"Courchevel";"2023-06-04 16:30:00";10;10;;0;0;0;;;;;"Mesurées";;;"Non";;;;""
2023;21609;"83";"83099";"Puget-sur-Argens";"2023-06-04 17:57:00";70;0;70;0;0;0;;;;;"Estimées";;"Malveillance";"Non";0;0;0;"Données partielles ou non valides"
2023;21610;"83";"83141";"Trans-en-Provence";"2023-06-04 18:15:00";10;0;10;0;0;0;;;;;"Estimées";;"Naturelle";"Non";0;0;0;"Données partielles ou non valides"
2023;9345;"41";"41016";"Billy";"2023-06-04 21:46:00";100;100;;0;0;0;;;;;"Estimées";;;"Non";;;;""
2023;19884;"33";"33214";"Lacanau";"2023-06-05 12:56:14";1000;1000;;0;0;0;;;;;"Estimées";;"Naturelle";"Non";0;0;0;""
2023;3754;"11";"11069";"Carcassonne";"2023-06-05 15:40:00";1000;0;1000;0;0;0;;;;;"Mesurées";;;"Non";;;;""
2023;3755;"11";"11006";"Albas";"2023-06-05 15:42:00";53;0;53;0;0;0;;;;;"Mesurées";;"Naturelle";"Non";;;;""
2023;14323;"66";"66143";"Planèzes";"2023-06-05 18:41:00";20;20;0;0;0;0;;;;;"Estimées";;"Naturelle";"Non";;;;""
2023;2876;"56";"56061";"La Gacilly";"2023-06-05 19:53:00";200;200;;0;0;0;;;;;"Estimées";;;"Non";;;;""
2023;17257;"40";"40200";"Moustey";"2023-06-05 21:53:00";45800;45800;;0;0;0;;;;;"Mesurées";;"Naturelle";"Non";0;0;0;""
2023;3339;"34";"34181";"Neffiès";"2023-06-06 12:58:00";2759;2759;0;0;0;0;;;;;"Mesurées";"5";"Accidentelle";"Non";;;;""
2023;19887;"33";"33042";"Belin-Béliet";"2023-06-06 13:51:00";150;150;;0;0;0;;;;;"Estimées";;"Naturelle";"Non";0;0;0;""
2023;19888;"33";"33188";"Giscos";"2023-06-06 14:27:12";15000;15000;;0;0;0;;;;;"Estimées";;"Naturelle";"Non";0;0;0;""
2023;8921;"88";"88411";"Saint-Baslemont";"2023-06-06 17:10:00";9600;9600;;0;0;0;;;;;"Mesurées";;;;;;;""
2023;11519;"2A";"2A041";"Bonifacio";"2023-06-06 19:18:00";100;0;100;0;0;0;;;;;"Estimées";;"Involontaire (particulier)";"Non";;;;""
2023;4388;"91";"91200";"Dourdan";"2023-06-06 22:47:00";20000;20000;;0;0;0;;;;;"Estimées";;;"Non";;;;""
2023;2938;"21";"21037";"Auxey-Duresses";"2023-06-07 12:09:00";500;500;;0;0;0;;;;;"Estimées";;;"Non";;;;""
2023;3018;"56";"56201";"Le Saint";"2023-06-07 14:04:00";100;100;;0;0;0;;;;;"Estimées";;"Accidentelle";"Non";;;;""
2023;3009;"56";"56201";"Le Saint";"2023-06-07 14:55:00";3000;3000;;0;0;0;;;;;"Estimées";;"Accidentelle";"Non";;;;""
2023;14325;"66";"66008";"Argelès-sur-Mer";"2023-06-07 15:02:00";100000;100000;0;0;0;0;;;;;"Estimées";;"Malveillance";"Non";;;;""
2023;3019;"56";"56022";"Brandivy";"2023-06-07 15:57:00";100;100;;0;0;0;;;;;"Estimées";;;"Non";;;;""
2023;7697;"29";"29249";"Saint-Goazec";"2023-06-07 16:13:00";80000;50000;;30000;0;0;;;;;"Estimées";;;"Non";;;;""
2023;5657;"11";"11258";"Moussan";"2023-06-07 18:56:00";138;138;0;0;0;0;;;;;"Mesurées";;;"Non";;;;""
2023;10736;"77";"77152";"Dammarie-les-Lys";"2023-06-07 19:02:00";200;200;;0;0;0;;;;;"Estimées";;;"Non";;;;""
2023;20348;"45";"45230";"Noyers";"2023-06-07 19:35:00";500;500;;0;0;0;;;;;"Estimées";;;"Non";;;;""
2023;19891;"33";"33322";"Le Pian-Médoc";"2023-06-07 23:51:48";5000;5000;;0;0;0;;;;;"Estimées";;"Accidentelle";"Non";0;0;0;""
2023;4758;"85";"85093";"Fougeré";"2023-06-08 03:54:00";10000;10000;;0;0;0;;;;;"Mesurées";;;"Non";;;;""
2023;21612;"83";"83069";"Hyères";"2023-06-08 10:50:00";20;0;20;0;0;0;;;;;"Estimées";;;"Non";0;0;0;"Données partielles ou non valides"
2023;19130;"57";"57089";"Bitche";"2023-06-08 14:36:00";20000;20000;;0;0;0;;;;;"Estimées";;;"Non";;;;""
2023;3332;"34";"34214";"Pouzolles";"2023-06-08 15:09:00";67239;67239;0;0;0;0;;;;;"Mesurées";"1";"Malveillance";"Non";;;;""
2023;4019;"49";"49041";"Brain-sur-Allonnes";"2023-06-08 16:25:00";100;100;;0;0;0;;;;;"Estimées";;"Accidentelle";"Non";;;;""
2023;13540;"72";"72341";"Soulitré";"2023-06-08 20:24:00";1500;1500;;0;0;0;;;;;"Estimées";;;"Non";;;;""
2023;16246;"14";"14478";"Orbec";"2023-06-08 22:43:00";10;10;;0;0;0;;;;;"Estimées";;;"Non";;;;""
2023;13541;"72";"72181";"Le Mans";"2023-06-09 01:17:00";10;10;;0;0;0;;;;;"Estimées";;;"Non";;;;""
2023;5010;"13";"13001";"Aix-en-Provence";"2023-06-09 14:37:00";250;250;0;0;0;0;;;;;"Estimées";"1";"Involontaire (particulier)";"Non";;;;""
2023;8925;"88";"88372";"Raon-l'Étape";"2023-06-09 14:58:00";2;2;;0;0;0;;;;;"Estimées";;;;;;;""
2023;8926;"88";"88513";"Vincey";"2023-06-09 16:16:00";10000;10000;;0;0;0;;;;;"Estimées";;;;;;;""
2023;2958;"06";"06023";"Breil-sur-Roya";"2023-06-10 11:18:00";250;0;250;0;0;0;;;;;"Estimées";;"Involontaire (particulier)";"Non";;;;""
2023;21614;"83";"83086";"Le Muy";"2023-06-10 13:07:00";2500;2500;0;0;0;0;;;;;"Estimées";;"Involontaire (particulier)";"Non";0;0;0;"Données partielles ou non valides"
2023;8927;"88";"88258";"Lamarche";"2023-06-10 13:09:00";50;50;;0;0;0;;;;;"Estimées";;;;;;;""
2023;2959;"06";"06010";"Le Bar-sur-Loup";"2023-06-10 13:31:00";2;2;0;0;0;0;;;;;"Estimées";;"Naturelle";"Non";;;;""
2023;21615;"83";"83001";"Les Adrets-de-l'Estérel";"2023-06-10 14:05:00";20;20;0;0;0;0;;;;;"Estimées";;"Naturelle";"Non";0;0;0;"Données partielles ou non valides"
2023;2960;"06";"06138";"Théoule-sur-Mer";"2023-06-10 14:09:00";100;100;0;0;0;0;;;;;"Estimées";"4";"Naturelle";"Non";;;;""
2023;21616;"83";"83069";"Hyères";"2023-06-10 15:35:00";100;0;100;0;0;0;;;;;"Estimées";;;"Non";0;0;0;"Données partielles ou non valides"
2023;9301;"88";"88317";"Moussey";"2023-06-10 15:51:00";5;5;;0;0;0;;;;;"Estimées";;;;;;;""
2023;21617;"83";"83019";"Bormes-les-Mimosas";"2023-06-10 19:17:00";20;20;0;0;0;0;;;;;"Estimées";;"Naturelle";"Non";0;0;0;"Données partielles ou non valides"
2023;21618;"83";"83137";"Toulon";"2023-06-11 05:11:00";200;200;0;0;0;0;;;;;"Estimées";;;"Non";0;0;0;"Données partielles ou non valides"
2023;19894;"33";"33256";"Ludon-Médoc";"2023-06-11 13:48:59";100;100;;0;0;0;;;;;"Estimées";;;"Non";0;0;0;""
2023;4399;"91";"91198";"D'Huison-Longueville";"2023-06-11 15:38:00";10000;10000;;0;0;0;;;;;"Estimées";;;"Non";;;;""
2023;4824;"13";"13022";"Cassis";"2023-06-11 15:39:00";20;20;0;0;0;0;;;;;"Estimées";"1";"Involontaire (particulier)";"Non";;;;""
2023;8931;"88";"88411";"Saint-Baslemont";"2023-06-11 15:43:00";2500;2500;;0;0;0;;;;;"Estimées";;;;;;;""
2023;10725;"77";"77264";"Lumigny-Nesles-Ormeaux";"2023-06-11 19:50:00";600;500;;0;0;50;;;;;"Estimées";;;"Non";;;;""
2023;13096;"74";"74010";"Annecy";"2023-06-11 21:05:00";2;2;;0;0;0;;;;;"Mesurées";;"Malveillance";"Non";;;;""
2023;20209;"19";"19203";"Sainte-Fortunade";"2023-06-12 16:39:52";1;1;;0;0;0;;;;;"Estimées";;;"Non";0;0;0;""
2023;14841;"27";"27425";"Nassandres sur Risle";"2023-06-12 18:56:00";20;20;;0;0;0;;;;;"Estimées";;"Malveillance";"Non";;;;"Données partielles ou non valides"
2023;8933;"88";"88064";"Bois-de-Champ";"2023-06-13 14:41:00";184200;184200;;0;0;0;;;;;"Mesurées";;"Malveillance";"Oui";0;1;0;""
2023;9323;"41";"41071";"Crouy-sur-Cosson";"2023-06-13 15:10:00";7000;2000;;5000;0;0;;;;;"Estimées";;;"Non";;;;""
2023;3013;"56";"56260";"Vannes";"2023-06-13 17:31:00";600;600;;0;0;0;;;;;"Estimées";;;"Non";;;;""
2023;9304;"88";"88462";"Le Syndicat";"2023-06-13 17:46:00";15;15;;0;0;0;;;;;"Estimées";;;;;;;""
2023;3015;"56";"56060";"Les Fougerêts";"2023-06-13 23:16:00";50;50;;0;0;0;;;;;"Estimées";;;"Non";;;;""
2023;13548;"72";"72345";"Surfonds";"2023-06-14 09:40:00";2000;2000;;0;0;0;;;;;"Estimées";;;"Non";;;;""
2023;17040;"16";"16082";"Boisné-La Tude";"2023-06-14 12:40:51";5;5;;0;0;0;;;;;"Estimées";;"Accidentelle";"Non";0;0;0;""
2023;3020;"56";"56004";"Arzal";"2023-06-14 15:21:00";80;80;;0;0;0;;;;;"Estimées";;;"Non";;;;""
2023;4766;"85";"85234";"Saint-Jean-de-Monts";"2023-06-14 18:06:00";100;100;;0;0;0;;;;;"Mesurées";;;"Non";;;;""
2023;14848;"27";"27229";"Évreux";"2023-06-14 20:10:00";15000;15000;;0;0;0;;;;;"Estimées";;"Accidentelle";"Non";;;;"Données partielles ou non valides"
2023;2992;"76";"76474";"Notre-Dame-de-Bondeville";"2023-06-14 20:35:00";2;2;;0;0;0;;;;;"Estimées";;"Involontaire (particulier)";"Non";;;;""
2023;14849;"27";"27678";"Les Ventes";"2023-06-15 08:17:00";1;1;;0;0;0;;;;;"Estimées";;"Accidentelle";"Non";;;;"Données partielles ou non valides"
2023;19899;"33";"33214";"Lacanau";"2023-06-15 11:54:41";300;300;;0;0;0;;;;;"Estimées";;"Accidentelle";"Non";0;0;0;""
2023;13550;"72";"72046";"Le Breil-sur-Mérize";"2023-06-15 12:30:00";800;800;;0;0;0;;;;;"Estimées";;;"Non";;;;""
2023;8938;"88";"88078";"Bruyères";"2023-06-15 13:49:00";50;50;;0;0;0;;;;;"Estimées";;;;;;;""
2023;17259;"40";"40181";"Messanges";"2023-06-15 20:23:00";10;10;;0;0;0;;;;;"Estimées";;"Naturelle";"Non";0;0;0;""
2023;3756;"11";"11202";"Leucate";"2023-06-15 20:35:00";40;40;0;0;0;0;;;;;"Mesurées";;;"Non";;;;""
2023;3353;"34";"34084";"Corneilhan";"2023-06-16 14:06:00";8607;0;8607;0;0;0;;;;;"Mesurées";"1";"Involontaire (particulier)";"Non";;;;""
2023;9333;"88";"88372";"Raon-l'Étape";"2023-06-16 14:10:00";500;500;;0;0;0;;;;;"Estimées";;;;;;;""
2023;5305;"26";"26249";"Pont-de-Barret";"2023-06-16 14:51:00";6000;1000;0;0;5000;0;;;;;"Estimées";"2";"Involontaire (travaux)";"Non";;;;""
2023;4828;"13";"13050";"Lambesc";"2023-06-16 19:07:00";10;10;0;0;0;0;;;;;"Estimées";"1";"Involontaire (particulier)";"Non";;;;""
2023;5660;"11";"11369";"Sallèles-d'Aude";"2023-06-16 19:28:00";10;10;0;0;0;0;;;;;"Mesurées";;;"Non";;;;""
2023;3346;"34";"34038";"Le Bousquet-d'Orb";"2023-06-17 01:40:00";423;0;423;0;0;0;;;;;"Mesurées";"1";"Malveillance";"Non";;;;""
2023;22080;"24";"24409";"Saint-Front-de-Pradoux";"2023-06-17 12:25:00";3500;3500;;0;0;0;;;;;"Estimées";;"Naturelle";"Non";0;0;0;""
2023;3061;"43";"43012";"Aurec-sur-Loire";"2023-06-17 13:33:00";3000;3000;;0;0;0;;;;;"Estimées";;;"Non";;;;""
2023;5296;"26";"26333";"Saint-Vallier";"2023-06-17 14:44:00";50;50;0;0;0;0;;;;;"Estimées";"2";"Involontaire (particulier)";"Non";;;;""
2023;17572;"86";"86136";"Lizant";"2023-06-17 15:01:00";76400;1400;;0;75000;0;;;;;"Estimées";;;"Non";;;;""
2023;5297;"26";"26196";"Montéléger";"2023-06-17 16:20:00";700;700;0;0;0;0;;;;;"Estimées";"2";"Involontaire (travaux)";"Non";;;;""
2023;19903;"33";"33424";"Saint-Laurent-Médoc";"2023-06-17 17:05:00";2000;2000;;0;0;0;;;;;"Estimées";;"Naturelle";"Non";0;0;0;""
2023;13563;"72";"72300";"Saint-Mars-la-Brière";"2023-06-17 17:50:00";2000;2000;;0;0;0;;;;;"Estimées";;;"Non";;;;""
2023;19906;"33";"33214";"Lacanau";"2023-06-17 18:11:00";500;500;;0;0;0;;;;;"Estimées";;"Naturelle";"Non";0;0;0;""
2023;17260;"40";"40006";"Arengosse";"2023-06-17 18:13:00";4500;4500;;0;0;0;;;;;"Estimées";;;"Non";0;0;0;""
2023;18738;"47";"47026";"Beauziac";"2023-06-17 18:16:43";2;2;;0;0;0;;;;;"Estimées";;"Naturelle";"Non";0;0;0;""
2023;9317;"88";"88446";"Saulxures-lès-Bulgnéville";"2023-06-17 18:49:00";60;60;;0;0;0;;;;;"Estimées";;;;;;;""
2023;19913;"33";"33203";"Hourtin";"2023-06-17 20:00:00";10;10;;0;0;0;;;;;"Estimées";;"Naturelle";"Non";0;0;0;""
2023;19910;"33";"33203";"Hourtin";"2023-06-17 20:09:35";50;50;;0;0;0;;;;;"Estimées";;"Naturelle";"Non";0;0;0;""
2023;8971;"88";"88078";"Bruyères";"2023-06-18 01:21:00";2000;2000;;0;0;0;;;;;"Estimées";;"Malveillance";"Non";;;;""
2023;13098;"74";"74010";"Annecy";"2023-06-18 09:22:00";10;10;;0;0;0;;;;;"Mesurées";;;"Non";;;;""
2023;19907;"33";"33012";"Arsac";"2023-06-18 10:30:34";20;20;;0;0;0;;;;;"Estimées";;"Naturelle";"Non";0;0;0;""
2023;21621;"83";"83069";"Hyères";"2023-06-18 11:33:00";300;300;0;0;0;0;;;;;"Estimées";;"Malveillance";"Non";0;0;0;"Données partielles ou non valides"
2023;3313;"2B";"2B185";"Oletta";"2023-06-18 13:39:00";50;0;50;0;0;0;;;;;"Estimées";;;"Non";;;;""
2023;15835;"17";"17269";"Orignolles";"2023-06-18 16:50:00";585;585;;0;0;0;;;;;"Mesurées";;;"Non";0;0;0;""
2023;17350;"40";"40091";"Duhort-Bachen";"2023-06-18 19:44:00";100;100;;0;0;0;;;;;"Estimées";;;"Non";0;0;0;""
2023;3315;"2B";"2B095";"Corscia";"2023-06-18 20:22:00";1000;0;1000;0;0;0;;;;;"Estimées";"1";;"Non";;;;""
2023;17262;"40";"40288";"Sarbazan";"2023-06-18 20:36:00";5;5;;0;0;0;;;;;"Estimées";;"Naturelle";"Non";0;0;0;""
2023;20410;"45";"45072";"Chanteau";"2023-06-19 13:35:00";400;400;;0;0;0;;;;;"Estimées";;;"Non";;;;""
2023;19908;"33";"33012";"Arsac";"2023-06-19 14:24:01";5000;500;;4500;0;0;;;;;"Estimées";;"Naturelle";"Non";0;0;0;""
2023;3757;"11";"11360";"Saint-Nazaire-d'Aude";"2023-06-19 14:46:00";19900;1900;3000;0;15000;0;;;;;"Mesurées";;;"Non";;;;""
2023;19909;"33";"33494";"Salaunes";"2023-06-19 15:49:40";20;20;;0;0;0;;;;;"Estimées";;"Naturelle";"Non";0;0;0;""
2023;17263;"40";"40142";"Laluque";"2023-06-20 11:45:00";3;3;;0;0;0;;;;;"Mesurées";;"Accidentelle";"Non";0;0;0;""
2023;3199;"06";"06037";"Caussols";"2023-06-20 13:06:00";300;0;300;0;0;0;;;;;"Estimées";;"Naturelle";"Non";;;;""
2023;21624;"83";"83098";"Le Pradet";"2023-06-20 20:04:00";10;0;10;0;0;0;;;;;"Estimées";;;"Non";0;0;0;"Données partielles ou non valides"
2023;3570;"08";"08302";"Monthermé";"2023-06-20 20:33:00";1;1;;0;0;0;;;;;"Estimées";;"Naturelle";"Non";;;;""
2023;3318;"2B";"2B182";"Occhiatana";"2023-06-20 21:29:00";30;0;30;0;0;0;;;;;"Estimées";;"Malveillance";"Non";;;;""
2023;19234;"57";"57021";"Ancy-Dornot";"2023-06-20 23:26:00";120;120;;0;0;0;;;;;"Estimées";;;"Non";;;;""
2023;3169;"76";"76391";"La Londe";"2023-06-21 05:10:00";20;20;;0;0;0;;;;;"Estimées";;"Accidentelle";"Non";;;;""
2023;3952;"34";"34144";"Lunas";"2023-06-21 10:47:00";7320;7320;0;0;0;0;;;;;"Mesurées";"4";"Malveillance";"Non";;;;""
2023;3319;"2B";"2B199";"Palasca";"2023-06-21 12:00:00";700;0;700;0;0;0;;;;;"Estimées";"1";"Involontaire (travaux)";"Non";;;;""
2023;3320;"2B";"2B316";"Santa-Reparata-di-Balagna";"2023-06-21 12:06:00";80;0;80;0;0;0;;;;;"Estimées";;;"Non";;;;""
2023;8975;"88";"88470";"Le Tholy";"2023-06-21 12:19:00";10;10;;0;0;0;;;;;"Estimées";;;"Non";;;;""
2023;3307;"56";"56009";"Bangor";"2023-06-21 13:22:00";15000;15000;;0;0;0;;;;;"Estimées";;"Involontaire (travaux)";"Non";;;;""
2023;3171;"76";"76402";"Malaunay";"2023-06-21 15:19:00";2;2;;0;0;0;;;;;"Estimées";;"Involontaire (particulier)";"Non";;;;""
2023;3949;"34";"34213";"Poussan";"2023-06-21 15:51:00";93959;0;93959;0;0;0;;;;;"Mesurées";"1";"Malveillance";"Non";;;;""
2023;20434;"30";"30341";"Vauvert";"2023-06-22 15:48:00";10;10;0;0;0;0;;;;;"Estimées";;"Naturelle";"Non";;;;""
2023;3759;"11";"11099";"Conques-sur-Orbiel";"2023-06-23 12:53:00";13720;0;720;0;13000;0;;;;;"Mesurées";;;"Non";;;;""
2023;4837;"13";"13069";"Pélissanne";"2023-06-23 14:37:00";8000;8000;0;0;0;0;;;;;"Mesurées";"1";"Involontaire (travaux)";"Non";;;;""
2023;4836;"13";"13104";"Sausset-les-Pins";"2023-06-23 15:35:00";5;5;0;0;0;0;;;;;"Estimées";"1";;"Non";;;;""
2023;3598;"06";"06046";"Colomars";"2023-06-23 16:35:00";200;0;200;0;0;0;;;;;"Estimées";;;"Non";;;;""
2023;3937;"34";"34300";"Servian";"2023-06-23 16:39:00";151503;0;151503;0;0;0;;;;;"Mesurées";"1";"Involontaire (travaux)";"Non";;;;""
2023;4835;"13";"13091";"Saint-Cannat";"2023-06-23 17:30:00";30;30;0;0;0;0;;;;;"Estimées";"1";;"Non";;;;""
2023;21625;"83";"83068";"Grimaud";"2023-06-23 17:47:00";6500;0;6500;0;0;0;;;;;"Estimées";;"Accidentelle";"Non";0;0;0;"Données partielles ou non valides"
2023;21626;"83";"83034";"Carqueiranne";"2023-06-23 19:55:00";50;50;0;0;0;0;;;;;"Estimées";;"Malveillance";"Non";0;0;0;"Données partielles ou non valides"
2023;21627;"83";"83016";"Le Beausset";"2023-06-23 20:37:00";1;1;0;0;0;0;;;;;"Estimées";;;"Non";0;0;0;"Données partielles ou non valides"
2023;16088;"84";"84085";"Murs";"2023-06-23 21:10:00";4;4;0;0;0;0;;;;;"Estimées";;"Malveillance";"Non";;;;""
2023;21628;"83";"83062";"La Garde";"2023-06-23 21:38:00";5;5;0;0;0;0;;;;;"Estimées";;;"Non";0;0;0;"Données partielles ou non valides"
2023;9380;"11";"11145";"Fleury";"2023-06-24 09:13:00";100;0;100;0;0;0;;;;;"Mesurées";;;"Non";;;;""
2023;13099;"74";"74238";"Saint-Jean-d'Aulps";"2023-06-24 15:10:00";200;200;;0;0;0;;;;;"Estimées";;;"Non";;;;""
2023;21629;"83";"83035";"Le Castellet";"2023-06-24 17:19:00";2;0;2;0;0;0;;;;;"Estimées";;"Involontaire (particulier)";"Non";0;0;0;"Données partielles ou non valides"
2023;13577;"72";"72260";"Ruaudin";"2023-06-24 23:23:00";10;10;;0;0;0;;;;;"Estimées";;;"Non";;;;""
2023;3385;"56";"56152";"Le Palais";"2023-06-25 03:35:00";500;500;;0;0;0;;;;;"Estimées";;;"Non";;;;""
2023;12160;"68";"68292";"Saint-Amarin";"2023-06-25 10:37:50";1000;1000;;0;0;;;;;;"Estimées";;;"Non";;;;"Données partielles ou non valides"
2023;3418;"41";"41010";"Azé";"2023-06-25 13:56:00";107000;7000;;0;100000;0;;;;;"Estimées";;;"Non";;;;""
2023;4840;"13";"13103";"Salon-de-Provence";"2023-06-25 16:34:00";300;300;0;0;0;0;;;;;"Estimées";"1";"Malveillance";"Non";;;;""
2023;3925;"34";"34058";"Castries";"2023-06-25 16:47:00";1013;0;1013;0;0;0;;;;;"Mesurées";;;"Non";;;;""
2023;3599;"06";"06123";"Saint-Laurent-du-Var";"2023-06-25 18:34:00";100;0;100;0;0;0;;;;;"Estimées";;;"Non";;;;""
2023;13581;"72";"72260";"Ruaudin";"2023-06-25 23:33:00";100;100;;0;0;0;;;;;"Estimées";;;"Non";;;;""
2023;4844;"13";"13108";"Tarascon";"2023-06-26 04:44:00";300;300;0;0;0;0;;;;;"Estimées";"1";"Involontaire (particulier)";"Non";;;;""
2023;3324;"76";"76575";"Saint-Étienne-du-Rouvray";"2023-06-26 05:12:00";300;300;;0;0;0;;;;;"Estimées";;;"Non";;;;""
2023;4841;"13";"13071";"Les Pennes-Mirabeau";"2023-06-26 11:15:00";20;20;0;0;0;0;;;;;"Estimées";"1";"Involontaire (travaux)";"Non";;;;""
2023;5041;"28";"28134";"Dreux";"2023-06-26 13:26:00";125000;25000;;0;100000;0;;;;;"Estimées";;;"Non";;;;""
2023;5134;"34";"34144";"Lunas";"2023-06-26 14:22:00";13604;13604;0;0;0;0;;;;;"Mesurées";"3";"Malveillance";"Non";;;;""
2023;21630;"83";"83034";"Carqueiranne";"2023-06-26 14:55:00";25000;25000;0;0;0;0;;;;;"Estimées";;"Malveillance";"Non";0;0;0;"Données partielles ou non valides"
2023;22084;"24";"24547";"Terrasson-Lavilledieu";"2023-06-26 15:14:40";1500;1500;;0;0;0;;;;;"Estimées";;"Involontaire (travaux)";"Non";0;0;0;""
2023;19277;"57";"57606";"Saint-Avold";"2023-06-26 15:43:00";20;20;;0;0;0;;;;;"Estimées";;;"Non";;;;""
2023;19278;"57";"57661";"Sturzelbronn";"2023-06-26 15:44:00";40000;40000;;0;0;0;;;;;"Estimées";;"Involontaire (travaux)";"Non";;;;""
2023;3899;"07";"07104";"Issamoulenc";"2023-06-26 16:39:00";4000;0;4000;0;0;0;;;;;"Estimées";"1";;"Non";;;;""
2023;6683;"90";"90005";"Auxelles-Bas";"2023-06-26 16:44:00";100;100;;0;0;0;;;;;"Estimées";;"Malveillance";"Non";;;;""
2023;21632;"83";"83055";"Fayence";"2023-06-26 20:34:00";50;50;0;0;0;0;;;;;"Estimées";;;"Non";0;0;0;"Données partielles ou non valides"
2023;5130;"34";"34144";"Lunas";"2023-06-26 23:58:00";550;0;550;0;0;0;;;;;"Mesurées";"1";"Malveillance";"Non";;;;""
2023;5129;"34";"34038";"Le Bousquet-d'Orb";"2023-06-27 00:40:00";121;0;121;0;0;0;;;;;"Mesurées";"1";"Malveillance";"Non";;;;""
2023;13487;"34";"34038";"Le Bousquet-d'Orb";"2023-06-27 00:40:00";1100;0;1100;0;0;0;;;;;"Mesurées";"1";"Malveillance";"Non";;;;""
2023;15836;"17";"17269";"Orignolles";"2023-06-27 07:16:00";2160;2160;;0;0;0;;;;;"Mesurées";;"Accidentelle";"Non";0;0;0;""
2023;3760;"11";"11296";"Pouzols-Minervois";"2023-06-27 11:27:00";170200;5000;165200;0;0;0;;;;;"Mesurées";;"Involontaire (particulier)";"Non";;;;""
2023;14866;"27";"27360";"Jumelles";"2023-06-27 12:26:00";10500;500;;0;10000;0;;;;;"Estimées";;;"Non";;;;"Données partielles ou non valides"
2023;4847;"13";"13014";"Berre-l'Étang";"2023-06-27 12:45:00";10000;10000;0;0;0;0;;;;;"Estimées";"1";"Involontaire (particulier)";"Non";;;;""
2023;9240;"41";"41097";"Gièvres";"2023-06-27 13:51:00";10000;10000;;0;0;0;;;;;"Estimées";;;"Non";;;;""
2023;21633;"83";"83098";"Le Pradet";"2023-06-27 14:08:00";300;0;300;0;0;0;;;;;"Estimées";;"Involontaire (travaux)";"Non";0;0;0;"Données partielles ou non valides"
2023;3596;"06";"06085";"Mougins";"2023-06-27 14:25:00";100;100;0;0;0;0;;;;;"Estimées";;"Malveillance";"Non";;;;""
2023;14388;"66";"66129";"Ortaffa";"2023-06-27 15:28:00";17300;17300;0;0;0;0;;;;;"Estimées";;"Malveillance";"Non";;;;""
2023;6166;"22";"22328";"Saint-Servais";"2023-06-27 15:45:00";20000;20000;;0;0;0;;;;;"Estimées";;"Involontaire (particulier)";"Non";;;;""
2023;21634;"83";"83061";"Fréjus";"2023-06-27 16:04:00";20;0;20;0;0;0;;;;;"Estimées";;"Accidentelle";"Non";0;0;0;"Données partielles ou non valides"
2023;3758;"11";"11203";"Lézignan-Corbières";"2023-06-27 16:24:00";89954;15954;74000;0;0;0;;;;;"Mesurées";;"Malveillance";"Non";;;;""
2023;3587;"56";"56046";"Crach";"2023-06-27 17:20:00";1500;1500;;0;0;0;;;;;"Estimées";;;"Non";;;;""
2023;13589;"72";"72124";"Écommoy";"2023-06-27 17:20:00";500;500;;0;0;0;;;;;"Estimées";;;"Non";;;;""
2023;4852;"13";"13039";"Fos-sur-Mer";"2023-06-27 18:44:00";10000;0;10000;0;0;0;;;;;"Estimées";"1";"Accidentelle";"Non";;;;""
2023;3840;"44";"44123";"Pierric";"2023-06-27 18:49:00";10000;10000;;0;0;0;;;;;"Estimées";;;"Non";;;;""
2023;21636;"83";"83034";"Carqueiranne";"2023-06-28 02:12:00";10000;10000;0;0;0;0;;;;;"Estimées";;;"Non";0;0;0;"Données partielles ou non valides"
2023;3588;"56";"56001";"Allaire";"2023-06-28 06:18:00";5000;5000;;0;0;0;;;;;"Estimées";;;"Non";;;;""
2023;14870;"27";"27114";"Breuilpont";"2023-06-28 12:53:00";5000;1000;;0;4000;0;;;;;"Estimées";;;"Non";;;;"Données partielles ou non valides"
2023;4855;"13";"13086";"Roquevaire";"2023-06-28 14:22:00";200;200;0;0;0;0;;;;;"Estimées";"1";"Involontaire (particulier)";"Non";;;;""
2023;17056;"16";"16064";"Brigueuil";"2023-06-28 15:13:28";1000;1000;;0;0;0;;;;;"Estimées";;;"Non";0;0;0;""
2023;3597;"06";"06085";"Mougins";"2023-06-28 16:03:00";200;200;0;0;0;0;;;;;"Estimées";;"Malveillance";"Non";;;;""
2023;11273;"11";"11322";"Roquefort-des-Corbières";"2023-06-28 16:42:00";1000;1000;0;0;0;0;;;;;"Mesurées";;;"Non";;;;""
2023;19917;"33";"33416";"Saint-Girons-d'Aiguevives";"2023-06-28 17:25:08";2000;1000;;1000;0;0;;;;;"Estimées";;"Accidentelle";"Non";0;0;0;""
2023;19918;"33";"33184";"Générac";"2023-06-28 19:48:03";5000;5000;;0;0;0;;;;;"Estimées";;;"Non";0;0;0;""
2023;17061;"16";"16105";"Condéon";"2023-06-28 23:00:10";14000;14000;;0;0;0;;;;;"Estimées";;"Malveillance";"Non";0;0;0;""
2023;4859;"13";"13033";"Ensuès-la-Redonne";"2023-06-29 00:21:00";300;300;0;0;0;0;;;;;"Estimées";"1";"Malveillance";"Non";;;;""
2023;21637;"83";"83134";"Taradeau";"2023-06-29 07:33:00";13;13;0;0;0;0;;;;;"Estimées";"4";"Accidentelle";"Non";;;;"Données partielles ou non valides"
2023;8620;"41";"41049";"Chémery";"2023-06-29 13:53:00";10000;10000;;0;0;0;;;;;"Estimées";;;"Non";;;;""
2023;9374;"71";"71153";"Le Creusot";"2023-06-29 17:12:00";800;800;;0;0;0;;;;;"Estimées";;;"Non";;;;""
2023;3652;"56";"56180";"Porcaro";"2023-06-29 17:14:00";5000;5000;;0;0;0;;;;;"Estimées";;"Malveillance";"Non";;;;""
2023;3653;"56";"56116";"Locmariaquer";"2023-06-29 17:56:00";100;100;;0;0;0;;;;;"Estimées";;;"Non";;;;""
2023;3654;"56";"56061";"La Gacilly";"2023-06-29 20:03:00";1000;1000;;0;0;0;;;;;"Estimées";;;"Non";;;;""
2023;4865;"13";"13063";"Miramas";"2023-06-29 23:40:00";800;800;0;0;0;0;;;;;"Estimées";"1";"Malveillance";"Non";;;;""
2023;14875;"27";"27643";"Tillières-sur-Avre";"2023-06-30 11:44:00";100;100;;0;0;0;;;;;"Estimées";;;"Non";;;;"Données partielles ou non valides"
2023;17066;"16";"16105";"Condéon";"2023-06-30 18:02:46";1;1;;0;0;0;;;;;"Estimées";;;"Non";0;0;0;""
2023;20445;"30";"30289";"Saint-Nazaire-des-Gardies";"2023-06-30 19:51:00";1000;1000;0;0;0;0;;;;;"Estimées";;;"Non";;;;""
2023;8609;"41";"41097";"Gièvres";"2023-06-30 22:59:00";80000;80000;;0;0;0;;;;;"Estimées";;;"Non";;;;""
2023;21639;"83";"83086";"Le Muy";"2023-06-30 23:02:00";50;0;50;0;0;0;;;;;"Estimées";;;"Non";0;0;0;"Données partielles ou non valides"
2023;17675;"45";"45053";"Briare";"2023-07-01 02:40:00";10000;10000;;0;0;0;;;;;"Estimées";;;"Non";;;;""
2023;5662;"11";"11040";"Bizanet";"2023-07-01 15:27:00";400;0;400;0;0;0;;;;;"Mesurées";;;"Non";;;;""
2023;14409;"66";"66225";"Villelongue-dels-Monts";"2023-07-01 18:26:00";17200;17200;0;0;0;0;;;;;"Estimées";;"Malveillance";"Non";;;;""
2023;4894;"13";"13085";"Roquefort-la-Bédoule";"2023-07-02 00:04:00";10;10;0;0;0;0;;;;;"Estimées";"1";"Involontaire (particulier)";"Non";;;;""
2023;4873;"13";"13063";"Miramas";"2023-07-02 07:20:00";5;5;0;0;0;0;;;;;"Estimées";"1";"Malveillance";"Non";;;;""
2023;4890;"13";"13028";"La Ciotat";"2023-07-02 16:07:00";150;150;0;0;0;0;;;;;"Estimées";"1";;"Non";;;;""
2023;5663;"11";"11023";"Badens";"2023-07-02 18:04:00";10;10;0;0;0;0;;;;;"Mesurées";;;"Non";;;;""
2023;21642;"83";"83033";"Carnoules";"2023-07-02 18:16:00";500;0;500;0;0;0;;;;;"Estimées";;"Involontaire (particulier)";"Non";0;0;0;"Données partielles ou non valides"
2023;5065;"2B";"2B045";"Bustanico";"2023-07-02 18:32:00";100;0;100;0;0;0;;;;;"Estimées";"1";"Malveillance";"Non";;;;""
2023;21643;"13";"13007";"Auriol";"2023-07-02 19:35:00";300;300;0;0;0;0;;;;;"Estimées";;"Accidentelle";"Non";;;;""
2023;4870;"13";"13063";"Miramas";"2023-07-02 21:47:00";50;50;0;0;0;0;;;;;"Estimées";"1";"Malveillance";"Non";;;;""
2023;5994;"35";"35004";"Val-Couesnon";"2023-07-02 22:07:00";300;300;;0;0;0;;;;;"Estimées";;;"Non";;;;""
2023;14882;"27";"27118";"Brosville";"2023-07-03 11:34:00";50400;400;;0;50000;0;;;;;"Estimées";;"Accidentelle";"Non";;;;"Données partielles ou non valides"
2023;12892;"60";"60241";"Fontaine-Chaalis";"2023-07-03 11:41:00";6000;6000;;0;0;0;;;;;"Mesurées";;;"Non";;;;""
2023;4898;"13";"13071";"Les Pennes-Mirabeau";"2023-07-03 11:58:00";10;10;0;0;0;0;;;;;"Estimées";"1";"Involontaire (particulier)";"Non";;;;""
2023;3893;"06";"06085";"Mougins";"2023-07-03 14:00:00";100;0;100;0;0;0;;;;;"Estimées";;"Malveillance";"Non";;;;""
2023;13486;"34";"34336";"Villeneuve-lès-Béziers";"2023-07-03 15:46:00";153997;0;153997;0;0;0;;;;;"Mesurées";"1";"Malveillance";"Non";;;;""
2023;3898;"06";"06088";"Nice";"2023-07-03 16:00:00";7200;0;7200;0;0;0;;;;;"Mesurées";"1";"Malveillance";"Non";;;;""
2023;8995;"88";"88250";"Jarménil";"2023-07-03 17:07:00";10;10;;0;0;0;;;;;"Estimées";;;;;;;""
2023;5179;"34";"34079";"Clermont-l'Hérault";"2023-07-03 17:20:00";867;0;457;0;410;0;;;;;"Mesurées";"1";"Accidentelle";"Non";;;;""
2023;14886;"27";"27164";"Combon";"2023-07-03 18:13:00";10;10;;0;0;0;;;;;"Estimées";;;"Non";;;;"Données partielles ou non valides"
2023;14887;"27";"27375";"Louviers";"2023-07-03 20:08:00";10000;10000;;0;0;0;;;;;"Estimées";;;;;;;"Données partielles ou non valides"
2023;3965;"13";"13055";"Marseille";"2023-07-04 13:06:00";5000;0;5000;0;0;0;;;;;"Estimées";"1";"Malveillance";"Non";;;;""
2023;14890;"27";"27375";"Louviers";"2023-07-04 15:56:00";20;20;;0;0;0;;;;;"Estimées";;;"Non";;;;"Données partielles ou non valides"
2023;21644;"83";"83081";"Montauroux";"2023-07-04 16:21:00";520;520;0;0;0;0;;;;;"Mesurées";;"Accidentelle";"Non";;;;"Données partielles ou non valides"
2023;22086;"24";"24165";"Eygurande-et-Gardedeuil";"2023-07-04 16:57:00";15000;15000;;0;0;0;;;;;"Estimées";;"Malveillance";"Non";;;;""
2023;4141;"21";"21124";"Censerey";"2023-07-04 17:25:00";200;200;;0;0;0;;;;;"Estimées";;;"Non";;;;""
2023;5784;"2A";"2A004";"Ajaccio";"2023-07-04 19:04:00";5300;0;5300;0;0;0;;;;;"Mesurées";"1";;"Non";;;;""
2023;20456;"30";"30326";"Tavel";"2023-07-04 19:26:00";1000;1000;0;0;0;0;;;;;"Estimées";;;"Non";;;;""
2023;9320;"88";"88108";"Le Clerjus";"2023-07-04 20:00:00";100;100;;0;0;0;;;;;"Estimées";;;;;;;""
2023;4904;"13";"13063";"Miramas";"2023-07-04 21:37:00";30;30;0;0;0;0;;;;;"Estimées";"1";"Malveillance";"Non";;;;""
2023;5173;"34";"34213";"Poussan";"2023-07-04 22:21:00";3;3;0;0;0;0;;;;;"Estimées";;;"Non";;;;""
2023;5172;"34";"34019";"Avène";"2023-07-04 22:39:00";867;0;867;0;0;0;;;;;"Mesurées";"1";"Involontaire (travaux)";"Non";;;;""
2023;14425;"66";"66053";"Collioure";"2023-07-04 22:45:00";20;0;20;0;0;0;;;;;"Estimées";;;"Non";;;;""
2023;4000;"11";"11255";"Montredon-des-Corbières";"2023-07-05 11:46:00";1135517;0;1135517;0;0;0;;;;;"Estimées";;"Involontaire (travaux)";"Non";;;;""
2023;21646;"83";"83047";"La Crau";"2023-07-05 13:03:00";50;0;50;0;0;0;;;;;"Estimées";;"Involontaire (particulier)";"Non";0;0;0;"Données partielles ou non valides"
2023;12185;"68";"68082";"Ensisheim";"2023-07-05 15:07:53";1000;500;;0;500;;;;;;"Estimées";;;"Non";;;;"Données partielles ou non valides"
2023;21647;"83";"83126";"La Seyne-sur-Mer";"2023-07-05 16:35:00";20;0;20;0;0;0;;;;;"Estimées";;;"Non";0;0;0;"Données partielles ou non valides"
2023;21648;"83";"83047";"La Crau";"2023-07-05 17:02:00";50;0;50;0;0;0;;;;;"Estimées";;;"Non";0;0;0;"Données partielles ou non valides"
2023;4574;"89";"89318";"Quarré-les-Tombes";"2023-07-05 19:55:00";3;3;;0;0;0;;;;;"Estimées";;;"Non";;;;""
2023;4911;"13";"13043";"Gignac-la-Nerthe";"2023-07-05 19:56:00";200;200;0;0;0;0;;;;;"Estimées";"1";"Involontaire (particulier)";"Non";;;;""
2023;5168;"34";"34332";"Vias";"2023-07-06 00:48:00";1557;0;1557;0;0;0;;;;;"Mesurées";;"Malveillance";"Non";;;;""
2023;21651;"83";"83050";"Draguignan";"2023-07-06 12:35:00";300;0;300;0;0;0;;;;;"Estimées";;;"Non";0;0;0;"Données partielles ou non valides"
2023;4120;"56";"56034";"Carnac";"2023-07-06 14:48:00";600;600;;0;0;0;;;;;"Estimées";;"Involontaire (travaux)";"Non";;;;""
2023;4906;"13";"13117";"Vitrolles";"2023-07-06 16:35:00";3;3;0;0;0;0;;;;;"Estimées";"1";"Involontaire (particulier)";"Non";;;;""
2023;4152;"21";"21295";"Gevrey-Chambertin";"2023-07-06 16:40:00";400;400;;0;0;0;;;;;"Estimées";;"Malveillance";"Non";;;;""
2023;5163;"34";"34024";"Balaruc-le-Vieux";"2023-07-06 16:53:00";1184;0;1184;0;0;0;;;;;"Mesurées";"1";"Involontaire (travaux)";"Non";;;;""
2023;4001;"11";"11145";"Fleury";"2023-07-06 17:07:00";10400;0;10400;0;0;0;;;;;"Estimées";;;"Non";;;;""
2023;4002;"11";"11370";"Salles-d'Aude";"2023-07-06 17:21:00";19710;6000;10000;0;3710;0;;;;;"Mesurées";;;"Non";;;;""
2023;15837;"17";"17243";"Montlieu-la-Garde";"2023-07-06 17:50:00";1500;1500;;0;0;0;;;;;"Mesurées";;;"Non";0;0;0;""
2023;21652;"83";"83127";"Signes";"2023-07-06 18:04:00";50;0;50;0;0;0;;;;;"Estimées";;"Accidentelle";"Non";0;0;0;"Données partielles ou non valides"
2023;13100;"74";"74142";"Héry-sur-Alby";"2023-07-06 18:10:00";10;10;;0;0;0;;;;;"Estimées";;"Malveillance";"Non";;;;""
2023;5162;"34";"34059";"La Caunette";"2023-07-06 19:27:00";5428;5428;0;0;0;0;;;;;"Mesurées";"4";"Involontaire (particulier)";"Non";;;;""
2023;16102;"84";"84022";"Buisson";"2023-07-06 20:21:00";310;310;0;0;0;0;;;;;"Mesurées";"4";"Malveillance";"Non";;;;""
2023;16103;"84";"84085";"Murs";"2023-07-06 21:23:00";5;5;0;0;0;0;;;;;"Estimées";;"Malveillance";"Non";;;;""
2023;16104;"84";"84146";"Villedieu";"2023-07-06 21:39:00";14700;1100;0;0;13600;0;;;;;"Mesurées";"4";"Malveillance";"Non";;;;""
2023;16105;"84";"84022";"Buisson";"2023-07-06 22:11:00";310;310;0;0;0;0;;;;;"Mesurées";;;"Non";;;;""
2023;16106;"84";"84085";"Murs";"2023-07-07 00:55:00";15;15;0;0;0;0;;;;;"Estimées";;"Malveillance";"Non";;;;""
2023;4604;"89";"89337";"Saint-Bris-le-Vineux";"2023-07-07 08:22:00";600;600;;0;0;0;;;;;"Estimées";;"Malveillance";"Non";;;;""
2023;5555;"11";"11369";"Sallèles-d'Aude";"2023-07-07 11:01:00";11000;5000;0;0;6000;0;;;;;"Mesurées";;"Involontaire (travaux)";"Non";;;;""
2023;16107;"84";"84022";"Buisson";"2023-07-07 11:18:00";1;1;0;0;0;0;;;;;"Estimées";;"Involontaire (travaux)";"Non";;;;""
2023;19927;"33";"33307";"Noaillan";"2023-07-07 11:32:00";4000;4000;;0;0;0;;;;;"Estimées";;;"Non";0;0;0;""
2023;4334;"54";"54182";"Essey-et-Maizerais";"2023-07-07 12:42:00";100060;60;;0;100000;0;;;;;"Estimées";;;"Non";;;;""
2023;4913;"13";"13001";"Aix-en-Provence";"2023-07-07 13:10:00";500;500;0;0;0;0;;;;;"Estimées";"1";"Accidentelle";"Non";;;;""
2023;4915;"13";"13085";"Roquefort-la-Bédoule";"2023-07-07 14:28:00";150;150;0;0;0;0;;;;;"Mesurées";"1";"Malveillance";"Non";;;;""
2023;4122;"56";"56040";"Cléguer";"2023-07-07 15:19:00";150;150;;0;0;0;;;;;"Estimées";;"Malveillance";"Non";;;;""
2023;8058;"26";"26188";"Mollans-sur-Ouvèze";"2023-07-07 16:16:00";13700;13100;0;0;600;0;;;;;"Estimées";"5";"Malveillance";"Non";;;;""
2023;17266;"40";"40262";"Saint-Gor";"2023-07-07 16:16:00";2000;2000;;0;0;0;;;;;"Estimées";;;"Non";0;0;0;""
2023;4195;"48";"48016";"Balsièges";"2023-07-07 16:45:00";200;0;200;0;0;0;;;;;"Estimées";"1";"Involontaire (travaux)";"Non";;;;""
2023;4123;"56";"56200";"Ruffiac";"2023-07-07 17:00:00";6000;6000;;0;0;0;;;;;"Estimées";;"Involontaire (travaux)";"Non";;;;""
2023;4124;"56";"56248";"Surzur";"2023-07-07 17:53:00";50;50;;0;0;0;;;;;"Estimées";;;"Non";;;;""
2023;19930;"33";"33255";"Lucmau";"2023-07-07 17:56:47";100;100;;0;0;0;;;;;"Estimées";;"Naturelle";"Non";0;0;0;""
2023;16111;"84";"84085";"Murs";"2023-07-07 19:34:00";30;30;0;0;0;0;;;;;"Estimées";;"Malveillance";"Non";;;;""
2023;21653;"83";"83118";"Saint-Raphaël";"2023-07-08 00:00:00";8;8;0;0;0;0;;;;;"Estimées";;;"Non";;;;"Données partielles ou non valides"
2023;5150;"34";"34213";"Poussan";"2023-07-08 06:33:00";30;30;0;0;0;0;;;;;"Mesurées";"2";"Accidentelle";"Non";;;;""
2023;4339;"54";"54433";"Port-sur-Seille";"2023-07-08 10:03:00";200000;50000;;0;150000;0;;;;;"Estimées";;;"Non";;;;""
2023;5146;"34";"34311";"Tourbes";"2023-07-08 14:24:00";1894;1894;0;0;0;0;;;;;"Mesurées";"2";"Malveillance";"Non";;;;""
2023;5009;"13";"13108";"Tarascon";"2023-07-08 14:40:00";200;200;0;0;0;0;;;;;"Estimées";"1";"Accidentelle";"Non";;;;""
2023;9197;"88";"88445";"Saulcy-sur-Meurthe";"2023-07-08 15:43:00";2;2;;0;0;0;;;;;"Estimées";;;;;;;""
2023;19468;"57";"57012";"Algrange";"2023-07-08 15:51:00";20000;20000;;0;0;0;;;;;"Estimées";;;"Non";;;;""
2023;10994;"91";"91180";"Courances";"2023-07-08 16:41:00";200;200;;0;0;0;;;;;"Estimées";;;"Non";;;;""
2023;5665;"11";"11253";"Montolieu";"2023-07-08 17:18:00";300;300;0;0;0;0;;;;;"Mesurées";;;"Non";;;;""
2023;5143;"34";"34059";"La Caunette";"2023-07-08 17:26:00";20657;20657;0;0;0;0;;;;;"Mesurées";"4";"Involontaire (travaux)";"Non";;;;""
2023;5142;"34";"34087";"Cournonsec";"2023-07-08 17:36:00";39;39;0;0;0;0;;;;;"Estimées";"2";"Accidentelle";"Non";;;;""
2023;4112;"52";"52140";"Colombey les Deux Églises";"2023-07-08 17:41:00";60000;50000;;0;10000;0;;;;;"Estimées";;;"Non";;;;""
2023;5007;"13";"13005";"Aubagne";"2023-07-08 18:22:00";20;20;0;0;0;0;;;;;"Estimées";"1";"Involontaire (particulier)";"Non";;;;""
2023;4931;"89";"89337";"Saint-Bris-le-Vineux";"2023-07-09 05:35:00";100;100;;0;0;0;;;;;"Estimées";;"Malveillance";"Non";;;;""
2023;5667;"11";"11203";"Lézignan-Corbières";"2023-07-09 11:02:00";1500;1500;0;0;0;0;;;;;"Mesurées";;"Malveillance";"Non";;;;""
2023;19934;"33";"33095";"Captieux";"2023-07-09 11:50:19";2500;2500;;0;0;0;;;;;"Estimées";;"Naturelle";"Non";0;0;0;""
2023;13713;"34";"34059";"La Caunette";"2023-07-09 12:15:00";4384;4384;0;0;0;0;;;;;"Mesurées";"4";"Involontaire (travaux)";"Non";;;;""
2023;12158;"68";"68073";"Dolleren";"2023-07-09 16:08:41";20;20;;0;0;;;;;;"Estimées";;;"Non";;;;"Données partielles ou non valides"
2023;21657;"83";"83130";"Solliès-Pont";"2023-07-09 20:10:00";10;0;10;0;0;0;;;;;"Estimées";;"Involontaire (particulier)";"Non";0;0;0;"Données partielles ou non valides"
2023;4354;"56";"56061";"La Gacilly";"2023-07-09 21:29:00";100;100;;0;0;0;;;;;"Estimées";;;"Non";;;;""
2023;5198;"2B";"2B223";"Pietralba";"2023-07-10 10:02:00";500;0;500;0;0;0;;;;;"Estimées";;"Accidentelle";"Non";;;;""
2023;5788;"2A";"2A130";"Grosseto-Prugna";"2023-07-10 10:49:00";47;0;47;0;0;0;;;;;"Mesurées";;"Accidentelle";"Non";;;;""
2023;21658;"83";"83014";"Baudinard-sur-Verdon";"2023-07-10 14:31:00";30;30;0;0;0;0;;;;;"Estimées";;;"Non";0;0;0;"Données partielles ou non valides"
2023;5789;"2A";"2A322";"Tasso";"2023-07-10 14:54:00";150;0;150;0;0;0;;;;;"Estimées";;;"Non";;;;""
2023;5199;"2B";"2B182";"Occhiatana";"2023-07-10 15:44:00";1500;0;1500;0;0;0;;;;;"Estimées";;"Accidentelle";"Non";;;;""
2023;8063;"26";"26258";"Puy-Saint-Martin";"2023-07-10 15:46:00";600;600;0;0;0;0;;;;;"Estimées";;;"Non";;;;""
2023;5619;"34";"34101";"Florensac";"2023-07-10 16:02:00";1339;0;1339;0;0;0;;;;;"Mesurées";"1";"Malveillance";"Non";;;;""
2023;4198;"52";"52023";"Auberive";"2023-07-10 16:20:00";149000;1000;;0;148000;0;;;;;"Mesurées";;;"Non";;;;""
2023;14902;"27";"27049";"Mesnil-en-Ouche";"2023-07-10 16:24:00";1000;1000;;0;0;0;;;;;"Estimées";;;"Non";;;;"Données partielles ou non valides"
2023;6034;"85";"85294";"La Tranche-sur-Mer";"2023-07-10 16:55:00";200;200;;0;0;0;;;;;"Mesurées";;;"Non";;;;""
2023;4701;"06";"06069";"Grasse";"2023-07-10 17:30:00";300;0;300;0;0;0;;;;;"Estimées";;;"Non";;;;""
2023;5200;"2B";"2B201";"Pancheraccia";"2023-07-10 20:27:00";10;0;10;0;0;0;;;;;"Estimées";;"Malveillance";"Non";;;;""
2023;7884;"11";"11351";"Saint-Laurent-de-la-Cabrerisse";"2023-07-10 22:25:00";1;1;0;0;0;0;;;;;"Mesurées";;"Involontaire (particulier)";"Non";;;;""
2023;19938;"33";"33529";"La Teste-de-Buch";"2023-07-11 02:49:00";500;500;;0;0;0;;;;;"Estimées";;"Malveillance";"Non";;;;""
2023;13714;"34";"34059";"La Caunette";"2023-07-11 12:04:00";6376;6376;0;0;0;0;;;;;"Mesurées";"4";"Malveillance";"Non";;;;""
2023;11281;"74";"74010";"Annecy";"2023-07-11 12:43:00";7000;7000;;0;0;0;;;;;"Mesurées";;;"Non";;;;""
2023;12908;"60";"60041";"Bailleul-sur-Thérain";"2023-07-11 13:28:00";500;500;;0;0;0;;;;;"Mesurées";;;"Non";;;;""
2023;4290;"71";"71440";"Saint-Léger-sous-Beuvray";"2023-07-11 15:25:00";25000;10000;;0;15000;0;;;;;"Estimées";;"Accidentelle";"Non";;;;""
2023;14909;"27";"27489";"Reuilly";"2023-07-11 15:58:00";50000;10000;;0;40000;0;;;;;"Estimées";;;"Non";;;;"Données partielles ou non valides"
2023;21659;"83";"83004";"Les Arcs";"2023-07-11 16:16:00";2707;2707;0;0;0;0;;;;;"Mesurées";"4";"Involontaire (particulier)";"Non";;;;"Données partielles ou non valides"
2023;5013;"13";"13015";"Bouc-Bel-Air";"2023-07-11 16:44:00";5;5;0;0;0;0;;;;;"Estimées";"1";"Accidentelle";"Non";;;;""
2023;5790;"2A";"2A336";"Valle-di-Mezzana";"2023-07-11 16:45:00";50;0;50;0;0;0;;;;;"Estimées";;"Accidentelle";"Non";;;;""
2023;13793;"88";"88268";"Lesseux";"2023-07-11 17:00:00";1;1;;0;0;0;;;;;"Estimées";;;;;;;""
2023;11002;"91";"91421";"Montgeron";"2023-07-11 17:06:00";300;300;;0;0;0;;;;;"Estimées";;;"Non";;;;""
2023;4702;"06";"06152";"Valbonne";"2023-07-11 18:38:00";30;0;30;0;0;0;;;;;"Estimées";;;"Non";;;;""
2023;19941;"33";"33483";"Saint-Sulpice-et-Cameyrac";"2023-07-11 19:38:12";100;100;;0;0;0;;;;;"Estimées";;;"Non";0;0;0;""
2023;6623;"13";"13055";"Marseille";"2023-07-11 21:05:00";40;0;40;0;0;0;;;;;"Estimées";"1";;"Non";;;;""
2023;21660;"83";"83063";"La Garde-Freinet";"2023-07-11 21:48:00";3;0;3;0;0;0;;;;;"Estimées";;"Involontaire (particulier)";"Non";0;0;0;"Données partielles ou non valides"
2023;20466;"30";"30042";"Boisset-et-Gaujac";"2023-07-12 11:26:00";1231;1231;0;0;0;0;;;;;"Mesurées";;"Accidentelle";"Non";;;;""
2023;9384;"11";"11210";"Luc-sur-Orbieu";"2023-07-12 12:03:00";150;150;0;0;0;0;;;;;"Mesurées";;;"Non";;;;""
2023;21661;"83";"83115";"Sainte-Maxime";"2023-07-12 13:51:00";537;0;537;0;0;0;;;;;"Estimées";;"Involontaire (travaux)";"Non";;;;"Données partielles ou non valides"
2023;5201;"2B";"2B007";"Albertacce";"2023-07-12 14:32:00";60000;0;38000;22000;0;0;;;;;"Estimées";"1";"Malveillance";"Non";;;;""
2023;5607;"34";"34157";"Mèze";"2023-07-12 15:53:00";85434;0;85434;0;0;0;;;;;"Mesurées";"1";"Malveillance";"Non";;;;""
2023;17270;"40";"40184";"Mimizan";"2023-07-12 15:55:00";2660;2660;;0;0;0;;;;;"Mesurées";;;"Non";0;0;0;""
2023;5791;"2A";"2A215";"Pianottoli-Caldarello";"2023-07-12 17:27:00";204;0;204;0;0;0;;;;;"Mesurées";;"Involontaire (particulier)";"Non";;;;""
2023;5670;"11";"11191";"Laroque-de-Fa";"2023-07-12 18:39:00";1000;0;1000;0;0;0;;;;;"Mesurées";;;"Non";;;;""
2023;9062;"88";"88120";"La Croix-aux-Mines";"2023-07-12 21:25:00";20;20;;0;0;0;;;;;"Estimées";;;;;;;""
2023;4355;"56";"56036";"Caudan";"2023-07-12 22:16:00";50;50;;0;0;0;;;;;"Estimées";;;"Non";;;;""
2023;22944;"77";"77186";"Fontainebleau";"2023-07-13 13:52:00";10000;10000;;0;0;0;;;;;"Estimées";;;"Non";;;;""
2023;5673;"11";"11360";"Saint-Nazaire-d'Aude";"2023-07-13 14:55:00";200;200;0;0;0;0;;;;;"Mesurées";;"Involontaire (travaux)";"Non";;;;""
2023;5008;"89";"89225";"Lichères-sur-Yonne";"2023-07-13 15:02:00";105000;5000;;0;100000;0;;;;;"Estimées";;;"Non";;;;""
2023;21662;"83";"83050";"Draguignan";"2023-07-13 16:01:00";10;10;0;0;0;0;;;;;"Estimées";;;"Non";0;0;0;"Données partielles ou non valides"
2023;5017;"13";"13085";"Roquefort-la-Bédoule";"2023-07-13 16:06:00";500;500;0;0;0;0;;;;;"Mesurées";"1";"Malveillance";"Non";;;;""
2023;5600;"34";"34237";"Roujan";"2023-07-13 16:24:00";1932;0;1932;0;0;0;;;;;"Mesurées";"1";"Malveillance";"Non";;;;""
2023;5599;"34";"34223";"Puimisson";"2023-07-13 17:06:00";8924;8924;0;0;0;0;;;;;"Mesurées";"3";"Malveillance";"Non";;;;""
2023;4467;"56";"56035";"Caro";"2023-07-13 17:14:00";60;60;;0;0;0;;;;;"Estimées";;;"Non";;;;""
2023;4516;"58";"58134";"Imphy";"2023-07-13 17:37:00";26300;26300;;0;0;0;;;;;"Mesurées";;;"Non";;;;""
2023;17271;"40";"40150";"Léon";"2023-07-13 18:18:00";600;600;;0;0;0;;;;;"Estimées";;;"Non";0;0;0;""
2023;4469;"56";"56032";"Campénéac";"2023-07-13 18:30:00";80000;10000;;0;70000;0;;;;;"Estimées";;"Involontaire (travaux)";"Non";;;;""
2023;21663;"83";"83136";"Le Thoronet";"2023-07-13 18:32:00";1;1;0;0;0;0;;;;;"Estimées";;;"Non";0;0;0;"Données partielles ou non valides"
2023;21664;"83";"83086";"Le Muy";"2023-07-13 19:47:00";180;0;180;0;0;0;;;;;"Estimées";;;"Non";0;0;0;"Données partielles ou non valides"
2023;5014;"13";"13007";"Auriol";"2023-07-13 23:16:00";5;5;0;0;0;0;;;;;"Estimées";"1";"Involontaire (particulier)";"Non";;;;""
2023;5591;"34";"34130";"Laurens";"2023-07-13 23:34:00";189100;0;189100;0;0;0;;;;;"Mesurées";"1";"Malveillance";"Non";;;;""
2023;4698;"06";"06088";"Nice";"2023-07-14 00:25:00";500;0;500;0;0;0;;;;;"Estimées";;"Involontaire (particulier)";"Non";;;;""
2023;5706;"11";"11122";"Douzens";"2023-07-14 02:53:00";100;0;100;0;0;0;;;;;"Mesurées";;;"Non";;;;""
2023;16125;"84";"84007";"Avignon";"2023-07-14 03:43:00";5;0;5;0;0;0;;;;;"Estimées";;;"Non";;;;""
2023;17273;"40";"40184";"Mimizan";"2023-07-14 08:09:00";4000;4000;;0;0;0;;;;;"Estimées";;"Accidentelle";"Non";0;0;0;""
2023;5391;"56";"56069";"Groix";"2023-07-14 11:18:00";50;50;;0;0;0;;;;;"Estimées";;;"Non";;;;""
2023;7441;"11";"11423";"Villefloure";"2023-07-14 12:21:00";5000;5000;0;0;0;0;;;;;"Mesurées";;;"Non";;;;""
2023;13622;"72";"72160";"Lavernat";"2023-07-14 13:02:00";4000;4000;;0;0;0;;;;;"Estimées";;;"Non";;;;""
2023;14446;"66";"66008";"Argelès-sur-Mer";"2023-07-14 13:05:00";34400;20000;0;0;0;14400;;;;;"Mesurées";;;"Non";;;;""
2023;13624;"72";"72154";"La Flèche";"2023-07-14 13:42:00";25000;25000;;0;0;0;;;;;"Estimées";;;"Non";;;;""
2023;21665;"83";"83008";"Bagnols-en-Forêt";"2023-07-14 13:42:00";50;0;50;0;0;0;;;;;"Estimées";"1";"Accidentelle";"Non";;;;"Données partielles ou non valides"
2023;5722;"11";"11043";"Bouilhonnac";"2023-07-14 14:24:00";162180;100300;58180;0;3700;0;;;;;"Mesurées";;;"Non";;;;""
2023;7676;"36";"36165";"Pouligny-Saint-Pierre";"2023-07-14 15:01:00";10000;2500;;7500;0;0;;;;;"Estimées";;;"Non";;;;""
2023;11008;"91";"91414";"Monnerville";"2023-07-14 15:02:00";20300;300;;0;20000;0;;;;;"Estimées";;;"Non";;;;""
2023;11009;"91";"91359";"Maisse";"2023-07-14 15:13:00";300300;300;;0;300000;0;;;;;"Estimées";;;"Non";;;;""
2023;4566;"54";"54193";"Fey-en-Haye";"2023-07-14 16:20:00";880000;29800;;0;850200;0;;;;;"Estimées";;"Involontaire (travaux)";"Non";;;;""
2023;9294;"88";"88130";"Destord";"2023-07-14 17:16:00";5;5;;0;0;0;;;;;"Estimées";;;;;;;""
2023;20319;"23";"23081";"Flayat";"2023-07-14 18:00:00";200;200;;0;0;0;;;;;"Estimées";;"Naturelle";"Non";0;0;0;""
2023;15838;"17";"17050";"Bois";"2023-07-14 18:03:00";900;900;;0;0;0;;;;;"Mesurées";;;"Non";0;0;0;""
2023;15839;"17";"17279";"Plassac";"2023-07-14 18:03:00";5840;5840;;0;0;0;;;;;"Mesurées";;;"Non";0;0;0;""
2023;15840;"17";"17317";"Saint-Ciers-du-Taillon";"2023-07-14 18:03:00";15130;15130;;0;0;0;;;;;"Mesurées";;;"Non";0;0;0;""
2023;19526;"57";"57463";"Metz";"2023-07-14 19:04:00";300;300;;0;0;0;;;;;"Estimées";;"Involontaire (travaux)";"Non";;;;""
2023;17601;"86";"86036";"Bournand";"2023-07-14 19:07:00";40;20;;20;0;0;;;;;"Estimées";;"Accidentelle";"Non";;;;""
2023;4669;"13";"13055";"Marseille";"2023-07-14 19:45:00";8000;0;8000;0;0;0;;;;;"Estimées";"1";;"Non";;;;""
2023;21666;"83";"83137";"Toulon";"2023-07-14 21:01:00";10;;10;0;0;0;;;;;"Estimées";;;"Non";0;0;0;"Données partielles ou non valides"
2023;5018;"13";"13039";"Fos-sur-Mer";"2023-07-14 22:25:00";200;200;0;0;0;0;;;;;"Estimées";"1";"Malveillance";"Non";;;;""
2023;22955;"77";"77377";"Presles-en-Brie";"2023-07-14 23:01:52";450;450;;0;0;0;;;;;"Estimées";;;"Non";;;;""
2023;17087;"16";"16357";"Saint-Vallier";"2023-07-14 23:22:22";1000;1000;;0;0;0;;;;;"Estimées";;;"Non";0;0;0;""
2023;4667;"13";"13055";"Marseille";"2023-07-14 23:29:00";20;0;20;0;0;0;;;;;"Estimées";"1";;"Non";;;;""
2023;15506;"38";"38085";"Charvieu-Chavagneux";"2023-07-14 23:51:00";30;30;;0;0;0;;;;;"Estimées";;"Involontaire (particulier)";"Non";;;;""
2023;7442;"11";"11285";"Peyriac-de-Mer";"2023-07-14 23:52:00";2500;0;2500;0;0;0;;;;;"Mesurées";;"Involontaire (particulier)";"Non";;;;""
2023;14450;"66";"66024";"Le Boulou";"2023-07-15 00:11:00";5000;5000;0;0;0;0;;;;;"Estimées";;"Accidentelle";"Non";;;;""
2023;4666;"13";"13055";"Marseille";"2023-07-15 02:43:00";1000;1000;0;0;0;0;;;;;"Estimées";"1";"Involontaire (particulier)";"Non";;;;""
2023;21667;"83";"83099";"Puget-sur-Argens";"2023-07-15 13:04:00";7103;0;7103;0;0;0;;;;;"Mesurées";;;"Non";;;;"Données partielles ou non valides"
2023;5996;"48";"48119";"Prévenchères";"2023-07-15 13:28:00";200;0;200;0;0;0;;;;;"Estimées";"1";;"Non";;;;""
2023;5022;"13";"13001";"Aix-en-Provence";"2023-07-15 14:20:00";8600;8600;0;0;0;0;;;;;"Estimées";"1";"Involontaire (particulier)";"Non";;;;""
2023;11016;"91";"91421";"Montgeron";"2023-07-15 16:32:00";10;10;;0;0;0;;;;;"Estimées";;;"Non";;;;""
2023;17602;"86";"86158";"Migné-Auxances";"2023-07-15 19:37:00";40;40;;0;0;0;;;;;"Estimées";;;"Non";;;;""
2023;5021;"13";"13104";"Sausset-les-Pins";"2023-07-15 20:46:00";100;100;0;0;0;0;;;;;"Estimées";"1";;"Non";;;;""
2023;21669;"83";"83137";"Toulon";"2023-07-15 21:23:00";100;0;100;0;0;0;;;;;"Estimées";;;"Non";0;0;0;"Données partielles ou non valides"
2023;5401;"56";"56147";"Nivillac";"2023-07-15 22:56:00";500;500;;0;0;0;;;;;"Estimées";;;"Non";;;;""
2023;16132;"84";"84085";"Murs";"2023-07-15 23:58:00";212;212;0;0;0;0;;;;;"Mesurées";;"Malveillance";"Non";;;;""
2023;5707;"11";"11257";"Monze";"2023-07-16 04:51:00";936;0;936;0;0;0;;;;;"Mesurées";;"Malveillance";"Non";;;;""
2023;11018;"91";"91469";"Ormoy-la-Rivière";"2023-07-16 12:25:00";240000;40000;;0;200000;0;;;;;"Estimées";;"Involontaire (travaux)";"Non";;;;""
2023;21670;"83";"83035";"Le Castellet";"2023-07-16 16:10:00";33;33;0;0;0;0;;;;;"Estimées";;"Involontaire (particulier)";"Non";;;;"Données partielles ou non valides"
2023;5392;"56";"56106";"Larmor-Baden";"2023-07-16 16:34:00";3;3;;0;0;0;;;;;"Estimées";;;"Non";;;;""
2023;5393;"56";"56032";"Campénéac";"2023-07-16 16:48:00";100;100;;0;0;0;;;;;"Estimées";;;"Non";;;;""
2023;20483;"30";"30169";"Milhaud";"2023-07-16 17:55:00";4180;4180;0;0;0;0;;;;;"Mesurées";;"Involontaire (particulier)";"Non";;;;""
2023;13641;"72";"72154";"La Flèche";"2023-07-16 19:05:00";1000;1000;;0;0;0;;;;;"Estimées";;;"Non";;;;""
2023;5708;"11";"11272";"Palaja";"2023-07-16 20:03:00";10;10;0;0;0;0;;;;;"Mesurées";;;"Non";;;;""
2023;16139;"84";"84085";"Murs";"2023-07-16 20:52:00";212;212;0;0;0;0;;;;;"Mesurées";"2";"Malveillance";"Non";;;;""
2023;13111;"74";"74010";"Annecy";"2023-07-16 22:02:00";20;20;;0;0;0;;;;;"Estimées";;"Malveillance";"Non";;;;""
2023;5027;"13";"13106";"Septèmes-les-Vallons";"2023-07-17 00:40:00";500;500;0;0;0;0;;;;;"Estimées";"1";"Malveillance";"Non";;;;""
2023;5204;"2B";"2B007";"Albertacce";"2023-07-17 07:26:00";45000;0;12000;33000;0;0;;;;;"Mesurées";"1";"Malveillance";"Non";;;;""
2023;20485;"30";"30153";"Malons-et-Elze";"2023-07-17 11:01:00";151;151;0;0;0;0;;;;;"Mesurées";"4";"Malveillance";"Non";;;;""
2023;5026;"13";"13005";"Aubagne";"2023-07-17 12:16:00";100;100;0;0;0;0;;;;;"Estimées";"1";"Involontaire (particulier)";"Non";;;;""
2023;5794;"2A";"2A103";"Cuttoli-Corticchiato";"2023-07-17 12:20:00";790;0;790;0;0;0;;;;;"Mesurées";;"Accidentelle";"Non";;;;""
2023;20486;"30";"30104";"Domessargues";"2023-07-17 14:29:00";1000;1000;0;0;0;0;;;;;"Estimées";;;"Non";;;;""
2023;5795;"2A";"2A062";"Carbuccia";"2023-07-17 17:41:00";45000;3000;40000;0;0;2000;;;;;"Mesurées";"1";"Malveillance";"Non";;;;""
2023;4703;"06";"06030";"Le Cannet";"2023-07-17 19:02:00";20;0;20;0;0;0;;;;;"Estimées";;;"Non";;;;""
2023;17275;"40";"40046";"Biscarrosse";"2023-07-17 19:51:00";1;1;;0;0;0;;;;;"Estimées";;;"Non";0;0;0;""
2023;6121;"34";"34312";"La Tour-sur-Orb";"2023-07-17 20:39:00";261;261;0;0;0;0;;;;;"Mesurées";"3";"Malveillance";"Non";;;;""
2023;13112;"74";"74150";"Loisin";"2023-07-17 21:42:00";10;10;;0;0;0;;;;;"Estimées";;"Involontaire (travaux)";"Non";;;;""
2023;5394;"56";"56028";"Caden";"2023-07-18 12:31:00";700;700;;0;0;0;;;;;"Estimées";;;"Non";;;;""
2023;13113;"74";"74212";"Glières-Val-de-Borne";"2023-07-18 13:50:00";10;10;;0;0;0;;;;;"Mesurées";;"Involontaire (particulier)";"Non";;;;""
2023;6613;"11";"11161";"Gardie";"2023-07-18 14:26:00";2000;0;2000;0;0;0;;;;;"Mesurées";;;"Non";;;;""
2023;20494;"30";"30037";"Bessèges";"2023-07-18 16:52:00";1000;1000;0;0;0;0;;;;;"Estimées";;;"Non";;;;""
2023;4672;"13";"13055";"Marseille";"2023-07-18 17:03:00";20;20;0;0;0;0;;;;;"Estimées";"6";;"Non";;;;""
2023;5719;"11";"11295";"Portel-des-Corbières";"2023-07-18 17:56:00";300;0;300;0;0;0;;;;;"Mesurées";;;"Non";;;;""
2023;22917;"77";"77328";"Nanteau-sur-Essonne";"2023-07-18 19:11:48";150;150;;0;0;0;;;;;"Estimées";;;"Non";;;;""
2023;5750;"28";"28393";"Tremblay-les-Villages";"2023-07-18 21:02:00";27000;7000;;20000;0;0;;;;;"Estimées";;;"Non";;;;""
2023;19950;"33";"33314";"Pauillac";"2023-07-18 21:31:25";6;6;;0;0;0;;;;;"Estimées";;;"Non";0;0;0;""
2023;5720;"11";"11353";"Saint-Marcel-sur-Aude";"2023-07-18 22:57:00";22640;22640;0;0;0;0;;;;;"Mesurées";;;"Non";;;;""
2023;5721;"11";"11068";"Capendu";"2023-07-19 05:26:00";6936;0;6936;0;0;0;;;;;"Mesurées";;;"Non";;;;""
2023;5796;"2A";"2A004";"Ajaccio";"2023-07-19 10:13:00";20;0;20;0;0;0;;;;;"Estimées";;"Involontaire (travaux)";"Non";;;;""
2023;4707;"54";"54022";"Arnaville";"2023-07-19 10:54:00";1850;1200;;150;500;0;;;;;"Estimées";;"Malveillance";"Non";;;;""
2023;6127;"05";"05182";"Villar-Loubière";"2023-07-19 11:37:00";4;4;0;0;0;0;;;;;"Mesurées";;"Naturelle";"Non";;;;""
2023;5028;"13";"13001";"Aix-en-Provence";"2023-07-19 12:27:00";5000;5000;0;0;0;0;;;;;"Estimées";"1";"Involontaire (travaux)";"Non";;;;""
2023;5029;"13";"13056";"Martigues";"2023-07-19 15:21:00";10;10;0;0;0;0;;;;;"Estimées";"1";;"Non";;;;""
2023;11023;"91";"91461";"Ollainville";"2023-07-19 15:28:00";110000;10000;;0;100000;0;;;;;"Estimées";;;"Non";;;;""
2023;4699;"06";"06129";"Saint-Sauveur-sur-Tinée";"2023-07-19 15:38:00";200;0;200;0;0;0;;;;;"Estimées";;;"Non";;;;""
2023;17608;"86";"86159";"Millac";"2023-07-19 17:11:00";10000;10000;;0;0;0;;;;;"Estimées";;;"Non";;;;""
2023;6112;"34";"34017";"Aumes";"2023-07-19 18:30:00";485;485;0;0;0;0;;;;;"Mesurées";"4";"Involontaire (travaux)";"Non";;;;""
2023;6110;"34";"34024";"Balaruc-le-Vieux";"2023-07-20 00:50:00";2251;2251;0;0;0;0;;;;;"Mesurées";"4";"Malveillance";"Non";;;;""
2023;5818;"2A";"2A258";"Renno";"2023-07-20 02:30:00";1500;0;1500;0;0;0;;;;;"Estimées";;"Malveillance";"Non";;;;""
2023;5207;"2B";"2B020";"Aregno";"2023-07-20 03:11:00";100;0;100;0;0;0;;;;;"Estimées";"1";;"Non";;;;""
2023;6968;"49";"49228";"Noyant-Villages";"2023-07-20 05:57:00";20000;20000;;0;0;0;;;;;"Estimées";;;"Non";;;;""
2023;5208;"2B";"2B002";"Aghione";"2023-07-20 09:11:00";10;10;0;0;0;0;;;;;"Estimées";"3";"Malveillance";"Non";;;;""
2023;21671;"83";"83004";"Les Arcs";"2023-07-20 10:14:00";30;0;30;0;0;0;;;;;"Estimées";;"Involontaire (particulier)";"Non";;;;"Données partielles ou non valides"
2023;5033;"13";"13051";"Lançon-Provence";"2023-07-20 10:52:00";20;20;0;0;0;0;;;;;"Estimées";"1";"Involontaire (particulier)";"Non";;;;""
2023;21672;"83";"83132";"Solliès-Ville";"2023-07-20 13:38:00";50;0;50;0;0;0;;;;;"Estimées";;;"Non";0;0;0;"Données partielles ou non valides"
2023;4929;"52";"52437";"Rouelles";"2023-07-20 13:42:00";110000;10000;;0;100000;0;;;;;"Estimées";;;"Non";;;;""
2023;5396;"56";"56078";"Guidel";"2023-07-20 14:20:00";10;10;;0;0;0;;;;;"Estimées";;;"Non";;;;""
2023;21673;"83";"83041";"Claviers";"2023-07-20 14:49:00";3;0;3;0;0;0;;;;;"Estimées";;;"Non";0;0;0;"Données partielles ou non valides"
2023;5034;"13";"13050";"Lambesc";"2023-07-20 14:54:00";750;750;0;0;0;0;;;;;"Estimées";"1";"Involontaire (travaux)";"Non";;;;""
2023;5032;"13";"13106";"Septèmes-les-Vallons";"2023-07-20 15:15:00";50;50;0;0;0;0;;;;;"Estimées";"1";"Involontaire (particulier)";"Oui";0;0;1;""
2023;11024;"91";"91587";"Saulx-les-Chartreux";"2023-07-20 15:25:00";3000;3000;;0;0;0;;;;;"Estimées";;;"Non";;;;""
2023;17277;"40";"40221";"Perquie";"2023-07-20 16:29:00";50;50;;0;0;0;;;;;"Estimées";;"Involontaire (particulier)";"Non";0;0;0;""
2023;6735;"07";"07149";"Marcols-les-Eaux";"2023-07-20 16:38:00";400;0;400;0;0;0;;;;;"Estimées";"1";;"Non";;;;""
2023;5831;"41";"41010";"Azé";"2023-07-20 17:14:00";500;300;;200;0;0;;;;;"Estimées";;;"Non";;;;""
2023;15522;"38";"38542";"Veyssilieu";"2023-07-20 17:50:00";20;20;;0;0;0;;;;;"Estimées";;;"Non";;;;""
2023;6105;"34";"34262";"Saint-Guiraud";"2023-07-20 18:12:00";1506;0;1506;0;0;0;;;;;"Mesurées";"1";"Involontaire (particulier)";"Non";;;;""
2023;16147;"84";"84095";"Puyvert";"2023-07-20 19:02:00";150;150;0;0;0;0;;;;;"Mesurées";"4";"Malveillance";"Non";;;;""
2023;14469;"66";"66065";"Elne";"2023-07-20 21:12:00";10000;10000;0;0;0;0;;;;;"Mesurées";;"Malveillance";"Non";;;;""
2023;21675;"83";"83137";"Toulon";"2023-07-20 23:25:00";150;150;0;0;0;0;;;;;"Estimées";;;"Non";0;0;0;"Données partielles ou non valides"
2023;5819;"2A";"2A362";"Zonza";"2023-07-20 23:43:00";100;0;100;0;0;0;;;;;"Mesurées";"1";"Malveillance";"Non";;;;""
2023;21676;"83";"83137";"Toulon";"2023-07-21 00:08:00";15;0;15;0;0;0;;;;;"Estimées";"1";;"Non";;;;"Données partielles ou non valides"
2023;13115;"74";"74208";"Passy";"2023-07-21 02:53:00";10;10;;0;0;0;;;;;"Estimées";;"Malveillance";"Non";;;;""
2023;21677;"83";"83137";"Toulon";"2023-07-21 04:26:00";200;0;200;0;0;0;;;;;"Estimées";;;"Non";0;0;0;"Données partielles ou non valides"
2023;8072;"26";"26094";"Claveyson";"2023-07-21 04:48:00";5000;5000;0;0;0;0;;;;;"Estimées";"2";;"Non";;;;""
2023;15523;"38";"38350";"Sainte-Agnès";"2023-07-21 07:20:00";20;20;;0;0;0;;;;;"Estimées";;"Naturelle";"Non";;;;""
2023;15524;"38";"38504";"Theys";"2023-07-21 07:33:00";10;10;;0;0;0;;;;;"Estimées";;"Naturelle";"Non";;;;""
2023;13792;"88";"88413";"Saint-Dié-des-Vosges";"2023-07-21 12:15:00";1;1;;0;0;0;;;;;"Estimées";;;"Non";;;;""
2023;21678;"83";"83069";"Hyères";"2023-07-21 15:04:00";100;100;0;0;0;0;;;;;"Estimées";;;"Non";0;0;0;"Données partielles ou non valides"
2023;14470;"66";"66168";"Saint-André";"2023-07-21 16:29:00";300;300;0;0;0;0;;;;;"Estimées";;"Malveillance";"Non";;;;""
2023;6616;"11";"11353";"Saint-Marcel-sur-Aude";"2023-07-21 16:31:00";85900;0;80900;0;5000;0;;;;;"Mesurées";;"Malveillance";"Non";;;;""
2023;17104;"16";"16329";"Saint-Laurent-de-Céris";"2023-07-21 16:58:34";15300;300;;0;15000;0;;;;;"Estimées";;;"Non";0;0;0;""
2023;6098;"34";"34183";"Nissan-lez-Enserune";"2023-07-21 17:29:00";335000;335000;0;0;0;0;;;;;"Mesurées";"4";"Involontaire (particulier)";"Non";;;;""
2023;6614;"11";"11258";"Moussan";"2023-07-21 17:35:00";509;509;0;0;0;0;;;;;"Mesurées";;"Malveillance";"Non";;;;""
2023;21679;"83";"83069";"Hyères";"2023-07-21 17:57:00";1;0;1;0;0;0;;;;;"Estimées";;;"Non";0;0;0;"Données partielles ou non valides"
2023;5523;"2B";"2B185";"Oletta";"2023-07-21 19:37:00";1000;0;1000;0;0;0;;;;;"Estimées";;"Malveillance";"Non";;;;""
2023;6763;"13";"13056";"Martigues";"2023-07-21 21:27:00";20;20;0;0;0;0;;;;;"Mesurées";"1";"Malveillance";"Non";;;;""
2023;5737;"2B";"2B314";"Santo-Pietro-di-Tenda";"2023-07-22 06:07:00";490;0;490;0;0;0;;;;;"Estimées";;;"Non";;;;""
2023;13657;"72";"72154";"La Flèche";"2023-07-22 12:17:00";1000;1000;;0;0;0;;;;;"Estimées";;;"Non";;;;""
2023;5740;"2B";"2B143";"Linguizzetta";"2023-07-22 14:28:00";150;0;150;0;0;0;;;;;"Estimées";"1";"Malveillance";"Non";;;;""
2023;21680;"83";"83126";"La Seyne-sur-Mer";"2023-07-22 14:58:00";50;0;50;0;0;0;;;;;"Estimées";;;"Non";0;0;0;"Données partielles ou non valides"
2023;6765;"13";"13100";"Saint-Rémy-de-Provence";"2023-07-22 15:32:00";1000;1000;0;0;0;0;;;;;"Mesurées";"1";"Involontaire (travaux)";"Non";;;;""
2023;7996;"85";"85114";"Jard-sur-Mer";"2023-07-22 15:53:00";20;20;;0;0;0;;;;;"Mesurées";;;"Non";;;;""
2023;5753;"13";"13055";"Marseille";"2023-07-22 16:17:00";1000;0;1000;0;0;0;;;;;"Estimées";"1";"Involontaire (particulier)";"Non";;;;""
2023;8075;"26";"26198";"Montélimar";"2023-07-22 16:36:00";1000;1000;0;0;0;0;;;;;"Estimées";"3";;"Non";;;;""
2023;16157;"84";"84032";"Caseneuve";"2023-07-22 16:36:00";170;170;0;0;0;0;;;;;"Mesurées";"4";;"Non";;;;""
2023;21681;"83";"83053";"Évenos";"2023-07-22 17:32:00";20;0;20;0;0;0;;;;;"Estimées";;;"Non";0;0;0;"Données partielles ou non valides"
2023;6764;"13";"13106";"Septèmes-les-Vallons";"2023-07-22 19:30:00";2;2;0;0;0;0;;;;;"Mesurées";"1";"Malveillance";"Non";;;;""
2023;6129;"05";"05176";"Valserres";"2023-07-22 21:01:00";2;2;0;0;0;0;;;;;"Mesurées";;"Involontaire (particulier)";"Non";;;;""
2023;13664;"72";"72154";"La Flèche";"2023-07-22 21:08:00";20;20;;0;0;0;;;;;"Estimées";;;"Non";;;;""
2023;17107;"16";"16200";"Maine-de-Boixe";"2023-07-22 23:30:13";5000;5000;;0;0;0;;;;;"Estimées";;;"Non";0;0;0;""
2023;17109;"16";"16029";"Bardenac";"2023-07-23 01:04:43";1000;1000;;0;0;0;;;;;"Estimées";;;"Non";0;0;0;""
2023;6163;"22";"22077";"Hénansal";"2023-07-23 01:55:00";100;100;;0;0;0;;;;;"Estimées";;;"Non";;;;""
2023;8000;"85";"85226";"Saint-Hilaire-de-Riez";"2023-07-23 04:18:00";200;200;;0;0;0;;;;;"Mesurées";;;"Non";;;;""
2023;5797;"41";"41137";"Mesland";"2023-07-23 06:10:00";50;50;;0;0;0;;;;;"Estimées";;;"Non";;;;""
2023;6008;"48";"48176";"Saint-Pierre-des-Tripiers";"2023-07-23 09:55:00";300;300;0;0;0;0;;;;;"Estimées";"6";"Involontaire (particulier)";"Non";;;;""
2023;13116;"74";"74185";"Monnetier-Mornex";"2023-07-23 10:01:00";10;10;;0;0;0;;;;;"Estimées";;;"Non";;;;""
2023;5409;"41";"41180";"Pontlevoy";"2023-07-23 11:08:00";2;2;;0;0;0;;;;;"Estimées";;;"Non";;;;""
2023;20502;"30";"30180";"Montignargues";"2023-07-23 11:28:00";759;0;759;0;0;0;;;;;"Mesurées";"1";;"Non";;;;""
2023;6161;"22";"22266";"Rostrenen";"2023-07-23 11:30:00";50;50;;0;0;0;;;;;"Estimées";;;"Non";;;;""
2023;6696;"90";"90085";"Riervescemont";"2023-07-23 12:00:00";15;15;;0;0;0;;;;;"Estimées";;;"Non";;;;""
2023;20746;"30";"30180";"Montignargues";"2023-07-23 13:00:00";7893;0;7893;0;0;0;;;;;"Mesurées";"1";;"Non";;;;""
2023;8001;"85";"85294";"La Tranche-sur-Mer";"2023-07-23 14:03:00";300;300;;0;0;0;;;;;"Mesurées";;;"Non";;;;""
2023;7819;"74";"74014";"Arâches-la-Frasse";"2023-07-23 14:10:00";3500;3500;;0;0;0;;;;;"Estimées";;"Naturelle";"Non";;;;""
2023;17703;"12";"12145";"Millau";"2023-07-23 14:28:00";21500;21500;;0;0;0;;;;;"Estimées";;;"Non";;;;""
2023;18777;"47";"47106";"Fumel";"2023-07-23 15:09:20";60000;60000;;0;0;0;;;;;"Estimées";;;"Non";0;0;0;""
2023;6009;"48";"48036";"Cassagnas";"2023-07-23 15:58:00";50;0;50;0;0;0;;;;;"Estimées";"1";"Accidentelle";"Non";;;;""
2023;6990;"49";"49018";"Baugé-en-Anjou";"2023-07-23 16:39:00";1500;1500;;0;0;0;;;;;"Estimées";;;"Non";;;;""
2023;6766;"13";"13047";"Istres";"2023-07-23 17:28:00";5;5;0;0;0;0;;;;;"Estimées";"1";;"Non";;;;""
2023;6074;"34";"34166";"Montblanc";"2023-07-23 19:44:00";870;0;870;0;0;0;;;;;"Mesurées";"1";"Malveillance";"Non";;;;""
2023;11148;"74";"74244";"Saint-Laurent";"2023-07-23 20:42:00";700;700;;0;0;0;;;;;"Estimées";;;"Non";;;;""
2023;5748;"2B";"2B138";"Lavatoggio";"2023-07-24 00:54:00";400;0;400;0;0;0;;;;;"Estimées";"1";"Malveillance";"Non";;;;""
2023;6741;"07";"07291";"Saint-Remèze";"2023-07-24 02:23:00";200;200;0;0;0;0;;;;;"Estimées";"3";;"Non";;;;""
2023;7006;"06";"06047";"Conségudes";"2023-07-24 05:02:00";300;0;300;0;0;0;;;;;"Estimées";;"Naturelle";"Non";;;;""
2023;5704;"06";"06019";"Blausasc";"2023-07-24 05:28:00";20;0;20;0;0;0;;;;;"Estimées";;"Naturelle";"Non";;;;""
2023;7045;"06";"06132";"Saorge";"2023-07-24 07:37:00";100;0;100;0;0;0;;;;;"Estimées";;"Naturelle";"Non";;;;""
2023;7007;"06";"06057";"L'Escarène";"2023-07-24 11:27:00";100;0;100;0;0;0;;;;;"Estimées";;"Naturelle";"Non";;;;""
2023;6855;"34";"34179";"Murviel-lès-Montpellier";"2023-07-24 12:21:00";10;10;0;0;0;0;;;;;"Mesurées";"4";"Accidentelle";"Non";;;;""
2023;7009;"06";"06162";"La Brigue";"2023-07-24 13:29:00";100;0;100;0;0;0;;;;;"Estimées";;"Naturelle";"Non";;;;""
2023;5756;"41";"41151";"Montrichard Val de Cher";"2023-07-24 13:36:00";25;25;;0;0;0;;;;;"Estimées";;;"Non";;;;""
2023;7008;"06";"06081";"Le Mas";"2023-07-24 16:34:00";15;0;15;0;0;0;;;;;"Estimées";;"Naturelle";"Non";;;;""
2023;6854;"34";"34123";"Juvignac";"2023-07-24 16:55:00";469;469;0;0;0;0;;;;;"Mesurées";"3";;"Non";;;;""
2023;17280;"40";"40182";"Mézos";"2023-07-24 17:24:00";4000;4000;;0;0;0;;;;;"Estimées";;;"Non";0;0;0;""
2023;6767;"13";"13056";"Martigues";"2023-07-24 19:05:00";300;300;0;0;0;0;;;;;"Mesurées";"1";"Malveillance";"Non";;;;""
2023;16162;"84";"84093";"Puget";"2023-07-25 06:16:00";170;170;0;0;0;0;;;;;"Mesurées";"4";"Malveillance";"Non";;;;""
2023;7097;"13";"13055";"Marseille";"2023-07-25 07:05:00";100;0;100;0;0;0;;;;;"Estimées";"2";;"Non";;;;""
2023;21682;"83";"83069";"Hyères";"2023-07-25 08:09:00";70;70;0;0;0;0;;;;;"Estimées";;;"Non";0;0;0;"Données partielles ou non valides"
2023;7010;"06";"06001";"Aiglun";"2023-07-25 09:53:00";1000;0;1000;0;0;0;;;;;"Estimées";;"Naturelle";"Non";;;;""
2023;21683;"83";"83004";"Les Arcs";"2023-07-25 11:16:00";31;0;31;0;0;0;;;;;"Estimées";;"Involontaire (particulier)";"Non";;;;"Données partielles ou non valides"
2023;7011;"06";"06023";"Breil-sur-Roya";"2023-07-25 12:04:00";2000;0;2000;0;0;0;;;;;"Estimées";;"Naturelle";"Non";;;;""
2023;7090;"06";"06009";"Bairols";"2023-07-25 12:29:00";751200;709700;40700;800;0;0;;;;;"Mesurées";;"Naturelle";"Non";;;;""
2023;21684;"83";"83004";"Les Arcs";"2023-07-25 12:58:00";5;5;0;0;0;0;;;;;"Estimées";;;"Non";0;0;0;"Données partielles ou non valides"
2023;21685;"83";"83004";"Les Arcs";"2023-07-25 13:00:00";1426;1426;0;0;0;0;;;;;"Estimées";;"Involontaire (particulier)";"Non";;;;"Données partielles ou non valides"
2023;21686;"83";"83050";"Draguignan";"2023-07-25 13:58:00";977;0;977;0;0;0;;;;;"Estimées";;;"Non";;;;"Données partielles ou non valides"
2023;21687;"83";"83081";"Montauroux";"2023-07-25 15:06:00";5;5;0;0;0;0;;;;;"Estimées";;"Involontaire (particulier)";"Non";0;0;0;"Données partielles ou non valides"
2023;7012;"06";"06027";"Cagnes-sur-Mer";"2023-07-25 15:19:00";62900;20500;0;42400;0;0;;;;;"Mesurées";;;"Non";;;;""
2023;14480;"66";"66008";"Argelès-sur-Mer";"2023-07-25 15:22:00";6700;6700;0;0;0;0;;;;;"Mesurées";;"Malveillance";"Non";;;;""
2023;6774;"13";"13090";"Saint-Antonin-sur-Bayon";"2023-07-25 15:44:00";20;20;0;0;0;0;;;;;"Estimées";"1";"Involontaire (particulier)";"Non";;;;""
2023;6180;"04";"04075";"Entrepierres";"2023-07-25 15:58:00";909;309;0;0;600;0;;;;;"Estimées";;;"Non";;;;""
2023;21688;"83";"83107";"Roquebrune-sur-Argens";"2023-07-25 16:04:00";74;0;74;0;0;0;;;;;"Estimées";"1";;"Non";;;;"Données partielles ou non valides"
2023;6620;"11";"11198";"Laure-Minervois";"2023-07-25 16:59:00";150;150;0;0;0;0;;;;;"Mesurées";;;"Non";;;;""
2023;6769;"13";"13112";"Velaux";"2023-07-25 17:30:00";15500;15500;0;0;0;0;;;;;"Mesurées";"1";"Accidentelle";"Oui";0;1;0;""
2023;20887;"30";"30240";"Saint-Césaire-de-Gauzignan";"2023-07-25 18:00:00";3147;0;3147;0;0;0;;;;;"Mesurées";"1";;"Non";;;;""
2023;6772;"13";"13059";"Meyrargues";"2023-07-25 18:40:00";30;30;0;0;0;0;;;;;"Mesurées";"1";;"Non";;;;""
2023;20888;"30";"30129";"Générargues";"2023-07-25 18:40:00";137;137;0;0;0;0;;;;;"Mesurées";"3";"Accidentelle";"Non";;;;""
2023;6768;"13";"13112";"Velaux";"2023-07-25 18:50:00";2;2;0;0;0;0;;;;;"Estimées";"1";"Malveillance";"Non";;;;""
2023;21689;"83";"83071";"La Londe-les-Maures";"2023-07-25 19:05:00";7607;0;7607;0;0;0;;;;;"Estimées";;"Involontaire (particulier)";"Non";;;;"Données partielles ou non valides"
2023;21690;"83";"83086";"Le Muy";"2023-07-25 19:14:00";3;0;3;0;0;0;;;;;"Estimées";;;"Non";0;0;0;"Données partielles ou non valides"
2023;7038;"06";"06159";"Villefranche-sur-Mer";"2023-07-25 19:25:00";100;0;100;0;0;0;;;;;"Estimées";;"Accidentelle";"Non";;;;""
2023;6063;"2B";"2B120";"Furiani";"2023-07-25 19:49:00";18000;0;18000;0;0;0;;;;;"Estimées";"1";"Involontaire (particulier)";"Non";;;;""
2023;6064;"2B";"2B231";"Pigna";"2023-07-25 22:15:00";1623100;565200;0;1023500;0;34400;;;;;"Mesurées";"2";"Malveillance";"Non";;;;""
2023;20889;"30";"30120";"Gagnières";"2023-07-25 22:29:00";94;94;0;0;0;0;;;;;"Mesurées";"2";;"Non";;;;""
2023;6771;"13";"13043";"Gignac-la-Nerthe";"2023-07-25 22:30:00";200;200;0;0;0;0;;;;;"Mesurées";"1";;"Non";;;;""
2023;6838;"34";"34312";"La Tour-sur-Orb";"2023-07-25 22:56:00";523;0;523;0;0;0;;;;;"Mesurées";"1";"Malveillance";"Non";;;;""
2023;5963;"2A";"2A362";"Zonza";"2023-07-26 00:12:00";276;0;276;0;0;0;;;;;"Mesurées";"1";"Malveillance";"Non";;;;""
2023;6065;"2B";"2B261";"Rogliano";"2023-07-26 01:10:00";5;0;5;0;0;0;;;;;"Estimées";;;"Non";;;;""
2023;7034;"06";"06147";"Tourrette-Levens";"2023-07-26 02:11:00";70200;8700;60000;1500;0;0;;;;;"Mesurées";;;"Non";;;;""
2023;7132;"2A";"2A092";"Conca";"2023-07-26 03:59:00";12000;2000;10000;0;0;0;;;;;"Mesurées";"1";"Malveillance";"Non";;;;""
2023;7133;"2A";"2A092";"Conca";"2023-07-26 04:10:00";12000;2000;10000;0;0;0;;;;;"Mesurées";"1";"Malveillance";"Non";;;;""
2023;6066;"2B";"2B185";"Oletta";"2023-07-26 11:45:00";1000;0;1000;0;0;0;;;;;"Estimées";;"Malveillance";"Non";;;;""
2023;6998;"49";"49114";"Courléon";"2023-07-26 11:52:00";500;500;;0;0;0;;;;;"Estimées";;"Malveillance";"Non";;;;""
2023;6622;"13";"13055";"Marseille";"2023-07-26 16:30:00";200400;100400;30000;70000;0;0;;;;;"Mesurées";"1";;"Non";;;;""
2023;6776;"13";"13071";"Les Pennes-Mirabeau";"2023-07-26 16:30:00";3000;3000;0;0;0;0;;;;;"Mesurées";"1";;"Non";;;;""
2023;6190;"44";"44117";"Le Pallet";"2023-07-26 16:41:00";5000;5000;;0;0;0;;;;;"Estimées";;;"Non";;;;""
2023;6743;"2A";"2A215";"Pianottoli-Caldarello";"2023-07-26 16:57:00";40000;0;10000;10000;20000;0;;;;;"Mesurées";"1";"Involontaire (particulier)";"Non";;;;""
2023;17618;"86";"86187";"Paizay-le-Sec";"2023-07-26 17:25:00";8;8;;0;0;0;;;;;"Estimées";;;"Non";;;;""
2023;19969;"33";"33393";"Saint-Denis-de-Pile";"2023-07-26 17:40:46";20;10;;10;0;0;;;;;"Estimées";;;"Non";0;0;0;""
2023;6742;"07";"07201";"Ruoms";"2023-07-26 18:18:00";500;500;0;0;0;0;;;;;"Estimées";"3";;"Non";;;;""
2023;6775;"13";"13041";"Gardanne";"2023-07-26 19:00:00";10;10;0;0;0;0;;;;;"Estimées";"1";"Accidentelle";"Non";;;;""
2023;21693;"83";"83069";"Hyères";"2023-07-26 21:19:00";50;50;0;0;0;0;;;;;"Estimées";;;"Non";0;0;0;"Données partielles ou non valides"
2023;6777;"13";"13110";"Trets";"2023-07-26 22:56:00";1200;1200;0;0;0;0;;;;;"Mesurées";"1";;"Non";;;;""
2023;21694;"83";"83038";"Châteaudouble";"2023-07-26 23:00:00";11;11;0;0;0;0;;;;;"Estimées";;"Involontaire (particulier)";"Non";;;;"Données partielles ou non valides"
2023;6067;"2B";"2B350";"Vignale";"2023-07-26 23:50:00";600;600;0;0;0;0;;;;;"Estimées";;;"Non";;;;""
2023;6835;"34";"34163";"Montarnaud";"2023-07-27 05:43:00";9321;0;9321;0;0;0;;;;;"Mesurées";"1";"Malveillance";"Non";;;;""
2023;7021;"06";"06053";"Daluis";"2023-07-27 09:38:00";200;0;200;0;0;0;;;;;"Estimées";;;"Non";;;;""
2023;7019;"06";"06120";"Saint-Étienne-de-Tinée";"2023-07-27 11:44:00";5;0;5;0;0;0;;;;;"Estimées";;"Naturelle";"Non";;;;""
2023;6778;"13";"13051";"Lançon-Provence";"2023-07-27 13:15:00";338500;338500;0;0;0;0;;;;;"Mesurées";"1";"Accidentelle";"Non";;;;""
2023;21695;"83";"83023";"Brignoles";"2023-07-27 13:16:00";2;2;0;0;0;0;;;;;"Estimées";;;"Non";;;;"Données partielles ou non valides"
2023;21696;"83";"83001";"Les Adrets-de-l'Estérel";"2023-07-27 13:21:00";65;65;0;0;0;0;;;;;"Estimées";;"Involontaire (particulier)";"Non";;;;"Données partielles ou non valides"
2023;6831;"34";"34013";"Aspiran";"2023-07-27 13:39:00";55997;0;55997;0;0;0;;;;;"Mesurées";"1";"Involontaire (travaux)";"Non";;;;""
2023;7020;"06";"06055";"Duranus";"2023-07-27 15:12:00";100;0;100;0;0;0;;;;;"Estimées";;"Naturelle";"Non";;;;""
2023;8084;"26";"26236";"Pierrelongue";"2023-07-27 16:29:00";13600;13600;0;0;0;0;;;;;"Estimées";"4";"Malveillance";"Non";;;;""
2023;14485;"66";"66127";"Opoul-Périllos";"2023-07-27 21:51:00";1000;0;1000;0;0;0;;;;;"Estimées";;"Naturelle";"Non";;;;""
2023;14487;"66";"66223";"Villefranche-de-Conflent";"2023-07-28 11:44:00";5;5;0;0;0;0;;;;;"Estimées";;"Naturelle";"Non";;;;""
2023;6138;"2A";"2A322";"Tasso";"2023-07-28 13:46:00";150;0;150;0;0;0;;;;;"Estimées";;;"Non";;;;""
2023;17704;"12";"12145";"Millau";"2023-07-28 16:10:00";10000;10000;;0;0;0;;;;;"Estimées";;;"Non";;;;""
2023;6744;"07";"07332";"Valvignères";"2023-07-28 16:23:00";40000;40000;0;0;0;0;;;;;"Estimées";"3";;"Non";;;;""
2023;19973;"33";"33130";"Coimères";"2023-07-29 00:16:00";1500;1500;;0;0;0;;;;;"Estimées";;"Malveillance";"Non";;;;""
2023;15845;"17";"17104";"Chevanceaux";"2023-07-29 01:00:00";784;784;;0;0;0;;;;;"Mesurées";;"Malveillance";"Non";;;;""
2023;15844;"17";"17104";"Chevanceaux";"2023-07-29 01:00:00";7090;7090;;0;0;0;;;;;"Mesurées";;"Malveillance";"Non";;;;""
2023;15842;"17";"17378";"Saint-Palais-de-Négrignac";"2023-07-29 01:00:00";283;283;;0;0;0;;;;;"Mesurées";;;"Non";0;0;0;""
2023;15841;"17";"17378";"Saint-Palais-de-Négrignac";"2023-07-29 01:00:00";624;624;;0;0;0;;;;;"Mesurées";;;"Non";0;0;0;""
2023;15843;"17";"17104";"Chevanceaux";"2023-07-29 01:00:00";532;532;;0;0;0;;;;;"Mesurées";;"Malveillance";"Non";;;;""
2023;17113;"16";"16161";"Guizengeard";"2023-07-29 01:41:11";4000;4000;;0;0;0;;;;;"Estimées";;"Malveillance";"Non";0;0;0;""
2023;17283;"40";"40327";"Vielle-Soubiran";"2023-07-29 02:52:00";6000;6000;;0;0;0;;;;;"Mesurées";;"Malveillance";"Non";;;;""
2023;17114;"16";"16424";"Yviers";"2023-07-29 02:58:44";15000;15000;;0;0;0;;;;;"Estimées";;"Malveillance";"Non";0;0;0;""
2023;7871;"11";"11322";"Roquefort-des-Corbières";"2023-07-29 08:04:00";20;20;0;0;0;0;;;;;"Mesurées";;;"Non";;;;""
2023;21697;"83";"83003";"Ampus";"2023-07-29 11:00:00";24;24;0;0;0;0;;;;;"Estimées";;"Involontaire (particulier)";"Non";;;;"Données partielles ou non valides"
2023;6720;"2B";"2B057";"Canale-di-Verde";"2023-07-29 13:48:00";125000;19000;10000;6000;90000;0;;;;;"Estimées";"3";"Accidentelle";"Non";;;;""
2023;8803;"13";"13055";"Marseille";"2023-07-29 13:55:00";10;0;10;0;0;0;;;;;"Estimées";"3";;"Non";;;;""
2023;6723;"2B";"2B143";"Linguizzetta";"2023-07-29 14:34:00";600;0;600;0;0;0;;;;;"Estimées";;;"Non";;;;""
2023;9291;"88";"88224";"Hadigny-les-Verrières";"2023-07-29 15:09:00";5;5;;0;0;0;;;;;"Estimées";;;;;;;""
2023;6136;"05";"05133";"Saint-Chaffrey";"2023-07-29 16:30:00";5;5;0;0;0;0;;;;;"Mesurées";;"Involontaire (particulier)";"Non";;;;""
2023;7443;"11";"11185";"Lagrasse";"2023-07-29 17:16:00";3500;3500;0;0;0;0;;;;;"Mesurées";;;"Non";;;;""
2023;6818;"34";"34174";"Moulès-et-Baucels";"2023-07-29 18:28:00";9828;0;9828;0;0;0;;;;;"Mesurées";"1";"Naturelle";"Non";;;;""
2023;21698;"83";"83137";"Toulon";"2023-07-30 00:03:00";5;0;5;0;0;0;;;;;"Estimées";;;"Non";0;0;0;"Données partielles ou non valides"
2023;6779;"13";"13106";"Septèmes-les-Vallons";"2023-07-30 00:16:00";15;15;0;0;0;0;;;;;"Estimées";"1";;"Non";;;;""
2023;21699;"83";"83149";"Villecroze";"2023-07-30 11:38:00";392;392;0;0;0;0;;;;;"Estimées";;"Involontaire (particulier)";"Non";;;;"Données partielles ou non valides"
2023;6784;"13";"13071";"Les Pennes-Mirabeau";"2023-07-30 12:51:00";18000;18000;0;0;0;0;;;;;"Mesurées";"1";"Involontaire (particulier)";"Non";;;;""
2023;21700;"83";"83129";"Six-Fours-les-Plages";"2023-07-30 14:27:00";5213;5213;0;0;0;0;;;;;"Estimées";"4";"Involontaire (particulier)";"Non";;;;"Données partielles ou non valides"
2023;6072;"48";"48174";"Saint-Paul-le-Froid";"2023-07-30 14:28:00";4000;0;4000;0;0;0;;;;;"Estimées";"1";;"Non";;;;""
2023;6785;"13";"13047";"Istres";"2023-07-30 16:12:00";200;200;0;0;0;0;;;;;"Estimées";"1";;"Non";;;;""
2023;6139;"2A";"2A211";"Petreto-Bicchisano";"2023-07-30 17:33:00";10;0;10;0;0;0;;;;;"Estimées";"1";;"Non";;;;""
2023;17285;"40";"40021";"Azur";"2023-07-30 18:03:00";25;25;;0;0;0;;;;;"Estimées";;;"Non";0;0;0;""
2023;7003;"49";"49333";"Seiches-sur-le-Loir";"2023-07-30 18:24:00";20;20;;0;0;0;;;;;"Estimées";;;"Non";;;;""
2023;15846;"17";"17110";"Clérac";"2023-07-30 19:29:00";230;230;;0;0;0;;;;;"Mesurées";;;"Non";0;0;0;""
2023;17286;"40";"40142";"Laluque";"2023-07-30 20:35:00";15;15;;0;0;0;;;;;"Estimées";;"Malveillance";"Non";0;0;0;""
2023;22987;"77";"77186";"Fontainebleau";"2023-07-30 22:06:05";10;10;;0;0;0;;;;;"Estimées";;;"Non";;;;""
2023;6141;"2A";"2A359";"Zicavo";"2023-07-30 22:32:00";6567;0;6567;0;0;0;;;;;"Mesurées";"1";"Malveillance";"Non";;;;""
2023;6728;"2B";"2B148";"Lucciana";"2023-07-30 23:00:00";20;0;20;0;0;0;;;;;"Estimées";;;"Non";;;;""
2023;6786;"13";"13047";"Istres";"2023-07-30 23:10:00";500;500;0;0;0;0;;;;;"Estimées";"1";;"Non";;;;""
2023;6730;"2B";"2B034";"Belgodère";"2023-07-31 00:29:00";1000;0;1000;0;0;0;;;;;"Estimées";"1";;"Non";;;;""
2023;21702;"83";"83107";"Roquebrune-sur-Argens";"2023-07-31 00:56:00";8229;0;1000;1229;6000;0;;;;;"Estimées";;"Accidentelle";"Non";;;;"Données partielles ou non valides"
2023;6142;"2A";"2A258";"Renno";"2023-07-31 01:03:00";70;0;70;0;0;0;;;;;"Mesurées";"1";;"Non";;;;""
2023;7098;"13";"13055";"Marseille";"2023-07-31 04:27:00";100;0;100;0;0;0;;;;;"Estimées";"5";"Malveillance";"Non";;;;""
2023;6143;"2A";"2A048";"Calcatoggio";"2023-07-31 08:50:00";10;0;10;0;0;0;;;;;"Estimées";"1";"Involontaire (particulier)";"Non";;;;""
2023;6782;"13";"13025";"Châteauneuf-le-Rouge";"2023-07-31 12:12:00";9600;9600;0;0;0;0;;;;;"Mesurées";"1";"Accidentelle";"Non";;;;""
2023;8268;"11";"11285";"Peyriac-de-Mer";"2023-07-31 12:27:00";20;20;0;0;0;0;;;;;"Mesurées";;"Accidentelle";"Non";;;;""
2023;7870;"11";"11295";"Portel-des-Corbières";"2023-07-31 14:15:00";30;30;0;0;0;0;;;;;"Mesurées";;"Accidentelle";"Non";;;;""
2023;6624;"04";"04176";"Sainte-Croix-du-Verdon";"2023-07-31 15:27:00";100;100;0;0;0;0;;;;;"Estimées";;"Accidentelle";"Non";;;;""
2023;7316;"34";"34213";"Poussan";"2023-07-31 15:50:00";6614;0;6614;0;0;0;;;;;"Mesurées";"1";"Malveillance";"Non";;;;""
2023;6732;"2B";"2B096";"Corte";"2023-07-31 16:20:00";1000;1000;0;0;0;0;;;;;"Estimées";"4";"Accidentelle";"Non";;;;""
2023;21703;"83";"83061";"Fréjus";"2023-07-31 16:39:00";450;450;0;0;0;0;;;;;"Estimées";;"Involontaire (particulier)";"Non";0;0;0;"Données partielles ou non valides"
2023;8090;"26";"26077";"Charmes-sur-l'Herbasse";"2023-07-31 16:41:00";3;3;0;0;0;0;;;;;"Estimées";"3";;"Non";;;;""
2023;21704;"83";"83099";"Puget-sur-Argens";"2023-07-31 16:46:00";257;257;0;0;0;0;;;;;"Estimées";;;"Non";;;;"Données partielles ou non valides"
2023;13117;"74";"74138";"Gruffy";"2023-07-31 17:16:00";500;500;;0;0;0;;;;;"Estimées";;;"Non";;;;""
2023;6783;"13";"13063";"Miramas";"2023-07-31 19:25:00";50;50;0;0;0;0;;;;;"Estimées";"1";"Malveillance";"Non";;;;""
2023;7313;"34";"34121";"Joncels";"2023-08-01 00:25:00";12415;0;12415;0;0;0;;;;;"Mesurées";"1";"Malveillance";"Non";;;;""
2023;7310;"34";"34146";"Lunel-Viel";"2023-08-01 07:30:00";4526;0;4526;0;0;0;;;;;"Mesurées";"1";"Accidentelle";"Non";;;;""
2023;13676;"72";"72124";"Écommoy";"2023-08-01 08:57:00";20;20;;0;0;0;;;;;"Estimées";;;"Non";;;;""
2023;6781;"13";"13046";"Gréasque";"2023-08-01 09:10:00";1;1;0;0;0;0;;;;;"Estimées";"1";"Involontaire (particulier)";"Non";;;;""
2023;21706;"83";"83115";"Sainte-Maxime";"2023-08-01 10:44:00";50;50;0;0;0;0;;;;;"Estimées";;"Involontaire (travaux)";"Non";0;0;0;"Données partielles ou non valides"
2023;7444;"11";"11116";"Cuxac-d'Aude";"2023-08-01 14:19:00";8400;0;8400;0;0;0;;;;;"Mesurées";;;"Non";;;;""
2023;7022;"06";"06083";"Menton";"2023-08-01 14:53:00";200;0;200;0;0;0;;;;;"Estimées";;"Involontaire (particulier)";"Non";;;;""
2023;21707;"83";"83077";"Méounes-lès-Montrieux";"2023-08-01 15:16:00";346;346;0;0;0;0;;;;;"Estimées";;"Involontaire (particulier)";"Non";;;;"Données partielles ou non valides"
2023;8303;"13";"13055";"Marseille";"2023-08-01 16:50:00";100;0;100;0;0;0;;;;;"Estimées";"1";;"Non";;;;""
2023;21709;"83";"83085";"La Motte";"2023-08-01 19:16:00";100;0;100;0;0;0;;;;;"Estimées";;"Accidentelle";"Non";0;0;0;"Données partielles ou non valides"
2023;21711;"83";"83061";"Fréjus";"2023-08-01 20:36:00";10;0;10;0;0;0;;;;;"Estimées";;;"Non";0;0;0;"Données partielles ou non valides"
2023;6780;"13";"13106";"Septèmes-les-Vallons";"2023-08-01 20:52:00";6000;6000;0;0;0;0;;;;;"Mesurées";"1";"Involontaire (particulier)";"Non";;;;""
2023;15549;"38";"38487";"Seyssuel";"2023-08-01 20:53:00";100;100;;0;0;0;;;;;"Estimées";;;"Non";;;;""
2023;7135;"2A";"2A041";"Bonifacio";"2023-08-01 21:35:00";240;0;240;0;0;0;;;;;"Mesurées";;;"Non";;;;""
2023;6806;"2B";"2B034";"Belgodère";"2023-08-02 01:48:00";6000;0;6000;0;0;0;;;;;"Estimées";"1";"Involontaire (particulier)";"Non";;;;""
2023;20517;"30";"30153";"Malons-et-Elze";"2023-08-02 09:15:00";2188;2188;0;0;0;0;;;;;"Mesurées";;"Malveillance";"Non";;;;""
2023;7023;"06";"06042";"Clans";"2023-08-02 10:24:00";100;0;100;0;0;0;;;;;"Estimées";;"Naturelle";"Non";;;;""
2023;21712;"83";"83073";"Le Luc";"2023-08-02 10:26:00";10;0;10;0;0;0;;;;;"Estimées";;;"Non";0;0;0;"Données partielles ou non valides"
2023;7024;"06";"06120";"Saint-Étienne-de-Tinée";"2023-08-02 14:29:00";90;0;90;0;0;0;;;;;"Estimées";;;"Non";;;;""
2023;21714;"83";"83031";"Le Cannet-des-Maures";"2023-08-02 14:36:00";5;0;5;0;0;0;;;;;"Estimées";;"Malveillance";"Non";;;;"Données partielles ou non valides"
2023;7716;"48";"48146";"Gorges du Tarn Causses";"2023-08-02 16:22:00";1500;0;1500;0;0;0;;;;;"Estimées";"1";"Involontaire (travaux)";"Non";;;;""
2023;21715;"83";"83061";"Fréjus";"2023-08-02 20:15:00";800;0;800;0;0;0;;;;;"Estimées";;;"Non";0;0;0;"Données partielles ou non valides"
2023;21716;"83";"83077";"Méounes-lès-Montrieux";"2023-08-02 23:33:00";5;0;5;0;0;0;;;;;"Estimées";;;"Non";0;0;0;"Données partielles ou non valides"
2023;21717;"83";"83068";"Grimaud";"2023-08-03 14:06:00";258;0;258;0;0;0;;;;;"Estimées";;;"Non";;;;"Données partielles ou non valides"
2023;7718;"07";"07281";"Saint-Péray";"2023-08-03 15:58:00";100;0;100;0;0;0;;;;;"Estimées";;"Involontaire (travaux)";"Non";;;;""
2023;7040;"06";"06077";"Lucéram";"2023-08-03 16:52:00";200;0;200;0;0;0;;;;;"Estimées";;;"Non";;;;""
2023;20890;"30";"30087";"Colognac";"2023-08-03 16:58:00";37;37;0;0;0;0;;;;;"Mesurées";"3";"Involontaire (particulier)";"Non";;;;""
2023;21718;"83";"83054";"La Farlède";"2023-08-03 17:53:00";10;0;10;0;0;0;;;;;"Estimées";;"Involontaire (particulier)";"Non";0;0;0;"Données partielles ou non valides"
2023;21719;"83";"83107";"Roquebrune-sur-Argens";"2023-08-03 19:29:00";2;0;2;0;0;0;;;;;"Estimées";;;"Non";0;0;0;"Données partielles ou non valides"
2023;6787;"13";"13107";"Simiane-Collongue";"2023-08-03 21:53:00";500;500;0;0;0;0;;;;;"Estimées";"1";;"Non";;;;""
2023;7286;"34";"34123";"Juvignac";"2023-08-04 00:59:00";5143;0;5143;0;0;0;;;;;"Mesurées";"1";"Malveillance";"Non";;;;""
2023;6878;"66";"66088";"Ille-sur-Têt";"2023-08-04 01:04:00";252600;0;252600;0;0;0;;;;;"Mesurées";;"Malveillance";"Non";;;;""
2023;6788;"13";"13039";"Fos-sur-Mer";"2023-08-04 03:45:00";10;10;0;0;0;0;;;;;"Estimées";"1";;"Non";;;;""
2023;7130;"13";"13055";"Marseille";"2023-08-04 10:45:00";1400;0;1400;0;0;0;;;;;"Estimées";"1";;"Non";;;;""
2023;7026;"06";"06076";"Lieuche";"2023-08-04 11:24:00";10800;2400;8400;0;0;0;;;;;"Estimées";;;"Non";;;;""
2023;21720;"83";"83061";"Fréjus";"2023-08-04 13:55:00";10;0;10;0;0;0;;;;;"Estimées";;;"Non";0;0;0;"Données partielles ou non valides"
2023;7042;"06";"06037";"Caussols";"2023-08-04 13:59:00";500;0;500;0;0;0;;;;;"Estimées";;"Naturelle";"Non";;;;""
2023;21721;"83";"83139";"Tourtour";"2023-08-04 14:07:00";162;162;0;0;0;0;;;;;"Estimées";;"Involontaire (particulier)";"Non";0;0;0;"Données partielles ou non valides"
2023;7060;"13";"13039";"Fos-sur-Mer";"2023-08-04 14:25:00";300;300;0;0;0;0;;;;;"Estimées";"1";;"Non";;;;""
2023;7069;"13";"13047";"Istres";"2023-08-04 16:08:00";10000;10000;0;0;0;0;;;;;"Mesurées";"1";;"Non";;;;""
2023;7079;"13";"13108";"Tarascon";"2023-08-04 17:33:00";3000;3000;0;0;0;0;;;;;"Estimées";"1";;"Oui";0;1;0;""
2023;13118;"74";"74279";"Thollon-les-Mémises";"2023-08-04 17:35:00";60;60;;0;0;0;;;;;"Estimées";;"Accidentelle";"Non";;;;""
2023;8304;"13";"13055";"Marseille";"2023-08-04 18:19:00";3000;0;3000;0;0;0;;;;;"Estimées";"1";;"Non";;;;""
2023;7275;"34";"34187";"Olargues";"2023-08-04 18:38:00";216;216;0;0;0;0;;;;;"Mesurées";"2";"Malveillance";"Non";;;;""
2023;7064;"13";"13059";"Meyrargues";"2023-08-04 18:50:00";50;50;0;0;0;0;;;;;"Mesurées";"1";"Malveillance";"Non";;;;""
2023;7078;"13";"13113";"Venelles";"2023-08-04 19:13:00";50;50;0;0;0;0;;;;;"Estimées";"1";"Involontaire (particulier)";"Non";;;;""
2023;14513;"66";"66034";"Campôme";"2023-08-04 19:40:00";600;600;0;0;0;0;;;;;"Estimées";;;"Non";;;;""
2023;7077;"13";"13107";"Simiane-Collongue";"2023-08-04 21:05:00";300;300;0;0;0;0;;;;;"Mesurées";"1";"Malveillance";"Non";;;;""
2023;7075;"13";"13107";"Simiane-Collongue";"2023-08-04 21:22:00";300;300;0;0;0;0;;;;;"Mesurées";"1";"Malveillance";"Non";;;;""
2023;7074;"13";"13107";"Simiane-Collongue";"2023-08-04 21:44:00";100;100;0;0;0;0;;;;;"Mesurées";"1";"Malveillance";"Non";;;;""
2023;21722;"83";"83140";"Tourves";"2023-08-04 21:52:00";200;0;200;0;0;0;;;;;"Estimées";;;"Non";0;0;0;"Données partielles ou non valides"
2023;14514;"66";"66168";"Saint-André";"2023-08-04 22:00:00";63300;0;63300;0;0;0;;;;;"Mesurées";;"Malveillance";"Non";;;;""
2023;7063;"13";"13062";"Mimet";"2023-08-04 22:31:00";2;2;0;0;0;0;;;;;"Mesurées";"1";"Malveillance";"Non";;;;""
2023;7076;"13";"13107";"Simiane-Collongue";"2023-08-04 22:40:00";200;200;0;0;0;0;;;;;"Mesurées";"1";"Malveillance";"Non";;;;""
2023;7072;"13";"13041";"Gardanne";"2023-08-04 23:15:00";10000;10000;0;0;0;0;;;;;"Mesurées";"1";"Malveillance";"Non";;;;""
2023;7061;"13";"13016";"La Bouilladisse";"2023-08-05 00:16:00";10;10;0;0;0;0;;;;;"Mesurées";"1";"Malveillance";"Non";;;;""
2023;7270;"34";"34336";"Villeneuve-lès-Béziers";"2023-08-05 02:23:00";124422;0;124422;0;0;0;;;;;"Mesurées";;"Accidentelle";"Non";;;;""
2023;7082;"13";"13044";"Grans";"2023-08-05 09:37:00";7000;7000;0;0;0;0;;;;;"Estimées";"1";"Malveillance";"Non";;;;""
2023;7081;"13";"13001";"Aix-en-Provence";"2023-08-05 10:02:00";200;200;0;0;0;0;;;;;"Estimées";"1";;"Non";;;;""
2023;7873;"11";"11210";"Luc-sur-Orbieu";"2023-08-05 10:20:00";500;0;500;0;0;0;;;;;"Mesurées";;"Accidentelle";"Non";;;;""
2023;7267;"34";"34142";"Lodève";"2023-08-05 11:36:00";1560;0;1560;0;0;0;;;;;"Mesurées";"1";"Involontaire (particulier)";"Non";;;;""
2023;7719;"07";"07163";"Montselgues";"2023-08-05 12:46:00";200;200;0;0;0;0;;;;;"Estimées";"3";"Accidentelle";"Non";;;;""
2023;16462;"84";"84017";"Bédoin";"2023-08-05 15:05:00";800;800;0;0;0;0;;;;;"Mesurées";"2";"Involontaire (particulier)";"Oui";0;0;1;""
2023;8626;"26";"26365";"Vaunaveys-la-Rochette";"2023-08-05 15:32:00";10000;3000;0;0;7000;0;;;;;"Estimées";"3";;"Non";;;;""
2023;7071;"13";"13047";"Istres";"2023-08-05 17:34:00";2000;2000;0;0;0;0;;;;;"Estimées";"1";;"Non";;;;""
2023;7065;"13";"13059";"Meyrargues";"2023-08-05 18:45:00";500;500;0;0;0;0;;;;;"Mesurées";"1";"Malveillance";"Non";;;;""
2023;21723;"83";"83104";"Rians";"2023-08-05 19:00:00";676;676;0;0;0;0;;;;;"Estimées";;"Accidentelle";"Non";;;;"Données partielles ou non valides"
2023;13724;"34";"34173";"Montpeyroux";"2023-08-05 20:01:00";771;0;771;0;0;0;;;;;"Mesurées";"1";"Accidentelle";"Non";;;;""
2023;21724;"83";"83035";"Le Castellet";"2023-08-05 20:24:00";4885;4885;0;0;0;0;;;;;"Estimées";;"Malveillance";"Non";;;;"Données partielles ou non valides"
2023;7080;"13";"13056";"Martigues";"2023-08-05 21:44:00";100;100;0;0;0;0;;;;;"Estimées";"1";"Malveillance";"Non";;;;""
2023;7028;"04";"04068";"Dauphin";"2023-08-05 22:26:00";10;10;0;0;0;0;;;;;"Estimées";;"Accidentelle";"Non";;;;""
2023;7083;"13";"13022";"Cassis";"2023-08-06 00:37:00";200;200;0;0;0;0;;;;;"Estimées";"1";;"Non";;;;""
2023;21725;"83";"83019";"Bormes-les-Mimosas";"2023-08-06 01:17:00";10;0;10;0;0;0;;;;;"Estimées";;"Involontaire (particulier)";"Non";0;0;0;"Données partielles ou non valides"
2023;7062;"13";"13001";"Aix-en-Provence";"2023-08-06 01:56:00";30000;30000;0;0;0;0;;;;;"Estimées";"1";"Involontaire (particulier)";"Non";;;;""
2023;7255;"34";"34016";"Aumelas";"2023-08-06 02:07:00";1783200;0;1783200;0;0;0;;;;;"Mesurées";"1";"Malveillance";"Non";;;;""
2023;7136;"2A";"2A254";"Quenza";"2023-08-06 10:15:00";30;0;30;0;0;0;;;;;"Mesurées";;"Accidentelle";"Non";;;;""
2023;7149;"2B";"2B042";"Borgo";"2023-08-06 10:59:00";20000;0;20000;0;0;0;;;;;"Estimées";"2";"Malveillance";"Oui";0;0;1;""
2023;7150;"2B";"2B185";"Oletta";"2023-08-06 11:55:00";2500;0;2500;0;0;0;;;;;"Estimées";"1";"Malveillance";"Non";;;;""
2023;21726;"83";"83048";"La Croix-Valmer";"2023-08-06 13:13:00";2;0;2;0;0;0;;;;;"Estimées";;"Involontaire (particulier)";"Non";0;0;0;"Données partielles ou non valides"
2023;13736;"34";"34163";"Montarnaud";"2023-08-06 14:32:00";40972;0;40972;0;0;0;;;;;"Mesurées";"1";"Accidentelle";"Non";;;;""
2023;7322;"05";"05116";"Réotier";"2023-08-06 14:58:00";11100;9100;0;0;0;2000;;;;;"Mesurées";"1";;"Non";;;;""
2023;7031;"06";"06023";"Breil-sur-Roya";"2023-08-06 15:06:00";10;0;10;0;0;0;;;;;"Estimées";;"Involontaire (particulier)";"Non";;;;""
2023;7068;"13";"13081";"Rognac";"2023-08-06 15:44:00";208000;208000;0;0;0;0;;;;;"Mesurées";"1";;"Non";;;;""
2023;21727;"83";"83094";"Le Plan-de-la-Tour";"2023-08-06 16:01:00";246;0;246;0;0;0;;;;;"Estimées";;;"Non";0;0;0;"Données partielles ou non valides"
2023;7084;"13";"13023";"Ceyreste";"2023-08-06 16:04:00";104;104;0;0;0;0;;;;;"Mesurées";"1";"Involontaire (particulier)";"Non";;;;""
2023;7070;"13";"13047";"Istres";"2023-08-06 16:14:00";300;300;0;0;0;0;;;;;"Estimées";"1";;"Non";;;;""
2023;7243;"34";"34014";"Assas";"2023-08-06 16:16:00";170550;170550;0;0;0;0;;;;;"Mesurées";"4";"Accidentelle";"Non";;;;""
2023;6909;"05";"05023";"Briançon";"2023-08-06 17:41:00";6;6;0;0;0;0;;;;;"Estimées";"4";"Naturelle";"Non";;;;""
2023;21729;"83";"83123";"Sanary-sur-Mer";"2023-08-06 17:46:00";500;0;500;0;0;0;;;;;"Estimées";;;"Non";0;0;0;"Données partielles ou non valides"
2023;7720;"48";"48075";"Ispagnac";"2023-08-06 17:50:00";1000;0;1000;0;0;0;;;;;"Estimées";"1";"Accidentelle";"Non";;;;""
2023;7066;"13";"13059";"Meyrargues";"2023-08-06 18:23:00";10;10;0;0;0;0;;;;;"Mesurées";"1";"Malveillance";"Non";;;;""
2023;21730;"83";"83042";"Cogolin";"2023-08-06 18:33:00";1;0;1;0;0;0;;;;;"Estimées";;"Malveillance";"Non";0;0;0;"Données partielles ou non valides"
2023;7085;"13";"13098";"Saint-Mitre-les-Remparts";"2023-08-06 22:03:00";100;100;0;0;0;0;;;;;"Estimées";"1";"Malveillance";"Non";;;;""
2023;7923;"11";"11210";"Luc-sur-Orbieu";"2023-08-06 22:05:00";5000;5000;0;0;0;0;;;;;"Mesurées";;"Malveillance";"Non";;;;""
2023;7086;"13";"13056";"Martigues";"2023-08-06 22:43:00";500;500;0;0;0;0;;;;;"Mesurées";"1";"Malveillance";"Non";;;;""
2023;7087;"13";"13022";"Cassis";"2023-08-07 02:09:00";200;200;0;0;0;0;;;;;"Estimées";"1";;"Non";;;;""
2023;14528;"66";"66008";"Argelès-sur-Mer";"2023-08-07 07:15:00";337;337;0;0;0;0;;;;;"Mesurées";;"Malveillance";"Non";;;;""
2023;7093;"06";"06088";"Nice";"2023-08-07 10:22:00";2000;0;2000;0;0;0;;;;;"Estimées";;;"Non";;;;""
2023;21733;"83";"83118";"Saint-Raphaël";"2023-08-07 11:02:00";997;0;997;0;0;0;;;;;"Estimées";;"Involontaire (travaux)";"Non";;;;"Données partielles ou non valides"
2023;7134;"2A";"2A271";"Sarrola-Carcopino";"2023-08-07 12:16:00";10000;2000;7000;0;0;1000;;;;;"Mesurées";"1";"Malveillance";"Non";;;;""
2023;21734;"83";"83091";"Pierrefeu-du-Var";"2023-08-07 12:52:00";15;15;0;0;0;0;;;;;"Estimées";;;"Non";0;0;0;"Données partielles ou non valides"
2023;21735;"83";"83061";"Fréjus";"2023-08-07 13:16:00";1;0;1;0;0;0;;;;;"Estimées";;;"Non";0;0;0;"Données partielles ou non valides"
2023;21736;"83";"83047";"La Crau";"2023-08-07 13:58:00";600;0;600;0;0;0;;;;;"Estimées";;;"Non";0;0;0;"Données partielles ou non valides"
2023;6908;"05";"05061";"Gap";"2023-08-07 15:28:00";508;508;0;0;0;0;;;;;"Mesurées";"3";"Malveillance";"Non";;;;""
2023;18799;"47";"47016";"Aubiac";"2023-08-07 15:37:41";1500;1500;;0;0;0;;;;;"Estimées";;"Involontaire (travaux)";"Non";0;0;0;""
2023;7445;"11";"11024";"Bages";"2023-08-07 15:39:00";38260;0;38260;0;0;0;;;;;"Mesurées";;;"Non";;;;""
2023;7723;"07";"07343";"Vinezac";"2023-08-07 16:02:00";5000;5000;0;0;0;0;;;;;"Estimées";"4";"Malveillance";"Non";;;;""
2023;20538;"30";"30107";"Estézargues";"2023-08-07 16:02:00";3882;3882;0;0;0;0;;;;;"Mesurées";"2";"Accidentelle";"Non";;;;""
2023;7446;"11";"11164";"Ginestas";"2023-08-07 16:03:00";500;0;500;0;0;0;;;;;"Mesurées";;;"Non";;;;""
2023;21737;"83";"83004";"Les Arcs";"2023-08-07 16:35:00";4520;0;4520;0;0;0;;;;;"Estimées";;"Involontaire (particulier)";"Non";;;;"Données partielles ou non valides"
2023;16471;"84";"84069";"Malaucène";"2023-08-07 16:43:00";100;100;0;0;0;0;;;;;"Estimées";;"Accidentelle";"Non";;;;""
2023;21738;"83";"83065";"Gassin";"2023-08-07 17:27:00";100;0;100;0;0;0;;;;;"Estimées";;"Involontaire (travaux)";"Non";0;0;0;"Données partielles ou non valides"
2023;21739;"83";"83101";"Ramatuelle";"2023-08-07 18:41:00";50;0;50;0;0;0;;;;;"Estimées";;;"Non";0;0;0;"Données partielles ou non valides"
2023;7088;"13";"13044";"Grans";"2023-08-07 18:45:00";20;20;0;0;0;0;;;;;"Estimées";"1";"Malveillance";"Non";;;;""
2023;21740;"83";"83008";"Bagnols-en-Forêt";"2023-08-07 19:00:00";378;378;0;0;0;0;;;;;"Estimées";"5";"Malveillance";"Non";;;;"Données partielles ou non valides"
2023;21742;"83";"83138";"Tourrettes";"2023-08-07 19:44:00";300;0;300;0;0;0;;;;;"Estimées";;;"Non";0;0;0;"Données partielles ou non valides"
2023;21743;"83";"83091";"Pierrefeu-du-Var";"2023-08-07 19:55:00";2;2;0;0;0;0;;;;;"Estimées";;;"Non";0;0;0;"Données partielles ou non valides"
2023;8632;"26";"26367";"Venterol";"2023-08-07 20:46:00";30;30;0;0;0;0;;;;;"Estimées";"5";;"Non";;;;""
2023;15848;"17";"17173";"La Genétouze";"2023-08-08 04:33:00";15000;15000;;0;0;0;;;;;"Mesurées";;;"Non";0;0;0;""
2023;15847;"17";"17173";"La Genétouze";"2023-08-08 04:33:00";6969;6969;;0;0;0;;;;;"Mesurées";;;"Non";0;0;0;""
2023;17124;"16";"16279";"Rioux-Martin";"2023-08-08 05:37:19";4700;4700;;0;0;0;;;;;"Estimées";;"Malveillance";"Non";0;0;0;""
2023;21744;"83";"83118";"Saint-Raphaël";"2023-08-08 08:37:00";1;1;0;0;0;0;;;;;"Estimées";;;"Non";;;;"Données partielles ou non valides"
2023;7542;"34";"34079";"Clermont-l'Hérault";"2023-08-08 09:14:00";15356;15356;0;0;0;0;;;;;"Mesurées";"4";"Malveillance";"Non";;;;""
2023;21745;"83";"83123";"Sanary-sur-Mer";"2023-08-08 11:10:00";200;0;200;0;0;0;;;;;"Estimées";;"Malveillance";"Non";0;0;0;"Données partielles ou non valides"
2023;7067;"13";"13059";"Meyrargues";"2023-08-08 13:03:00";500;500;0;0;0;0;;;;;"Mesurées";"1";"Malveillance";"Non";;;;""
2023;21746;"83";"83137";"Toulon";"2023-08-08 14:22:00";1;0;1;0;0;0;;;;;"Estimées";;;"Non";0;0;0;"Données partielles ou non valides"
2023;7153;"2B";"2B143";"Linguizzetta";"2023-08-08 14:30:00";10;0;10;0;0;0;;;;;"Estimées";;;"Non";;;;""
2023;7016;"71";"71039";"Blanot";"2023-08-08 15:36:00";60000;30000;;0;0;30000;;;;;"Estimées";;;"Non";;;;""
2023;7534;"34";"34137";"Liausson";"2023-08-08 15:47:00";11754;0;11754;0;0;0;;;;;"Mesurées";"1";"Involontaire (particulier)";"Non";;;;""
2023;8634;"26";"26257";"Puygiron";"2023-08-08 16:14:00";5000;5000;0;0;0;0;;;;;"Estimées";"2";"Malveillance";"Non";;;;""
2023;17736;"12";"12168";"Nant";"2023-08-08 16:24:00";10000;10000;;0;0;0;;;;;"Estimées";;;"Non";;;;""
2023;7724;"48";"48166";"Cans et Cévennes";"2023-08-08 16:35:00";280;0;280;0;0;0;;;;;"Estimées";"1";"Involontaire (travaux)";"Non";;;;""
2023;7041;"04";"04217";"Thoard";"2023-08-08 17:34:00";20;20;0;0;0;0;;;;;"Mesurées";;"Malveillance";"Non";;;;""
2023;17128;"16";"16382";"Torsac";"2023-08-08 17:57:50";50;50;;0;0;0;;;;;"Estimées";;"Involontaire (particulier)";"Non";0;0;0;""
2023;7617;"11";"11220";"Marseillette";"2023-08-08 18:34:00";100;0;100;0;0;0;;;;;"Mesurées";;"Involontaire (particulier)";"Non";;;;""
2023;7089;"13";"13028";"La Ciotat";"2023-08-08 18:45:00";50;50;0;0;0;0;;;;;"Estimées";"1";"Malveillance";"Non";;;;""
2023;16477;"84";"84091";"Piolenc";"2023-08-08 20:14:00";50;50;0;0;0;0;;;;;"Estimées";;;"Non";;;;""
2023;7073;"13";"13050";"Lambesc";"2023-08-08 20:45:00";100;100;0;0;0;0;;;;;"Estimées";"1";"Involontaire (particulier)";"Non";;;;""
2023;7137;"2A";"2A359";"Zicavo";"2023-08-09 00:10:00";7000;0;7000;0;0;0;;;;;"Mesurées";"1";"Malveillance";"Non";;;;""
2023;7614;"11";"11145";"Fleury";"2023-08-09 11:45:00";75;75;0;0;0;0;;;;;"Mesurées";;"Involontaire (particulier)";"Non";;;;""
2023;7141;"05";"05085";"Montgenèvre";"2023-08-09 12:45:00";600;600;0;0;0;0;;;;;"Estimées";"4";;"Non";;;;""
2023;7616;"11";"11144";"Fitou";"2023-08-09 14:07:00";1000;1000;0;0;0;0;;;;;"Mesurées";;"Accidentelle";"Non";;;;""
2023;15849;"17";"17317";"Saint-Ciers-du-Taillon";"2023-08-09 15:57:00";500;500;;0;0;0;;;;;"Mesurées";;"Involontaire (travaux)";"Non";0;0;0;""
2023;17621;"86";"86174";"Naintré";"2023-08-09 16:01:00";5000;5000;;0;0;0;;;;;"Estimées";;"Accidentelle";"Non";;;;""
2023;20556;"30";"30296";"Saint-Roman-de-Codières";"2023-08-09 16:35:00";1232;1232;0;0;0;0;;;;;"Mesurées";"4";"Accidentelle";"Non";;;;""
2023;9381;"11";"11069";"Carcassonne";"2023-08-09 17:40:00";1000;0;1000;0;0;0;;;;;"Estimées";;;"Non";;;;""
2023;17292;"40";"40233";"Pouillon";"2023-08-09 17:56:00";6000;6000;;0;0;0;;;;;"Mesurées";;;"Non";0;0;0;""
2023;22107;"24";"24195";"Gaugeac";"2023-08-09 18:45:00";50;50;;0;0;0;;;;;"Estimées";;"Naturelle";"Non";0;0;0;""
2023;17622;"86";"86128";"Lencloître";"2023-08-09 20:45:00";300;300;;0;0;0;;;;;"Estimées";;;"Non";;;;""
2023;21747;"83";"83030";"Camps-la-Source";"2023-08-09 23:49:00";100;0;100;0;0;0;;;;;"Estimées";;;"Non";0;0;0;"Données partielles ou non valides"
2023;17295;"40";"40040";"Beylongue";"2023-08-10 00:14:00";134800;134800;;0;0;0;;;;;"Mesurées";;"Naturelle";"Non";0;0;0;""
2023;17293;"40";"40150";"Léon";"2023-08-10 01:06:00";60000;60000;;0;0;0;;;;;"Estimées";;"Naturelle";"Non";0;0;0;""
2023;17296;"40";"40031";"Bégaar";"2023-08-10 01:07:00";26310;26310;;0;0;0;;;;;"Mesurées";;"Naturelle";"Non";0;0;0;""
2023;17347;"40";"40180";"Meilhan";"2023-08-10 01:35:00";2000;2000;;0;0;0;;;;;"Estimées";;;"Non";0;0;0;""
2023;7113;"56";"56168";"Plouharnel";"2023-08-10 02:16:00";10;10;;0;0;0;;;;;"Estimées";;;"Non";;;;""
2023;17297;"40";"40165";"Luglon";"2023-08-10 05:48:00";413930;413930;;0;0;0;;;;;"Estimées";;"Naturelle";"Non";;;;""
2023;17294;"40";"40123";"Herm";"2023-08-10 08:07:00";2500;2500;;0;0;0;;;;;"Estimées";;"Naturelle";"Non";0;0;0;""
2023;7618;"11";"11324";"Roubia";"2023-08-10 09:33:00";60;60;0;0;0;0;;;;;"Mesurées";;"Involontaire (particulier)";"Non";;;;""
2023;19990;"33";"33260";"Lugos";"2023-08-10 10:42:52";1500;1500;;0;0;0;;;;;"Estimées";;"Malveillance";"Non";0;0;0;""
2023;7157;"2B";"2B346";"Vescovato";"2023-08-10 10:52:00";300;0;300;0;0;0;;;;;"Estimées";;"Malveillance";"Non";;;;""
2023;13725;"34";"34071";"Ceilhes-et-Rocozels";"2023-08-10 11:05:00";454;454;0;0;0;0;;;;;"Mesurées";"3";"Accidentelle";"Non";;;;""
2023;7514;"34";"34014";"Assas";"2023-08-10 11:38:00";17276;17276;0;0;0;0;;;;;"Mesurées";"4";"Involontaire (travaux)";"Non";;;;""
2023;21748;"83";"83137";"Toulon";"2023-08-10 12:05:00";300;300;0;0;0;0;;;;;"Estimées";;;"Non";0;0;0;"Données partielles ou non valides"
2023;7607;"06";"06118";"Saint-Cézaire-sur-Siagne";"2023-08-10 12:05:00";70;0;70;0;0;0;;;;;"Estimées";;;"Non";;;;""
2023;8552;"13";"13056";"Martigues";"2023-08-10 12:38:00";50;50;0;0;0;0;;;;;"Mesurées";"1";;"Non";;;;""
2023;20891;"30";"30141";"Laudun-l'Ardoise";"2023-08-10 13:00:00";7744;7744;0;0;0;0;;;;;"Mesurées";"1";"Involontaire (travaux)";"Non";;;;""
2023;14541;"66";"66125";"Olette";"2023-08-10 13:09:00";50;50;0;0;0;0;;;;;"Estimées";;"Involontaire (particulier)";"Non";;;;""
2023;7622;"11";"11324";"Roubia";"2023-08-10 14:13:00";18;0;18;0;0;0;;;;;"Mesurées";;"Involontaire (particulier)";"Non";;;;""
2023;15568;"38";"38248";"Montaud";"2023-08-10 15:28:00";1;1;;0;0;0;;;;;"Estimées";;;"Non";;;;""
2023;7619;"11";"11043";"Bouilhonnac";"2023-08-10 15:33:00";4000;0;4000;0;0;0;;;;;"Mesurées";;"Involontaire (particulier)";"Non";;;;""
2023;7733;"48";"48171";"Saint-Martin-de-Lansuscle";"2023-08-10 15:40:00";850;0;850;0;0;0;;;;;"Estimées";"1";"Accidentelle";"Non";;;;""
2023;20892;"30";"30040";"Blandas";"2023-08-10 16:30:00";53596;0;53596;0;0;0;;;;;"Mesurées";"1";"Accidentelle";"Oui";0;1;2;""
2023;19995;"33";"33351";"Reignac";"2023-08-10 17:20:00";10000;10000;;0;0;0;;;;;"Estimées";;"Malveillance";"Non";;;;""
2023;19991;"33";"33001";"Abzac";"2023-08-10 17:27:00";300;150;;150;0;0;;;;;"Estimées";;"Malveillance";"Non";;;;""
2023;7158;"2B";"2B039";"Bisinchi";"2023-08-10 17:42:00";500;0;500;0;0;0;;;;;"Estimées";"1";"Malveillance";"Non";;;;""
2023;20020;"33";"33380";"Val-de-Livenne";"2023-08-10 17:57:22";1000;1000;;0;0;0;;;;;"Estimées";;"Malveillance";"Non";0;0;0;""
2023;19993;"33";"33380";"Val-de-Livenne";"2023-08-10 17:57:22";5000;5000;;0;0;0;;;;;"Estimées";;"Malveillance";"Non";0;0;0;""
2023;20019;"33";"33380";"Val-de-Livenne";"2023-08-10 17:57:22";4000;4000;;0;0;0;;;;;"Estimées";;"Malveillance";"Non";0;0;0;""
2023;7725;"07";"07149";"Marcols-les-Eaux";"2023-08-10 18:13:00";20;20;0;0;0;0;;;;;"Estimées";"3";;"Non";;;;""
2023;19992;"33";"33505";"La Sauve";"2023-08-10 18:39:00";50;50;;0;0;0;;;;;"Estimées";;"Malveillance";"Non";0;0;0;""
2023;17298;"40";"40103";"Gaillères";"2023-08-10 19:00:00";3000;3000;;0;0;0;;;;;"Estimées";;"Naturelle";"Non";;;;""
2023;7621;"11";"11324";"Roubia";"2023-08-10 20:26:00";5;5;0;0;0;0;;;;;"Mesurées";;"Involontaire (particulier)";"Non";;;;""
2023;13686;"72";"72133";"Fillé";"2023-08-10 21:49:00";100;100;;0;0;0;;;;;"Estimées";;;"Non";;;;""
2023;7507;"34";"34063";"Caux";"2023-08-10 22:38:00";5986;5986;0;0;0;0;;;;;"Mesurées";"3";"Malveillance";"Non";;;;""
2023;19994;"33";"33382";"Saint-Christoly-de-Blaye";"2023-08-11 02:37:00";1500;1500;;0;0;0;;;;;"Estimées";;"Malveillance";"Non";;;;""
2023;14544;"66";"66195";"Le Soler";"2023-08-11 14:20:00";30600;10000;0;0;20600;0;;;;;"Mesurées";;;"Non";;;;""
2023;21749;"83";"83123";"Sanary-sur-Mer";"2023-08-11 16:34:00";1000;0;1000;0;0;0;;;;;"Estimées";;;"Non";0;0;0;"Données partielles ou non valides"
2023;13119;"74";"74029";"Bassy";"2023-08-11 17:34:00";10;10;;0;0;0;;;;;"Estimées";;"Accidentelle";"Non";;;;""
2023;7143;"43";"43241";"Solignac-sur-Loire";"2023-08-11 17:42:00";500;500;;0;0;0;;;;;"Estimées";;;"Non";;;;""
2023;21750;"83";"83050";"Draguignan";"2023-08-11 19:40:00";10;0;10;0;0;0;;;;;"Estimées";;;"Non";0;0;0;"Données partielles ou non valides"
2023;8555;"13";"13059";"Meyrargues";"2023-08-12 01:25:00";10;10;0;0;0;0;;;;;"Mesurées";"1";"Malveillance";"Non";;;;""
2023;20567;"30";"30153";"Malons-et-Elze";"2023-08-12 02:41:00";1600;1600;0;0;0;0;;;;;"Mesurées";"3";;"Non";;;;""
2023;8643;"26";"26370";"Vercoiran";"2023-08-12 02:57:00";300;300;0;0;0;0;;;;;"Estimées";"5";"Malveillance";"Non";;;;""
2023;20893;"30";"30023";"Aujargues";"2023-08-12 07:56:00";83;83;0;0;0;0;;;;;"Mesurées";"4";"Malveillance";"Non";;;;""
2023;7160;"2B";"2B143";"Linguizzetta";"2023-08-12 10:17:00";20;0;20;0;0;0;;;;;"Estimées";"1";"Involontaire (particulier)";"Non";;;;""
2023;7759;"07";"07149";"Marcols-les-Eaux";"2023-08-12 11:13:00";2000;2000;0;0;0;0;;;;;"Estimées";"3";"Malveillance";"Non";;;;""
2023;8554;"13";"13091";"Saint-Cannat";"2023-08-12 15:08:00";10;10;0;0;0;0;;;;;"Estimées";"1";"Accidentelle";"Non";;;;""
2023;7735;"48";"48096";"Meyrueis";"2023-08-12 17:40:00";1000;0;1000;0;0;0;;;;;"Estimées";"1";;"Non";;;;""
2023;8553;"13";"13062";"Mimet";"2023-08-12 18:51:00";5;5;0;0;0;0;;;;;"Mesurées";"1";"Involontaire (particulier)";"Non";;;;""
2023;21751;"83";"83032";"Carcès";"2023-08-12 21:02:00";1;1;0;0;0;0;;;;;"Estimées";;"Involontaire (particulier)";"Non";;;;"Données partielles ou non valides"
2023;8265;"11";"11205";"Limousis";"2023-08-12 23:02:00";100;100;0;0;0;0;;;;;"Mesurées";;"Accidentelle";"Non";;;;""
2023;20894;"30";"30285";"Saint-Maurice-de-Cazevieille";"2023-08-13 14:55:00";523;523;0;0;0;0;;;;;"Mesurées";"5";;"Non";;;;""
2023;7922;"11";"11144";"Fitou";"2023-08-13 14:59:00";400;400;0;0;0;0;;;;;"Mesurées";;"Accidentelle";"Non";;;;""
2023;21752;"83";"83106";"Rocbaron";"2023-08-13 15:08:00";33;0;33;0;0;0;;;;;"Estimées";;;"Non";;;;"Données partielles ou non valides"
2023;8556;"13";"13100";"Saint-Rémy-de-Provence";"2023-08-13 17:44:00";100;100;0;0;0;0;;;;;"Mesurées";"1";"Involontaire (particulier)";"Non";;;;""
2023;17133;"16";"16113";"La Couronne";"2023-08-13 18:05:38";30;30;;0;0;0;;;;;"Estimées";;"Accidentelle";"Non";0;0;0;""
2023;7961;"04";"04042";"Castellet-lès-Sausses";"2023-08-13 18:44:00";50;50;0;0;0;0;;;;;"Estimées";;"Naturelle";"Non";;;;""
2023;7886;"2A";"2A359";"Zicavo";"2023-08-13 19:00:00";76000;0;70000;6000;0;0;;;;;"Mesurées";"1";"Malveillance";"Non";;;;""
2023;7478;"34";"34143";"Loupian";"2023-08-13 20:03:00";3000;3000;0;0;0;0;;;;;"Estimées";;"Malveillance";"Non";;;;""
2023;7324;"05";"05178";"Ventavon";"2023-08-13 20:14:00";10000;10000;0;0;0;0;;;;;"Estimées";"5";"Naturelle";"Non";;;;""
2023;7323;"05";"05013";"Barcillonnette";"2023-08-13 20:47:00";1850;1850;0;0;0;0;;;;;"Mesurées";"5";"Naturelle";"Non";;;;""
2023;17348;"40";"40246";"Sabres";"2023-08-13 23:40:00";995;995;;0;0;0;;;;;"Mesurées";;;"Non";0;0;0;""
2023;17349;"40";"40085";"Commensacq";"2023-08-14 00:29:00";3000;3000;;0;0;0;;;;;"Estimées";;"Naturelle";"Non";0;0;0;""
2023;20002;"33";"33180";"Gans";"2023-08-14 00:37:00";500;500;;0;0;0;;;;;"Estimées";;"Naturelle";"Non";0;0;0;""
2023;20003;"33";"33205";"Illats";"2023-08-14 08:07:28";1000;1000;;0;0;0;;;;;"Estimées";;"Accidentelle";"Non";0;0;0;""
2023;20004;"33";"33491";"Saint-Vivien-de-Monségur";"2023-08-14 08:37:21";20;20;;0;0;0;;;;;"Estimées";;"Naturelle";"Non";0;0;0;""
2023;18809;"47";"47026";"Beauziac";"2023-08-14 09:15:12";500;500;;0;0;0;;;;;"Estimées";;"Naturelle";"Non";0;0;0;""
2023;7200;"06";"06153";"Valdeblore";"2023-08-14 10:43:00";40;40;0;0;0;0;;;;;"Estimées";"4";"Naturelle";"Non";;;;""
2023;22314;"87";"87039";"Château-Chervix";"2023-08-14 11:34:40";1;1;;0;0;0;;;;;"Estimées";;;"Non";0;0;0;""
2023;7623;"11";"11099";"Conques-sur-Orbiel";"2023-08-14 13:07:00";10608;10608;0;0;0;0;;;;;"Mesurées";;"Malveillance";"Non";;;;""
2023;22315;"87";"87085";"Limoges";"2023-08-14 13:53:23";1;1;;0;0;0;;;;;"Estimées";;;"Non";0;0;0;""
2023;17301;"40";"40085";"Commensacq";"2023-08-14 14:00:00";3700;3700;;0;0;0;;;;;"Mesurées";;"Naturelle";"Non";0;0;0;""
2023;7760;"07";"07159";"Mirabel";"2023-08-14 14:05:00";300;0;300;0;0;0;;;;;"Estimées";"1";"Involontaire (particulier)";"Non";;;;""
2023;20006;"33";"33190";"Goualade";"2023-08-14 15:14:45";10000;10000;;0;0;0;;;;;"Estimées";;"Naturelle";"Non";0;0;0;""
2023;14551;"66";"66029";"Caixas";"2023-08-14 15:33:00";70;70;0;0;0;0;;;;;"Estimées";;"Accidentelle";"Non";;;;""
2023;17300;"40";"40149";"Lencouacq";"2023-08-14 15:35:00";4000;4000;;0;0;0;;;;;"Estimées";;"Naturelle";"Non";0;0;0;""
2023;7343;"05";"05182";"Villar-Loubière";"2023-08-14 15:49:00";1000;1000;0;0;0;0;;;;;"Mesurées";;"Naturelle";"Non";;;;""
2023;7822;"74";"74056";"Chamonix-Mont-Blanc";"2023-08-14 16:00:00";10;10;;0;0;0;;;;;"Mesurées";;;"Non";;;;""
2023;8558;"13";"13039";"Fos-sur-Mer";"2023-08-14 16:16:00";500;500;0;0;0;0;;;;;"Mesurées";"1";"Accidentelle";"Non";;;;""
2023;15583;"38";"38100";"Le Cheylas";"2023-08-14 16:18:00";60;60;;0;0;0;;;;;"Estimées";;;"Non";;;;""
2023;7426;"66";"66008";"Argelès-sur-Mer";"2023-08-14 17:05:00";4042700;627500;0;3415200;0;0;;;;;"Mesurées";;"Malveillance";"Oui";0;69;30;""
2023;7460;"2B";"2B354";"Vivario";"2023-08-14 17:06:00";10;10;0;0;0;0;;;;;"Estimées";"5";"Involontaire (particulier)";"Non";;;;""
2023;7625;"11";"11043";"Bouilhonnac";"2023-08-14 17:11:00";1510;1210;300;0;0;0;;;;;"Mesurées";;"Malveillance";"Non";;;;""
2023;8652;"26";"26179";"Mercurol-Veaunes";"2023-08-14 17:27:00";1000;800;0;200;0;0;;;;;"Estimées";"2";"Accidentelle";"Non";;;;""
2023;21754;"83";"83116";"Saint-Maximin-la-Sainte-Baume";"2023-08-14 20:00:00";63;0;63;0;0;0;;;;;"Estimées";;"Accidentelle";"Non";;;;"Données partielles ou non valides"
2023;8557;"13";"13056";"Martigues";"2023-08-14 20:18:00";500;500;0;0;0;0;;;;;"Mesurées";"1";;"Non";;;;""
2023;7761;"07";"07234";"Saint-Étienne-de-Valoux";"2023-08-14 20:36:00";1000;1000;0;0;0;0;;;;;"Estimées";"3";;"Non";;;;""
2023;17302;"40";"40311";"Taller";"2023-08-15 00:42:00";10;10;;0;0;0;;;;;"Estimées";;"Naturelle";"Non";0;0;0;""
2023;17304;"40";"40046";"Biscarrosse";"2023-08-15 08:02:00";10;10;;0;0;0;;;;;"Estimées";;"Naturelle";"Non";0;0;0;""
2023;21755;"83";"83044";"Comps-sur-Artuby";"2023-08-15 11:38:00";100;0;100;0;0;0;;;;;"Estimées";;;"Non";0;0;0;"Données partielles ou non valides"
2023;21756;"83";"83118";"Saint-Raphaël";"2023-08-15 11:49:00";1;1;0;0;0;0;;;;;"Estimées";"4";;"Non";;;;"Données partielles ou non valides"
2023;12602;"49";"49110";"Corzé";"2023-08-15 13:00:00";100;100;;0;0;0;;;;;"Estimées";;;"Non";;;;""
2023;21757;"83";"83137";"Toulon";"2023-08-15 13:30:00";1000;1000;0;0;0;0;;;;;"Estimées";;;"Non";0;0;0;"Données partielles ou non valides"
2023;7962;"04";"04096";"Jausiers";"2023-08-15 13:34:00";183;183;0;0;0;0;;;;;"Mesurées";;;"Non";;;;""
2023;7462;"2B";"2B185";"Oletta";"2023-08-15 13:39:00";3000;0;3000;0;0;0;;;;;"Estimées";"1";"Malveillance";"Non";;;;""
2023;8655;"26";"26150";"Izon-la-Bruisse";"2023-08-15 14:00:00";103400;103400;0;0;0;0;;;;;"Estimées";"5";"Involontaire (travaux)";"Non";;;;""
2023;8559;"13";"13113";"Venelles";"2023-08-15 14:13:00";70;70;0;0;0;0;;;;;"Mesurées";"1";"Accidentelle";"Non";;;;""
2023;7463;"2B";"2B346";"Vescovato";"2023-08-15 14:45:00";2000;0;2000;0;0;0;;;;;"Estimées";;"Malveillance";"Non";;;;""
2023;13801;"34";"34229";"Riols";"2023-08-15 15:37:00";120;120;0;0;0;0;;;;;"Mesurées";"2";"Accidentelle";"Non";;;;""
2023;21758;"83";"83069";"Hyères";"2023-08-15 15:43:00";150;0;150;0;0;0;;;;;"Estimées";;;"Non";0;0;0;"Données partielles ou non valides"
2023;7887;"2A";"2A276";"Serra-di-Ferro";"2023-08-15 16:06:00";50;0;50;0;0;0;;;;;"Estimées";;;"Non";;;;""
2023;16512;"84";"84139";"Fontaine-de-Vaucluse";"2023-08-15 17:11:00";230;230;0;0;0;0;;;;;"Mesurées";"4";"Accidentelle";"Non";;;;""
2023;17708;"12";"12270";"Sévérac d'Aveyron";"2023-08-15 17:58:00";2000;2000;;0;0;0;;;;;"Estimées";;;"Non";;;;""
2023;21760;"83";"83007";"Aups";"2023-08-15 19:19:00";2;2;0;0;0;0;;;;;"Estimées";;;"Non";;;;"Données partielles ou non valides"
2023;7474;"06";"06071";"Guillaumes";"2023-08-15 19:52:00";70;70;0;0;0;0;;;;;"Estimées";;"Naturelle";"Non";;;;""
2023;21761;"83";"83004";"Les Arcs";"2023-08-15 20:28:00";50;0;50;0;0;0;;;;;"Estimées";;;"Non";0;0;0;"Données partielles ou non valides"
2023;7764;"07";"07134";"Laurac-en-Vivarais";"2023-08-15 21:45:00";4000;0;4000;0;0;0;;;;;"Estimées";"1";;"Non";;;;""
2023;8551;"13";"13055";"Marseille";"2023-08-15 21:47:00";20;0;20;0;0;0;;;;;"Estimées";"1";;"Non";;;;""
2023;21762;"83";"83073";"Le Luc";"2023-08-15 23:12:00";3;0;3;0;0;0;;;;;"Estimées";;;"Non";0;0;0;"Données partielles ou non valides"
2023;7888;"2A";"2A258";"Renno";"2023-08-15 23:16:00";200;0;200;0;0;0;;;;;"Mesurées";"1";"Malveillance";"Non";;;;""
2023;16514;"84";"84014";"Beaumont-de-Pertuis";"2023-08-15 23:44:00";725;725;0;0;0;0;;;;;"Mesurées";"5";"Accidentelle";"Non";;;;""
2023;7473;"06";"06152";"Valbonne";"2023-08-16 00:22:00";20;0;20;0;0;0;;;;;"Estimées";;;"Non";;;;""
2023;7869;"11";"11322";"Roquefort-des-Corbières";"2023-08-16 00:55:00";50;50;0;0;0;0;;;;;"Mesurées";;"Accidentelle";"Non";;;;""
2023;21763;"83";"83008";"Bagnols-en-Forêt";"2023-08-16 02:31:00";200;0;200;0;0;0;;;;;"Estimées";;"Malveillance";"Non";0;0;0;"Données partielles ou non valides"
2023;8131;"34";"34292";"Salasc";"2023-08-16 09:48:00";70822;70822;0;0;0;0;;;;;"Mesurées";"3";"Accidentelle";"Non";;;;""
2023;7329;"05";"05013";"Barcillonnette";"2023-08-16 10:08:00";300;300;0;0;0;0;;;;;"Estimées";"5";"Involontaire (travaux)";"Non";;;;""
2023;14554;"66";"66142";"Planès";"2023-08-16 11:28:00";1;1;0;0;0;0;;;;;"Estimées";;"Involontaire (particulier)";"Non";;;;""
2023;7736;"48";"48050";"Bédouès-Cocurès";"2023-08-16 12:10:00";100;0;100;0;0;0;;;;;"Estimées";"1";"Involontaire (travaux)";"Non";;;;""
2023;8561;"13";"13051";"Lançon-Provence";"2023-08-16 13:36:00";10;10;0;0;0;0;;;;;"Mesurées";"1";"Involontaire (travaux)";"Non";;;;""
2023;8562;"13";"13051";"Lançon-Provence";"2023-08-16 14:41:00";100;100;0;0;0;0;;;;;"Mesurées";"1";"Involontaire (travaux)";"Non";;;;""
2023;21765;"83";"83028";"Callas";"2023-08-16 14:42:00";1204;1204;0;0;0;0;;;;;"Estimées";;"Accidentelle";"Non";;;;"Données partielles ou non valides"
2023;22110;"24";"24386";"Saint-Cernin-de-l'Herm";"2023-08-16 15:30:00";1;1;;0;0;0;;;;;"Mesurées";;"Involontaire (particulier)";"Non";0;0;0;""
2023;15850;"17";"17317";"Saint-Ciers-du-Taillon";"2023-08-16 16:42:00";3200;3200;;0;0;0;;;;;"Mesurées";;"Involontaire (travaux)";"Non";0;0;0;""
2023;7328;"05";"05103";"Le Poët";"2023-08-16 16:47:00";4100;4100;0;0;0;0;;;;;"Estimées";"6";;"Non";;;;""
2023;8560;"13";"13051";"Lançon-Provence";"2023-08-16 17:02:00";50;50;0;0;0;0;;;;;"Mesurées";"1";"Involontaire (travaux)";"Non";;;;""
2023;15587;"38";"38326";"Prunières";"2023-08-16 18:00:00";400;400;;0;0;0;;;;;"Estimées";;;"Non";;;;""
2023;18813;"47";"47206";"Pinel-Hauterive";"2023-08-16 20:45:17";40;40;;0;0;0;;;;;"Estimées";;"Naturelle";"Non";0;0;0;""
2023;7889;"2A";"2A359";"Zicavo";"2023-08-17 00:33:00";1189;0;1189;0;0;0;;;;;"Mesurées";;;"Non";;;;""
2023;7749;"48";"48009";"Peyre en Aubrac";"2023-08-17 11:35:00";50;0;50;0;0;0;;;;;"Estimées";"1";;"Non";;;;""
2023;7890;"2A";"2A004";"Ajaccio";"2023-08-17 11:41:00";3894;0;3894;0;0;0;;;;;"Mesurées";"1";;"Non";;;;""
2023;14557;"66";"66008";"Argelès-sur-Mer";"2023-08-17 13:04:00";1;1;0;0;0;0;;;;;"Estimées";;"Malveillance";"Non";;;;""
2023;20008;"33";"33237";"Léogeats";"2023-08-17 13:18:45";15000;15000;;0;0;0;;;;;"Estimées";;;"Non";0;0;0;""
2023;20895;"30";"30250";"Saint-Étienne-de-l'Olm";"2023-08-17 14:37:00";6905;6905;0;0;0;0;;;;;"Mesurées";"2";"Involontaire (travaux)";"Non";;;;""
2023;7752;"48";"48103";"Montrodat";"2023-08-17 15:21:00";50000;0;50000;0;0;0;;;;;"Estimées";"1";"Involontaire (travaux)";"Non";;;;""
2023;14559;"66";"66016";"Banyuls-sur-Mer";"2023-08-17 15:37:00";200;200;0;0;0;0;;;;;"Estimées";;"Malveillance";"Non";;;;""
2023;20582;"30";"30077";"Cendras";"2023-08-17 15:49:00";1000;1000;0;0;0;0;;;;;"Estimées";;"Involontaire (particulier)";"Non";;;;""
2023;8661;"26";"26256";"Propiac";"2023-08-17 16:13:00";30460;30460;0;0;0;0;;;;;"Estimées";"4";"Malveillance";"Non";;;;""
2023;15589;"38";"38034";"Beaurepaire";"2023-08-17 16:17:00";1000;1000;;0;0;0;;;;;"Estimées";;;"Non";;;;""
2023;7393;"43";"43012";"Aurec-sur-Loire";"2023-08-17 16:52:00";2850;1000;;0;1850;0;;;;;"Estimées";;;"Non";;;;""
2023;7447;"43";"43162";"Retournac";"2023-08-17 18:01:00";5000;5000;;0;0;0;;;;;"Estimées";;"Malveillance";"Non";;;;""
2023;9302;"88";"88479";"Trémonzey";"2023-08-17 18:12:00";15;15;;0;0;0;;;;;"Estimées";;;;;;;""
2023;7400;"05";"05159";"Saléon";"2023-08-17 20:41:00";1;1;0;0;0;0;;;;;"Mesurées";;"Involontaire (particulier)";"Non";;;;""
2023;8565;"13";"13056";"Martigues";"2023-08-18 08:30:00";5;5;0;0;0;0;;;;;"Mesurées";"1";"Malveillance";"Non";;;;""
2023;7872;"11";"11328";"Routier";"2023-08-18 08:54:00";40;40;0;0;0;0;;;;;"Mesurées";;"Malveillance";"Non";;;;""
2023;7757;"48";"48105";"Naussac-Fontanes";"2023-08-18 10:42:00";120000;0;60000;0;60000;0;;;;;"Mesurées";"5";;"Non";;;;""
2023;17308;"40";"40192";"Mont-de-Marsan";"2023-08-18 10:53:00";1;1;;0;0;0;;;;;"Estimées";;;"Non";0;0;0;""
2023;21766;"83";"83066";"Ginasservis";"2023-08-18 10:55:00";1;0;1;0;0;0;;;;;"Estimées";;;"Non";0;0;0;"Données partielles ou non valides"
2023;21767;"83";"83066";"Ginasservis";"2023-08-18 11:02:00";5;5;0;0;0;0;;;;;"Estimées";;"Accidentelle";"Non";0;0;0;"Données partielles ou non valides"
2023;8727;"82";"82088";"Laguépie";"2023-08-18 11:17:00";30000;30000;;0;0;0;;;;;"Estimées";;;;;;;"Données partielles ou non valides"
2023;13120;"74";"74264";"Scionzier";"2023-08-18 11:24:00";5;5;;0;0;0;;;;;"Estimées";;;"Non";;;;""
2023;15599;"38";"38326";"Prunières";"2023-08-18 12:31:00";1200;1200;;0;0;0;;;;;"Estimées";;;"Non";;;;""
2023;20012;"33";"33190";"Goualade";"2023-08-18 13:02:00";25000;25000;;0;0;0;;;;;"Estimées";;"Naturelle";"Non";0;0;0;""
2023;7626;"11";"11261";"Moux";"2023-08-18 13:31:00";3605;3405;0;0;0;200;;;;;"Mesurées";;"Accidentelle";"Non";;;;""
2023;15601;"38";"38310";"Poliénas";"2023-08-18 14:06:00";500;500;;0;0;0;;;;;"Estimées";;;"Non";;;;""
2023;8566;"13";"13112";"Velaux";"2023-08-18 15:00:00";11200;0;7700;3500;0;0;;;;;"Mesurées";"1";"Involontaire (particulier)";"Non";;;;""
2023;7905;"46";"46197";"Le Montat";"2023-08-18 15:31:00";25000;25000;;0;0;0;;;;;"Estimées";;;"Non";;;;""
2023;21768;"83";"83069";"Hyères";"2023-08-18 16:10:00";6;0;6;0;0;0;;;;;"Estimées";;;"Non";0;0;0;"Données partielles ou non valides"
2023;8564;"13";"13033";"Ensuès-la-Redonne";"2023-08-18 16:10:00";2;2;0;0;0;0;;;;;"Estimées";"1";"Involontaire (particulier)";"Non";;;;""
2023;21769;"83";"83047";"La Crau";"2023-08-18 16:44:00";20;0;20;0;0;0;;;;;"Estimées";;"Involontaire (particulier)";"Non";0;0;0;"Données partielles ou non valides"
2023;8563;"13";"13026";"Châteauneuf-les-Martigues";"2023-08-18 18:04:00";5;5;0;0;0;0;;;;;"Mesurées";"1";"Involontaire (particulier)";"Non";;;;""
2023;20010;"33";"33383";"Saint-Christoly-Médoc";"2023-08-18 18:33:00";10;10;;0;0;0;;;;;"Estimées";;"Accidentelle";"Non";0;0;0;""
2023;7763;"48";"48092";"Marvejols";"2023-08-18 19:48:00";2000;0;2000;0;0;0;;;;;"Estimées";"1";;"Non";;;;""
2023;13688;"72";"72181";"Le Mans";"2023-08-18 20:02:00";400;400;;0;0;0;;;;;"Estimées";;;"Non";;;;""
2023;8567;"13";"13088";"Le Rove";"2023-08-18 22:32:00";5;5;0;0;0;0;;;;;"Estimées";"1";"Involontaire (particulier)";"Non";;;;""
2023;7891;"2A";"2A103";"Cuttoli-Corticchiato";"2023-08-18 23:10:00";535;0;535;0;0;0;;;;;"Mesurées";;"Malveillance";"Non";;;;""
2023;7613;"06";"06048";"Contes";"2023-08-19 03:33:00";100;0;100;0;0;0;;;;;"Estimées";;;"Non";;;;""
2023;21770;"83";"83048";"La Croix-Valmer";"2023-08-19 03:50:00";20;20;0;0;0;0;;;;;"Estimées";;;"Non";0;0;0;"Données partielles ou non valides"
2023;13121;"74";"74284";"La Tour";"2023-08-19 10:40:00";15;15;;0;0;0;;;;;"Estimées";;"Involontaire (particulier)";"Non";;;;""
2023;20896;"30";"30079";"Chambon";"2023-08-19 13:20:00";742;742;0;0;0;0;;;;;"Mesurées";"5";"Malveillance";"Non";;;;""
2023;15605;"38";"38387";"Saint-Geoirs";"2023-08-19 13:36:00";500;500;;0;0;0;;;;;"Estimées";;;"Non";;;;""
2023;7821;"74";"74031";"Beaumont";"2023-08-19 13:51:00";2;2;;0;0;0;;;;;"Mesurées";;;"Non";;;;""
2023;20897;"30";"30180";"Montignargues";"2023-08-19 14:20:00";809;809;0;0;0;0;;;;;"Mesurées";"2";"Malveillance";"Non";;;;""
2023;16524;"84";"84145";"Villars";"2023-08-19 14:43:00";1200;320;0;880;0;0;;;;;"Mesurées";;;"Non";;;;""
2023;7766;"48";"48119";"Prévenchères";"2023-08-19 15:18:00";500;0;500;0;0;0;;;;;"Estimées";"1";;"Non";;;;""
2023;7468;"2B";"2B055";"Campitello";"2023-08-19 15:31:00";30000;0;30000;0;0;0;;;;;"Estimées";"1";"Malveillance";"Non";;;;""
2023;21772;"83";"83016";"Le Beausset";"2023-08-19 16:10:00";393;393;0;0;0;0;;;;;"Estimées";;"Accidentelle";"Non";;;;"Données partielles ou non valides"
2023;15851;"17";"17077";"Cercoux";"2023-08-19 16:23:00";620;620;;0;0;0;;;;;"Mesurées";;;"Non";0;0;0;""
2023;20013;"33";"33393";"Saint-Denis-de-Pile";"2023-08-19 16:36:38";2000;1000;;1000;0;0;;;;;"Estimées";;"Accidentelle";"Non";0;0;0;""
2023;8568;"13";"13047";"Istres";"2023-08-19 17:09:00";30;30;0;0;0;0;;;;;"Mesurées";"1";"Involontaire (particulier)";"Non";;;;""
2023;7730;"07";"07337";"Vernosc-lès-Annonay";"2023-08-19 17:18:00";500;500;0;0;0;0;;;;;"Estimées";"3";;"Non";;;;""
2023;13812;"60";"60007";"Agnetz";"2023-08-19 18:42:00";20;20;;0;0;0;;;;;"Estimées";;"Involontaire (particulier)";"Non";;;;""
2023;7765;"48";"48092";"Marvejols";"2023-08-19 18:51:00";500;0;500;0;0;0;;;;;"Estimées";"1";;"Non";;;;""
2023;20595;"30";"30120";"Gagnières";"2023-08-19 19:04:00";739;739;0;0;0;0;;;;;"Mesurées";;;"Non";;;;""
2023;8665;"26";"26063";"Buis-les-Baronnies";"2023-08-19 19:09:00";100;100;0;0;0;0;;;;;"Estimées";"2";;"Non";;;;""
2023;17711;"12";"12129";"Lestrade-et-Thouels";"2023-08-19 19:58:00";1000;1000;;0;0;0;;;;;"Estimées";;;"Non";;;;""
2023;8112;"34";"34170";"Montouliers";"2023-08-19 21:18:00";2924;2924;0;0;0;0;;;;;"Mesurées";"4";"Malveillance";"Non";;;;""
2023;7731;"07";"07348";"Vogüé";"2023-08-19 22:15:00";2000;0;2000;0;0;0;;;;;"Estimées";"1";;"Non";;;;""
2023;8570;"13";"13093";"Saint-Estève-Janson";"2023-08-20 08:33:00";10;10;0;0;0;0;;;;;"Estimées";"1";;"Non";;;;""
2023;8569;"13";"13060";"Meyreuil";"2023-08-20 10:28:00";50;50;0;0;0;0;;;;;"Estimées";"1";;"Non";;;;""
2023;16954;"09";"09169";"Limbrassac";"2023-08-20 14:04:00";50000;30000;;20000;0;0;;;;;"Mesurées";;;"Non";;;;"Données partielles ou non valides"
2023;8395;"41";"41043";"Châtillon-sur-Cher";"2023-08-20 15:14:00";28000;28000;;0;0;0;;;;;"Estimées";;"Malveillance";"Non";;;;""
2023;8668;"26";"26256";"Propiac";"2023-08-20 15:42:00";100;100;0;0;0;0;;;;;"Estimées";"5";"Involontaire (travaux)";"Non";;;;""
2023;7748;"07";"07212";"Saint-André-en-Vivarais";"2023-08-20 15:47:00";20;20;0;0;0;0;;;;;"Estimées";"4";;"Non";;;;""
2023;17742;"12";"12305";"Viviez";"2023-08-20 16:01:00";119200;116000;;3200;0;0;;;;;"Mesurées";;;"Non";;;;""
2023;9130;"05";"05033";"Chanousse";"2023-08-20 17:16:00";1345400;1324100;19600;0;0;1700;;;;;"Mesurées";;;"Non";;;;""
2023;8536;"69";"69296";"Solaize";"2023-08-20 17:57:00";8000;2000;;6000;0;0;;;;;"Mesurées";;"Involontaire (particulier)";"Non";;;;""
2023;17311;"40";"40332";"Ychoux";"2023-08-20 18:07:00";60;60;;0;0;0;;;;;"Estimées";;"Naturelle";"Non";0;0;0;""
2023;21773;"83";"83130";"Solliès-Pont";"2023-08-20 18:07:00";100;0;100;0;0;0;;;;;"Estimées";;;"Non";;;;"Données partielles ou non valides"
2023;13122;"74";"74127";"Féternes";"2023-08-20 18:59:00";1;1;;0;0;0;;;;;"Mesurées";;"Involontaire (particulier)";"Non";;;;""
2023;12612;"49";"49099";"Cholet";"2023-08-20 22:03:00";5;5;;0;0;0;;;;;"Estimées";;;"Non";;;;""
2023;7472;"43";"43211";"Saint-Maurice-de-Lignon";"2023-08-20 22:32:00";5000;1000;;4000;0;0;;;;;"Estimées";;;"Non";;;;""
2023;21774;"83";"83061";"Fréjus";"2023-08-20 22:44:00";3;0;3;0;0;0;;;;;"Estimées";;;"Non";0;0;0;"Données partielles ou non valides"
2023;20024;"33";"33155";"Escaudes";"2023-08-21 05:44:07";56000;56000;;0;0;0;;;;;"Mesurées";;;"Non";0;0;0;""
2023;11271;"74";"74031";"Beaumont";"2023-08-21 07:20:00";100;100;;0;0;0;;;;;"Estimées";;"Naturelle";"Non";;;;""
2023;7824;"74";"74004";"Allèves";"2023-08-21 09:40:00";2;2;;0;0;0;;;;;"Mesurées";;"Accidentelle";"Non";;;;""
2023;8571;"13";"13117";"Vitrolles";"2023-08-21 10:41:00";10;10;0;0;0;0;;;;;"Estimées";"1";"Accidentelle";"Non";;;;""
2023;7627;"11";"11295";"Portel-des-Corbières";"2023-08-21 11:34:00";1192;1192;0;0;0;0;;;;;"Mesurées";;"Malveillance";"Non";;;;""
2023;7746;"07";"07006";"Albon-d'Ardèche";"2023-08-21 11:37:00";30000;30000;0;0;0;0;;;;;"Estimées";"4";;"Non";;;;""
2023;17712;"12";"12291";"Verrières";"2023-08-21 12:03:00";10000;10000;;0;0;0;;;;;"Estimées";;;"Non";;;;""
2023;7771;"2B";"2B116";"Focicchia";"2023-08-21 12:37:00";13000;0;13000;0;0;0;;;;;"Estimées";"1";"Malveillance";"Non";;;;""
2023;7773;"2B";"2B143";"Linguizzetta";"2023-08-21 13:20:00";20;0;20;0;0;0;;;;;"Estimées";;;"Non";;;;""
2023;7774;"2B";"2B292";"Sant'Andréa-di-Bozio";"2023-08-21 13:25:00";54000;9000;45000;0;0;0;;;;;"Estimées";"1";"Malveillance";"Non";;;;""
2023;7775;"2B";"2B143";"Linguizzetta";"2023-08-21 13:26:00";77000;7000;44000;0;26000;0;;;;;"Estimées";"1";;"Non";;;;""
2023;7825;"74";"74003";"Alex";"2023-08-21 14:14:00";500;500;;0;0;0;;;;;"Estimées";;;"Non";;;;""
2023;8273;"07";"07018";"Astet";"2023-08-21 15:57:00";451800;118000;314100;1100;0;18600;;;;;"Mesurées";"1";"Malveillance";"Non";;;;""
2023;7710;"05";"05174";"Val-des-Prés";"2023-08-21 17:15:00";240;90;0;0;0;150;;;;;"Mesurées";"5";;"Non";;;;""
2023;7883;"11";"11325";"Rouffiac-d'Aude";"2023-08-21 17:39:00";4000;0;4000;0;0;0;;;;;"Mesurées";;"Involontaire (particulier)";"Non";;;;""
2023;13802;"34";"34181";"Neffiès";"2023-08-21 18:05:00";133;0;133;0;0;0;;;;;"Mesurées";"1";"Accidentelle";"Non";;;;""
2023;8300;"13";"13055";"Marseille";"2023-08-21 18:18:00";200;0;200;0;0;0;;;;;"Estimées";"1";"Involontaire (particulier)";"Non";;;;""
2023;7732;"07";"07265";"Saint-Marcel-lès-Annonay";"2023-08-21 20:06:00";100;100;0;0;0;0;;;;;"Estimées";"4";"Malveillance";"Non";;;;""
2023;20048;"33";"33363";"Sadirac";"2023-08-21 22:23:51";400;400;;0;0;0;;;;;"Estimées";;;"Non";0;0;0;""
2023;7712;"05";"05023";"Briançon";"2023-08-21 23:08:00";100;100;0;0;0;0;;;;;"Estimées";"4";;"Non";;;;""
2023;21776;"83";"83021";"Bras";"2023-08-22 00:00:00";360;360;0;0;0;0;;;;;"Estimées";;"Accidentelle";"Non";;;;"Données partielles ou non valides"
2023;7893;"2A";"2A048";"Calcatoggio";"2023-08-22 10:03:00";154;0;154;0;0;0;;;;;"Mesurées";;"Malveillance";"Non";;;;""
2023;7894;"2A";"2A017";"Appietto";"2023-08-22 12:38:00";10000;0;10000;0;0;0;;;;;"Mesurées";;"Malveillance";"Non";;;;""
2023;20023;"33";"33424";"Saint-Laurent-Médoc";"2023-08-22 15:50:11";3000;3000;;0;0;0;;;;;"Estimées";;;"Non";0;0;0;""
2023;7777;"2B";"2B143";"Linguizzetta";"2023-08-22 16:05:00";50;0;50;0;0;0;;;;;"Estimées";;;"Non";;;;""
2023;7606;"06";"06067";"Gorbio";"2023-08-22 16:26:00";200;0;200;0;0;0;;;;;"Estimées";;"Accidentelle";"Non";;;;""
2023;22922;"77";"77333";"Nemours";"2023-08-22 16:31:31";2000;2000;;0;0;0;;;;;"Estimées";;;"Non";;;;""
2023;8031;"04";"04094";"Gréoux-les-Bains";"2023-08-22 16:32:00";4153;4153;0;0;0;0;;;;;"Mesurées";;;"Non";;;;""
2023;17313;"40";"40206";"Oeyregave";"2023-08-22 17:03:00";10;10;;0;0;0;;;;;"Estimées";;;"Non";0;0;0;""
2023;8298;"29";"29256";"Saint-Nic";"2023-08-22 17:04:00";1000;1000;;0;0;0;;;;;"Estimées";;;"Non";;;;""
2023;7737;"07";"07149";"Marcols-les-Eaux";"2023-08-22 17:25:00";20000;20000;0;0;0;0;;;;;"Estimées";"5";"Malveillance";"Non";;;;""
2023;7921;"11";"11435";"Villerouge-Termenès";"2023-08-22 17:27:00";7205;0;5000;0;2205;0;;;;;"Mesurées";;"Malveillance";"Non";;;;""
2023;20022;"33";"33393";"Saint-Denis-de-Pile";"2023-08-22 17:30:00";900;900;;0;0;0;;;;;"Estimées";;"Malveillance";"Non";;;;""
2023;7768;"48";"48013";"Badaroux";"2023-08-22 18:53:00";2000;0;2000;0;0;0;;;;;"Estimées";"1";;"Non";;;;""
2023;7895;"2A";"2A026";"Azilone-Ampaza";"2023-08-22 19:38:00";20;0;20;0;0;0;;;;;"Estimées";"2";"Accidentelle";"Non";;;;""
2023;7779;"2B";"2B355";"Volpajola";"2023-08-22 19:55:00";60;0;60;0;0;0;;;;;"Estimées";;"Malveillance";"Non";;;;""
2023;20025;"33";"33122";"Cestas";"2023-08-22 20:57:00";5000;5000;;0;0;0;;;;;"Estimées";;"Malveillance";"Non";;;;""
2023;8100;"11";"11122";"Douzens";"2023-08-22 23:37:00";375;0;375;0;0;0;;;;;"Mesurées";;"Malveillance";"Non";;;;""
2023;8302;"13";"13055";"Marseille";"2023-08-23 00:14:00";7500;0;7500;0;0;0;;;;;"Estimées";"1";;"Non";;;;""
2023;8101;"11";"11241";"Montbrun-des-Corbières";"2023-08-23 00:51:00";1775;0;1775;0;0;0;;;;;"Mesurées";;"Malveillance";"Non";;;;""
2023;21778;"83";"83143";"Le Val";"2023-08-23 04:42:00";200;200;0;0;0;0;;;;;"Estimées";;;"Non";0;0;0;"Données partielles ou non valides"
2023;7815;"74";"74004";"Allèves";"2023-08-23 11:27:00";12000;10000;;2000;0;0;;;;;"Mesurées";;"Involontaire (particulier)";"Non";;;;""
2023;8728;"82";"82179";"Septfonds";"2023-08-23 12:52:00";445800;419700;;26100;0;0;;;;;"Mesurées";;;;;;;"Données partielles ou non valides"
2023;8574;"13";"13118";"Coudoux";"2023-08-23 14:15:00";18000;18000;0;0;0;0;;;;;"Mesurées";"1";"Involontaire (particulier)";"Non";;;;""
2023;9126;"05";"05045";"Crots";"2023-08-23 14:16:00";250400;183000;0;3900;0;63500;;;;;"Mesurées";;"Involontaire (travaux)";"Oui";0;2;1;""
2023;8576;"13";"13001";"Aix-en-Provence";"2023-08-23 14:17:00";3000;3000;0;0;0;0;;;;;"Estimées";"1";"Involontaire (particulier)";"Non";;;;""
2023;8573;"13";"13059";"Meyrargues";"2023-08-23 14:53:00";400;400;0;0;0;0;;;;;"Mesurées";"1";"Accidentelle";"Non";;;;""
2023;8577;"13";"13117";"Vitrolles";"2023-08-23 15:07:00";50;50;0;0;0;0;;;;;"Estimées";"1";"Involontaire (particulier)";"Non";;;;""
2023;8578;"13";"13033";"Ensuès-la-Redonne";"2023-08-23 15:07:00";5;5;0;0;0;0;;;;;"Estimées";"1";"Involontaire (particulier)";"Non";;;;""
2023;8579;"13";"13071";"Les Pennes-Mirabeau";"2023-08-23 16:15:00";8800;8400;400;0;0;0;;;;;"Mesurées";"1";"Accidentelle";"Non";;;;""
2023;14566;"66";"66147";"Porté-Puymorens";"2023-08-23 16:20:00";500;500;0;0;0;0;;;;;"Estimées";;"Naturelle";"Non";;;;""
2023;8032;"04";"04218";"Thorame-Basse";"2023-08-23 16:33:00";2000;2000;0;0;0;0;;;;;"Mesurées";;"Naturelle";"Non";;;;""
2023;17315;"40";"40165";"Luglon";"2023-08-23 16:49:00";15000;15000;;0;0;0;;;;;"Mesurées";;;"Non";0;0;0;""
2023;7896;"2A";"2A359";"Zicavo";"2023-08-23 17:51:00";4451;0;4451;0;0;0;;;;;"Mesurées";"1";"Malveillance";"Non";;;;""
2023;8033;"04";"04046";"Le Chaffaut-Saint-Jurson";"2023-08-23 17:55:00";5154;5154;0;0;0;0;;;;;"Mesurées";;;"Non";;;;""
2023;7769;"48";"48155";"Saint-Germain-de-Calberte";"2023-08-23 18:00:00";5000;5000;0;0;0;0;;;;;"Estimées";"5";;"Non";;;;""
2023;17317;"40";"40142";"Laluque";"2023-08-23 18:07:00";700;700;;0;0;0;;;;;"Mesurées";;"Accidentelle";"Non";;;;""
2023;17316;"40";"40243";"Rion-des-Landes";"2023-08-23 18:11:00";40800;40800;;0;0;0;;;;;"Mesurées";;"Accidentelle";"Non";0;0;0;""
2023;17714;"12";"12174";"Olemps";"2023-08-23 18:12:00";5000;5000;;0;0;0;;;;;"Estimées";;;"Non";;;;""
2023;16539;"84";"84019";"Bollène";"2023-08-23 18:23:00";200;200;0;0;0;0;;;;;"Estimées";;;"Non";;;;""
2023;17743;"12";"12286";"Vabres-l'Abbaye";"2023-08-23 19:41:00";35000;35000;;0;0;0;;;;;"Estimées";;;"Non";;;;""
2023;17155;"16";"16267";"Poullignac";"2023-08-23 20:41:14";1000;1000;;0;0;0;;;;;"Estimées";;;"Non";0;0;0;""
2023;7707;"05";"05108";"Puy-Saint-Eusèbe";"2023-08-23 20:56:00";3800;3500;0;0;0;300;;;;;"Estimées";"4";"Naturelle";"Non";;;;""
2023;8572;"13";"13001";"Aix-en-Provence";"2023-08-23 23:39:00";500;500;0;0;0;0;;;;;"Estimées";"1";"Involontaire (particulier)";"Non";;;;""
2023;8102;"11";"11261";"Moux";"2023-08-23 23:49:00";100;0;100;0;0;0;;;;;"Mesurées";;"Malveillance";"Non";;;;""
2023;22112;"24";"24272";"Minzac";"2023-08-24 00:47:00";10000;10000;;0;0;0;;;;;"Estimées";;"Accidentelle";"Non";;;;""
2023;8271;"11";"11413";"Villardonnel";"2023-08-24 04:02:00";1025;1025;0;0;0;0;;;;;"Mesurées";;"Accidentelle";"Non";;;;""
2023;7784;"2B";"2B002";"Aghione";"2023-08-24 05:57:00";2000;2000;0;0;0;0;;;;;"Estimées";"2";"Malveillance";"Non";;;;""
2023;13694;"72";"72118";"Dollon";"2023-08-24 11:49:00";50;50;;0;0;0;;;;;"Estimées";;;"Non";;;;""
2023;17320;"40";"40158";"Losse";"2023-08-24 12:55:00";37000;37000;;0;0;0;;;;;"Estimées";;"Accidentelle";"Non";0;0;0;""
2023;15620;"38";"38180";"Gillonnay";"2023-08-24 13:00:00";85068;85068;;0;0;0;;;;;"Mesurées";;"Involontaire (travaux)";"Non";;;;""
2023;9129;"05";"05132";"Saint-Bonnet-en-Champsaur";"2023-08-24 13:41:00";12600;12600;0;0;0;0;;;;;"Mesurées";;"Malveillance";"Non";;;;""
2023;7818;"74";"74036";"Bluffy";"2023-08-24 14:34:00";10000;10000;;0;0;0;;;;;"Estimées";;;"Non";;;;""
2023;8263;"21";"21110";"Brochon";"2023-08-24 15:29:00";155000;155000;;0;0;0;;;;;"Mesurées";;;"Non";;;;""
2023;21781;"83";"83065";"Gassin";"2023-08-24 15:38:00";10;10;0;0;0;0;;;;;"Estimées";;;"Non";0;0;0;"Données partielles ou non valides"
2023;15621;"38";"38244";"Monsteroux-Milieu";"2023-08-24 16:18:00";50;50;;0;0;0;;;;;"Estimées";;"Accidentelle";"Non";;;;""
2023;20898;"30";"30067";"La Capelle-et-Masmolène";"2023-08-24 17:00:00";25192;0;25192;0;0;0;;;;;"Mesurées";"1";"Involontaire (travaux)";"Non";;;;""
2023;7770;"48";"48099";"Bourgs sur Colagne";"2023-08-24 19:24:00";3000;0;3000;0;0;0;;;;;"Estimées";"1";;"Non";;;;""
2023;11686;"73";"73050";"Bourdeau";"2023-08-24 20:04:00";3000;3000;;0;0;0;;;;;"Mesurées";;;"Non";;;;""
2023;15628;"38";"38108";"Choranche";"2023-08-24 21:28:00";41625;41625;;0;0;0;;;;;"Mesurées";;;"Non";;;;""
2023;13695;"72";"72299";"Saint-Mars-d'Outillé";"2023-08-24 21:32:00";4;4;;0;0;0;;;;;"Estimées";;;"Non";;;;""
2023;16247;"14";"14061";"Souleuvre en Bocage";"2023-08-24 21:44:00";70;70;;0;0;0;;;;;"Estimées";;;"Non";;;;""
2023;8580;"13";"13005";"Aubagne";"2023-08-24 22:05:00";20;20;0;0;0;0;;;;;"Estimées";"1";"Involontaire (particulier)";"Non";;;;""
2023;7827;"43";"43129";"Le Mas-de-Tence";"2023-08-24 22:43:00";4500;4500;;0;0;0;;;;;"Mesurées";;;"Non";;;;""
2023;7831;"43";"43213";"Saint-Pal-de-Mons";"2023-08-25 00:44:00";4900;4900;;0;0;0;;;;;"Mesurées";;;"Non";;;;""
2023;20028;"33";"33095";"Captieux";"2023-08-25 01:42:34";2500;2500;;0;0;0;;;;;"Estimées";;"Naturelle";"Non";0;0;0;""
2023;17322;"40";"40164";"Retjons";"2023-08-25 04:04:00";5900;5900;;0;0;0;;;;;"Mesurées";;"Naturelle";"Non";0;0;0;""
2023;8683;"26";"26337";"Saulce-sur-Rhône";"2023-08-25 08:15:00";500;500;0;0;0;0;;;;;"Estimées";"5";"Accidentelle";"Non";;;;""
2023;15852;"17";"17038";"Bedenac";"2023-08-25 08:50:00";200;200;;0;0;0;;;;;"Mesurées";;;"Non";0;0;0;""
2023;7989;"06";"06154";"Valderoure";"2023-08-25 11:52:00";500;0;500;0;0;0;;;;;"Estimées";;"Accidentelle";"Oui";0;0;1;""
2023;7897;"2A";"2A271";"Sarrola-Carcopino";"2023-08-25 12:10:00";37000;7000;30000;0;0;0;;;;;"Mesurées";"1";"Malveillance";"Non";;;;""
2023;21783;"83";"83099";"Puget-sur-Argens";"2023-08-25 12:46:00";555;0;555;0;0;0;;;;;"Estimées";;"Accidentelle";"Non";;;;"Données partielles ou non valides"
2023;20029;"33";"33555";"Marcheprime";"2023-08-25 13:23:00";1000;1000;;0;0;0;;;;;"Estimées";;"Naturelle";"Non";0;0;0;""
2023;17323;"40";"40261";"Saint-Geours-de-Maremne";"2023-08-25 13:27:00";100;100;;0;0;0;;;;;"Estimées";;"Naturelle";"Non";0;0;0;""
2023;8497;"34";"34163";"Montarnaud";"2023-08-25 14:17:00";586;0;586;0;0;0;;;;;"Mesurées";"1";"Involontaire (particulier)";"Non";;;;""
2023;7981;"06";"06079";"Mandelieu-la-Napoule";"2023-08-25 14:54:00";100;0;100;0;0;0;;;;;"Estimées";;;"Non";;;;""
2023;21784;"83";"83086";"Le Muy";"2023-08-25 15:01:00";20;0;20;0;0;0;;;;;"Estimées";;"Involontaire (particulier)";"Non";0;0;0;"Données partielles ou non valides"
2023;8581;"13";"13051";"Lançon-Provence";"2023-08-25 15:10:00";20;20;0;0;0;0;;;;;"Mesurées";"1";"Involontaire (travaux)";"Non";;;;""
2023;14569;"66";"66018";"La Bastide";"2023-08-25 15:15:00";60;60;0;0;0;0;;;;;"Estimées";;"Involontaire (particulier)";"Non";;;;""
2023;14570;"66";"66057";"Corneilla-de-Conflent";"2023-08-25 16:01:00";700;700;0;0;0;0;;;;;"Estimées";;"Accidentelle";"Non";;;;""
2023;7995;"06";"06111";"Roure";"2023-08-25 17:19:00";3000;0;3000;0;0;0;;;;;"Estimées";;;"Non";;;;""
2023;7915;"2B";"2B329";"Tralonca";"2023-08-25 17:30:00";6900;0;5300;600;1000;0;;;;;"Estimées";"1";"Involontaire (particulier)";"Non";;;;""
2023;13696;"72";"72181";"Le Mans";"2023-08-25 17:47:00";8;8;;0;0;0;;;;;"Estimées";;;"Non";;;;""
2023;8269;"11";"11279";"Pennautier";"2023-08-25 18:58:00";650;0;650;0;0;0;;;;;"Mesurées";;"Malveillance";"Non";;;;""
2023;8685;"26";"26074";"La Chapelle-en-Vercors";"2023-08-25 18:59:00";150;150;0;0;0;0;;;;;"Estimées";"5";;"Non";;;;""
2023;7829;"05";"05096";"Orcières";"2023-08-25 19:35:00";6;6;0;0;0;0;;;;;"Mesurées";;"Involontaire (particulier)";"Non";;;;""
2023;17325;"40";"40135";"Labrit";"2023-08-25 20:11:00";3700;3700;;0;0;0;;;;;"Mesurées";;"Naturelle";"Non";0;0;0;""
2023;8582;"13";"13047";"Istres";"2023-08-25 20:44:00";60;60;0;0;0;0;;;;;"Estimées";"1";"Malveillance";"Non";;;;""
2023;15638;"38";"38006";"Allevard";"2023-08-25 22:36:00";1;1;;0;0;0;;;;;"Estimées";;"Naturelle";"Non";;;;""
2023;8999;"56";"56009";"Bangor";"2023-08-26 00:00:00";100000;100000;;0;0;0;;;;;"Estimées";;"Malveillance";"Non";;;;""
2023;9000;"56";"56114";"Locmaria";"2023-08-26 03:40:00";20000;20000;;0;0;0;;;;;"Estimées";;"Malveillance";"Non";;;;""
2023;9001;"56";"56114";"Locmaria";"2023-08-26 03:50:00";20000;20000;;0;0;0;;;;;"Estimées";;"Malveillance";"Non";;;;""
2023;8280;"05";"05052";"Eygliers";"2023-08-26 12:19:00";15;15;0;0;0;0;;;;;"Mesurées";;;"Non";;;;""
2023;8289;"06";"06157";"Vence";"2023-08-26 12:26:00";47500;800;46700;0;0;0;;;;;"Mesurées";;;"Non";;;;""
2023;21786;"83";"83099";"Puget-sur-Argens";"2023-08-26 15:10:00";3;0;3;0;0;0;;;;;"Estimées";;"Accidentelle";"Non";;;;"Données partielles ou non valides"
2023;7917;"2B";"2B055";"Campitello";"2023-08-26 20:25:00";2000;0;2000;0;0;0;;;;;"Estimées";"1";;"Non";;;;""
2023;21788;"83";"83101";"Ramatuelle";"2023-08-27 08:51:00";1;1;0;0;0;0;;;;;"Estimées";;"Naturelle";"Non";0;0;0;"Données partielles ou non valides"
2023;16547;"84";"84075";"Méthamis";"2023-08-27 11:02:00";1;1;0;0;0;0;;;;;"Estimées";;;"Non";;;;""
2023;7920;"11";"11145";"Fleury";"2023-08-27 12:48:00";1;0;1;0;0;0;;;;;"Mesurées";;"Involontaire (particulier)";"Non";;;;""
2023;7918;"2B";"2B185";"Oletta";"2023-08-27 13:10:00";50;0;50;0;0;0;;;;;"Estimées";;"Malveillance";"Non";;;;""
2023;11651;"2A";"2A004";"Ajaccio";"2023-08-27 13:48:00";1;0;1;0;0;0;;;;;"Estimées";"1";;"Non";;;;""
2023;8584;"13";"13029";"Cornillon-Confoux";"2023-08-27 17:19:00";5;5;0;0;0;0;;;;;"Estimées";"1";"Involontaire (particulier)";"Non";;;;""
2023;8583;"13";"13021";"Carry-le-Rouet";"2023-08-27 21:19:00";5;5;0;0;0;0;;;;;"Estimées";"1";;"Non";;;;""
2023;11652;"2A";"2A114";"Figari";"2023-08-28 10:47:00";10;0;10;0;0;0;;;;;"Estimées";;"Naturelle";"Non";;;;""
2023;8103;"11";"11311";"Ribaute";"2023-08-28 13:08:00";1500;1500;0;0;0;0;;;;;"Mesurées";;;"Non";;;;""
2023;8585;"13";"13114";"Ventabren";"2023-08-28 17:15:00";10;10;0;0;0;0;;;;;"Estimées";"1";;"Non";;;;""
2023;9002;"56";"56061";"La Gacilly";"2023-08-28 18:56:00";1500;1500;;0;0;0;;;;;"Estimées";;;"Non";;;;""
2023;8586;"13";"13051";"Lançon-Provence";"2023-08-28 21:54:00";5;5;0;0;0;0;;;;;"Estimées";"1";;"Non";;;;""
2023;8587;"13";"13114";"Ventabren";"2023-08-29 09:09:00";5;5;0;0;0;0;;;;;"Estimées";"1";"Involontaire (particulier)";"Non";;;;""
2023;11653;"2A";"2A163";"Monacia-d'Aullène";"2023-08-29 13:08:00";10;0;10;0;0;0;;;;;"Estimées";;"Involontaire (particulier)";"Non";;;;""
2023;11032;"91";"91135";"Champcueil";"2023-08-29 15:29:00";3;3;;0;0;0;;;;;"Estimées";;;"Non";;;;""
2023;14577;"66";"66016";"Banyuls-sur-Mer";"2023-08-29 16:54:00";10000;0;10000;0;0;0;;;;;"Estimées";;;"Non";;;;""
2023;21790;"83";"83043";"Collobrières";"2023-08-29 18:00:00";2;2;0;0;0;0;;;;;"Estimées";;"Naturelle";"Non";;;;"Données partielles ou non valides"
2023;20899;"30";"30313";"Sauzet";"2023-08-29 18:50:00";2791;2791;0;0;0;0;;;;;"Mesurées";"3";;"Non";;;;""
2023;8267;"11";"11210";"Luc-sur-Orbieu";"2023-08-29 21:24:00";150;150;0;0;0;0;;;;;"Mesurées";;"Malveillance";"Non";;;;""
2023;8266;"11";"11203";"Lézignan-Corbières";"2023-08-29 23:01:00";500;0;500;0;0;0;;;;;"Mesurées";;"Accidentelle";"Non";;;;""
2023;8264;"11";"11024";"Bages";"2023-08-30 05:45:00";60;0;60;0;0;0;;;;;"Mesurées";;"Accidentelle";"Non";;;;""
2023;9090;"88";"88068";"La Bourgonce";"2023-08-30 12:53:00";4;4;;0;0;0;;;;;"Estimées";;;;;;;""
2023;15853;"17";"17337";"Saint-Georges-d'Oléron";"2023-08-30 17:02:00";1000;1000;;0;0;0;;;;;"Mesurées";;;"Non";0;0;0;""
2023;21791;"83";"83033";"Carnoules";"2023-08-30 18:48:00";50;0;50;0;0;0;;;;;"Estimées";;"Malveillance";"Non";0;0;0;"Données partielles ou non valides"
2023;8531;"85";"85127";"Longeville-sur-Mer";"2023-08-30 19:23:00";20;20;;0;0;0;;;;;"Mesurées";;;"Non";;;;""
2023;8588;"13";"13041";"Gardanne";"2023-08-30 20:29:00";2;2;0;0;0;0;;;;;"Estimées";"1";"Involontaire (particulier)";"Non";;;;""
2023;21792;"83";"83081";"Montauroux";"2023-08-30 22:01:00";1483;1483;0;0;0;0;;;;;"Estimées";;;"Non";;;;"Données partielles ou non valides"
2023;13123;"74";"74048";"Brenthonne";"2023-08-31 08:29:00";10;10;;0;0;0;;;;;"Estimées";;;"Non";;;;""
2023;8284;"2B";"2B343";"Venzolasca";"2023-08-31 12:24:00";40;0;40;0;0;0;;;;;"Estimées";;"Malveillance";"Non";;;;""
2023;11033;"91";"91581";"Saint-Yon";"2023-08-31 12:40:00";500;500;;0;0;0;;;;;"Estimées";;;"Non";;;;""
2023;13124;"74";"74123";"Faverges-Seythenex";"2023-08-31 20:06:00";1;1;;0;0;0;;;;;"Mesurées";;;"Non";;;;""
2023;8593;"13";"13039";"Fos-sur-Mer";"2023-09-01 02:13:00";100;100;0;0;0;0;;;;;"Estimées";"1";"Accidentelle";"Non";;;;""
2023;8592;"13";"13067";"Orgon";"2023-09-01 14:57:00";400;400;0;0;0;0;;;;;"Estimées";"1";"Involontaire (particulier)";"Non";;;;""
2023;9092;"88";"88409";"Saint-Amé";"2023-09-01 18:59:00";1;1;;0;0;0;;;;;"Estimées";;;;;;;""
2023;17719;"12";"12242";"Saint-Rémy";"2023-09-01 22:24:00";100;100;;0;0;0;;;;;"Estimées";;"Accidentelle";"Non";;;;""
2023;17330;"40";"40064";"Canenx-et-Réaut";"2023-09-01 23:11:00";430;430;;0;0;0;;;;;"Estimées";;"Naturelle";"Non";0;0;0;""
2023;17333;"40";"40165";"Luglon";"2023-09-02 09:00:00";2;2;;0;0;0;;;;;"Estimées";;"Naturelle";"Non";0;0;0;""
2023;11654;"2A";"2A017";"Appietto";"2023-09-02 10:30:00";10;0;10;0;0;0;;;;;"Estimées";;"Accidentelle";"Non";;;;""
2023;21796;"83";"83070";"Le Lavandou";"2023-09-02 12:45:00";120;120;0;0;0;0;;;;;"Estimées";;"Involontaire (travaux)";"Non";0;0;0;"Données partielles ou non valides"
2023;16870;"84";"84032";"Caseneuve";"2023-09-02 13:19:00";38200;38200;0;0;0;0;;;;;"Mesurées";"5";"Malveillance";"Non";;;;""
2023;9031;"48";"48092";"Marvejols";"2023-09-02 14:50:00";200;0;200;0;0;0;;;;;"Estimées";"1";;"Non";;;;""
2023;20900;"30";"30285";"Saint-Maurice-de-Cazevieille";"2023-09-02 14:55:00";1000;1000;0;0;0;0;;;;;"Estimées";;;"Non";;;;""
2023;20901;"30";"30295";"Saint-Quentin-la-Poterie";"2023-09-02 17:20:00";2834;2834;0;0;0;0;;;;;"Mesurées";"1";"Involontaire (travaux)";"Non";;;;""
2023;21797;"83";"83130";"Solliès-Pont";"2023-09-02 18:30:00";20;20;0;0;0;0;;;;;"Estimées";;"Involontaire (particulier)";"Non";0;0;0;"Données partielles ou non valides"
2023;11034;"91";"91581";"Saint-Yon";"2023-09-03 13:22:00";1;1;;0;0;0;;;;;"Estimées";;;"Non";;;;""
2023;8532;"85";"85278";"Saint-Vincent-sur-Jard";"2023-09-03 13:43:00";50;50;;0;0;0;;;;;"Mesurées";;;"Non";;;;""
2023;21798;"83";"83148";"Vidauban";"2023-09-03 13:53:00";800;0;800;0;0;0;;;;;"Estimées";;"Accidentelle";"Non";0;0;0;"Données partielles ou non valides"
2023;8286;"71";"71407";"Saint-Didier-sur-Arroux";"2023-09-03 15:38:00";500;250;;0;250;0;;;;;"Estimées";;;"Non";;;;""
2023;8753;"34";"34093";"Dio-et-Valquières";"2023-09-03 15:53:00";1141;0;1141;0;0;0;;;;;"Mesurées";"1";"Malveillance";"Non";;;;""
2023;20039;"33";"33376";"Saint-Aubin-de-Médoc";"2023-09-03 20:22:40";31;1;;30;0;0;;;;;"Estimées";;"Accidentelle";"Non";0;0;0;""
2023;10069;"13";"13051";"Lançon-Provence";"2023-09-03 21:24:00";50;50;0;0;0;0;;;;;"Mesurées";"1";;"Non";;;;""
2023;9382;"11";"11190";"La Redorte";"2023-09-03 21:35:00";150;0;150;0;0;0;;;;;"Mesurées";;;"Non";;;;""
2023;9383;"11";"11099";"Conques-sur-Orbiel";"2023-09-03 23:38:00";3200;0;3200;0;0;0;;;;;"Mesurées";;;"Non";;;;""
2023;22993;"77";"77186";"Fontainebleau";"2023-09-04 06:16:00";13000;13000;;0;0;0;;;;;"Estimées";;;"Non";;;;""
2023;21799;"83";"83067";"Gonfaron";"2023-09-04 08:55:00";70;0;70;0;0;0;;;;;"Estimées";;;"Non";0;0;0;"Données partielles ou non valides"
2023;21800;"83";"83127";"Signes";"2023-09-04 12:04:00";10;10;0;0;0;0;;;;;"Estimées";;"Involontaire (particulier)";"Non";;;;"Données partielles ou non valides"
2023;8590;"13";"13071";"Les Pennes-Mirabeau";"2023-09-04 12:05:00";3000;3000;0;0;0;0;;;;;"Mesurées";"1";"Accidentelle";"Non";;;;""
2023;10070;"13";"13071";"Les Pennes-Mirabeau";"2023-09-04 12:05:00";3000;3000;0;0;0;0;;;;;"Mesurées";"1";"Accidentelle";"Non";;;;""
2023;22329;"87";"87082";"Ladignac-le-Long";"2023-09-04 12:06:57";1;1;;0;0;0;;;;;"Estimées";;;"Non";0;0;0;""
2023;9008;"56";"56171";"Pluherlin";"2023-09-04 12:58:00";80000;80000;;0;0;0;;;;;"Estimées";;;"Non";;;;""
2023;20044;"33";"33220";"Lamarque";"2023-09-04 14:28:30";40000;40000;;0;0;0;;;;;"Estimées";;;"Non";0;0;0;""
2023;9391;"11";"11360";"Saint-Nazaire-d'Aude";"2023-09-04 15:34:00";262939;0;262939;0;0;0;;;;;"Mesurées";;"Malveillance";"Non";;;;""
2023;20615;"30";"30004";"Aigues-Vives";"2023-09-04 16:48:00";171200;0;171200;0;0;0;;;;;"Mesurées";"1";;"Non";;;;""
2023;17744;"12";"12210";"Saint-André-de-Najac";"2023-09-04 17:19:00";120000;120000;;0;0;0;;;;;"Estimées";;;"Non";;;;""
2023;17740;"12";"12069";"Combret";"2023-09-04 17:27:00";10000;10000;;0;0;0;;;;;"Estimées";;;"Non";;;;""
2023;8734;"82";"82052";"Escatalens";"2023-09-04 17:46:00";981800;301800;;433600;239000;7400;;;;;"Mesurées";;"Accidentelle";;;;;"Données partielles ou non valides"
2023;15854;"17";"17199";"Jussas";"2023-09-04 20:40:00";3;3;;0;0;0;;;;;"Mesurées";;;"Non";0;0;0;""
2023;15855;"17";"17118";"Corignac";"2023-09-04 22:02:00";1500;1500;;0;0;0;;;;;"Mesurées";;;"Non";0;0;0;""
2023;15856;"17";"17241";"Montguyon";"2023-09-04 23:28:00";2570;2570;;0;0;0;;;;;"Mesurées";;;"Non";0;0;0;""
2023;15646;"38";"38515";"Trept";"2023-09-05 01:31:00";4000;4000;;0;0;0;;;;;"Estimées";;;"Non";;;;""
2023;8703;"2B";"2B313";"San-Nicolao";"2023-09-05 08:05:00";200;0;200;0;0;0;;;;;"Estimées";"1";"Malveillance";"Non";;;;""
2023;9186;"34";"34250";"Saint-Étienne-d'Albagnan";"2023-09-05 10:48:00";1045;0;1045;0;0;0;;;;;"Mesurées";"1";"Accidentelle";"Non";;;;""
2023;15647;"38";"38160";"Eyzin-Pinet";"2023-09-05 13:31:00";39665;39665;;0;0;0;;;;;"Mesurées";;;"Non";;;;""
2023;10071;"13";"13091";"Saint-Cannat";"2023-09-05 14:56:00";3000;3000;0;0;0;0;;;;;"Mesurées";"1";;"Non";;;;""
2023;8483;"81";"81219";"Puylaurens";"2023-09-05 15:41:00";20000;20000;;0;0;0;;;;;"Estimées";;"Accidentelle";"Non";;;;""
2023;22120;"24";"24205";"Grignols";"2023-09-05 15:57:00";100000;100000;;0;0;0;;;;;"Estimées";;"Involontaire (travaux)";"Non";;;;""
2023;8589;"13";"13091";"Saint-Cannat";"2023-09-05 15:59:00";300;300;0;0;0;0;;;;;"Mesurées";"1";;"Non";;;;""
2023;9390;"11";"11148";"Fontcouverte";"2023-09-05 22:41:00";3522;3522;0;0;0;0;;;;;"Mesurées";;"Malveillance";"Non";;;;""
2023;20046;"33";"33012";"Arsac";"2023-09-05 23:43:36";2000;2000;;0;0;0;;;;;"Estimées";;;"Non";0;0;0;""
2023;10527;"89";"89067";"Cézy";"2023-09-06 05:13:00";10;10;;0;0;0;;;;;"Estimées";;"Accidentelle";"Non";;;;""
2023;12159;"68";"68237";"Niedermorschwihr";"2023-09-06 06:52:04";100;100;;0;0;;;;;;"Estimées";;;"Non";;;;"Données partielles ou non valides"
2023;13125;"74";"74134";"Les Gets";"2023-09-06 10:30:00";1;1;;0;0;0;;;;;"Mesurées";;"Involontaire (particulier)";"Non";;;;""
2023;21802;"83";"83058";"Flayosc";"2023-09-06 12:57:00";34429;24429;0;0;0;10000;;;;;"Estimées";;"Involontaire (particulier)";"Non";;;;"Données partielles ou non valides"
2023;9268;"07";"07154";"Mazan-l'Abbaye";"2023-09-06 13:17:00";25000;0;25000;0;0;0;;;;;"Estimées";"1";"Involontaire (particulier)";"Non";;;;""
2023;9269;"07";"07305";"Les Salelles";"2023-09-06 14:42:00";252500;238300;0;0;0;14200;;;;;"Mesurées";"4";;"Non";;;;""
2023;22924;"77";"77186";"Fontainebleau";"2023-09-06 15:29:16";2000;2000;;0;0;0;;;;;"Estimées";;;"Non";;;;""
2023;9177;"34";"34164";"Montaud";"2023-09-06 16:25:00";1199;1199;0;0;0;0;;;;;"Mesurées";"4";"Involontaire (travaux)";"Non";;;;""
2023;9343;"13";"13055";"Marseille";"2023-09-06 18:06:00";10;0;10;0;0;0;;;;;"Estimées";"1";"Involontaire (particulier)";"Non";;;;""
2023;20059;"33";"33312";"Parempuyre";"2023-09-06 19:43:47";70;70;;0;0;0;;;;;"Estimées";;;"Non";0;0;0;""
2023;20060;"33";"33312";"Parempuyre";"2023-09-06 19:43:47";30;30;;0;0;0;;;;;"Estimées";;;"Non";0;0;0;""
2023;20053;"33";"33312";"Parempuyre";"2023-09-06 19:43:47";100;100;;0;0;0;;;;;"Estimées";;;"Non";0;0;0;""
2023;17335;"40";"40319";"Trensacq";"2023-09-06 19:46:00";2100;2100;;0;0;0;;;;;"Estimées";;"Accidentelle";"Non";0;0;0;""
2023;15857;"17";"17199";"Jussas";"2023-09-07 04:02:00";3500;3500;;0;0;0;;;;;"Mesurées";;;"Non";0;0;0;""
2023;11657;"2A";"2A362";"Zonza";"2023-09-07 07:47:00";200;0;200;0;0;0;;;;;"Mesurées";;"Naturelle";"Non";;;;""
2023;17336;"40";"40187";"Moliets-et-Maa";"2023-09-07 13:09:00";50;50;;0;0;0;;;;;"Estimées";;;"Non";0;0;0;""
2023;20055;"33";"33498";"Salles";"2023-09-07 14:06:59";200;200;;0;0;0;;;;;"Estimées";;"Accidentelle";"Non";0;0;0;""
2023;9273;"07";"07191";"Rochemaure";"2023-09-07 14:13:00";400;0;400;0;0;0;;;;;"Estimées";"1";"Accidentelle";"Non";;;;""
2023;10072;"13";"13113";"Venelles";"2023-09-07 14:56:00";2;2;0;0;0;0;;;;;"Estimées";"1";;"Non";;;;""
2023;20057;"33";"33142";"Cubnezais";"2023-09-07 15:22:44";16000;16000;;0;0;0;;;;;"Estimées";;;"Non";0;0;0;""
2023;9098;"15";"15175";"Saint-Cernin";"2023-09-07 15:31:00";40000;40000;;0;0;0;;;;;"Estimées";;"Accidentelle";"Non";;;;""
2023;8708;"2B";"2B039";"Bisinchi";"2023-09-07 15:42:00";5000;0;5000;0;0;0;;;;;"Estimées";"1";"Malveillance";"Non";;;;""
2023;20056;"33";"33098";"Cardan";"2023-09-07 16:31:29";200;200;;0;0;0;;;;;"Estimées";;;"Non";0;0;0;""
2023;9385;"11";"11040";"Bizanet";"2023-09-07 16:35:00";156000;32000;124000;0;0;0;;;;;"Mesurées";;"Accidentelle";"Non";;;;""
2023;21803;"83";"83137";"Toulon";"2023-09-07 17:06:00";1;0;1;0;0;0;;;;;"Estimées";;;"Non";0;0;0;"Données partielles ou non valides"
2023;21804;"83";"83073";"Le Luc";"2023-09-07 17:19:00";200;0;200;0;0;0;;;;;"Estimées";;"Involontaire (particulier)";"Non";0;0;0;"Données partielles ou non valides"
2023;9033;"48";"48087";"Prinsuéjols-Malbouzon";"2023-09-07 17:55:00";150;0;150;0;0;0;;;;;"Estimées";"1";;"Non";;;;""
2023;9127;"05";"05023";"Briançon";"2023-09-07 18:06:00";200;200;0;0;0;0;;;;;"Estimées";"4";"Involontaire (travaux)";"Non";;;;""
2023;9386;"11";"11069";"Carcassonne";"2023-09-07 19:32:00";250;0;250;0;0;0;;;;;"Mesurées";;;"Non";;;;""
2023;11656;"2A";"2A268";"Sampolo";"2023-09-07 23:11:00";250;0;250;0;0;0;;;;;"Estimées";;;"Non";;;;""
2023;8888;"58";"58250";"Saint-Léger-des-Vignes";"2023-09-07 23:28:00";50;50;;0;0;0;;;;;"Estimées";;"Malveillance";"Non";;;;""
2023;8711;"2B";"2B110";"Favalello";"2023-09-08 08:07:00";105000;0;105000;0;0;0;;;;;"Estimées";"1";"Malveillance";"Non";;;;""
2023;8709;"2B";"2B143";"Linguizzetta";"2023-09-08 08:07:00";30;0;30;0;0;0;;;;;"Estimées";"1";"Malveillance";"Non";;;;""
2023;9511;"28";"28155";"Fontaine-les-Ribouts";"2023-09-08 10:25:00";15000;15000;;0;0;0;;;;;"Estimées";;;"Non";;;;""
2023;10073;"13";"13084";"La Roque-d'Anthéron";"2023-09-08 11:46:00";400;400;0;0;0;0;;;;;"Estimées";"1";"Involontaire (particulier)";"Non";;;;""
2023;17720;"12";"12147";"Montagnol";"2023-09-08 12:12:00";1000;1000;;0;0;0;;;;;"Estimées";;;"Non";;;;""
2023;9166;"34";"34278";"Saint-Michel";"2023-09-08 12:57:00";85083;0;85083;0;0;0;;;;;"Mesurées";;"Accidentelle";"Non";;;;""
2023;21805;"83";"83092";"Pignans";"2023-09-08 14:15:00";80;0;80;0;0;0;;;;;"Estimées";;"Accidentelle";"Non";0;0;0;"Données partielles ou non valides"
2023;8806;"06";"06030";"Le Cannet";"2023-09-08 14:41:00";1000;0;1000;0;0;0;;;;;"Mesurées";;"Malveillance";"Oui";0;0;1;""
2023;8710;"2B";"2B292";"Sant'Andréa-di-Bozio";"2023-09-08 14:56:00";40000;5000;33000;2000;0;0;;;;;"Estimées";"1";"Malveillance";"Non";;;;""
2023;8807;"06";"06084";"Mouans-Sartoux";"2023-09-08 14:59:00";2000;0;2000;0;0;0;;;;;"Mesurées";;;"Non";;;;""
2023;16881;"84";"84104";"Sablet";"2023-09-08 16:02:00";5;5;0;0;0;0;;;;;"Estimées";;;"Non";;;;""
2023;20902;"30";"30179";"Montfrin";"2023-09-08 17:00:00";645;645;0;0;0;0;;;;;"Mesurées";"3";;"Non";;;;""
2023;16882;"84";"84091";"Piolenc";"2023-09-08 18:39:00";1;1;0;0;0;0;;;;;"Estimées";;;"Non";;;;""
2023;9387;"11";"11433";"Villeneuve-Minervois";"2023-09-09 02:45:00";700;0;700;0;0;0;;;;;"Mesurées";;;"Non";;;;""
2023;22127;"24";"24200";"Grand-Brassac";"2023-09-09 07:01:00";100;100;;0;0;0;;;;;"Estimées";;"Involontaire (particulier)";"Non";0;0;0;""
2023;8713;"2B";"2B314";"Santo-Pietro-di-Tenda";"2023-09-09 11:26:00";20000;0;20000;0;0;0;;;;;"Estimées";;"Malveillance";"Non";;;;""
2023;8940;"43";"43003";"Allègre";"2023-09-09 11:57:00";8000;8000;;0;0;0;;;;;"Mesurées";;"Involontaire (travaux)";"Non";;;;""
2023;8700;"81";"81178";"Montgaillard";"2023-09-09 12:44:00";15000;15000;;0;0;0;;;;;"Estimées";;;"Non";;;;""
2023;22128;"24";"24543";"Sourzac";"2023-09-09 13:03:00";200;200;;0;0;0;;;;;"Estimées";;"Accidentelle";"Non";0;0;0;""
2023;8698;"81";"81125";"Lacaze";"2023-09-09 13:39:00";80000;80000;;0;0;0;;;;;"Estimées";;;"Oui";0;0;1;""
2023;21806;"83";"83121";"Salernes";"2023-09-09 13:44:00";2000;0;2000;0;0;0;;;;;"Estimées";;"Involontaire (particulier)";"Non";0;0;0;"Données partielles ou non valides"
2023;8795;"46";"46329";"Vaylats";"2023-09-09 13:57:00";110000;110000;;0;0;0;;;;;"Estimées";;"Involontaire (travaux)";"Non";;;;""
2023;9006;"56";"56261";"La Vraie-Croix";"2023-09-09 17:08:00";1500;1500;;0;0;0;;;;;"Estimées";;;"Non";;;;""
2023;8800;"41";"41097";"Gièvres";"2023-09-09 18:25:00";500;500;;0;0;0;;;;;"Estimées";;;"Non";;;;""
2023;17337;"40";"40283";"Saint-Vincent-de-Paul";"2023-09-10 01:17:00";80000;80000;;0;0;0;;;;;"Mesurées";;"Accidentelle";"Non";0;0;0;""
2023;9388;"11";"11301";"Puichéric";"2023-09-10 03:22:00";5011;3511;1500;0;0;0;;;;;"Mesurées";;;"Non";;;;""
2023;20903;"30";"30233";"Saint-Bauzély";"2023-09-10 07:35:00";142;142;0;0;0;0;;;;;"Mesurées";"2";"Malveillance";"Non";;;;""
2023;9106;"15";"15175";"Saint-Cernin";"2023-09-10 10:29:00";20;20;;0;0;0;;;;;"Estimées";;"Accidentelle";"Non";;;;""
2023;11658;"2A";"2A215";"Pianottoli-Caldarello";"2023-09-10 11:01:00";10;0;10;0;0;0;;;;;"Mesurées";;"Accidentelle";"Non";;;;""
2023;21807;"83";"83063";"La Garde-Freinet";"2023-09-10 11:50:00";3;0;3;0;0;0;;;;;"Estimées";;;"Non";0;0;0;"Données partielles ou non valides"
2023;22129;"24";"24031";"Beauregard-et-Bassac";"2023-09-10 12:43:00";1000;1000;;0;0;0;;;;;"Estimées";;"Accidentelle";"Non";0;0;0;""
2023;21808;"83";"83092";"Pignans";"2023-09-10 13:27:00";2000;0;2000;0;0;0;;;;;"Estimées";;"Involontaire (particulier)";"Non";0;0;0;"Données partielles ou non valides"
2023;14602;"66";"66033";"Camélas";"2023-09-10 14:18:00";1;1;0;0;0;0;;;;;"Estimées";;"Malveillance";"Non";;;;""
2023;14603;"66";"66033";"Camélas";"2023-09-10 14:20:00";20;20;0;0;0;0;;;;;"Estimées";;"Malveillance";"Non";;;;""
2023;17339;"40";"40266";"Saint-Julien-en-Born";"2023-09-10 14:24:00";100;100;;0;0;0;;;;;"Estimées";;"Naturelle";"Non";0;0;0;""
2023;9277;"07";"07096";"Gluiras";"2023-09-10 14:53:00";60000;30000;0;15000;15000;0;;;;;"Estimées";"4";"Involontaire (particulier)";"Non";;;;""
2023;9159;"34";"34169";"Montferrier-sur-Lez";"2023-09-10 15:21:00";46013;0;46013;0;0;0;;;;;"Mesurées";"1";"Malveillance";"Oui";0;0;1;""
2023;16891;"84";"84032";"Caseneuve";"2023-09-10 15:45:00";500;500;0;0;0;0;;;;;"Estimées";;"Involontaire (travaux)";"Non";;;;""
2023;9035;"48";"48168";"Saint-Léger-de-Peyre";"2023-09-10 16:03:00";6476;1000;0;5476;0;0;;;;;"Mesurées";"1";;"Non";;;;""
2023;8740;"81";"81063";"Castelnau-de-Lévis";"2023-09-10 19:11:00";1000;1000;;0;0;0;;;;;"Estimées";;"Involontaire (travaux)";"Non";;;;""
2023;9007;"58";"58246";"Saint-Honoré-les-Bains";"2023-09-11 15:07:00";33200;6700;;0;26500;0;;;;;"Mesurées";;;"Non";;;;""
2023;22341;"87";"87003";"Arnac-la-Poste";"2023-09-11 15:49:00";5200;200;;5000;0;0;;;;;"Mesurées";;;"Non";0;0;0;""
2023;17340;"40";"40259";"Saint-Gein";"2023-09-11 16:00:00";4000;4000;;0;0;0;;;;;"Mesurées";;"Accidentelle";"Non";0;0;0;""
2023;9138;"2B";"2B046";"Cagnano";"2023-09-11 17:18:00";5000;0;5000;0;0;0;;;;;"Estimées";;"Malveillance";"Non";;;;""
2023;13803;"34";"34194";"Paulhan";"2023-09-11 17:42:00";6358;0;6358;0;0;0;;;;;"Mesurées";"1";"Malveillance";"Oui";0;0;1;""
2023;22137;"24";"24034";"Beleymas";"2023-09-11 19:33:00";3500;3500;;0;0;0;;;;;"Estimées";;"Naturelle";"Non";0;0;0;""
2023;9369;"41";"41046";"Chaumont-sur-Tharonne";"2023-09-11 20:11:00";100;100;;0;0;0;;;;;"Estimées";;"Naturelle";"Non";;;;""
2023;10518;"32";"32209";"Lelin-Lapujolle";"2023-09-11 20:47:00";200;200;;0;0;0;;;;;"Estimées";;"Involontaire (travaux)";"Non";;;;""
2023;17342;"40";"40238";"Pujo-le-Plan";"2023-09-11 21:06:00";150;150;;0;0;0;;;;;"Estimées";;"Naturelle";"Non";0;0;0;""
2023;17343;"40";"40221";"Perquie";"2023-09-11 22:19:00";10;10;;0;0;0;;;;;"Estimées";;"Naturelle";"Non";0;0;0;""
2023;9034;"48";"48099";"Bourgs sur Colagne";"2023-09-11 22:40:00";2000;0;2000;0;0;0;;;;;"Estimées";"1";;"Non";;;;""
2023;18864;"47";"47081";"Dolmayrac";"2023-09-11 23:28:40";2;2;;0;0;0;;;;;"Estimées";;"Naturelle";"Non";0;0;0;""
2023;9279;"07";"07134";"Laurac-en-Vivarais";"2023-09-12 01:32:00";800;800;0;0;0;0;;;;;"Estimées";"4";;"Non";;;;""
2023;15662;"38";"38365";"Saint-Baudille-de-la-Tour";"2023-09-12 04:14:00";600;600;;0;0;0;;;;;"Estimées";;;"Non";0;0;0;""
2023;10074;"13";"13098";"Saint-Mitre-les-Remparts";"2023-09-12 06:03:00";100;100;0;0;0;0;;;;;"Mesurées";"1";"Accidentelle";"Oui";1;0;0;""
2023;17344;"40";"40158";"Losse";"2023-09-12 09:52:00";1;1;;0;0;0;;;;;"Estimées";;"Naturelle";"Non";0;0;0;""
2023;9139;"2B";"2B292";"Sant'Andréa-di-Bozio";"2023-09-12 12:22:00";500;0;500;0;0;0;;;;;"Estimées";"1";"Malveillance";"Non";;;;""
2023;21809;"83";"83116";"Saint-Maximin-la-Sainte-Baume";"2023-09-12 14:13:00";4;0;4;0;0;0;;;;;"Estimées";;"Accidentelle";"Non";0;0;0;"Données partielles ou non valides"
2023;18866;"47";"47052";"Casteljaloux";"2023-09-12 15:23:34";2;2;;0;0;0;;;;;"Estimées";;"Naturelle";"Non";0;0;0;""
2023;9280;"07";"07130";"Lanarce";"2023-09-12 17:51:00";3200;0;3200;0;0;0;;;;;"Estimées";"1";"Naturelle";"Non";;;;""
2023;13126;"74";"74136";"Le Grand-Bornand";"2023-09-12 20:05:00";5;5;;0;0;0;;;;;"Estimées";;;"Non";;;;""
2023;11661;"2A";"2A004";"Ajaccio";"2023-09-13 12:18:00";10;0;10;0;0;0;;;;;"Estimées";;;"Non";;;;""
2023;21810;"83";"83118";"Saint-Raphaël";"2023-09-13 14:22:00";40;0;40;0;0;0;;;;;"Estimées";;"Involontaire (travaux)";"Non";0;0;0;"Données partielles ou non valides"
2023;10075;"13";"13019";"Cabriès";"2023-09-13 16:11:00";10;10;0;0;0;0;;;;;"Estimées";"1";;"Non";;;;""
2023;21811;"83";"83153";"Saint-Mandrier-sur-Mer";"2023-09-13 16:58:00";100010;0;100010;0;0;0;;;;;"Estimées";;"Malveillance";"Non";0;0;0;"Données partielles ou non valides"
2023;9036;"06";"06018";"Biot";"2023-09-13 18:17:00";20;20;0;0;0;0;;;;;"Estimées";;"Naturelle";"Non";;;;""
2023;20069;"33";"33190";"Goualade";"2023-09-13 18:34:12";200;200;;0;0;0;;;;;"Estimées";;"Naturelle";"Non";0;0;0;""
2023;9142;"2B";"2B002";"Aghione";"2023-09-14 13:35:00";500;0;500;0;0;0;;;;;"Estimées";"3";"Malveillance";"Non";;;;""
2023;17345;"40";"40158";"Losse";"2023-09-14 14:04:00";700;700;;0;0;0;;;;;"Mesurées";;"Naturelle";"Non";0;0;0;""
2023;20085;"33";"33077";"Cabanac-et-Villagrains";"2023-09-14 14:25:40";5000;5000;;0;0;0;;;;;"Estimées";;"Naturelle";"Non";0;0;0;""
2023;20072;"33";"33452";"Saint-Michel-de-Rieufret";"2023-09-14 15:10:07";15000;15000;;0;0;0;;;;;"Estimées";;"Naturelle";"Non";0;0;0;""
2023;9143;"2B";"2B275";"Sermano";"2023-09-14 15:14:00";2000;0;2000;0;0;0;;;;;"Estimées";"1";"Malveillance";"Non";;;;""
2023;9051;"06";"06074";"Lantosque";"2023-09-14 16:14:00";1000;1000;0;0;0;0;;;;;"Estimées";;"Naturelle";"Non";;;;""
2023;9285;"07";"07262";"Saint-Laurent-les-Bains-Laval-d'Aurelle";"2023-09-14 19:59:00";5;0;5;0;0;0;;;;;"Estimées";;"Naturelle";;;;;""
2023;9378;"06";"06144";"La Tour";"2023-09-15 07:39:00";11300;900;0;10400;0;0;;;;;"Estimées";;"Naturelle";"Non";;;;""
2023;9146;"2B";"2B088";"Chiatra";"2023-09-15 11:37:00";5000;0;5000;0;0;0;;;;;"Estimées";"1";"Involontaire (travaux)";"Non";;;;""
2023;22143;"24";"24115";"Château-l'Évêque";"2023-09-15 13:57:00";20000;20000;;0;0;0;;;;;"Estimées";;"Involontaire (particulier)";"Non";;;;""
2023;9125;"05";"05093";"Névache";"2023-09-15 14:13:00";1;1;0;0;0;0;;;;;"Estimées";"4";;"Non";;;;""
2023;9118;"71";"71038";"Les Bizots";"2023-09-15 14:46:00";1;1;;0;0;0;;;;;"Estimées";;"Naturelle";"Non";;;;""
2023;9201;"41";"41152";"Montrieux-en-Sologne";"2023-09-15 15:21:00";10000;10000;;0;0;0;;;;;"Estimées";;"Accidentelle";"Non";;;;""
2023;20252;"19";"19140";"Monceaux-sur-Dordogne";"2023-09-15 15:36:00";40;40;;0;0;0;;;;;"Estimées";;;"Non";0;0;0;""
2023;20253;"19";"19239";"Saint-Robert";"2023-09-15 16:08:00";2500;2500;;0;0;0;;;;;"Estimées";;;"Non";0;0;0;""
2023;21812;"83";"83032";"Carcès";"2023-09-15 18:15:00";350;0;350;0;0;0;;;;;"Estimées";;"Malveillance";"Non";0;0;0;"Données partielles ou non valides"
2023;9147;"2B";"2B039";"Bisinchi";"2023-09-15 18:20:00";50;0;50;0;0;0;;;;;"Estimées";"1";"Malveillance";"Non";;;;""
2023;22343;"87";"87160";"Saint-Léger-Magnazeix";"2023-09-15 18:24:32";10700;200;;10500;0;0;;;;;"Mesurées";;;"Non";0;0;0;""
2023;9148;"2B";"2B046";"Cagnano";"2023-09-16 01:39:00";4000;0;4000;0;0;0;;;;;"Estimées";;;"Non";;;;""
2023;17646;"86";"86066";"Châtellerault";"2023-09-16 05:56:00";1;1;;0;0;0;;;;;"Estimées";;;"Non";;;;""
2023;11272;"11";"11285";"Peyriac-de-Mer";"2023-09-17 11:31:00";1;0;1;0;0;0;;;;;"Mesurées";;;"Non";;;;""
2023;9473;"2B";"2B185";"Oletta";"2023-09-17 14:30:00";500;0;500;0;0;0;;;;;"Estimées";;"Malveillance";"Non";;;;""
2023;17351;"40";"40230";"Pontonx-sur-l'Adour";"2023-09-18 15:09:00";40460;40460;;0;0;0;;;;;"Mesurées";;;"Non";0;0;0;""
2023;21813;"83";"83048";"La Croix-Valmer";"2023-09-19 07:09:00";40;40;0;0;0;0;;;;;"Estimées";;"Involontaire (particulier)";"Non";0;0;0;"Données partielles ou non valides"
2023;21814;"83";"83130";"Solliès-Pont";"2023-09-19 10:57:00";250;250;0;0;0;0;;;;;"Estimées";;;"Non";0;0;0;"Données partielles ou non valides"
2023;9377;"06";"06043";"Coaraze";"2023-09-19 11:06:00";200;0;200;0;0;0;;;;;"Estimées";;"Naturelle";"Non";;;;""
2023;9688;"34";"34146";"Lunel-Viel";"2023-09-19 12:03:00";28985;0;28985;0;0;0;;;;;"Mesurées";"1";"Involontaire (particulier)";"Non";;;;""
2023;20926;"30";"30075";"Caveirac";"2023-09-19 12:04:00";1000;1000;0;0;0;0;;;;;"Estimées";;;"Non";;;;""
2023;21815;"83";"83150";"Vinon-sur-Verdon";"2023-09-19 14:52:00";1000;0;1000;0;0;0;;;;;"Estimées";;"Malveillance";"Non";0;0;0;"Données partielles ou non valides"
2023;13707;"72";"72008";"Arnage";"2023-09-19 21:44:00";1;1;;0;0;0;;;;;"Estimées";;;"Non";;;;""
2023;9389;"11";"11318";"Roquecourbe-Minervois";"2023-09-19 23:59:00";300;300;0;0;0;0;;;;;"Estimées";;;"Non";;;;""
2023;20074;"33";"33328";"Pomerol";"2023-09-20 07:42:10";50;50;;0;0;0;;;;;"Estimées";;"Malveillance";"Non";0;0;0;""
2023;13751;"18";"18227";"Sainte-Montaine";"2023-09-20 15:35:00";100;100;;0;0;0;;;;;"Estimées";;;"Non";;;;"Données partielles ou non valides"
2023;17647;"86";"86262";"Sillars";"2023-09-20 15:42:00";20;20;;0;0;0;;;;;"Estimées";;;"Non";;;;""
2023;11662;"2A";"2A247";"Porto-Vecchio";"2023-09-21 19:07:00";380;0;380;0;0;0;;;;;"Mesurées";;"Naturelle";"Non";;;;""
2023;21817;"83";"83028";"Callas";"2023-09-22 15:59:00";5000;5000;0;0;0;0;;;;;"Estimées";;"Involontaire (particulier)";"Non";0;0;0;"Données partielles ou non valides"
2023;9479;"2B";"2B123";"Ghisonaccia";"2023-09-23 14:00:00";1000;0;1000;0;0;0;;;;;"Estimées";"1";;"Non";;;;""
2023;11263;"11";"11069";"Carcassonne";"2023-09-23 20:10:00";800;800;0;;0;0;;;;;"Mesurées";;;"Non";0;0;0;""
2023;11258;"11";"11279";"Pennautier";"2023-09-24 18:15:00";10;10;0;0;0;0;;;;;"Mesurées";;;"Non";;;;""
2023;21819;"83";"83004";"Les Arcs";"2023-09-25 15:34:00";25;0;25;0;0;0;;;;;"Estimées";;"Malveillance";"Non";0;0;0;"Données partielles ou non valides"
2023;21820;"83";"83004";"Les Arcs";"2023-09-25 16:03:00";100;0;100;0;0;0;;;;;"Estimées";;"Malveillance";"Non";0;0;0;"Données partielles ou non valides"
2023;17352;"40";"40313";"Tartas";"2023-09-25 16:26:00";20;20;;0;0;0;;;;;"Estimées";;"Accidentelle";"Non";0;0;0;""
2023;17353;"40";"40310";"Soustons";"2023-09-25 17:06:00";4120;4120;;0;0;0;;;;;"Mesurées";;;"Non";0;0;0;""
2023;11252;"11";"11069";"Carcassonne";"2023-09-25 19:18:00";100;100;0;;0;0;;;;;"Mesurées";;;"Non";0;0;0;""
2023;20078;"33";"33029";"Le Barp";"2023-09-25 23:32:27";50;50;;0;0;0;;;;;"Estimées";;;"Non";0;0;0;""
2023;9658;"2B";"2B042";"Borgo";"2023-09-26 11:38:00";2000;2000;0;0;0;0;;;;;"Estimées";"2";"Involontaire (travaux)";"Non";;;;""
2023;21821;"83";"83092";"Pignans";"2023-09-26 13:21:00";60;0;60;0;0;0;;;;;"Estimées";;;"Non";0;0;0;"Données partielles ou non valides"
2023;10260;"56";"56244";"Sérent";"2023-09-26 16:39:00";2;2;;0;0;0;;;;;"Estimées";;;"Non";;;;""
2023;20079;"33";"33380";"Val-de-Livenne";"2023-09-26 18:43:43";200;200;;0;0;0;;;;;"Estimées";;"Malveillance";"Non";0;0;0;""
2023;20081;"33";"33380";"Val-de-Livenne";"2023-09-26 18:43:43";10;10;;0;0;0;;;;;"Estimées";;"Malveillance";"Non";0;0;0;""
2023;22145;"24";"24269";"Mialet";"2023-09-27 13:24:00";200;200;;0;0;0;;;;;"Estimées";;"Accidentelle";"Non";0;0;0;""
2023;9659;"2B";"2B039";"Bisinchi";"2023-09-27 17:13:00";75000;68000;7000;0;0;0;;;;;"Mesurées";"2";"Malveillance";"Non";;;;""
2023;11663;"2A";"2A345";"Vero";"2023-09-28 13:10:00";500;0;500;0;0;0;;;;;"Estimées";;;"Non";;;;""
2023;10076;"13";"13015";"Bouc-Bel-Air";"2023-09-28 14:38:00";600;600;0;0;0;0;;;;;"Mesurées";"1";"Involontaire (particulier)";"Non";;;;""
2023;9643;"43";"43017";"Azérat";"2023-09-28 15:05:00";2500;2500;;0;0;0;;;;;"Mesurées";;;"Non";;;;""
2023;10261;"56";"56178";"Pontivy";"2023-09-28 20:05:00";250;250;;0;0;0;;;;;"Estimées";;;"Non";;;;""
2023;11243;"11";"11370";"Salles-d'Aude";"2023-09-28 20:58:00";100;0;100;0;0;0;;;;;"Mesurées";;;"Non";;;;""
2023;13764;"18";"18186";"Preuilly";"2023-09-29 06:08:00";10;10;;0;0;0;;;;;"Estimées";;;"Non";;;;"Données partielles ou non valides"
2023;9660;"2B";"2B013";"Alzi";"2023-09-29 15:30:00";70000;0;70000;0;0;0;;;;;"Estimées";"1";"Malveillance";"Non";;;;""
2023;21822;"83";"83002";"Aiguines";"2023-09-29 15:36:00";100000;100000;0;0;0;0;;;;;"Estimées";;"Accidentelle";"Non";0;0;0;"Données partielles ou non valides"
2023;20261;"19";"19182";"Saint-Aulaire";"2023-09-29 16:24:39";1;1;;0;0;0;;;;;"Estimées";;;"Non";0;0;0;""
2023;11242;"11";"11188";"La Palme";"2023-09-29 16:28:00";400;0;400;;0;0;;;;;"Mesurées";;;"Non";0;0;0;""
2023;22147;"24";"24251";"Manzac-sur-Vern";"2023-09-29 19:48:00";10;10;;0;0;0;;;;;"Estimées";;"Accidentelle";"Non";0;0;0;""
2023;17356;"40";"40192";"Mont-de-Marsan";"2023-09-29 22:47:00";50;50;;0;0;0;;;;;"Estimées";;"Accidentelle";"Non";0;0;0;""
2023;20262;"19";"19288";"Voutezac";"2023-09-30 07:02:08";1;1;;0;0;0;;;;;"Estimées";;;"Non";0;0;0;""
2023;9662;"2B";"2B292";"Sant'Andréa-di-Bozio";"2023-09-30 13:30:00";56000;0;24000;32000;0;0;;;;;"Estimées";"1";"Malveillance";"Non";;;;""
2023;11463;"07";"07117";"Lablachère";"2023-09-30 14:05:00";1000;1000;0;0;0;0;;;;;"Estimées";"4";;"Non";;;;""
2023;14640;"66";"66108";"Millas";"2023-09-30 14:24:00";22000;0;22000;0;0;0;;;;;"Mesurées";;"Malveillance";"Non";;;;""
2023;11237;"11";"11279";"Pennautier";"2023-09-30 18:20:00";5;5;0;;0;0;;;;;"Mesurées";;;"Non";0;0;0;""
2023;10077;"13";"13056";"Martigues";"2023-09-30 20:02:00";2000;2000;0;0;0;0;;;;;"Mesurées";"1";"Malveillance";"Non";;;;""
2023;11236;"11";"11424";"Villefort";"2023-09-30 22:10:00";500;500;0;;0;0;;;;;"Mesurées";;;"Non";0;0;0;""
2023;10078;"13";"13092";"Saint-Chamas";"2023-10-01 00:17:00";10;10;0;0;0;0;;;;;"Estimées";"1";;"Non";;;;""
2023;10009;"2B";"2B185";"Oletta";"2023-10-01 14:09:00";1500;0;1500;0;0;0;;;;;"Estimées";;"Malveillance";"Non";;;;""
2023;10038;"34";"34180";"Nébian";"2023-10-01 14:53:00";4046;0;4046;0;0;0;;;;;"Estimées";"1";"Involontaire (particulier)";"Non";;;;""
2023;10079;"13";"13035";"Eyguières";"2023-10-02 05:25:00";10;10;0;0;0;0;;;;;"Estimées";"1";;"Non";;;;""
2023;10080;"13";"13034";"Eygalières";"2023-10-02 07:47:00";10;10;0;0;0;0;;;;;"Estimées";"1";;"Non";;;;""
2023;10010;"2B";"2B143";"Linguizzetta";"2023-10-02 08:43:00";10;0;10;0;0;0;;;;;"Estimées";;;"Non";;;;""
2023;12629;"2A";"2A336";"Valle-di-Mezzana";"2023-10-02 12:56:00";500;0;500;0;0;0;;;;;"Estimées";;;"Non";;;;""
2023;14641;"66";"66095";"Latour-de-Carol";"2023-10-02 15:45:00";10000;10000;0;0;0;0;;;;;"Estimées";;;"Non";;;;""
2023;18889;"47";"47310";"Tonneins";"2023-10-02 16:37:38";3000;3000;;0;0;0;;;;;"Estimées";;"Involontaire (travaux)";"Non";0;0;0;""
2023;21825;"83";"83107";"Roquebrune-sur-Argens";"2023-10-02 17:06:00";20;0;20;0;0;0;;;;;"Estimées";;"Involontaire (particulier)";"Non";0;0;0;"Données partielles ou non valides"
2023;18890;"47";"47085";"Durance";"2023-10-02 19:59:21";1000;1000;;0;0;0;;;;;"Estimées";;;"Non";0;0;0;""
2023;18891;"47";"47221";"Réaup-Lisse";"2023-10-02 21:35:53";1000;1000;;0;0;0;;;;;"Estimées";;;"Non";0;0;0;""
2023;20084;"33";"33529";"La Teste-de-Buch";"2023-10-03 00:09:00";12000;6000;;6000;0;0;;;;;"Estimées";;"Malveillance";"Non";;;;""
2023;10388;"34";"34092";"Cruzy";"2023-10-03 09:32:00";300;0;300;0;0;0;;;;;"Estimées";;"Malveillance";"Non";;;;""
2023;10011;"2B";"2B275";"Sermano";"2023-10-03 13:33:00";70000;0;50000;20000;0;0;;;;;"Estimées";"1";"Malveillance";"Non";;;;""
2023;10012;"2B";"2B275";"Sermano";"2023-10-03 13:46:00";500;0;500;0;0;0;;;;;"Estimées";"1";"Malveillance";"Non";;;;""
2023;10015;"2B";"2B143";"Linguizzetta";"2023-10-03 18:53:00";11000;0;11000;0;0;0;;;;;"Estimées";"1";;"Non";;;;""
2023;17357;"40";"40192";"Mont-de-Marsan";"2023-10-04 01:52:00";1000;1000;;0;0;0;;;;;"Estimées";;;"Non";0;0;0;""
2023;10016;"2B";"2B280";"Silvareccio";"2023-10-04 09:42:00";2000;0;1000;1000;0;0;;;;;"Estimées";;;"Non";;;;""
2023;9853;"06";"06018";"Biot";"2023-10-04 12:02:00";300;0;300;0;0;0;;;;;"Estimées";;"Involontaire (travaux)";"Non";;;;""
2023;10017;"2B";"2B143";"Linguizzetta";"2023-10-04 12:14:00";10;0;10;0;0;0;;;;;"Estimées";;;"Non";;;;""
2023;14645;"66";"66160";"Reynès";"2023-10-04 16:45:00";50;50;0;0;0;0;;;;;"Estimées";;;"Non";;;;""
2023;10081;"13";"13022";"Cassis";"2023-10-04 21:18:00";200;200;0;0;0;0;;;;;"Estimées";"1";"Involontaire (particulier)";"Non";;;;""
2023;18893;"47";"47070";"Condezaygues";"2023-10-05 06:20:21";300;300;;0;0;0;;;;;"Estimées";;;"Non";0;0;0;""
2023;11467;"07";"07018";"Astet";"2023-10-05 12:13:00";120000;30000;90000;0;0;0;;;;;"Estimées";"1";"Malveillance";"Non";;;;""
2023;10374;"34";"34281";"Saint-Pargoire";"2023-10-05 13:05:00";25358;0;25358;0;0;0;;;;;"Mesurées";"1";"Involontaire (travaux)";"Non";;;;""
2023;10020;"2B";"2B190";"Olmi-Cappella";"2023-10-05 13:42:00";500;0;500;0;0;0;;;;;"Estimées";"1";;"Non";;;;""
2023;21827;"83";"83087";"Nans-les-Pins";"2023-10-05 15:04:00";200;0;200;0;0;0;;;;;"Estimées";;"Involontaire (travaux)";"Non";0;0;0;"Données partielles ou non valides"
2023;22150;"24";"24197";"Ginestet";"2023-10-05 16:09:00";100;100;;0;0;0;;;;;"Estimées";;"Accidentelle";"Non";0;0;0;""
2023;17358;"40";"40230";"Pontonx-sur-l'Adour";"2023-10-05 16:17:00";1;1;;0;0;0;;;;;"Estimées";;;"Non";0;0;0;""
2023;20264;"19";"19285";"Vigeois";"2023-10-05 18:39:16";1;1;;0;0;0;;;;;"Estimées";;;"Non";0;0;0;""
2023;14647;"66";"66149";"Prades";"2023-10-05 20:39:00";300;300;0;0;0;0;;;;;"Estimées";;"Involontaire (particulier)";"Non";;;;""
2023;10035;"04";"04170";"La Rochette";"2023-10-06 11:32:00";443200;134000;0;309200;0;0;;;;;"Mesurées";;"Involontaire (travaux)";"Non";;;;""
2023;17198;"16";"16267";"Poullignac";"2023-10-06 12:57:58";300;300;;0;0;0;;;;;"Estimées";;;"Non";0;0;0;""
2023;16959;"09";"09283";"Savignac-les-Ormeaux";"2023-10-06 13:49:00";100000;80000;;0;0;20000;;;;;"Mesurées";;;"Non";;;;"Données partielles ou non valides"
2023;11220;"11";"11142";"Festes-et-Saint-André";"2023-10-06 15:19:00";30554;30054;500;0;0;0;;;;;"Mesurées";;;"Non";;;;""
2023;10368;"34";"34143";"Loupian";"2023-10-06 16:10:00";34252;0;34252;0;0;0;;;;;"Mesurées";"1";"Malveillance";"Non";;;;""
2023;11219;"11";"11426";"Villegly";"2023-10-06 17:32:00";500;500;0;;0;0;;;;;"Mesurées";;;"Non";0;0;0;""
2023;11218;"11";"11262";"Narbonne";"2023-10-07 13:36:00";25980;0;25980;0;0;0;;;;;"Mesurées";;;"Non";;;;""
2023;22999;"77";"77001";"Achères-la-Forêt";"2023-10-07 14:28:09";1;1;;0;0;0;;;;;"Estimées";;;"Non";;;;""
2023;22154;"24";"24245";"Loubejac";"2023-10-07 16:35:00";2000;2000;;0;0;0;;;;;"Estimées";;"Involontaire (travaux)";"Non";0;0;0;""
2023;10003;"43";"43109";"Lafarre";"2023-10-07 17:12:00";2000;2000;;0;0;0;;;;;"Estimées";;"Accidentelle";"Non";;;;""
2023;22155;"24";"24291";"Montignac-Lascaux";"2023-10-07 18:07:00";20000;20000;;0;0;0;;;;;"Estimées";;"Involontaire (particulier)";"Non";;;;""
2023;20965;"30";"30297";"Saint-Sauveur-Camprieu";"2023-10-07 18:12:00";1000;1000;0;0;0;0;;;;;"Estimées";;;"Non";;;;""
2023;20089;"33";"33057";"Blasimon";"2023-10-07 19:20:43";1000;1000;;0;0;0;;;;;"Estimées";;;"Non";0;0;0;""
2023;20091;"33";"33496";"Sallebœuf";"2023-10-08 11:03:45";10;10;;0;0;0;;;;;"Estimées";;;"Non";0;0;0;""
2023;11213;"11";"11206";"Limoux";"2023-10-08 12:15:00";600;0;600;;0;0;;;;;"Mesurées";;;"Non";0;0;0;""
2023;20093;"33";"33498";"Salles";"2023-10-08 14:06:00";84000;4000;;0;80000;0;;;;;"Mesurées";;;"Non";0;0;0;""
2023;17360;"40";"40287";"Sanguinet";"2023-10-08 14:15:00";4000;4000;;0;0;0;;;;;"Estimées";;"Accidentelle";"Non";0;0;0;""
2023;10336;"2B";"2B109";"Farinole";"2023-10-08 14:22:00";1000;0;1000;0;0;0;;;;;"Estimées";;;"Non";;;;""
2023;10468;"37";"37097";"Dolus-le-Sec";"2023-10-08 14:50:00";3000;3000;;0;0;0;;;;;"Estimées";;;"Non";;;;""
2023;12545;"36";"36193";"Sainte-Gemme";"2023-10-08 16:35:00";40000;40000;;0;0;0;;;;;"Estimées";;;"Non";;;;""
2023;10337;"2B";"2B039";"Bisinchi";"2023-10-08 17:23:00";5000;2500;2500;0;0;0;;;;;"Estimées";"2";"Malveillance";"Non";;;;""
2023;20094;"33";"33506";"Sauveterre-de-Guyenne";"2023-10-08 18:25:03";50;50;;0;0;0;;;;;"Estimées";;;"Non";0;0;0;""
2023;12630;"2A";"2A089";"Ciamannacce";"2023-10-08 19:43:00";50;0;50;0;0;0;;;;;"Estimées";;;"Non";;;;""
2023;17361;"40";"40332";"Ychoux";"2023-10-08 19:43:00";100;100;;0;0;0;;;;;"Estimées";;;"Non";0;0;0;""
2023;13392;"73";"73249";"Saint-Jeoire-Prieuré";"2023-10-08 20:02:00";100;100;;0;0;0;;;;;"Mesurées";;;"Non";;;;""
2023;12631;"2A";"2A200";"Palneca";"2023-10-08 20:17:00";27000;7000;20000;0;0;0;;;;;"Mesurées";"1";;"Non";;;;""
2023;13393;"73";"73180";"Motz";"2023-10-08 21:44:00";100;100;;0;0;0;;;;;"Mesurées";;;"Non";;;;""
2023;10338;"2B";"2B242";"Poggio-Mezzana";"2023-10-09 00:37:00";20000;15000;5000;0;0;0;;;;;"Estimées";"2";"Malveillance";"Non";;;;""
2023;10339;"2B";"2B012";"Altiani";"2023-10-09 12:06:00";500;0;500;0;0;0;;;;;"Estimées";;;"Non";;;;""
2023;21830;"83";"83061";"Fréjus";"2023-10-09 13:13:00";4;0;4;0;0;0;;;;;"Estimées";;"Accidentelle";"Non";0;0;0;"Données partielles ou non valides"
2023;10340;"2B";"2B116";"Focicchia";"2023-10-09 13:16:00";2000;0;2000;0;0;0;;;;;"Estimées";"1";;"Non";;;;""
2023;10098;"43";"43193";"Saint-Hilaire";"2023-10-09 14:22:00";5000;2500;;0;0;2500;;;;;"Mesurées";;"Involontaire (travaux)";"Non";;;;""
2023;14653;"66";"66078";"Fillols";"2023-10-09 14:33:00";4;4;0;0;0;0;;;;;"Estimées";;"Involontaire (particulier)";"Non";;;;""
2023;18905;"47";"47162";"Massoulès";"2023-10-09 15:00:01";10000;10000;;0;0;0;;;;;"Estimées";;"Involontaire (particulier)";"Non";0;0;0;""
2023;17363;"40";"40310";"Soustons";"2023-10-09 16:11:00";500;500;;0;0;0;;;;;"Estimées";;;"Non";0;0;0;""
2023;14655;"66";"66004";"Les Angles";"2023-10-09 16:56:00";3;3;0;0;0;0;;;;;"Estimées";;"Accidentelle";"Non";;;;""
2023;21831;"83";"83136";"Le Thoronet";"2023-10-09 19:35:00";150;0;150;0;0;0;;;;;"Estimées";;"Involontaire (particulier)";"Non";0;0;0;"Données partielles ou non valides"
2023;10342;"2B";"2B046";"Cagnano";"2023-10-10 10:47:00";800;0;800;0;0;0;;;;;"Estimées";;;"Non";;;;""
2023;11207;"11";"11076";"Castelnaudary";"2023-10-10 12:13:00";1;1;0;0;0;0;;;;;"Mesurées";;"Involontaire (travaux)";"Non";;;;""
2023;10343;"2B";"2B116";"Focicchia";"2023-10-10 13:53:00";7000;0;7000;0;0;0;;;;;"Estimées";"1";"Malveillance";"Non";;;;""
2023;10820;"34";"34062";"Caussiniojouls";"2023-10-10 14:42:00";12902;0;12902;0;0;0;;;;;"Mesurées";"1";"Involontaire (travaux)";"Non";;;;""
2023;10344;"2B";"2B234";"Piobetta";"2023-10-10 14:59:00";2000;0;2000;0;0;0;;;;;"Estimées";;;"Non";;;;""
2023;14657;"66";"66165";"Rodès";"2023-10-10 15:03:00";40;40;0;0;0;0;;;;;"Estimées";;"Involontaire (travaux)";"Non";;;;""
2023;10827;"63";"63083";"Chanat-la-Mouteyre";"2023-10-11 03:32:00";1000;1000;;0;0;0;;;;;"Estimées";;"Involontaire (particulier)";"Non";;;;""
2023;10393;"13";"13088";"Le Rove";"2023-10-11 03:55:00";10;10;0;0;0;0;;;;;"Estimées";"1";;"Non";;;;""
2023;10346;"2B";"2B218";"Piedicorte-di-Gaggio";"2023-10-11 14:22:00";40000;5000;35000;0;0;0;;;;;"Estimées";"1";"Malveillance";"Non";;;;""
2023;10347;"2B";"2B152";"Luri";"2023-10-11 15:59:00";10000;0;10000;0;0;0;;;;;"Estimées";;;"Non";;;;""
2023;16571;"84";"84041";"Crillon-le-Brave";"2023-10-11 16:48:00";40;40;0;0;0;0;;;;;"Estimées";;;"Non";;;;""
2023;10850;"21";"21485";"Plombières-lès-Dijon";"2023-10-11 20:08:00";500;500;;0;0;0;;;;;"Estimées";;"Malveillance";"Non";;;;""
2023;17366;"40";"40040";"Beylongue";"2023-10-12 09:26:00";1000;1000;;0;0;0;;;;;"Estimées";;"Accidentelle";"Non";0;0;0;""
2023;10349;"2B";"2B356";"Zalana";"2023-10-12 14:47:00";155000;0;155000;0;0;0;;;;;"Estimées";"1";"Malveillance";"Non";;;;""
2023;13794;"88";"88165";"Étival-Clairefontaine";"2023-10-12 15:00:00";25;25;;0;0;0;;;;;"Estimées";;;;;;;""
2023;22614;"64";"64349";"Loubieng";"2023-10-12 16:24:00";1000;1000;;0;0;0;;;;;"Estimées";;"Malveillance";"Non";0;0;0;""
2023;12546;"36";"36193";"Sainte-Gemme";"2023-10-12 16:44:00";5000;5000;;0;0;0;;;;;"Estimées";;;"Non";;;;""
2023;20270;"19";"19007";"Altillac";"2023-10-12 16:57:37";300;300;;0;0;0;;;;;"Estimées";;;"Non";0;0;0;""
2023;10350;"2B";"2B143";"Linguizzetta";"2023-10-13 10:40:00";5;0;5;0;0;0;;;;;"Estimées";;;"Non";;;;""
2023;10494;"69";"69240";"Saint-Vincent-de-Reins";"2023-10-13 10:49:00";20000;20000;;0;0;0;;;;;"Mesurées";;"Involontaire (travaux)";"Non";;;;""
2023;10351;"2B";"2B067";"Carpineto";"2023-10-13 13:49:00";60;60;0;0;0;0;;;;;"Estimées";"1";;"Non";;;;""
2023;11280;"74";"74041";"Bonnevaux";"2023-10-13 13:52:00";250;250;;0;0;0;;;;;"Estimées";;;"Non";;;;""
2023;22163;"24";"24087";"Castels et Bézenac";"2023-10-13 14:19:00";2000;2000;;0;0;0;;;;;"Estimées";;"Accidentelle";"Non";0;0;0;""
2023;12632;"2A";"2A211";"Petreto-Bicchisano";"2023-10-13 15:36:00";71000;0;71000;0;0;0;;;;;"Mesurées";"1";;"Non";;;;""
2023;10395;"13";"13101";"Saint-Savournin";"2023-10-13 23:06:00";2;2;0;0;0;0;;;;;"Estimées";"1";;"Non";;;;""
2023;21048;"30";"30200";"Pompignan";"2023-10-14 04:57:00";70;70;0;0;0;0;;;;;"Mesurées";"1";"Malveillance";"Non";;;;""
2023;10779;"2B";"2B073";"Casamaccioli";"2023-10-14 13:19:00";64200;0;64200;0;0;0;;;;;"Estimées";"1";"Malveillance";"Non";;;;""
2023;10396;"13";"13091";"Saint-Cannat";"2023-10-14 14:52:00";4;4;0;0;0;0;;;;;"Estimées";"1";;"Non";;;;""
2023;17371;"40";"40200";"Moustey";"2023-10-14 17:48:00";2;2;;0;0;0;;;;;"Estimées";;;"Non";0;0;0;""
2023;10394;"06";"06022";"Bouyon";"2023-10-14 20:39:00";67500;54600;12800;48;0;52;;;;;"Mesurées";"5";;"Non";;;;""
2023;10782;"2B";"2B281";"Sisco";"2023-10-15 03:50:00";1000;0;1000;0;0;0;;;;;"Estimées";;;"Non";;;;""
2023;10783;"2B";"2B229";"Pietroso";"2023-10-15 08:20:00";100;0;100;0;0;0;;;;;"Estimées";"1";"Malveillance";"Non";;;;""
2023;10788;"2B";"2B298";"Saint-Florent";"2023-10-15 11:07:00";1050;0;1050;0;0;0;;;;;"Estimées";;;"Non";;;;""
2023;10787;"2B";"2B292";"Sant'Andréa-di-Bozio";"2023-10-15 12:34:00";16000;4000;12000;0;0;0;;;;;"Estimées";"1";"Malveillance";"Non";;;;""
2023;10786;"2B";"2B185";"Oletta";"2023-10-15 13:35:00";15000;0;15000;0;0;0;;;;;"Estimées";;;"Non";;;;""
2023;17373;"40";"40332";"Ychoux";"2023-10-15 14:10:00";10;10;;0;0;0;;;;;"Estimées";;;"Non";0;0;0;""
2023;11471;"07";"07209";"Saint-Andéol-de-Fourchades";"2023-10-15 16:12:00";20000;0;20000;0;0;0;;;;;"Estimées";"1";"Accidentelle";"Non";;;;""
2023;10397;"13";"13091";"Saint-Cannat";"2023-10-15 17:50:00";50;50;0;0;0;0;;;;;"Estimées";"1";;"Non";;;;""
2023;11938;"29";"29158";"Penmarch";"2023-10-15 19:34:00";3;3;;0;0;0;;;;;"Estimées";;;"Non";;;;""
2023;12634;"2A";"2A200";"Palneca";"2023-10-15 21:30:00";242800;146170;96400;230;0;0;;;;;"Mesurées";"1";;"Non";;;;""
2023;12633;"2A";"2A200";"Palneca";"2023-10-15 22:30:00";2000;0;2000;0;0;0;;;;;"Estimées";;;"Non";;;;""
2023;10398;"13";"13107";"Simiane-Collongue";"2023-10-16 03:34:00";20;20;0;0;0;0;;;;;"Estimées";"1";;"Non";;;;""
2023;16584;"84";"84091";"Piolenc";"2023-10-16 10:37:00";2;2;0;0;0;0;;;;;"Estimées";;;"Non";;;;""
2023;17207;"16";"16425";"Yvrac-et-Malleyrand";"2023-10-16 12:03:15";5000;5000;;0;0;0;;;;;"Estimées";;;"Non";0;0;0;""
2023;10790;"2B";"2B201";"Pancheraccia";"2023-10-16 12:51:00";26000;0;26000;0;0;0;;;;;"Estimées";"1";;"Non";;;;""
2023;10792;"2B";"2B192";"Olmo";"2023-10-16 14:10:00";5000;0;5000;0;0;0;;;;;"Estimées";;;"Non";;;;""
2023;11189;"11";"11190";"La Redorte";"2023-10-16 15:16:00";20209;0;20209;0;0;0;;;;;"Mesurées";;"Involontaire (travaux)";"Non";;;;""
2023;11188;"11";"11001";"Aigues-Vives";"2023-10-16 16:00:00";4000;0;4000;0;0;0;;;;;"Mesurées";;"Accidentelle";"Non";;;;""
2023;11402;"13";"13001";"Aix-en-Provence";"2023-10-17 10:23:00";500;500;0;0;0;0;;;;;"Estimées";"1";;"Non";;;;""
2023;11187;"11";"11397";"Trèbes";"2023-10-17 11:47:00";250;0;250;0;0;0;;;;;"Mesurées";;"Involontaire (particulier)";"Non";;;;""
2023;11403;"13";"13110";"Trets";"2023-10-17 15:13:00";200;200;0;0;0;0;;;;;"Mesurées";"1";"Involontaire (particulier)";"Non";;;;""
2023;11942;"29";"29232";"Quimper";"2023-10-17 19:04:00";60;60;;0;0;0;;;;;"Estimées";;;"Non";;;;""
2023;11186;"11";"11173";"Hounoux";"2023-10-17 19:56:00";8000;0;8000;0;0;0;;;;;"Mesurées";;;"Non";;;;""
2023;11404;"13";"13085";"Roquefort-la-Bédoule";"2023-10-18 08:12:00";5;5;0;0;0;0;;;;;"Estimées";"1";;"Non";;;;""
2023;13127;"74";"74311";"Viuz-en-Sallaz";"2023-10-18 10:20:00";6;6;;0;0;0;;;;;"Estimées";;"Naturelle";"Non";;;;""
2023;14670;"66";"66100";"Llo";"2023-10-18 13:36:00";571;571;0;0;0;0;;;;;"Mesurées";;"Involontaire (particulier)";"Non";;;;""
2023;10793;"2B";"2B046";"Cagnano";"2023-10-18 18:20:00";150;0;150;0;0;0;;;;;"Estimées";;;"Non";;;;""
2023;17375;"40";"40245";"Roquefort";"2023-10-18 20:16:00";10;10;;0;0;0;;;;;"Estimées";;;"Non";0;0;0;""
2023;21837;"83";"83146";"La Verdière";"2023-10-18 21:41:00";250;0;250;0;0;0;;;;;"Estimées";;;"Non";0;0;0;"Données partielles ou non valides"
2023;10794;"2B";"2B350";"Vignale";"2023-10-18 23:15:00";100;100;0;0;0;0;;;;;"Estimées";"2";"Malveillance";"Non";;;;""
2023;12636;"2A";"2A004";"Ajaccio";"2023-10-19 16:03:00";4000;0;4000;0;0;0;;;;;"Estimées";;;"Non";;;;""
2023;10795;"2B";"2B218";"Piedicorte-di-Gaggio";"2023-10-19 18:45:00";50;0;50;0;0;0;;;;;"Estimées";;;"Non";;;;""
2023;12637;"2A";"2A130";"Grosseto-Prugna";"2023-10-20 12:17:00";2500;0;2500;0;0;0;;;;;"Estimées";;;"Non";;;;""
2023;11181;"11";"11397";"Trèbes";"2023-10-20 17:47:00";100;0;100;0;0;0;;;;;"Mesurées";;"Involontaire (travaux)";"Non";;;;""
2023;11179;"11";"11048";"Boutenac";"2023-10-20 19:33:00";500;0;500;0;0;0;;;;;"Mesurées";;;"Non";;;;""
2023;14674;"66";"66080";"Fontpédrouse";"2023-10-21 11:26:00";2;2;0;0;0;0;;;;;"Estimées";;"Involontaire (particulier)";"Non";;;;""
2023;11414;"13";"13103";"Salon-de-Provence";"2023-10-21 14:41:00";200;200;0;0;0;0;;;;;"Estimées";"1";"Malveillance";"Non";;;;""
2023;11359;"2B";"2B343";"Venzolasca";"2023-10-21 15:50:00";2000;0;2000;0;0;0;;;;;"Estimées";;"Malveillance";"Non";;;;""
2023;11360;"2B";"2B143";"Linguizzetta";"2023-10-21 16:05:00";500;0;500;0;0;0;;;;;"Estimées";;;"Non";;;;""
2023;11045;"34";"34135";"Lespignan";"2023-10-22 07:46:00";616;0;616;0;0;0;;;;;"Mesurées";"1";"Malveillance";"Non";;;;""
2023;11361;"2B";"2B013";"Alzi";"2023-10-22 13:01:00";8000;5000;3000;0;0;0;;;;;"Estimées";"2";"Malveillance";"Non";;;;""
2023;11364;"2B";"2B143";"Linguizzetta";"2023-10-22 15:01:00";5000;0;5000;0;0;0;;;;;"Estimées";"1";;"Non";;;;""
2023;11367;"2B";"2B350";"Vignale";"2023-10-22 19:14:00";100;0;100;0;0;0;;;;;"Estimées";"2";"Malveillance";"Non";;;;""
2023;11415;"13";"13098";"Saint-Mitre-les-Remparts";"2023-10-23 16:30:00";300;300;0;0;0;0;;;;;"Estimées";"1";"Malveillance";"Non";;;;""
2023;11168;"11";"11098";"Conilhac-Corbières";"2023-10-24 22:52:00";200;0;200;0;0;0;;;;;"Mesurées";;"Malveillance";"Non";;;;""
2023;11164;"11";"11098";"Conilhac-Corbières";"2023-10-26 14:04:00";29000;0;29000;0;0;0;;;;;"Mesurées";;"Involontaire (travaux)";"Non";;;;""
2023;11370;"2B";"2B143";"Linguizzetta";"2023-10-27 14:48:00";300;0;300;0;0;0;;;;;"Estimées";"1";"Malveillance";"Non";;;;""
2023;21845;"83";"83091";"Pierrefeu-du-Var";"2023-10-27 14:51:00";450;0;450;0;0;0;;;;;"Estimées";;;"Non";0;0;0;"Données partielles ou non valides"
2023;11371;"2B";"2B055";"Campitello";"2023-10-27 15:37:00";2000;0;2000;0;0;0;;;;;"Estimées";"1";;"Non";;;;""
2023;11161;"11";"11241";"Montbrun-des-Corbières";"2023-10-27 17:01:00";25680;0;25680;0;0;0;;;;;"Mesurées";;;"Non";;;;""
2023;11372;"2B";"2B143";"Linguizzetta";"2023-10-27 22:50:00";3100;3100;0;0;0;0;;;;;"Estimées";"2";"Malveillance";"Non";;;;""
2023;11159;"11";"11261";"Moux";"2023-10-28 01:33:00";50;50;0;0;0;0;;;;;"Mesurées";;"Malveillance";"Non";;;;""
2023;11158;"11";"11148";"Fontcouverte";"2023-10-28 03:27:00";7;7;0;0;0;0;;;;;"Mesurées";;"Malveillance";"Non";;;;""
2023;11373;"2B";"2B079";"Castello-di-Rostino";"2023-10-28 09:20:00";18000;0;18000;0;0;0;;;;;"Estimées";"1";"Malveillance";"Non";;;;""
2023;11374;"2B";"2B286";"Sorbo-Ocagnano";"2023-10-28 10:26:00";52000;12000;35000;5000;0;0;;;;;"Estimées";"1";"Malveillance";"Non";;;;""
2023;13396;"73";"73187";"La Léchère";"2023-10-28 13:43:00";15;15;;0;0;0;;;;;"Estimées";;"Naturelle";"Non";;;;""
2023;21846;"83";"83050";"Draguignan";"2023-10-28 15:02:00";500;0;500;0;0;0;;;;;"Estimées";;"Involontaire (particulier)";"Non";0;0;0;"Données partielles ou non valides"
2023;11038;"05";"05036";"Châteauroux-les-Alpes";"2023-10-28 17:04:00";40;40;0;0;0;0;;;;;"Estimées";;"Involontaire (particulier)";"Non";;;;""
2023;11805;"05";"05036";"Châteauroux-les-Alpes";"2023-10-28 17:04:00";40;40;0;0;0;0;;;;;"Estimées";;"Involontaire (particulier)";"Non";;;;""
2023;11416;"13";"13100";"Saint-Rémy-de-Provence";"2023-10-28 18:34:00";100;100;0;0;0;0;;;;;"Estimées";"1";"Accidentelle";"Non";;;;""
2023;11417;"13";"13056";"Martigues";"2023-10-29 14:20:00";5;5;0;0;0;0;;;;;"Estimées";"1";"Involontaire (particulier)";"Non";;;;""
2023;14685;"66";"66166";"Sahorre";"2023-10-31 09:07:00";800;800;0;0;0;0;;;;;"Estimées";;"Naturelle";"Non";;;;""
2023;14686;"66";"66010";"Ayguatébia-Talau";"2023-10-31 10:36:00";15;15;0;0;0;0;;;;;"Estimées";;"Naturelle";"Non";;;;""
2023;12011;"11";"11215";"Malves-en-Minervois";"2023-10-31 11:01:00";40;40;0;0;0;0;;;;;"Mesurées";;"Involontaire (particulier)";"Non";;;;""
2023;12012;"11";"11132";"Fabrezan";"2023-10-31 11:10:00";3000;3000;0;0;0;0;;;;;"Mesurées";;"Involontaire (particulier)";"Non";;;;""
2023;11385;"2B";"2B039";"Bisinchi";"2023-10-31 12:17:00";5000;0;5000;0;0;0;;;;;"Estimées";"1";"Malveillance";"Non";;;;""
2023;11387;"2B";"2B143";"Linguizzetta";"2023-10-31 15:44:00";300;0;300;0;0;0;;;;;"Estimées";"1";;"Non";;;;""
2023;16603;"84";"84147";"Villelaure";"2023-10-31 18:20:00";50;50;0;0;0;0;;;;;"Estimées";;;"Non";;;;""
2023;12021;"11";"11148";"Fontcouverte";"2023-11-01 21:04:00";80;0;80;0;0;0;;;;;"Mesurées";;"Malveillance";"Non";;;;""
2023;21002;"30";"30075";"Caveirac";"2023-11-02 00:21:00";1000;1000;0;0;0;0;;;;;"Estimées";;;"Non";;;;""
2023;11388;"2B";"2B039";"Bisinchi";"2023-11-02 10:55:00";50;0;50;0;0;0;;;;;"Estimées";;;"Non";;;;""
2023;12028;"11";"11148";"Fontcouverte";"2023-11-03 22:24:00";300;300;0;0;0;0;;;;;"Mesurées";;"Malveillance";"Non";;;;""
2023;12031;"11";"11241";"Montbrun-des-Corbières";"2023-11-05 00:33:00";50;0;50;0;0;0;;;;;"Mesurées";;"Accidentelle";"Non";;;;""
2023;14695;"66";"66049";"Céret";"2023-11-05 05:23:00";20;20;0;0;0;0;;;;;"Estimées";;;"Non";;;;""
2023;14696;"66";"66160";"Reynès";"2023-11-05 10:02:00";20;20;0;0;0;0;;;;;"Estimées";;"Accidentelle";"Non";;;;""
2023;11389;"2B";"2B039";"Bisinchi";"2023-11-05 15:21:00";55;0;55;0;0;0;;;;;"Estimées";"1";"Malveillance";"Non";;;;""
2023;11494;"2B";"2B205";"Patrimonio";"2023-11-06 17:16:00";1500;0;1500;0;0;0;;;;;"Estimées";;;"Non";;;;""
2023;12034;"11";"11106";"Coursan";"2023-11-08 18:12:00";100;0;100;0;0;0;;;;;"Mesurées";;"Accidentelle";"Non";;;;""
2023;11497;"2B";"2B255";"Quercitello";"2023-11-08 19:30:00";150;0;150;0;0;0;;;;;"Estimées";"5";;"Non";;;;""
2023;11628;"2B";"2B059";"Canavaggia";"2023-11-10 10:35:00";1500;0;1500;0;0;0;;;;;"Estimées";;;"Non";;;;""
2023;11790;"34";"34267";"Saint-Jean-de-Fos";"2023-11-11 12:38:00";413;0;413;0;0;0;;;;;"Estimées";"1";"Malveillance";"Non";;;;""
2023;14705;"66";"66123";"Nyer";"2023-11-12 11:59:00";2000;2000;0;0;0;0;;;;;"Estimées";;"Involontaire (particulier)";"Non";;;;""
2023;11807;"2B";"2B043";"Brando";"2023-11-13 00:40:00";4000;0;4000;0;0;0;;;;;"Estimées";;;"Non";;;;""
2023;11808;"2B";"2B356";"Zalana";"2023-11-13 12:18:00";15000;3000;12000;0;0;0;;;;;"Estimées";"1";;"Non";;;;""
2023;11811;"2B";"2B347";"Vezzani";"2023-11-14 12:27:00";3000;0;3000;0;0;0;;;;;"Estimées";"4";"Malveillance";"Non";;;;""
2023;21850;"83";"83026";"Cabasse";"2023-11-14 13:46:00";50;0;50;0;0;0;;;;;"Estimées";;"Involontaire (travaux)";"Non";0;0;0;"Données partielles ou non valides"
2023;11809;"2B";"2B088";"Chiatra";"2023-11-14 14:13:00";3500;0;1500;2000;0;0;;;;;"Estimées";"1";"Malveillance";"Non";;;;""
2023;11834;"2B";"2B223";"Pietralba";"2023-11-15 08:04:00";5000;0;5000;0;0;0;;;;;"Estimées";"1";"Malveillance";"Non";;;;""
2023;12039;"11";"11262";"Narbonne";"2023-11-15 08:48:00";15;0;15;0;0;0;;;;;"Mesurées";;"Accidentelle";"Non";;;;""
2023;11837;"2B";"2B145";"Loreto-di-Casinca";"2023-11-15 11:47:00";10000;10000;0;0;0;0;;;;;"Estimées";"2";"Malveillance";"Non";;;;""
2023;11839;"2B";"2B346";"Vescovato";"2023-11-15 16:30:00";600;0;600;0;0;0;;;;;"Estimées";;"Malveillance";"Non";;;;""
2023;11841;"2B";"2B242";"Poggio-Mezzana";"2023-11-15 17:53:00";10900;0;10900;0;0;0;;;;;"Estimées";"1";"Malveillance";"Non";;;;""
2023;12639;"2A";"2A247";"Porto-Vecchio";"2023-11-16 10:49:00";2638;638;2000;0;0;0;;;;;"Mesurées";;"Involontaire (travaux)";"Non";;;;""
2023;12640;"2A";"2A139";"Lecci";"2023-11-16 11:23:00";50;0;50;0;0;0;;;;;"Estimées";;"Involontaire (particulier)";"Non";;;;""
2023;11763;"07";"07322";"Thueyts";"2023-11-16 14:45:00";70000;0;70000;0;0;0;;;;;"Estimées";"1";;"Non";;;;""
2023;12641;"2A";"2A041";"Bonifacio";"2023-11-16 14:52:00";853;0;853;0;0;0;;;;;"Mesurées";;"Involontaire (particulier)";"Non";;;;""
2023;21221;"34";"34101";"Florensac";"2023-11-16 16:25:00";10000;0;10000;0;0;0;;;;;"Estimées";;;"Non";;;;""
2023;21851;"83";"83111";"Sainte-Anastasie-sur-Issole";"2023-11-16 20:00:00";100;0;100;0;0;0;;;;;"Estimées";;"Involontaire (travaux)";"Non";0;0;0;"Données partielles ou non valides"
2023;11892;"2B";"2B239";"Poggio-d'Oletta";"2023-11-17 12:45:00";400;0;400;0;0;0;;;;;"Estimées";;"Involontaire (travaux)";"Non";;;;""
2023;11893;"2B";"2B036";"Bigorno";"2023-11-17 14:20:00";37800;0;37800;0;0;0;;;;;"Estimées";"1";"Malveillance";"Non";;;;""
2023;11894;"2B";"2B292";"Sant'Andréa-di-Bozio";"2023-11-18 11:35:00";100;0;100;0;0;0;;;;;"Estimées";;;"Non";;;;""
2023;18932;"47";"47185";"Montayral";"2023-11-18 15:55:06";5;5;;0;0;0;;;;;"Estimées";;"Accidentelle";"Non";0;0;0;""
2023;11895;"2B";"2B138";"Lavatoggio";"2023-11-19 16:15:00";7900;0;7900;0;0;0;;;;;"Estimées";"1";"Malveillance";"Non";;;;""
2023;12045;"11";"11203";"Lézignan-Corbières";"2023-11-19 17:06:00";4000;0;4000;0;0;0;;;;;"Mesurées";;"Involontaire (travaux)";"Non";;;;""
2023;11896;"2B";"2B077";"Castellare-di-Casinca";"2023-11-19 21:38:00";10000;10000;0;0;0;0;;;;;"Estimées";"2";;"Non";;;;""
2023;11900;"2B";"2B084";"Cateri";"2023-11-20 12:16:00";12000;0;12000;0;0;0;;;;;"Estimées";"1";;"Non";;;;""
2023;21854;"83";"83154";"Saint-Antonin-du-Var";"2023-11-20 14:02:00";1500;0;1500;0;0;0;;;;;"Estimées";;"Involontaire (travaux)";"Non";0;0;0;"Données partielles ou non valides"
2023;14719;"66";"66033";"Camélas";"2023-11-21 07:53:00";10;0;10;0;0;0;;;;;"Estimées";;"Accidentelle";"Non";;;;""
2023;11903;"2B";"2B135";"Isolaccio-di-Fiumorbo";"2023-11-21 10:04:00";20000;0;20000;0;0;0;;;;;"Estimées";;;"Non";;;;""
2023;11904;"2B";"2B190";"Olmi-Cappella";"2023-11-21 11:59:00";28000;0;28000;0;0;0;;;;;"Estimées";"1";"Malveillance";"Non";;;;""
2023;12051;"11";"11431";"Villeneuve-les-Corbières";"2023-11-22 13:50:00";15;0;15;0;0;0;;;;;"Mesurées";;"Involontaire (travaux)";"Non";;;;""
2023;14725;"66";"66041";"Cases-de-Pène";"2023-11-23 20:30:00";20000;20000;0;0;0;0;;;;;"Estimées";;"Malveillance";"Non";;;;""
2023;14727;"66";"66160";"Reynès";"2023-11-24 00:36:00";1000;1000;0;0;0;0;;;;;"Estimées";;"Involontaire (travaux)";"Non";;;;""
2023;11931;"06";"06116";"Saint-Auban";"2023-11-24 11:43:00";50;0;50;0;0;0;;;;;"Estimées";;"Involontaire (particulier)";"Non";;;;""
2023;21857;"83";"83121";"Salernes";"2023-11-24 13:25:00";4;0;4;0;0;0;;;;;"Estimées";;"Involontaire (particulier)";"Non";0;0;0;"Données partielles ou non valides"
2023;21858;"83";"83144";"La Valette-du-Var";"2023-11-24 18:16:00";90;0;90;0;0;0;;;;;"Estimées";;;"Non";0;0;0;"Données partielles ou non valides"
2023;21861;"83";"83079";"La Môle";"2023-11-24 23:02:00";1000;0;1000;0;0;0;;;;;"Estimées";;"Involontaire (particulier)";"Non";0;0;0;"Données partielles ou non valides"
2023;21862;"83";"83042";"Cogolin";"2023-11-25 00:27:00";160000;0;160000;0;0;0;;;;;"Estimées";;"Involontaire (travaux)";"Non";0;0;0;"Données partielles ou non valides"
2023;21864;"83";"83068";"Grimaud";"2023-11-25 00:48:00";14000;0;14000;0;0;0;;;;;"Estimées";;"Involontaire (travaux)";"Non";0;0;0;"Données partielles ou non valides"
2023;21865;"83";"83067";"Gonfaron";"2023-11-25 06:47:00";50;0;50;0;0;0;;;;;"Estimées";;"Malveillance";"Non";0;0;0;"Données partielles ou non valides"
2023;21866;"83";"83057";"Flassans-sur-Issole";"2023-11-25 09:59:00";10;0;10;0;0;0;;;;;"Estimées";;;"Non";0;0;0;"Données partielles ou non valides"
2023;21014;"30";"30261";"Saint-Hippolyte-de-Caton";"2023-11-25 10:30:00";508;508;0;0;0;0;;;;;"Mesurées";"2";"Involontaire (travaux)";"Non";;;;""
2023;21867;"83";"83124";"Seillans";"2023-11-25 11:35:00";25;0;25;0;0;0;;;;;"Estimées";;;"Non";0;0;0;"Données partielles ou non valides"
2023;11984;"04";"04240";"Villars-Colmars";"2023-11-25 15:39:00";42300;7800;0;34500;0;0;;;;;"Mesurées";;"Involontaire (travaux)";"Non";;;;""
2023;21017;"30";"30154";"Mandagout";"2023-11-25 16:50:00";26534;26534;0;0;0;0;;;;;"Mesurées";"2";"Involontaire (particulier)";"Non";;;;""
2023;21209;"13";"13055";"Marseille";"2023-11-25 19:30:00";100;0;100;0;0;0;;;;;"Estimées";"1";;"Non";;;;""
2023;11907;"2B";"2B343";"Venzolasca";"2023-11-26 09:37:00";3000;0;3000;0;0;0;;;;;"Estimées";;;"Non";;;;""
2023;21868;"83";"83049";"Cuers";"2023-11-26 11:54:00";150;0;150;0;0;0;;;;;"Estimées";;"Involontaire (particulier)";"Non";0;0;0;"Données partielles ou non valides"
2023;11908;"2B";"2B159";"Meria";"2023-11-26 12:02:00";6000;0;6000;0;0;0;;;;;"Estimées";;;"Non";;;;""
2023;11910;"2B";"2B340";"Velone-Orneto";"2023-11-26 14:15:00";3000;0;3000;0;0;0;;;;;"Estimées";"1";"Malveillance";"Non";;;;""
2023;11909;"2B";"2B350";"Vignale";"2023-11-26 14:22:00";5000;0;5000;0;0;0;;;;;"Estimées";"1";;"Non";;;;""
2023;13749;"07";"07161";"Montpezat-sous-Bauzon";"2023-11-26 15:00:00";5000;0;5000;0;0;0;;;;;"Estimées";"1";;"Non";;;;""
2023;21869;"83";"83097";"Pourrières";"2023-11-26 16:05:00";30;0;30;0;0;0;;;;;"Estimées";;"Involontaire (particulier)";"Non";0;0;0;"Données partielles ou non valides"
2023;21020;"30";"30198";"Les Plantiers";"2023-11-26 16:21:00";30;30;0;0;0;0;;;;;"Mesurées";"3";;"Non";;;;""
2023;12061;"11";"11267";"Ornaisons";"2023-11-26 16:52:00";10464;0;10464;0;0;0;;;;;"Mesurées";;"Involontaire (travaux)";"Non";;;;""
2023;21870;"83";"83118";"Saint-Raphaël";"2023-11-26 18:03:00";150;150;0;0;0;0;;;;;"Estimées";;;"Non";0;0;0;"Données partielles ou non valides"
2023;21871;"83";"83033";"Carnoules";"2023-11-26 22:37:00";40;0;40;0;0;0;;;;;"Estimées";;;"Non";0;0;0;"Données partielles ou non valides"
2023;21872;"83";"83118";"Saint-Raphaël";"2023-11-27 01:33:00";10;10;0;0;0;0;;;;;"Estimées";;;"Non";0;0;0;"Données partielles ou non valides"
2023;12071;"2B";"2B007";"Albertacce";"2023-11-27 16:45:00";100;0;100;0;0;0;;;;;"Estimées";;;"Non";;;;""
2023;14738;"66";"66190";"Salses-le-Château";"2023-11-27 18:43:00";80;0;80;0;0;0;;;;;"Estimées";;"Accidentelle";"Non";;;;""
2023;14740;"66";"66148";"Port-Vendres";"2023-11-27 21:11:00";1;0;1;0;0;0;;;;;"Estimées";;"Malveillance";"Non";;;;""
2023;21874;"83";"83069";"Hyères";"2023-11-28 02:02:00";60;0;60;0;0;0;;;;;"Estimées";;;"Non";0;0;0;"Données partielles ou non valides"
2023;12075;"2B";"2B009";"Aléria";"2023-11-28 07:25:00";2500;0;2500;0;0;0;;;;;"Estimées";"1";;"Non";;;;""
2023;21875;"83";"83091";"Pierrefeu-du-Var";"2023-11-28 08:55:00";30;0;30;0;0;0;;;;;"Estimées";;;"Non";0;0;0;"Données partielles ou non valides"
2023;21876;"83";"83116";"Saint-Maximin-la-Sainte-Baume";"2023-11-28 10:35:00";20;0;20;0;0;0;;;;;"Estimées";;"Involontaire (particulier)";"Non";0;0;0;"Données partielles ou non valides"
2023;12074;"2B";"2B343";"Venzolasca";"2023-11-28 13:12:00";20000;10000;0;5000;5000;0;;;;;"Estimées";"2";"Malveillance";"Non";;;;""
2023;12076;"2B";"2B123";"Ghisonaccia";"2023-11-28 16:31:00";2000;0;2000;0;0;0;;;;;"Estimées";"1";;"Non";;;;""
2023;12077;"2B";"2B143";"Linguizzetta";"2023-11-28 16:41:00";10000;0;10000;0;0;0;;;;;"Estimées";;;"Non";;;;""
2023;21877;"83";"83070";"Le Lavandou";"2023-11-28 23:04:00";200;200;0;0;0;0;;;;;"Estimées";;;"Non";0;0;0;"Données partielles ou non valides"
2023;13737;"13";"13062";"Mimet";"2023-11-29 11:02:00";200;200;0;0;0;0;;;;;"Estimées";"1";"Involontaire (particulier)";"Non";;;;""
2023;12079;"2B";"2B143";"Linguizzetta";"2023-11-29 14:48:00";1000;0;1000;0;0;0;;;;;"Estimées";;;"Non";;;;""
2023;12080;"2B";"2B049";"Calenzana";"2023-11-29 15:32:00";2000;0;2000;0;0;0;;;;;"Estimées";"1";;"Non";;;;""
2023;12068;"11";"11131";"Val-du-Faby";"2023-11-29 19:08:00";10;10;0;0;0;0;;;;;"Mesurées";;"Accidentelle";"Non";;;;""
2023;21879;"83";"83027";"La Cadière-d'Azur";"2023-11-29 20:31:00";100;100;0;0;0;0;;;;;"Estimées";;"Malveillance";"Non";0;0;0;"Données partielles ou non valides"
2023;12081;"2B";"2B148";"Lucciana";"2023-11-30 12:44:00";500;0;500;0;0;0;;;;;"Estimées";;;"Non";;;;""
2023;12549;"2B";"2B207";"Penta-di-Casinca";"2023-12-02 12:34:00";1000;0;1000;0;0;0;;;;;"Estimées";"1";;"Non";;;;""
2023;12550;"2B";"2B143";"Linguizzetta";"2023-12-02 13:26:00";600;0;600;0;0;0;;;;;"Estimées";;;"Non";;;;""
2023;12555;"2B";"2B343";"Venzolasca";"2023-12-02 14:32:00";40000;0;25000;10000;0;5000;;;;;"Estimées";"1";"Involontaire (particulier)";"Non";;;;""
2023;12556;"2B";"2B250";"Prunelli-di-Casacconi";"2023-12-02 14:46:00";15000;10000;5000;0;0;0;;;;;"Estimées";"2";"Malveillance";"Non";;;;""
2023;12557;"2B";"2B043";"Brando";"2023-12-02 15:28:00";1109800;941000;0;126400;0;42400;;;;;"Estimées";;"Accidentelle";"Non";;;;""
2023;12559;"2B";"2B123";"Ghisonaccia";"2023-12-02 16:31:00";1000;0;1000;0;0;0;;;;;"Estimées";"1";;"Non";;;;""
2023;12560;"2B";"2B157";"Mazzola";"2023-12-02 18:57:00";20;0;20;0;0;0;;;;;"Estimées";"1";;"Non";;;;""
2023;12561;"2B";"2B009";"Aléria";"2023-12-02 19:12:00";2000;0;2000;0;0;0;;;;;"Estimées";"1";;"Non";;;;""
2023;12644;"2A";"2A247";"Porto-Vecchio";"2023-12-02 20:20:00";50;0;50;0;0;0;;;;;"Estimées";;"Involontaire (travaux)";"Non";;;;""
2023;12563;"2B";"2B242";"Poggio-Mezzana";"2023-12-03 13:37:00";10000;0;10000;0;0;0;;;;;"Estimées";;;"Non";;;;""
2023;12565;"2B";"2B012";"Altiani";"2023-12-03 16:30:00";100;0;100;0;0;0;;;;;"Estimées";;;"Non";;;;""
2023;21882;"83";"83043";"Collobrières";"2023-12-03 18:43:00";40;0;40;0;0;0;;;;;"Estimées";;;"Non";0;0;0;"Données partielles ou non valides"
2023;16844;"84";"84135";"Uchaux";"2023-12-04 10:26:00";100;100;0;0;0;0;;;;;"Estimées";;;"Non";;;;""
2023;13420;"11";"11401";"Tuchan";"2023-12-07 09:26:00";15;0;15;0;0;0;;;;;"Mesurées";;"Involontaire (particulier)";"Non";;;;""
2023;13738;"13";"13038";"Fontvieille";"2023-12-07 18:30:00";100;100;0;0;0;0;;;;;"Estimées";"1";;"Non";;;;""
2023;14762;"66";"66170";"Sainte-Colombe-de-la-Commanderie";"2023-12-08 23:03:00";10;10;0;0;0;0;;;;;"Estimées";;"Accidentelle";"Non";;;;""
2023;12971;"2B";"2B355";"Volpajola";"2023-12-11 13:43:00";5000;0;5000;0;0;0;;;;;"Estimées";"1";"Malveillance";"Non";;;;""
2023;13048;"34";"34069";"Cazouls-lès-Béziers";"2023-12-11 17:26:00";300;0;300;0;0;0;;;;;"Estimées";;"Malveillance";"Non";;;;""
2023;14771;"66";"66058";"Corneilla-la-Rivière";"2023-12-12 14:32:00";1000;0;1000;0;0;0;;;;;"Estimées";;"Involontaire (particulier)";"Non";;;;""
2023;12973;"2B";"2B307";"Santa-Lucia-di-Moriani";"2023-12-12 18:18:00";500;500;0;0;0;0;;;;;"Estimées";"2";;"Non";;;;""
2023;21885;"83";"83028";"Callas";"2023-12-12 20:39:00";1;0;1;0;0;0;;;;;"Estimées";;"Involontaire (particulier)";"Non";0;0;0;"Données partielles ou non valides"
2023;14774;"66";"66069";"Espira-de-l'Agly";"2023-12-13 15:28:00";19000;0;19000;0;0;0;;;;;"Mesurées";;"Malveillance";"Non";;;;""
2023;16848;"84";"84061";"Lagarde-Paréol";"2023-12-14 18:50:00";5;5;0;0;0;0;;;;;"Estimées";;;"Non";;;;""
2023;21031;"30";"30075";"Caveirac";"2023-12-15 15:19:00";731;731;0;0;0;0;;;;;"Mesurées";"2";;"Non";;;;""
2023;13472;"2B";"2B242";"Poggio-Mezzana";"2023-12-15 16:45:00";600;0;600;0;0;0;;;;;"Estimées";"1";;"Non";;;;""
2023;20279;"19";"19269";"Treignac";"2023-12-15 17:55:27";1;1;;0;0;0;;;;;"Estimées";;;"Non";0;0;0;""
2023;13226;"41";"41054";"Choussy";"2023-12-15 19:46:00";10;10;;0;0;0;;;;;"Estimées";;"Involontaire (travaux)";"Non";;;;""
2023;21034;"30";"30189";"Nîmes";"2023-12-16 11:20:00";1000;1000;0;0;0;0;;;;;"Estimées";;;"Non";;;;""
2023;21887;"83";"83056";"Figanières";"2023-12-16 18:45:00";5;0;5;0;0;0;;;;;"Estimées";;"Involontaire (particulier)";"Non";0;0;0;"Données partielles ou non valides"
2023;21888;"83";"83064";"Garéoult";"2023-12-17 07:58:00";1;0;1;0;0;0;;;;;"Estimées";;;"Non";0;0;0;"Données partielles ou non valides"
2023;21210;"13";"13055";"Marseille";"2023-12-17 16:39:00";20;0;20;0;0;0;;;;;"Estimées";"1";;"Non";;;;""
2023;21889;"83";"83107";"Roquebrune-sur-Argens";"2023-12-18 12:13:00";80;0;80;0;0;0;;;;;"Estimées";;"Involontaire (particulier)";"Non";0;0;0;"Données partielles ou non valides"
2023;13475;"2B";"2B235";"Pioggiola";"2023-12-18 13:45:00";5000;0;5000;0;0;0;;;;;"Estimées";"1";;"Non";;;;""
2023;13753;"07";"07232";"Saint-Étienne-de-Lugdarès";"2023-12-18 14:11:00";50000;0;50000;0;0;0;;;;;"Estimées";"1";"Involontaire (travaux)";"Non";;;;""
2023;14780;"66";"66192";"Sauto";"2023-12-18 15:22:00";200;200;0;0;0;0;;;;;"Estimées";;"Accidentelle";"Non";;;;""
2023;21891;"83";"83011";"Bargemon";"2023-12-19 12:50:00";200;0;200;0;0;0;;;;;"Estimées";;"Involontaire (particulier)";"Non";0;0;0;"Données partielles ou non valides"
2023;13210;"34";"34035";"La Boissière";"2023-12-19 22:18:00";469;469;0;0;0;0;;;;;"Estimées";"3";"Involontaire (particulier)";"Non";;;;""
2023;13476;"2B";"2B069";"Casabianca";"2023-12-20 17:10:00";1000;0;1000;0;0;0;;;;;"Estimées";"1";"Malveillance";"Non";;;;""
2023;13269;"04";"04149";"Peyruis";"2023-12-20 22:40:00";30;30;0;0;0;0;;;;;"Estimées";;;"Non";;;;""
2023;13461;"11";"11144";"Fitou";"2023-12-21 01:31:00";2500;2500;0;0;0;0;;;;;"Mesurées";;;"Non";;;;""
2023;13477;"2B";"2B199";"Palasca";"2023-12-21 12:42:00";300;0;300;0;0;0;;;;;"Estimées";"1";;"Non";;;;""
2023;13739;"13";"13039";"Fos-sur-Mer";"2023-12-21 12:50:00";200;0;200;0;0;0;;;;;"Estimées";"1";;"Non";;;;""
2023;21893;"83";"83107";"Roquebrune-sur-Argens";"2023-12-21 14:29:00";80;80;0;0;0;0;;;;;"Estimées";;;"Non";0;0;0;"Données partielles ou non valides"
2023;21894;"83";"83141";"Trans-en-Provence";"2023-12-21 16:30:00";10;0;10;0;0;0;;;;;"Estimées";;;"Non";0;0;0;"Données partielles ou non valides"
2023;13457;"11";"11262";"Narbonne";"2023-12-21 17:50:00";400;0;400;0;0;0;;;;;"Estimées";;;"Non";;;;""
2023;13456;"11";"11262";"Narbonne";"2023-12-21 19:54:00";87028;0;87028;0;0;0;;;;;"Mesurées";;"Malveillance";"Non";;;;""
2023;14795;"66";"66104";"Los Masos";"2023-12-22 07:40:00";200;200;0;0;0;0;;;;;"Estimées";;"Involontaire (particulier)";"Non";;;;""
2023;21895;"83";"83061";"Fréjus";"2023-12-22 12:19:00";3;0;3;0;0;0;;;;;"Estimées";;;"Non";0;0;0;"Données partielles ou non valides"
2023;13265;"06";"06049";"Courmes";"2023-12-22 12:29:00";70000;0;70000;0;0;0;;;;;"Mesurées";;"Malveillance";"Non";;;;""
2023;21896;"83";"83130";"Solliès-Pont";"2023-12-22 17:53:00";25;0;25;0;0;0;;;;;"Estimées";;;"Non";0;0;0;"Données partielles ou non valides"
2023;21897;"83";"83019";"Bormes-les-Mimosas";"2023-12-23 08:09:00";5;0;5;0;0;0;;;;;"Estimées";;"Involontaire (particulier)";"Non";0;0;0;"Données partielles ou non valides"
2023;13184;"34";"34165";"Montbazin";"2023-12-23 10:20:00";4;0;4;0;0;0;;;;;"Estimées";"1";"Malveillance";"Non";;;;""
2023;13479;"2B";"2B145";"Loreto-di-Casinca";"2023-12-23 10:26:00";75000;10000;60000;5000;0;0;;;;;"Estimées";"1";;"Non";;;;""
2023;21042;"30";"30269";"Saint-Jean-du-Gard";"2023-12-23 10:50:00";1451;1451;0;0;0;0;;;;;"Mesurées";"2";"Involontaire (particulier)";"Non";;;;""
2023;13266;"06";"06003";"Andon";"2023-12-23 12:05:00";15000;0;15000;0;0;0;;;;;"Mesurées";;"Accidentelle";"Non";;;;""
2023;14800;"66";"66085";"Fuilla";"2023-12-23 16:14:00";200;200;0;0;0;0;;;;;"Estimées";;"Involontaire (particulier)";"Non";;;;""
2023;21898;"83";"83082";"Montferrat";"2023-12-23 23:27:00";1500;1500;0;0;0;0;;;;;"Estimées";;"Involontaire (particulier)";"Non";0;0;0;"Données partielles ou non valides"
2023;21899;"83";"83118";"Saint-Raphaël";"2023-12-24 11:04:00";15;15;0;0;0;0;;;;;"Estimées";;"Involontaire (particulier)";"Non";0;0;0;"Données partielles ou non valides"
2023;13452;"11";"11145";"Fleury";"2023-12-24 13:13:00";1000;0;1000;0;0;0;;;;;"Mesurées";;"Involontaire (particulier)";"Non";;;;""
2023;21044;"30";"30198";"Les Plantiers";"2023-12-24 19:06:00";1000;1000;0;0;0;0;;;;;"Estimées";;;"Non";;;;""
2023;13224;"48";"48198";"Villefort";"2023-12-25 14:12:00";9600;4000;0;5600;0;0;;;;;"Mesurées";"1";"Involontaire (particulier)";"Non";;;;""
2023;14813;"66";"66179";"Saint-Laurent-de-Cerdans";"2023-12-25 22:34:00";400;400;0;0;0;0;;;;;"Estimées";;"Involontaire (particulier)";"Non";;;;""
2023;13740;"13";"13087";"Rousset";"2023-12-26 02:35:00";20;20;0;0;0;0;;;;;"Estimées";"1";"Involontaire (particulier)";"Non";;;;""
2023;13741;"13";"13050";"Lambesc";"2023-12-26 11:12:00";500;500;0;0;0;0;;;;;"Estimées";"1";"Malveillance";"Non";;;;""
2023;13228;"48";"48115";"Le Pompidou";"2023-12-26 13:03:00";6674;6674;0;0;0;0;;;;;"Mesurées";"1";"Involontaire (travaux)";"Non";;;;""
2023;13482;"2B";"2B242";"Poggio-Mezzana";"2023-12-26 14:27:00";1000;0;1000;0;0;0;;;;;"Estimées";;;"Non";;;;""
2023;20284;"04";"04155";"Prads-Haute-Bléone";"2023-12-27 00:00:00";97200;200;0;97000;0;0;;;;;"Mesurées";;"Involontaire (travaux)";"Non";;;;""
2023;13270;"04";"04155";"Prads-Haute-Bléone";"2023-12-27 00:00:00";61829;300;0;61529;0;0;;;;;"Mesurées";;"Involontaire (travaux)";"Non";;;;""
2023;13267;"06";"06059";"Èze";"2023-12-27 00:12:00";500;0;500;0;0;0;;;;;"Estimées";;"Involontaire (particulier)";"Non";;;;""
2023;13285;"48";"48174";"Saint-Paul-le-Froid";"2023-12-27 14:55:00";10000;0;10000;0;0;0;;;;;"Estimées";"1";;"Non";;;;""
2023;13484;"2B";"2B350";"Vignale";"2023-12-27 17:00:00";5;5;0;0;0;0;;;;;"Estimées";"3";;"Non";;;;""
2023;21901;"83";"83012";"Barjols";"2023-12-27 17:32:00";4;0;4;0;0;0;;;;;"Estimées";;"Involontaire (particulier)";"Non";0;0;0;"Données partielles ou non valides"
2023;21902;"83";"83069";"Hyères";"2023-12-27 17:58:00";100;0;100;0;0;0;;;;;"Estimées";;"Involontaire (particulier)";"Non";0;0;0;"Données partielles ou non valides"
2023;13754;"07";"07275";"Saint-Mélany";"2023-12-28 11:58:00";100;0;100;0;0;0;;;;;"Estimées";"1";"Involontaire (travaux)";"Non";;;;""
2023;21903;"83";"83110";"Rougiers";"2023-12-28 17:24:00";4;0;4;0;0;0;;;;;"Estimées";;"Involontaire (travaux)";"Non";0;0;0;"Données partielles ou non valides"
2023;21904;"83";"83036";"Cavalaire-sur-Mer";"2023-12-29 07:22:00";60;60;0;0;0;0;;;;;"Estimées";;;"Non";0;0;0;"Données partielles ou non valides"
2023;13298;"34";"34301";"Sète";"2023-12-31 03:09:00";200;0;200;0;0;0;;;;;"Estimées";;"Malveillance";"Non";;;;""
2024;5;"66";"66043";"Casteil";"2024-01-01 12:02:00";2000;2000;0;0;0;0;;;;;"Estimées";;"Involontaire (particulier)";"Non";;;;""
2024;27351;"77";"77186";"Fontainebleau";"2024-01-01 13:48:00";2;2;;0;0;0;;;;;"Estimées";;"Involontaire (particulier)";"Non";;;;""
2024;20474;"11";"11322";"Roquefort-des-Corbières";"2024-01-01 20:42:00";100;10;90;0;0;0;;;;;"Mesurées";"1";;"Non";;;;""
2024;353;"2B";"2B029";"Barbaggio";"2024-01-03 11:36:00";1946500;0;1946500;0;0;0;;;;;"Mesurées";"1";"Involontaire (travaux)";"Non";;;;""
2024;122;"2B";"2B124";"Ghisoni";"2024-01-03 12:59:00";2000;0;2000;0;0;0;;;;;"Estimées";;;"Non";;;;""
2024;124;"2B";"2B079";"Castello-di-Rostino";"2024-01-03 23:05:00";35000;0;35000;0;0;0;;;;;"Estimées";"1";;"Non";;;;""
2024;127;"2B";"2B293";"Sant'Andréa-di-Cotone";"2024-01-04 13:51:00";10000;0;10000;0;0;0;;;;;"Estimées";"1";;"Non";;;;""
2024;128;"2B";"2B356";"Zalana";"2024-01-04 14:48:00";500;0;500;0;0;0;;;;;"Estimées";;;"Non";;;;""
2024;159;"66";"66042";"Cassagnes";"2024-01-08 14:12:00";20000;20000;0;0;0;0;;;;;"Mesurées";;"Accidentelle";"Non";;;;""
2024;355;"48";"48067";"Gabriac";"2024-01-08 17:33:00";5600;5600;0;0;0;0;;;;;"Mesurées";"5";;"Non";;;;""
2024;169;"66";"66116";"Montferrer";"2024-01-09 12:33:00";200;200;0;0;0;0;;;;;"Estimées";;;"Non";;;;""
2024;20490;"11";"11098";"Conilhac-Corbières";"2024-01-09 16:56:00";17533;0;17533;0;0;0;;;;;"Mesurées";"1";;"Non";;;;""
2024;27082;"64";"64444";"Pardies-Piétat";"2024-01-14 12:57:00";3;3;;0;0;0;;;;;"Estimées";;"Involontaire (particulier)";"Non";0;0;0;""
2024;146;"2B";"2B290";"Speloncato";"2024-01-15 11:04:00";150000;0;150000;0;0;0;;;;;"Estimées";;;"Non";;;;""
2024;147;"2B";"2B242";"Poggio-Mezzana";"2024-01-17 15:25:00";3000;0;3000;0;0;0;;;;;"Estimées";;;"Non";;;;""
2024;20504;"11";"11031";"Belfort-sur-Rebenty";"2024-01-18 12:31:00";600;600;0;0;0;0;;;;;"Mesurées";;"Involontaire (travaux)";"Non";;;;""
2024;22475;"88";"88124";"Darney";"2024-01-18 17:57:00";10;10;;0;0;0;;;;;"Estimées";;;"Non";;;;""
2024;143;"34";"34097";"Félines-Minervois";"2024-01-18 18:00:00";1632;0;1632;0;0;0;;;;;"Mesurées";"1";"Malveillance";"Non";;;;""
2024;20095;"56";"56212";"Saint-Dolay";"2024-01-18 18:32:00";4;4;;0;0;0;;;;;"Estimées";;;"Non";;;;""
2024;20507;"11";"11379";"Sigean";"2024-01-18 19:07:00";10;0;10;0;0;0;;;;;"Mesurées";"1";"Accidentelle";"Non";;;;""
2024;149;"2B";"2B046";"Cagnano";"2024-01-19 05:14:00";300;0;300;0;0;0;;;;;"Estimées";;;"Non";;;;""
2024;19130;"13";"13055";"Marseille";"2024-01-19 21:51:00";15;0;15;0;0;0;;;;;"Estimées";"1";;"Non";;;;""
2024;151;"2B";"2B286";"Sorbo-Ocagnano";"2024-01-20 18:33:00";1500;0;1500;0;0;0;;;;;"Estimées";;;"Non";;;;""
2024;27354;"77";"77006";"Arbonne-la-Forêt";"2024-01-21 10:01:00";4;4;;0;0;0;;;;;"Estimées";;"Involontaire (particulier)";"Non";;;;""
2024;205;"66";"66150";"Prats-de-Mollo-la-Preste";"2024-01-21 16:15:00";800;800;0;0;0;0;;;;;"Mesurées";;;"Non";;;;""
2024;154;"06";"06049";"Courmes";"2024-01-22 11:48:00";41600;0;41600;0;0;0;;;;;"Estimées";"1";;"Non";;;;""
2024;217;"2B";"2B281";"Sisco";"2024-01-22 16:45:00";3000;0;3000;0;0;0;;;;;"Estimées";;;"Non";;;;""
2024;28856;"07";"07025";"Barnas";"2024-01-22 17:57:00";127700;200;127500;0;0;0;;;;;"Mesurées";"5";;"Non";;;;""
2024;218;"2B";"2B307";"Santa-Lucia-di-Moriani";"2024-01-23 02:00:00";50000;0;50000;0;0;0;;;;;"Estimées";"1";;"Non";;;;""
2024;255;"34";"34092";"Cruzy";"2024-01-23 18:39:00";3098;0;3098;0;0;0;;;;;"Mesurées";"1";"Involontaire (travaux)";"Non";;;;""
2024;20515;"11";"11401";"Tuchan";"2024-01-24 14:52:00";400;0;400;0;0;0;;;;;"Mesurées";"1";"Involontaire (particulier)";"Non";;;;""
2024;251;"34";"34079";"Clermont-l'Hérault";"2024-01-25 18:18:00";17;0;17;0;0;0;;;;;"Mesurées";"1";"Malveillance";"Non";;;;""
2024;20523;"11";"11386";"Talairan";"2024-01-26 15:43:00";11938;0;11438;0;500;0;;;;;"Mesurées";"1";;"Non";;;;""
2024;226;"2B";"2B340";"Velone-Orneto";"2024-01-26 18:15:00";100;0;100;0;0;0;;;;;"Estimées";;;"Non";;;;""
2024;239;"34";"34113";"Gigean";"2024-01-27 10:01:00";5;5;0;0;0;0;;;;;"Estimées";"2";"Malveillance";"Non";;;;""
2024;19302;"13";"13047";"Istres";"2024-01-27 16:10:00";500;500;0;0;0;0;;;;;"Estimées";"1";"Involontaire (particulier)";"Non";;;;""
2024;18934;"30";"30189";"Nîmes";"2024-01-27 18:52:00";107;107;0;0;0;0;;;;;"Mesurées";;;"Non";;;;""
2024;29629;"25";"25318";"Jougne";"2024-01-27 19:46:36";100;100;;0;0;0;;;;;"Estimées";;;"Non";0;0;0;""
2024;28854;"07";"07179";"Pourchères";"2024-01-28 12:30:00";90000;0;90000;0;0;0;;;;;"Mesurées";"5";"Involontaire (travaux)";"Non";;;;""
2024;214;"15";"15113";"Mandailles-Saint-Julien";"2024-01-28 13:33:00";2;2;;0;0;0;;;;;"Estimées";;"Involontaire (travaux)";"Non";;;;""
2024;18935;"30";"30339";"Val-d'Aigoual";"2024-01-28 16:10:00";2000;2000;0;0;0;0;;;;;"Mesurées";;;"Non";;;;""
2024;271;"05";"05126";"Rosans";"2024-01-29 13:59:00";8100;2700;0;4800;0;600;;;;;"Mesurées";"5";"Involontaire (particulier)";"Non";;;;""
2024;19032;"48";"48105";"Naussac-Fontanes";"2024-01-29 14:00:00";1200;1100;0;100;0;0;;;;;"Mesurées";"4";;;;;;"Données partielles ou non valides"
2024;26994;"40";"40184";"Mimizan";"2024-01-29 15:19:00";1;1;;0;0;0;;;;;"Estimées";;"Involontaire (particulier)";"Non";0;0;0;""
2024;402;"74";"74192";"Moye";"2024-01-29 18:16:00";200;200;;0;0;0;;;;;"Estimées";;"Involontaire (travaux)";"Non";;;;""
2024;229;"2B";"2B356";"Zalana";"2024-01-30 11:12:00";10000;0;10000;0;0;0;;;;;"Estimées";"1";;"Non";;;;""
2024;358;"06";"06135";"Sigale";"2024-01-30 13:32:00";2000;0;2000;0;0;0;;;;;"Estimées";"1";;"Non";;;;""
2024;19532;"34";"34335";"Villemagne-l'Argentière";"2024-01-30 14:50:00";2252;0;2252;0;0;0;;;;;"Mesurées";"1";"Involontaire (particulier)";"Non";;;;""
2024;22939;"2A";"2A130";"Grosseto-Prugna";"2024-01-30 18:53:00";50;0;50;0;0;0;;;;;"Estimées";;;"Non";;;;""
2024;19191;"29";"29206";"Plounévez-Lochrist";"2024-01-30 19:04:00";20;20;;0;0;0;;;;;"Estimées";;;"Non";;;;""
2024;22940;"2A";"2A247";"Porto-Vecchio";"2024-01-31 11:08:00";3000;0;3000;0;0;0;;;;;"Estimées";;;"Non";;;;""
2024;268;"2B";"2B235";"Pioggiola";"2024-01-31 12:15:00";300;0;300;0;0;0;;;;;"Estimées";;;"Non";;;;""
2024;26996;"40";"40281";"Saint-Pierre-du-Mont";"2024-01-31 17:35:00";3;1;;0;0;2;;;;;"Estimées";;;"Non";0;0;0;""
2024;27088;"64";"64396";"Mont";"2024-01-31 19:05:00";2;2;;0;0;0;;;;;"Estimées";;;"Non";0;0;0;""
2024;338;"2B";"2B176";"Nocario";"2024-02-01 11:11:00";5000;0;5000;0;0;0;;;;;"Estimées";"1";;"Non";;;;""
2024;282;"05";"05024";"Valdoule";"2024-02-02 12:50:00";4000;4000;0;0;0;0;;;;;"Mesurées";"5";"Involontaire (travaux)";"Non";;;;""
2024;359;"06";"06050";"Coursegoules";"2024-02-02 13:45:00";800;0;800;0;0;0;;;;;"Estimées";;;"Non";;;;""
2024;19303;"13";"13091";"Saint-Cannat";"2024-02-02 14:36:00";10;10;0;0;0;0;;;;;"Estimées";"1";"Malveillance";"Non";;;;""
2024;341;"2B";"2B213";"Pianello";"2024-02-03 12:13:00";465800;0;465800;0;0;0;;;;;"Estimées";"1";"Malveillance";"Non";;;;""
2024;342;"2B";"2B219";"Piedicroce";"2024-02-03 12:25:00";4000;0;4000;0;0;0;;;;;"Estimées";;;"Non";;;;""
2024;20544;"11";"11401";"Tuchan";"2024-02-03 12:27:00";200;0;200;0;0;0;;;;;"Mesurées";"1";"Involontaire (travaux)";"Non";;;;""
2024;28842;"07";"07220";"Saint-Christol";"2024-02-03 14:04:00";10000;10000;0;0;0;0;;;;;"Estimées";"3";"Involontaire (travaux)";"Non";;;;""
2024;289;"26";"26243";"Le Poët-Laval";"2024-02-03 14:57:00";4300;4300;0;0;0;0;;;;;"Estimées";;"Malveillance";"Non";;;;""
2024;19304;"13";"13017";"Boulbon";"2024-02-03 15:50:00";20;20;0;0;0;0;;;;;"Estimées";"1";"Involontaire (particulier)";"Non";;;;""
2024;19033;"48";"48051";"Le Collet-de-Dèze";"2024-02-03 15:54:00";250;0;250;0;0;0;;;;;"Mesurées";"1";"Involontaire (particulier)";"Non";;;;""
2024;19035;"48";"48194";"Vialas";"2024-02-03 16:20:00";150000;0;150000;0;0;0;;;;;"Estimées";"1";"Involontaire (travaux)";;;;;"Données partielles ou non valides"
2024;28674;"07";"07200";"Le Roux";"2024-02-03 16:27:00";8000;8000;0;0;0;0;;;;;"Estimées";"3";"Involontaire (travaux)";"Non";;;;""
2024;27213;"2A";"2A247";"Porto-Vecchio";"2024-02-03 18:13:00";50;0;50;0;0;0;;;;;"Mesurées";;;"Non";;;;""
2024;18875;"15";"15223";"Sauvat";"2024-02-03 19:06:00";500;500;;0;0;0;;;;;"Estimées";;"Involontaire (travaux)";"Non";;;;""
2024;19941;"31";"31548";"Signac";"2024-02-03 19:09:00";40000;40000;;0;0;0;;;;;"Estimées";;;"Non";;;;""
2024;19037;"48";"48116";"Pont de Montvert - Sud Mont Lozère";"2024-02-03 20:25:00";10000;0;10000;0;0;0;;;;;"Estimées";"1";"Involontaire (travaux)";"Non";;;;""
2024;19036;"48";"48053";"Cubières";"2024-02-03 20:35:00";500;0;500;0;0;0;;;;;"Estimées";"1";;"Non";;;;""
2024;520;"34";"34277";"Saint-Maurice-Navacelles";"2024-02-04 10:19:00";30519;0;30519;0;0;0;;;;;"Mesurées";;"Involontaire (travaux)";"Non";;;;""
2024;345;"2B";"2B171";"Muracciole";"2024-02-04 10:55:00";1500;0;1500;0;0;0;;;;;"Estimées";;;"Non";;;;""
2024;20546;"11";"11311";"Ribaute";"2024-02-04 12:14:00";8124;8124;0;0;0;0;;;;;"Mesurées";;;"Non";;;;""
2024;27659;"43";"43172";"Saint-Bonnet-le-Froid";"2024-02-04 13:19:00";6000;6000;;0;0;0;;;;;"Estimées";;;"Non";;;;""
2024;517;"34";"34144";"Lunas";"2024-02-04 15:27:00";32247;0;32247;0;0;0;;;;;"Mesurées";"1";"Malveillance";"Non";;;;""
2024;280;"04";"04220";"Les Thuiles";"2024-02-04 15:36:00";12800;5300;0;7500;0;0;;;;;"Mesurées";"4";"Involontaire (particulier)";"Non";;;;""
2024;28845;"07";"07004";"Ajoux";"2024-02-05 12:11:00";13000;13000;0;0;0;0;;;;;"Mesurées";"3";"Involontaire (particulier)";"Non";;;;""
2024;28855;"07";"07093";"Genestelle";"2024-02-05 13:04:00";100000;10000;90000;0;0;0;;;;;"Mesurées";"5";"Involontaire (particulier)";"Non";;;;""
2024;20402;"09";"09287";"Senconac";"2024-02-05 13:43:00";680000;50000;;0;0;630000;;;;;"Mesurées";;;"Non";;;;""
2024;19218;"34";"34144";"Lunas";"2024-02-05 13:46:00";140710;140710;0;0;0;0;;;;;"Mesurées";"3";"Malveillance";"Non";;;;""
2024;347;"2B";"2B354";"Vivario";"2024-02-05 14:35:00";20;0;20;0;0;0;;;;;"Estimées";;;"Non";;;;""
2024;346;"2B";"2B145";"Loreto-di-Casinca";"2024-02-05 15:08:00";8000;0;8000;0;0;0;;;;;"Estimées";"1";;"Non";;;;""
2024;505;"34";"34138";"Lieuran-Cabrières";"2024-02-05 15:36:00";5369;0;5369;0;0;0;;;;;"Mesurées";"1";"Involontaire (travaux)";"Non";;;;""
2024;19305;"13";"13112";"Velaux";"2024-02-05 16:55:00";350;350;0;0;0;0;;;;;"Estimées";"1";"Malveillance";"Non";;;;""
2024;19306;"13";"13059";"Meyrargues";"2024-02-06 09:03:00";20;0;20;0;0;0;;;;;"Estimées";"1";;"Non";;;;""
2024;363;"66";"66140";"Pézilla-la-Rivière";"2024-02-06 10:37:00";3812;0;3812;0;0;0;;;;;"Mesurées";;"Involontaire (particulier)";"Non";;;;""
2024;28838;"07";"07098";"Gourdon";"2024-02-06 11:30:00";10000;10000;0;0;0;0;;;;;"Estimées";"3";"Involontaire (travaux)";"Non";;;;""
2024;364;"66";"66058";"Corneilla-la-Rivière";"2024-02-06 12:11:00";8070;0;8070;0;0;0;;;;;"Mesurées";;"Involontaire (travaux)";"Non";;;;""
2024;28676;"07";"07163";"Montselgues";"2024-02-06 14:52:00";180000;0;180000;0;0;0;;;;;"Estimées";"1";"Involontaire (travaux)";"Non";;;;""
2024;28851;"07";"07011";"Vallées-d'Antraigues-Asperjoc";"2024-02-06 19:15:00";30000;30000;0;0;0;0;;;;;"Estimées";"3";"Involontaire (travaux)";"Non";;;;""
2024;18879;"15";"15149";"Paulhenc";"2024-02-07 07:10:00";3000;3000;;0;0;0;;;;;"Estimées";;"Involontaire (travaux)";"Non";;;;""
2024;19041;"48";"48194";"Vialas";"2024-02-07 14:07:00";150000;0;150000;0;0;0;;;;;"Estimées";"1";"Involontaire (travaux)";;;;;"Données partielles ou non valides"
2024;20554;"11";"11392";"Tournissan";"2024-02-07 14:15:00";21284;184;20000;0;1100;0;;;;;"Mesurées";"1";"Involontaire (travaux)";"Non";;;;""
2024;26997;"40";"40283";"Saint-Vincent-de-Paul";"2024-02-07 14:36:00";100;100;;0;0;0;;;;;"Estimées";;"Malveillance";"Non";0;0;0;""
2024;486;"34";"34228";"Rieussec";"2024-02-07 14:49:00";4021;0;4021;0;0;0;;;;;"Mesurées";"1";"Malveillance";"Non";;;;""
2024;20555;"11";"11401";"Tuchan";"2024-02-07 15:07:00";6598;0;6598;0;0;0;;;;;"Mesurées";"1";"Involontaire (travaux)";"Non";;;;""
2024;27145;"64";"64320";"Laruns";"2024-02-07 15:13:00";244000;15300;;228700;0;0;;;;;"Estimées";;"Involontaire (travaux)";"Oui";1;0;0;""
2024;20559;"11";"11265";"Niort-de-Sault";"2024-02-07 19:36:00";8100;7900;0;0;200;0;;;;;"Mesurées";"3";;"Non";;;;""
2024;360;"06";"06050";"Coursegoules";"2024-02-08 11:35:00";700;0;700;0;0;0;;;;;"Estimées";;;"Non";;;;""
2024;398;"2B";"2B352";"Ville-di-Paraso";"2024-02-08 12:10:00";6000;0;6000;0;0;0;;;;;"Estimées";;;"Non";;;;""
2024;19308;"13";"13001";"Aix-en-Provence";"2024-02-08 13:11:00";20;0;20;0;0;0;;;;;"Estimées";"1";;"Non";;;;""
2024;394;"2B";"2B242";"Poggio-Mezzana";"2024-02-08 13:12:00";60000;0;60000;0;0;0;;;;;"Estimées";"1";;"Non";;;;""
2024;478;"34";"34056";"Castelnau-de-Guers";"2024-02-08 13:56:00";18366;0;18366;0;0;0;;;;;"Mesurées";"1";"Malveillance";"Non";;;;""
2024;28718;"07";"07286";"Saint-Pierreville";"2024-02-08 14:12:00";1;1;0;0;0;0;;;;;"Estimées";"3";"Naturelle";"Non";;;;""
2024;560;"06";"06156";"Venanson";"2024-02-08 15:35:00";14000;4700;9300;0;0;0;;;;;"Mesurées";"5";"Malveillance";"Non";;;;""
2024;558;"06";"06156";"Venanson";"2024-02-08 15:35:00";83200;44300;38800;52;0;48;;;;;"Mesurées";"5";"Malveillance";"Non";;;;""
2024;559;"06";"06156";"Venanson";"2024-02-08 15:35:00";79333;26290;53000;43;0;0;;;;;"Mesurées";"1";"Malveillance";"Non";;;;""
2024;19042;"48";"48144";"Sainte-Croix-Vallée-Française";"2024-02-08 16:50:00";20200;19800;400;0;0;0;;;;;"Mesurées";"5";"Involontaire (particulier)";;;;;"Données partielles ou non valides"
2024;28675;"07";"07200";"Le Roux";"2024-02-08 17:20:00";50000;0;50000;0;0;0;;;;;"Estimées";"1";"Involontaire (travaux)";"Non";;;;""
2024;19043;"48";"48098";"Molezon";"2024-02-08 17:55:00";4500;500;0;4000;0;0;;;;;"Estimées";"1";"Involontaire (particulier)";"Non";;;;""
2024;19307;"13";"13059";"Meyrargues";"2024-02-08 18:07:00";40;0;40;0;0;0;;;;;"Estimées";"1";;"Non";;;;""
2024;473;"34";"34214";"Pouzolles";"2024-02-08 18:27:00";14903;0;14903;0;0;0;;;;;"Mesurées";"1";"Malveillance";"Non";;;;""
2024;396;"2B";"2B179";"Novale";"2024-02-08 18:31:00";10000;0;10000;0;0;0;;;;;"Estimées";"1";;"Non";;;;""
2024;27214;"2A";"2A041";"Bonifacio";"2024-02-08 18:43:00";1000;0;1000;0;0;0;;;;;"Mesurées";;;"Non";;;;""
2024;29623;"25";"25321";"Villers-le-Lac";"2024-02-08 21:17:57";100;100;;0;0;0;;;;;"Estimées";;;"Non";0;0;0;""
2024;19131;"13";"13055";"Marseille";"2024-02-09 03:25:00";50;0;50;0;0;0;;;;;"Estimées";"1";;"Non";;;;""
2024;379;"66";"66195";"Le Soler";"2024-02-10 14:01:00";1000;1000;0;0;0;0;;;;;"Estimées";;"Involontaire (particulier)";"Non";;;;""
2024;19310;"13";"13001";"Aix-en-Provence";"2024-02-11 16:10:00";300;300;0;0;0;0;;;;;"Estimées";"1";"Involontaire (particulier)";"Non";;;;""
2024;466;"34";"34092";"Cruzy";"2024-02-11 18:47:00";1418;1418;0;0;0;0;;;;;"Mesurées";"1";"Malveillance";"Non";;;;""
2024;28785;"07";"07334";"Les Vans";"2024-02-12 18:26:00";30;30;0;0;0;0;;;;;"Estimées";"3";"Involontaire (travaux)";"Non";;;;""
2024;548;"2B";"2B138";"Lavatoggio";"2024-02-13 18:16:00";2000;0;2000;0;0;0;;;;;"Estimées";;;"Non";;;;""
2024;445;"66";"66166";"Sahorre";"2024-02-14 12:46:00";500;500;0;0;0;0;;;;;"Estimées";;"Involontaire (particulier)";"Non";;;;""
2024;550;"2B";"2B242";"Poggio-Mezzana";"2024-02-14 14:55:00";300;0;300;0;0;0;;;;;"Estimées";;;"Non";;;;""
2024;549;"2B";"2B234";"Piobetta";"2024-02-14 14:55:00";4500;0;4500;0;0;0;;;;;"Estimées";;;"Non";;;;""
2024;20583;"11";"11110";"Coustouge";"2024-02-15 02:09:00";100;0;100;0;0;0;;;;;"Mesurées";"1";"Involontaire (travaux)";"Non";;;;""
2024;551;"2B";"2B096";"Corte";"2024-02-15 12:07:00";100;0;100;0;0;0;;;;;"Estimées";;;"Non";;;;""
2024;554;"2B";"2B317";"Santa-Reparata-di-Moriani";"2024-02-16 11:22:00";30000;0;30000;0;0;0;;;;;"Estimées";"1";;"Non";;;;""
2024;555;"2B";"2B083";"Castirla";"2024-02-17 05:35:00";50;0;50;0;0;0;;;;;"Estimées";;;"Non";;;;""
2024;29617;"25";"25157";"La Cluse-et-Mijoux";"2024-02-17 14:11:56";100;100;;0;0;0;;;;;"Estimées";;;"Non";0;0;0;""
2024;27215;"2A";"2A362";"Zonza";"2024-02-17 14:21:00";500;0;500;0;0;0;;;;;"Mesurées";;"Involontaire (particulier)";"Non";;;;""
2024;19132;"13";"13055";"Marseille";"2024-02-17 15:09:00";100;0;100;0;0;0;;;;;"Estimées";"1";;"Non";;;;""
2024;29616;"25";"25056";"Besançon";"2024-02-18 00:11:41";100;100;;0;0;0;;;;;"Estimées";;;"Non";0;0;0;""
2024;29615;"25";"25495";"Roche-lez-Beaupré";"2024-02-18 10:21:39";100;100;;0;0;0;;;;;"Estimées";;;"Non";0;0;0;""
2024;561;"06";"06050";"Coursegoules";"2024-02-18 12:04:00";2000;0;2000;0;0;0;;;;;"Estimées";"1";"Malveillance";"Non";;;;""
2024;590;"2B";"2B051";"Cambia";"2024-02-18 12:08:00";50000;0;50000;0;0;0;;;;;"Estimées";"1";;"Non";;;;""
2024;440;"04";"04237";"Le Vernet";"2024-02-18 18:27:00";500;500;0;0;0;0;;;;;"Estimées";;"Involontaire (travaux)";"Non";;;;""
2024;591;"2B";"2B036";"Bigorno";"2024-02-18 19:32:00";30000;0;30000;0;0;0;;;;;"Estimées";"1";;"Non";;;;""
2024;19311;"13";"13094";"Saint-Étienne-du-Grès";"2024-02-19 10:06:00";60;60;0;0;0;0;;;;;"Mesurées";"1";;"Non";;;;""
2024;19312;"13";"13058";"Maussane-les-Alpilles";"2024-02-19 13:56:00";2000;2000;0;0;0;0;;;;;"Estimées";"1";"Involontaire (travaux)";"Non";;;;""
2024;673;"04";"04081";"Esparron-de-Verdon";"2024-02-19 14:05:00";18300;18300;0;0;0;0;;;;;"Mesurées";"6";"Involontaire (travaux)";"Non";;;;""
2024;649;"34";"34058";"Castries";"2024-02-19 15:30:00";852;852;0;0;0;0;;;;;"Estimées";"1";"Malveillance";"Non";;;;""
2024;18972;"30";"30114";"Fontanès";"2024-02-19 17:17:00";2433;2433;0;0;0;0;;;;;"Mesurées";;;"Non";;;;""
2024;27217;"2A";"2A004";"Ajaccio";"2024-02-20 09:06:00";4;0;4;0;0;0;;;;;"Estimées";;;"Non";;;;""
2024;592;"2B";"2B260";"Riventosa";"2024-02-20 09:21:00";200;0;200;0;0;0;;;;;"Estimées";;;"Non";;;;""
2024;566;"66";"66233";"Vivès";"2024-02-20 11:16:00";1000;1000;0;0;0;0;;;;;"Estimées";;"Involontaire (particulier)";"Non";;;;""
2024;567;"66";"66108";"Millas";"2024-02-20 11:45:00";3000;3000;0;0;0;0;;;;;"Estimées";;;"Non";;;;""
2024;27216;"2A";"2A200";"Palneca";"2024-02-20 12:48:00";700;0;700;0;0;0;;;;;"Mesurées";;;"Non";;;;""
2024;595;"2B";"2B280";"Silvareccio";"2024-02-20 15:02:00";15000;0;15000;0;0;0;;;;;"Estimées";"1";;"Non";;;;""
2024;571;"66";"66003";"Amélie-les-Bains-Palalda";"2024-02-20 16:00:00";800;800;0;0;0;0;;;;;"Estimées";;"Malveillance";"Non";;;;""
2024;20596;"11";"11198";"Laure-Minervois";"2024-02-20 17:03:00";5;0;5;0;0;0;;;;;"Mesurées";"1";"Involontaire (particulier)";"Non";;;;""
2024;640;"34";"34062";"Caussiniojouls";"2024-02-20 19:07:00";5479;0;5479;0;0;0;;;;;"Mesurées";"1";"Malveillance";"Non";;;;""
2024;562;"06";"06031";"Cantaron";"2024-02-21 10:11:00";5000;0;5000;0;0;0;;;;;"Estimées";"4";"Accidentelle";"Non";;;;""
2024;600;"2B";"2B318";"Taglio-Isolaccio";"2024-02-21 12:04:00";120000;0;120000;0;0;0;;;;;"Estimées";"1";;"Non";;;;""
2024;638;"34";"34245";"Saint-Chinian";"2024-02-21 15:11:00";22526;22526;0;0;0;0;;;;;"Mesurées";"1";"Involontaire (travaux)";"Non";;;;""
2024;578;"66";"66179";"Saint-Laurent-de-Cerdans";"2024-02-21 17:38:00";30;30;0;0;0;0;;;;;"Estimées";;"Malveillance";"Non";;;;""
2024;27218;"2A";"2A359";"Zicavo";"2024-02-21 18:33:00";40;0;40;0;0;0;;;;;"Mesurées";;;"Non";;;;""
2024;580;"66";"66216";"Trilla";"2024-02-21 21:29:00";2290;0;2290;0;0;0;;;;;"Mesurées";;"Malveillance";"Non";;;;""
2024;605;"2B";"2B205";"Patrimonio";"2024-02-22 18:19:00";1500;0;1500;0;0;0;;;;;"Estimées";;;"Non";;;;""
2024;18747;"2B";"2B302";"San-Giovanni-di-Moriani";"2024-02-23 01:06:00";80000;0;80000;0;0;0;;;;;"Estimées";"1";;"Non";;;;""
2024;18748;"2B";"2B343";"Venzolasca";"2024-02-23 07:53:00";100;0;100;0;0;0;;;;;"Estimées";;;"Non";;;;""
2024;18749;"2B";"2B205";"Patrimonio";"2024-02-23 11:26:00";500;0;500;0;0;0;;;;;"Estimées";;;"Non";;;;""
2024;18750;"2B";"2B245";"Porri";"2024-02-23 13:51:00";40000;0;40000;0;0;0;;;;;"Estimées";"1";;"Non";;;;""
2024;18755;"2B";"2B242";"Poggio-Mezzana";"2024-02-24 06:44:00";3150;0;3150;0;0;0;;;;;"Estimées";;;"Non";;;;""
2024;612;"34";"34269";"Saint-Jean-de-Minervois";"2024-02-24 10:34:00";5;5;0;0;0;0;;;;;"Estimées";;"Malveillance";"Non";;;;""
2024;18756;"2B";"2B242";"Poggio-Mezzana";"2024-02-24 11:45:00";1000;0;1000;0;0;0;;;;;"Estimées";;;"Non";;;;""
2024;611;"34";"34218";"Prades-sur-Vernazobre";"2024-02-24 12:32:00";827;827;0;0;0;0;;;;;"Mesurées";;"Malveillance";"Non";;;;""
2024;18757;"2B";"2B265";"Rutali";"2024-02-24 12:37:00";3500;0;3500;0;0;0;;;;;"Estimées";;;"Non";;;;""
2024;18758;"2B";"2B234";"Piobetta";"2024-02-24 13:17:00";20;0;20;0;0;0;;;;;"Estimées";;;"Non";;;;""
2024;18759;"2B";"2B281";"Sisco";"2024-02-24 14:14:00";20;0;20;0;0;0;;;;;"Estimées";;;"Non";;;;""
2024;19314;"13";"13092";"Saint-Chamas";"2024-02-24 14:29:00";50;50;0;0;0;0;;;;;"Estimées";"1";;"Non";;;;""
2024;20612;"11";"11210";"Luc-sur-Orbieu";"2024-02-24 17:45:00";25;0;25;0;0;0;;;;;"Mesurées";"1";"Accidentelle";"Non";;;;""
2024;18760;"2B";"2B230";"Piève";"2024-02-26 12:17:00";2000;0;2000;0;0;0;;;;;"Estimées";;;"Non";;;;""
2024;19366;"74";"74031";"Beaumont";"2024-02-27 11:34:00";50;50;;0;0;0;;;;;"Estimées";;"Involontaire (travaux)";"Non";;;;""
2024;28831;"07";"07187";"Prunet";"2024-02-28 15:24:00";3000;3000;0;0;0;0;;;;;"Estimées";"3";"Involontaire (travaux)";"Non";;;;""
2024;19315;"13";"13067";"Orgon";"2024-02-29 13:14:00";150;150;0;0;0;0;;;;;"Estimées";"1";"Involontaire (particulier)";"Non";;;;""
2024;20620;"11";"11144";"Fitou";"2024-02-29 17:59:00";15;0;15;0;0;0;;;;;"Mesurées";;"Accidentelle";"Non";;;;""
2024;27802;"84";"84123";"Sault";"2024-03-02 13:27:00";10100;7300;0;0;0;2800;;;;;"Mesurées";;;"Non";;;;""
2024;18990;"30";"30258";"Saint-Gilles";"2024-03-02 15:10:00";1000;1000;0;0;0;0;;;;;"Estimées";;;"Non";;;;""
2024;22477;"88";"88094";"Châtel-sur-Moselle";"2024-03-07 14:50:00";100;100;;0;0;0;;;;;"Estimées";;;"Non";;;;""
2024;18702;"06";"06074";"Lantosque";"2024-03-07 15:48:00";2500;0;2500;0;0;0;;;;;"Estimées";;;"Non";;;;""
2024;20631;"11";"11397";"Trèbes";"2024-03-08 16:45:00";18;0;18;0;0;0;;;;;"Mesurées";;"Accidentelle";"Non";;;;""
2024;19133;"13";"13055";"Marseille";"2024-03-12 12:40:00";100;0;100;0;0;0;;;;;"Estimées";"1";;"Non";;;;""
2024;19067;"66";"66179";"Saint-Laurent-de-Cerdans";"2024-03-13 11:32:00";75000;75000;0;0;0;0;;;;;"Mesurées";;"Involontaire (particulier)";"Non";;;;""
2024;18812;"34";"34178";"Murviel-lès-Béziers";"2024-03-13 14:47:00";10915;10915;0;0;0;0;;;;;"Mesurées";"1";"Involontaire (travaux)";"Non";;;;""
2024;20636;"11";"11256";"Montséret";"2024-03-13 21:07:00";800;200;0;0;600;0;;;;;"Mesurées";"1";"Accidentelle";"Non";;;;""
2024;29596;"25";"25485";"Rémondans-Vaivre";"2024-03-14 10:39:24";100;100;;0;0;0;;;;;"Estimées";;;"Non";0;0;0;""
2024;18802;"34";"34319";"Vailhan";"2024-03-15 16:21:00";5129;5129;0;0;0;0;;;;;"Mesurées";"3";"Involontaire (travaux)";"Non";;;;""
2024;18801;"34";"34013";"Aspiran";"2024-03-15 17:07:00";53993;0;53993;0;0;0;;;;;"Mesurées";"1";"Involontaire (travaux)";"Non";;;;""
2024;26999;"40";"40227";"Pissos";"2024-03-16 08:00:00";50;50;;0;0;0;;;;;"Estimées";;"Involontaire (travaux)";"Non";0;0;0;""
2024;18783;"06";"06163";"Tende";"2024-03-16 15:07:00";50;0;50;0;0;0;;;;;"Estimées";;"Involontaire (particulier)";"Non";;;;""
2024;19044;"48";"48092";"Marvejols";"2024-03-16 15:10:00";1724;24;0;0;1700;0;;;;;"Mesurées";"1";;"Non";;;;""
2024;19316;"13";"13091";"Saint-Cannat";"2024-03-16 16:45:00";2;2;0;0;0;0;;;;;"Estimées";"1";"Malveillance";"Non";;;;""
2024;20641;"11";"11122";"Douzens";"2024-03-18 01:14:00";10;0;10;0;0;0;;;;;"Mesurées";;"Accidentelle";"Non";;;;""
2024;27003;"40";"40312";"Tarnos";"2024-03-18 07:06:00";50;50;;0;0;0;;;;;"Estimées";;"Accidentelle";"Non";0;0;0;""
2024;27002;"40";"40134";"Labouheyre";"2024-03-18 15:24:00";4483;4483;;0;0;0;;;;;"Mesurées";;"Accidentelle";"Non";0;0;0;""
2024;18852;"34";"34178";"Murviel-lès-Béziers";"2024-03-19 11:50:00";722;722;0;0;0;0;;;;;"Mesurées";"1";"Malveillance";"Non";;;;""
2024;18762;"2B";"2B143";"Linguizzetta";"2024-03-19 14:37:00";30;0;30;0;0;0;;;;;"Estimées";;;"Non";;;;""
2024;18999;"30";"30028";"Bagnols-sur-Cèze";"2024-03-19 16:15:00";132;132;0;0;0;0;;;;;"Mesurées";"4";"Accidentelle";"Non";;;;""
2024;20647;"11";"11258";"Moussan";"2024-03-19 18:22:00";4000;4000;0;0;0;0;;;;;"Mesurées";;"Involontaire (travaux)";"Non";;;;""
2024;28765;"07";"07313";"Serrières";"2024-03-19 19:56:00";10;0;10;0;0;0;;;;;"Estimées";"5";;"Non";;;;""
2024;18847;"34";"34270";"Saint-Jean-de-Védas";"2024-03-20 08:12:00";13;0;13;0;0;0;;;;;"Mesurées";"1";;"Non";;;;""
2024;27824;"84";"84089";"Pertuis";"2024-03-20 12:30:00";47000;2300;0;0;0;44700;;;;;"Mesurées";;;"Non";;;;""
2024;26881;"24";"24520";"Sarlat-la-Canéda";"2024-03-20 15:00:00";300;300;;0;0;0;;;;;"Estimées";;"Malveillance";"Non";0;0;0;""
2024;18763;"2B";"2B039";"Bisinchi";"2024-03-20 16:17:00";5000;0;5000;0;0;0;;;;;"Estimées";"1";;"Non";;;;""
2024;19317;"13";"13092";"Saint-Chamas";"2024-03-20 18:04:00";300;300;0;0;0;0;;;;;"Estimées";"1";"Involontaire (particulier)";"Non";;;;""
2024;27250;"03";"03271";"Serbannes";"2024-03-20 18:12:00";20000;20000;;0;0;0;;;;;"Mesurées";;;"Non";;;;""
2024;23273;"38";"38106";"Cholonge";"2024-03-20 18:31:00";1;1;;0;0;0;;;;;"Estimées";;;"Non";;;;""
2024;18764;"2B";"2B346";"Vescovato";"2024-03-20 19:00:00";2000;0;2000;0;0;0;;;;;"Estimées";;;"Non";;;;""
2024;18844;"34";"34132";"Lauroux";"2024-03-21 11:27:00";1036;1036;0;0;0;0;;;;;"Mesurées";"1";"Involontaire (particulier)";"Non";;;;""
2024;18842;"34";"34286";"Saint-Privat";"2024-03-21 13:54:00";7941;0;7941;0;0;0;;;;;"Mesurées";"1";"Involontaire (particulier)";"Non";;;;""
2024;19313;"13";"13094";"Saint-Étienne-du-Grès";"2024-03-21 14:35:00";60;60;0;0;0;0;;;;;"Estimées";"1";;"Non";;;;""
2024;20651;"11";"11125";"Embres-et-Castelmaure";"2024-03-21 15:33:00";11800;0;11800;0;0;0;;;;;"Mesurées";"1";"Involontaire (travaux)";"Non";;;;""
2024;28853;"07";"07144";"Loubaresse";"2024-03-21 15:38:00";60000;0;60000;0;0;0;;;;;"Estimées";"5";"Involontaire (travaux)";"Non";;;;""
2024;19137;"04";"04116";"Les Mées";"2024-03-21 18:25:00";80;0;80;0;0;0;;;;;"Mesurées";"1";;"Non";;;;""
2024;18765;"2B";"2B356";"Zalana";"2024-03-22 12:10:00";100;0;100;0;0;0;;;;;"Estimées";;;"Non";;;;""
2024;28837;"07";"07093";"Genestelle";"2024-03-22 14:59:00";8000;0;8000;0;0;0;;;;;"Estimées";"5";"Involontaire (travaux)";"Non";;;;""
2024;28846;"07";"07096";"Gluiras";"2024-03-22 16:02:00";15000;15000;0;0;0;0;;;;;"Estimées";"3";"Involontaire (travaux)";"Non";;;;""
2024;27829;"84";"84130";"Suzette";"2024-03-22 16:13:00";647;647;0;0;0;0;;;;;"Mesurées";;"Involontaire (travaux)";"Non";;;;""
2024;19045;"48";"48028";"Les Bondons";"2024-03-22 18:46:00";61700;1800;0;59900;0;0;;;;;"Mesurées";"1";"Malveillance";;;;;"Données partielles ou non valides"
2024;28800;"07";"07166";"Nozières";"2024-03-22 18:51:00";100;100;0;0;0;0;;;;;"Estimées";"3";;"Non";;;;""
2024;18768;"2B";"2B167";"Montegrosso";"2024-03-23 10:52:00";10;0;10;0;0;0;;;;;"Estimées";;;"Non";;;;""
2024;18836;"34";"34286";"Saint-Privat";"2024-03-23 11:20:00";2905;0;2905;0;0;0;;;;;"Mesurées";"1";"Involontaire (particulier)";"Non";;;;""
2024;18835;"34";"34093";"Dio-et-Valquières";"2024-03-23 11:33:00";5257;0;5257;0;0;0;;;;;"Mesurées";"1";"Malveillance";"Non";;;;""
2024;18772;"2B";"2B073";"Casamaccioli";"2024-03-23 11:59:00";800000;0;800000;0;0;0;;;;;"Estimées";"1";"Malveillance";"Non";;;;""
2024;18771;"2B";"2B073";"Casamaccioli";"2024-03-23 11:59:00";150000;0;150000;0;0;0;;;;;"Estimées";"1";;"Non";;;;""
2024;18774;"2B";"2B210";"Pero-Casevecchie";"2024-03-23 13:48:00";15000;15000;0;0;0;0;;;;;"Estimées";;;"Non";;;;""
2024;19046;"48";"48127";"Monts-de-Randon";"2024-03-23 15:02:00";3901;1;0;3900;0;0;;;;;"Mesurées";"1";"Involontaire (particulier)";"Non";;;;""
2024;28921;"19";"19227";"Saint-Mexant";"2024-03-23 15:12:08";400;400;;0;0;0;;;;;"Estimées";;"Involontaire (travaux)";"Non";0;0;0;""
2024;19094;"66";"66127";"Opoul-Périllos";"2024-03-23 17:14:00";6230;0;6230;0;0;0;;;;;"Mesurées";;"Accidentelle";"Non";;;;""
2024;19134;"30";"30051";"Branoux-les-Taillades";"2024-03-23 23:43:00";316;316;0;0;0;0;;;;;"Mesurées";"3";;"Non";;;;""
2024;19135;"30";"30051";"Branoux-les-Taillades";"2024-03-23 23:43:00";367;367;0;0;0;0;;;;;"Mesurées";"3";;"Non";;;;""
2024;27834;"84";"84047";"Gargas";"2024-03-24 00:16:00";400;400;0;0;0;0;;;;;"Estimées";;;"Non";;;;""
2024;18775;"2B";"2B227";"Pietricaggio";"2024-03-24 05:32:00";10000;0;10000;0;0;0;;;;;"Estimées";"1";;"Non";;;;""
2024;19318;"13";"13084";"La Roque-d'Anthéron";"2024-03-24 08:12:00";400;400;0;0;0;0;;;;;"Estimées";"1";"Involontaire (particulier)";"Non";;;;""
2024;27838;"84";"84047";"Gargas";"2024-03-24 10:47:00";1;1;0;0;0;0;;;;;"Estimées";;;"Non";;;;""
2024;18824;"34";"34178";"Murviel-lès-Béziers";"2024-03-24 11:01:00";4375;4375;0;0;0;0;;;;;"Mesurées";"1";"Malveillance";"Non";;;;""
2024;18776;"2B";"2B356";"Zalana";"2024-03-24 12:09:00";20000;0;20000;0;0;0;;;;;"Estimées";"1";;"Non";;;;""
2024;18777;"2B";"2B281";"Sisco";"2024-03-24 13:10:00";1500;0;1500;0;0;0;;;;;"Estimées";;;"Non";;;;""
2024;23194;"38";"38111";"Claix";"2024-03-24 13:12:00";1;1;;0;0;0;;;;;"Estimées";;;"Non";;;;""
2024;18778;"2B";"2B112";"Feliceto";"2024-03-24 15:27:00";15000;0;15000;0;0;0;;;;;"Estimées";"1";;"Non";;;;""
2024;18780;"2B";"2B145";"Loreto-di-Casinca";"2024-03-24 16:16:00";50;0;50;0;0;0;;;;;"Estimées";;;"Non";;;;""
2024;18781;"2B";"2B123";"Ghisonaccia";"2024-03-24 19:28:00";100;0;100;0;0;0;;;;;"Estimées";;;"Non";;;;""
2024;18782;"2B";"2B042";"Borgo";"2024-03-24 19:29:00";1000;0;1000;0;0;0;;;;;"Estimées";;;"Non";;;;""
2024;20659;"11";"11393";"Tourouzelle";"2024-03-25 11:51:00";500;0;500;0;0;0;;;;;"Mesurées";"1";"Involontaire (particulier)";"Non";;;;""
2024;28733;"07";"07286";"Saint-Pierreville";"2024-03-25 12:04:00";2;2;0;0;0;0;;;;;"Estimées";"3";"Involontaire (travaux)";"Non";;;;""
2024;28839;"07";"07315";"La Souche";"2024-03-25 12:08:00";10000;10000;0;0;0;0;;;;;"Estimées";"3";"Involontaire (particulier)";"Non";;;;""
2024;27005;"40";"40224";"Peyrehorade";"2024-03-25 15:08:00";1;1;;0;0;0;;;;;"Estimées";;;"Non";0;0;0;""
2024;20662;"11";"11433";"Villeneuve-Minervois";"2024-03-27 10:15:00";20;0;20;0;0;0;;;;;"Mesurées";;"Involontaire (travaux)";"Non";;;;""
2024;19050;"2B";"2B242";"Poggio-Mezzana";"2024-03-28 13:25:00";60000;0;60000;0;0;0;;;;;"Estimées";"1";;"Non";;;;""
2024;27096;"64";"64227";"Gabaston";"2024-03-28 21:04:00";180;20;;0;0;160;;;;;"Estimées";;"Involontaire (particulier)";"Non";0;0;0;""
2024;20664;"11";"11148";"Fontcouverte";"2024-03-29 17:19:00";100;0;100;0;0;0;;;;;"Mesurées";;"Accidentelle";"Non";;;;""
2024;18898;"15";"15153";"Pleaux";"2024-03-29 20:05:00";1000;1000;;0;0;0;;;;;"Estimées";;"Naturelle";"Non";;;;""
2024;19053;"2B";"2B184";"Olcani";"2024-03-31 15:26:00";200;0;200;0;0;0;;;;;"Estimées";;;"Non";;;;""
2024;27686;"51";"51569";"Thillois";"2024-03-31 23:10:00";5;5;;0;0;0;;;;;"Estimées";;;"Non";;;;"Données partielles ou non valides"
2024;20669;"11";"11379";"Sigean";"2024-04-03 15:33:00";1000;1000;0;0;0;0;;;;;"Mesurées";;;"Non";;;;""
2024;19056;"2B";"2B195";"Ortiporio";"2024-04-03 16:43:00";100;0;100;0;0;0;;;;;"Estimées";;;"Non";;;;""
2024;19057;"2B";"2B145";"Loreto-di-Casinca";"2024-04-03 18:44:00";15000;0;15000;0;0;0;;;;;"Estimées";"1";;"Non";;;;""
2024;27007;"40";"40155";"Linxe";"2024-04-04 14:36:00";500;500;;0;0;0;;;;;"Estimées";;;"Oui";0;1;0;""
2024;19121;"66";"66019";"Bélesta";"2024-04-04 14:42:00";4000;0;4000;0;0;0;;;;;"Estimées";;"Involontaire (particulier)";"Non";;;;""
2024;23197;"38";"38347";"Roybon";"2024-04-04 16:13:00";5000;5000;;0;0;0;;;;;"Estimées";;"Malveillance";"Non";;;;""
2024;27006;"40";"40134";"Labouheyre";"2024-04-04 20:05:00";2;2;;0;0;0;;;;;"Estimées";;"Involontaire (particulier)";"Non";0;0;0;""
2024;19143;"04";"04174";"Saint-Benoît";"2024-04-05 11:48:00";86400;86400;0;0;0;0;;;;;"Mesurées";"3";"Accidentelle";"Non";;;;""
2024;26886;"24";"24205";"Grignols";"2024-04-05 15:17:00";1000;1000;;0;0;0;;;;;"Estimées";;"Accidentelle";"Non";0;0;0;""
2024;19047;"48";"48053";"Cubières";"2024-04-05 19:38:00";24900;13300;0;0;0;11600;;;;;"Mesurées";"1";"Involontaire (travaux)";;;;;"Données partielles ou non valides"
2024;19048;"48";"48053";"Cubières";"2024-04-06 01:00:00";150;0;150;0;0;0;;;;;"Estimées";"1";"Involontaire (travaux)";"Non";;;;""
2024;28841;"07";"07209";"Saint-Andéol-de-Fourchades";"2024-04-06 11:43:00";10000;0;10000;0;0;0;;;;;"Estimées";"5";"Involontaire (travaux)";"Non";;;;""
2024;19059;"2B";"2B167";"Montegrosso";"2024-04-06 11:57:00";4000;0;4000;0;0;0;;;;;"Estimées";;;"Non";;;;""
2024;26633;"87";"87065";"Feytiat";"2024-04-06 12:03:50";20;20;;0;0;0;;;;;"Mesurées";;;"Non";0;0;0;""
2024;19225;"39";"39339";"Chassal-Molinges";"2024-04-06 15:21:00";80000;80000;;0;0;0;;;;;"Estimées";;;"Non";;;;""
2024;20670;"11";"11129";"Espéraza";"2024-04-06 15:41:00";5000;0;5000;0;0;0;;;;;"Mesurées";;;"Non";;;;""
2024;28919;"19";"19130";"Maussac";"2024-04-06 17:06:47";500;500;;0;0;0;;;;;"Estimées";;"Involontaire (travaux)";"Non";0;0;0;""
2024;27099;"64";"64256";"Hasparren";"2024-04-06 19:12:00";200;200;;0;0;0;;;;;"Estimées";;;"Non";0;0;0;""
2024;28330;"07";"07315";"La Souche";"2024-04-06 21:45:00";15000;0;15000;0;0;0;;;;;"Estimées";"1";"Involontaire (particulier)";"Oui";1;0;0;""
2024;27850;"84";"84101";"La Roque-sur-Pernes";"2024-04-06 22:55:00";1;1;0;0;0;0;;;;;"Estimées";;"Involontaire (particulier)";"Non";;;;""
2024;19319;"13";"13001";"Aix-en-Provence";"2024-04-06 23:54:00";10;10;0;0;0;0;;;;;"Estimées";"1";"Involontaire (particulier)";"Non";;;;""
2024;20070;"63";"63468";"Vollore-Montagne";"2024-04-07 11:03:00";350;350;;0;0;0;;;;;"Estimées";;;"Non";;;;""
2024;27852;"84";"84047";"Gargas";"2024-04-07 16:30:00";200;200;0;0;0;0;;;;;"Estimées";;;"Non";;;;""
2024;27219;"2A";"2A310";"Santa-Maria-Figaniella";"2024-04-08 12:35:00";1500;0;1500;0;0;0;;;;;"Mesurées";;;"Non";;;;""
2024;19049;"81";"81128";"Lacrouzette";"2024-04-08 12:59:00";100;100;;0;0;0;;;;;"Estimées";;"Accidentelle";"Non";;;;""
2024;19144;"04";"04047";"Champtercier";"2024-04-08 13:03:00";19700;19700;0;0;0;0;;;;;"Mesurées";"5";"Accidentelle";"Non";;;;""
2024;23271;"38";"38410";"Saint-Lattier";"2024-04-08 14:17:00";200;200;;0;0;0;;;;;"Estimées";;"Involontaire (travaux)";"Non";;;;""
2024;19142;"06";"06049";"Courmes";"2024-04-08 16:28:00";3000;0;3000;0;0;0;;;;;"Estimées";"1";"Malveillance";"Non";;;;""
2024;19278;"26";"26043";"Beauvoisin";"2024-04-08 16:31:00";50;50;0;0;0;0;;;;;"Estimées";;"Accidentelle";"Non";;;;""
2024;26888;"24";"24147";"Cubjac-Auvézère-Val d'Ans";"2024-04-08 16:36:00";1000;1000;;0;0;0;;;;;"Estimées";;"Malveillance";"Non";0;0;0;""
2024;19227;"2B";"2B069";"Casabianca";"2024-04-08 18:11:00";300;0;300;0;0;0;;;;;"Estimées";;;"Non";;;;""
2024;19320;"13";"13063";"Miramas";"2024-04-08 18:33:00";20;20;0;0;0;0;;;;;"Estimées";"1";"Accidentelle";"Non";;;;""
2024;19343;"15";"15082";"Junhac";"2024-04-08 19:30:00";80000;30000;;50000;0;0;;;;;"Estimées";;"Involontaire (travaux)";"Non";;;;""
2024;23198;"38";"38126";"Corenc";"2024-04-08 20:23:00";100;100;;0;0;0;;;;;"Estimées";;;"Non";;;;""
2024;19344;"15";"15025";"Albepierre-Bredons";"2024-04-08 21:00:00";500;500;;0;0;0;;;;;"Estimées";;"Involontaire (travaux)";"Non";;;;""
2024;19228;"2B";"2B037";"Biguglia";"2024-04-09 20:05:00";4000;0;4000;0;0;0;;;;;"Estimées";;;"Non";;;;""
2024;20099;"56";"56006";"Augan";"2024-04-09 21:13:00";50;50;;0;0;0;;;;;"Estimées";;;"Non";;;;""
2024;27857;"84";"84083";"Mornas";"2024-04-10 10:28:00";1;1;0;0;0;0;;;;;"Estimées";;;"Non";;;;""
2024;19323;"13";"13033";"Ensuès-la-Redonne";"2024-04-10 13:58:00";300;300;0;0;0;0;;;;;"Estimées";"1";"Involontaire (particulier)";"Non";;;;""
2024;19321;"13";"13067";"Orgon";"2024-04-10 15:07:00";200;200;0;0;0;0;;;;;"Estimées";"1";"Accidentelle";"Non";;;;""
2024;19322;"13";"13048";"Jouques";"2024-04-10 17:07:00";50;50;0;0;0;0;;;;;"Estimées";"1";"Malveillance";"Non";;;;""
2024;19189;"04";"04230";"Valensole";"2024-04-11 15:59:00";1400;1400;0;0;0;0;;;;;"Estimées";;;"Non";;;;""
2024;19200;"66";"66049";"Céret";"2024-04-11 16:01:00";1;1;0;0;0;0;;;;;"Estimées";;"Malveillance";"Non";;;;""
2024;20676;"11";"11244";"Montfort-sur-Boulzane";"2024-04-11 16:27:00";4;4;0;0;0;0;;;;;"Mesurées";;"Involontaire (particulier)";"Non";;;;""
2024;20075;"63";"63162";"Fournols";"2024-04-11 19:26:00";20;20;;0;0;0;;;;;"Estimées";;;"Non";;;;""
2024;19336;"13";"13063";"Miramas";"2024-04-12 10:55:00";20;20;0;0;0;0;;;;;"Estimées";"1";"Accidentelle";"Non";;;;""
2024;19229;"2B";"2B087";"Cervione";"2024-04-12 13:34:00";1000;0;1000;0;0;0;;;;;"Estimées";;;"Non";;;;""
2024;20347;"67";"67324";"Niederbronn-les-Bains";"2024-04-12 15:27:00";20000;20000;;0;0;0;;;;;"Mesurées";;;"Non";;;;""
2024;25950;"73";"73257";"Les Belleville";"2024-04-12 15:58:00";300;300;;0;0;0;;;;;"Mesurées";;;;;;;"Données partielles ou non valides"
2024;28817;"07";"07200";"Le Roux";"2024-04-12 20:20:00";500;500;0;0;0;0;;;;;"Estimées";"3";;"Non";;;;""
2024;19335;"13";"13101";"Saint-Savournin";"2024-04-13 01:46:00";20;20;0;0;0;0;;;;;"Estimées";"1";"Involontaire (particulier)";"Non";;;;""
2024;19205;"66";"66079";"Finestret";"2024-04-13 12:12:00";1000;1000;0;0;0;0;;;;;"Estimées";;"Accidentelle";"Non";;;;""
2024;28852;"07";"07153";"Mayres";"2024-04-13 12:55:00";40000;0;40000;0;0;0;;;;;"Estimées";"5";"Involontaire (travaux)";"Non";;;;""
2024;25812;"72";"72158";"Lavaré";"2024-04-13 14:15:00";60000;60000;;0;0;0;;;;;"Estimées";;;"Non";;;;""
2024;19334;"13";"13040";"Fuveau";"2024-04-13 15:24:00";30;30;0;0;0;0;;;;;"Estimées";"1";"Involontaire (particulier)";"Non";;;;""
2024;19332;"13";"13045";"Graveson";"2024-04-13 17:01:00";30;30;0;0;0;0;;;;;"Estimées";"1";"Involontaire (particulier)";"Non";;;;""
2024;19230;"2B";"2B206";"Penta-Acquatella";"2024-04-13 17:12:00";6000;0;6000;0;0;0;;;;;"Estimées";"1";"Malveillance";"Non";;;;""
2024;28349;"30";"30137";"Lamelouze";"2024-04-13 17:40:00";1000;1000;;;;;;;;;"Estimées";;"Involontaire (travaux)";"Non";;;;""
2024;28804;"07";"07015";"Arras-sur-Rhône";"2024-04-13 19:46:00";200;200;0;0;0;0;;;;;"Estimées";"3";"Involontaire (travaux)";"Non";;;;""
2024;19333;"13";"13041";"Gardanne";"2024-04-13 20:33:00";100;100;0;0;0;0;;;;;"Estimées";"1";"Malveillance";"Non";;;;""
2024;26571;"23";"23025";"Bonnat";"2024-04-13 21:37:00";500;500;;0;0;0;;;;;"Estimées";;"Involontaire (particulier)";"Non";0;0;0;""
2024;19210;"66";"66138";"Peyrestortes";"2024-04-14 03:16:00";400;400;0;0;0;0;;;;;"Estimées";;"Malveillance";"Non";;;;""
2024;27220;"2A";"2A040";"Bocognano";"2024-04-14 11:25:00";50;0;50;0;0;0;;;;;"Estimées";;;"Non";;;;""
2024;27221;"2A";"2A154";"Marignana";"2024-04-14 12:00:00";100;0;100;0;0;0;;;;;"Mesurées";;"Malveillance";"Non";;;;""
2024;27222;"2A";"2A103";"Cuttoli-Corticchiato";"2024-04-14 12:50:00";10;0;10;0;0;0;;;;;"Estimées";;;"Non";;;;""
2024;20101;"56";"56143";"Muzillac";"2024-04-14 14:37:00";300;300;;0;0;0;;;;;"Estimées";;;"Non";;;;""
2024;19226;"48";"48075";"Ispagnac";"2024-04-14 16:20:00";65200;18100;0;0;0;47100;;;;;"Mesurées";"1";"Involontaire (travaux)";;;;;"Données partielles ou non valides"
2024;19231;"2B";"2B229";"Pietroso";"2024-04-15 20:41:00";2500;0;2500;0;0;0;;;;;"Estimées";;;"Non";;;;""
2024;19232;"2B";"2B124";"Ghisoni";"2024-04-16 06:46:00";300;0;300;0;0;0;;;;;"Estimées";;"Malveillance";"Non";;;;""
2024;19331;"13";"13104";"Sausset-les-Pins";"2024-04-16 11:47:00";5;5;0;0;0;0;;;;;"Estimées";"1";"Involontaire (particulier)";"Non";;;;""
2024;20116;"13";"13104";"Sausset-les-Pins";"2024-04-16 11:47:00";5;5;0;0;0;0;;;;;"Estimées";"1";"Involontaire (particulier)";"Non";;;;""
2024;19233;"2B";"2B093";"Corbara";"2024-04-16 13:40:00";1500;0;1500;0;0;0;;;;;"Estimées";;;"Non";;;;""
2024;20688;"11";"11259";"Moussoulens";"2024-04-16 14:09:00";400;0;400;0;0;0;;;;;"Mesurées";"1";"Involontaire (particulier)";"Non";;;;""
2024;20689;"11";"11395";"Trassanel";"2024-04-16 15:14:00";100;0;100;0;0;0;;;;;"Mesurées";;"Involontaire (particulier)";"Non";;;;""
2024;19330;"13";"13001";"Aix-en-Provence";"2024-04-16 19:48:00";200;200;0;0;0;0;;;;;"Estimées";"1";"Accidentelle";"Non";;;;""
2024;20117;"13";"13014";"Berre-l'Étang";"2024-04-16 19:48:00";200;200;0;0;0;0;;;;;"Estimées";"1";"Accidentelle";"Non";;;;""
2024;19410;"66";"66075";"Eyne";"2024-04-17 11:22:00";5;5;0;0;0;0;;;;;"Estimées";;"Involontaire (travaux)";"Non";;;;""
2024;20696;"11";"11262";"Narbonne";"2024-04-17 17:12:00";7500;0;7500;0;0;0;;;;;"Mesurées";;;"Non";;;;""
2024;19471;"34";"34188";"Olmet-et-Villecun";"2024-04-18 12:10:00";4416;4416;0;0;0;0;;;;;"Mesurées";"3";"Malveillance";"Non";;;;""
2024;19473;"34";"34188";"Olmet-et-Villecun";"2024-04-18 12:10:00";1082;1082;0;0;0;0;;;;;"Mesurées";"4";"Malveillance";"Non";;;;""
2024;19264;"34";"34188";"Olmet-et-Villecun";"2024-04-18 12:10:00";1;1;0;0;0;0;;;;;"Mesurées";"4";"Malveillance";"Non";;;;""
2024;19470;"34";"34188";"Olmet-et-Villecun";"2024-04-18 12:10:00";253;253;0;0;0;0;;;;;"Mesurées";"4";"Malveillance";"Non";;;;""
2024;19472;"34";"34188";"Olmet-et-Villecun";"2024-04-18 12:10:00";735;735;0;0;0;0;;;;;"Mesurées";"4";"Malveillance";"Non";;;;""
2024;20102;"56";"56172";"Plumelec";"2024-04-18 18:30:00";5000;5000;;0;0;0;;;;;"Estimées";;;"Non";;;;""
2024;19301;"13";"13055";"Marseille";"2024-04-18 19:45:00";1100;0;1100;0;0;0;;;;;"Estimées";"1";"Malveillance";"Non";;;;""
2024;19257;"34";"34188";"Olmet-et-Villecun";"2024-04-19 13:42:00";1;1;0;0;0;0;;;;;"Mesurées";"4";"Malveillance";"Non";;;;""
2024;20103;"56";"56200";"Ruffiac";"2024-04-19 15:33:00";8000;8000;;0;0;0;;;;;"Estimées";;;"Non";;;;""
2024;20705;"11";"11334";"Sainte-Camelle";"2024-04-19 18:55:00";50;0;50;0;0;0;;;;;"Mesurées";;"Involontaire (travaux)";"Non";;;;""
2024;19377;"13";"13055";"Marseille";"2024-04-19 20:13:00";10;0;10;0;0;0;;;;;"Estimées";"1";;"Non";;;;""
2024;19417;"66";"66154";"Puyvalador";"2024-04-20 12:08:00";20;20;0;0;0;0;;;;;"Estimées";;"Involontaire (particulier)";"Non";;;;""
2024;19418;"66";"66189";"Saleilles";"2024-04-20 12:42:00";28635;28635;0;0;0;0;;;;;"Mesurées";;;"Non";;;;""
2024;19250;"34";"34188";"Olmet-et-Villecun";"2024-04-20 14:51:00";1;1;0;0;0;0;;;;;"Estimées";"4";"Malveillance";"Non";;;;""
2024;27223;"2A";"2A247";"Porto-Vecchio";"2024-04-20 16:00:00";25000;0;20000;0;0;5000;;;;;"Mesurées";;;"Non";;;;""
2024;26849;"33";"33519";"Le Taillan-Médoc";"2024-04-20 16:28:45";15000;15000;;0;0;0;;;;;"Estimées";;;"Non";0;0;0;""
2024;20118;"13";"13004";"Arles";"2024-04-20 17:01:00";10000;10000;0;0;0;0;;;;;"Estimées";"1";"Involontaire (travaux)";"Non";;;;""
2024;20710;"11";"11322";"Roquefort-des-Corbières";"2024-04-20 17:06:00";2800;0;2800;0;0;0;;;;;"Mesurées";"4";"Involontaire (particulier)";"Non";;;;""
2024;20711;"11";"11262";"Narbonne";"2024-04-20 17:30:00";94800;0;94800;0;0;0;;;;;"Mesurées";;"Involontaire (travaux)";"Non";;;;""
2024;27878;"84";"84123";"Sault";"2024-04-21 17:26:32";2;2;;;;;;;;;"Estimées";;;"Non";;;;""
2024;19329;"13";"13066";"Noves";"2024-04-21 19:59:00";500;0;500;0;0;0;;;;;"Estimées";"1";"Accidentelle";"Non";;;;""
2024;20119;"13";"13066";"Noves";"2024-04-21 19:59:00";500;500;0;0;0;0;;;;;"Estimées";"1";"Accidentelle";"Oui";0;1;0;""
2024;19327;"13";"13077";"Port-de-Bouc";"2024-04-21 21:43:00";500;500;0;0;0;0;;;;;"Estimées";"1";"Accidentelle";"Non";;;;""
2024;20120;"13";"13077";"Port-de-Bouc";"2024-04-21 21:43:00";500;500;0;0;0;0;;;;;"Mesurées";"1";"Accidentelle";"Non";;;;""
2024;19325;"13";"13071";"Les Pennes-Mirabeau";"2024-04-22 15:20:00";200;200;0;0;0;0;;;;;"Estimées";"1";"Accidentelle";"Non";;;;""
2024;20122;"13";"13071";"Les Pennes-Mirabeau";"2024-04-22 15:20:00";200;200;0;0;0;0;;;;;"Estimées";"1";"Accidentelle";"Non";;;;""
2024;20121;"13";"13022";"Cassis";"2024-04-22 17:43:00";5;5;0;0;0;0;;;;;"Estimées";"1";;"Non";;;;""
2024;19326;"13";"13022";"Cassis";"2024-04-22 17:43:00";5;5;0;0;0;0;;;;;"Estimées";"1";;"Non";;;;""
2024;27188;"86";"86163";"Montamisé";"2024-04-22 17:55:00";10000;10000;;0;0;0;;;;;"Estimées";;;"Non";;;;""
2024;26705;"33";"33480";"Saint-Sulpice-de-Faleyrens";"2024-04-22 18:42:47";50;50;;0;0;0;;;;;"Estimées";;;"Non";0;0;0;""
2024;20123;"13";"13071";"Les Pennes-Mirabeau";"2024-04-22 20:41:00";10000;10000;0;0;0;0;;;;;"Mesurées";"1";"Accidentelle";"Non";;;;""
2024;19324;"13";"13071";"Les Pennes-Mirabeau";"2024-04-22 20:41:00";10000;10000;0;0;0;0;;;;;"Estimées";"1";"Accidentelle";"Non";;;;""
2024;20725;"11";"11369";"Sallèles-d'Aude";"2024-04-23 00:12:00";100;0;100;0;0;0;;;;;"Mesurées";;"Involontaire (particulier)";"Non";;;;""
2024;27882;"84";"84012";"Beaumes-de-Venise";"2024-04-23 11:54:00";550;550;0;0;0;0;;;;;"Mesurées";;"Involontaire (travaux)";"Non";;;;""
2024;20126;"13";"13050";"Lambesc";"2024-04-23 13:58:00";50;50;0;0;0;0;;;;;"Estimées";"1";"Involontaire (particulier)";"Non";;;;""
2024;19487;"48";"48148";"Saint-Étienne-Vallée-Française";"2024-04-23 14:26:00";1104;1100;0;0;0;4;;;;;"Mesurées";"3";"Accidentelle";"Non";;;;""
2024;20330;"49";"49138";"Les Bois d'Anjou";"2024-04-23 14:57:00";5000;5000;;0;0;0;;;;;"Estimées";;;"Non";;;;""
2024;20104;"56";"56114";"Locmaria";"2024-04-23 15:44:00";30;30;;0;0;0;;;;;"Estimées";;;"Non";;;;""
2024;20124;"13";"13063";"Miramas";"2024-04-23 16:13:00";200;200;0;0;0;0;;;;;"Estimées";"1";;"Non";;;;""
2024;28849;"07";"07254";"Saint-Julien-du-Serre";"2024-04-23 17:18:00";20000;20000;0;0;0;0;;;;;"Estimées";"4";"Involontaire (particulier)";"Non";;;;""
2024;25161;"50";"50029";"Barenton";"2024-04-23 20:08:00";6000;6000;;0;0;0;;;;;"Estimées";;;"Non";;;;""
2024;20125;"13";"13015";"Bouc-Bel-Air";"2024-04-23 20:53:00";10;10;0;0;0;0;;;;;"Estimées";"1";"Accidentelle";"Non";;;;""
2024;25814;"72";"72058";"Changé";"2024-04-23 23:45:00";7000;7000;;0;0;0;;;;;"Estimées";;;"Non";;;;""
2024;19362;"26";"26189";"Montauban-sur-l'Ouvèze";"2024-04-24 10:18:00";5000;5000;0;0;0;0;;;;;"Estimées";;"Involontaire (particulier)";"Non";;;;""
2024;20127;"13";"13038";"Fontvieille";"2024-04-24 11:21:00";300;300;0;0;0;0;;;;;"Estimées";"1";"Involontaire (particulier)";"Non";;;;""
2024;19394;"34";"34235";"Rosis";"2024-04-24 14:13:00";711;711;0;0;0;0;;;;;"Mesurées";"1";"Involontaire (travaux)";"Non";;;;""
2024;25815;"72";"72187";"Marigné-Laillé";"2024-04-24 15:48:00";20000;20000;;0;0;0;;;;;"Estimées";;;"Non";;;;""
2024;20733;"11";"11262";"Narbonne";"2024-04-24 15:55:00";5000;0;5000;0;0;0;;;;;"Mesurées";"1";"Involontaire (particulier)";"Non";;;;""
2024;19378;"06";"06031";"Cantaron";"2024-04-25 12:48:00";100;0;100;0;0;0;;;;;"Estimées";;"Involontaire (travaux)";"Non";;;;""
2024;27890;"84";"84118";"Saint-Saturnin-lès-Apt";"2024-04-25 14:44:00";40;40;0;0;0;0;;;;;"Estimées";;;"Non";;;;""
2024;19628;"74";"74244";"Saint-Laurent";"2024-04-26 11:11:00";10;10;;0;0;0;;;;;"Estimées";;"Involontaire (particulier)";"Non";;;;""
2024;19434;"66";"66103";"Marquixanes";"2024-04-27 16:36:00";700;700;0;0;0;0;;;;;"Estimées";;"Malveillance";"Non";;;;""
2024;19506;"2B";"2B177";"Noceta";"2024-04-29 18:54:00";250;0;250;0;0;0;;;;;"Estimées";;;"Non";;;;""
2024;27224;"2A";"2A272";"Sartène";"2024-04-30 10:30:00";100;0;100;0;0;0;;;;;"Estimées";;;"Non";;;;""
2024;27225;"2A";"2A212";"Piana";"2024-04-30 12:15:00";50;0;50;0;0;0;;;;;"Estimées";;;"Non";;;;""
2024;19507;"2B";"2B172";"Murato";"2024-04-30 13:45:00";10;0;10;0;0;0;;;;;"Estimées";;;"Non";;;;""
2024;19671;"29";"29232";"Quimper";"2024-05-06 20:53:00";5;5;;0;0;0;;;;;"Mesurées";;;"Non";;;;""
2024;19509;"2B";"2B088";"Chiatra";"2024-05-06 21:17:00";600;0;600;0;0;0;;;;;"Estimées";;;"Non";;;;""
2024;19510;"2B";"2B314";"Santo-Pietro-di-Tenda";"2024-05-07 16:15:00";2000;0;2000;0;0;0;;;;;"Estimées";;"Involontaire (travaux)";"Non";;;;""
2024;20128;"13";"13056";"Martigues";"2024-05-08 14:52:00";200;200;0;0;0;0;;;;;"Estimées";"1";"Involontaire (particulier)";"Non";;;;""
2024;25816;"72";"72385";"Yvré-le-Pôlin";"2024-05-08 19:21:00";10;10;;0;0;0;;;;;"Estimées";;;"Non";;;;""
2024;20129;"13";"13056";"Martigues";"2024-05-08 19:59:00";10;10;0;0;0;0;;;;;"Estimées";"1";"Accidentelle";"Non";;;;""
2024;25956;"73";"73107";"Entremont-le-Vieux";"2024-05-10 14:12:00";800;800;;0;0;0;;;;;"Mesurées";;;;;;;"Données partielles ou non valides"
2024;27907;"84";"84091";"Piolenc";"2024-05-10 17:15:00";20;20;0;0;0;0;;;;;"Estimées";;;"Non";;;;""
2024;19629;"74";"74042";"Bonneville";"2024-05-11 10:28:00";1;1;;0;0;0;;;;;"Estimées";;"Involontaire (particulier)";"Non";;;;""
2024;20105;"56";"56229";"Saint-Martin-sur-Oust";"2024-05-11 11:31:00";50;50;;0;0;0;;;;;"Estimées";;;"Non";;;;""
2024;27011;"40";"40154";"Lévignacq";"2024-05-11 20:50:00";3000;3000;;0;0;0;;;;;"Estimées";;"Naturelle";"Non";0;0;0;""
2024;27359;"77";"77186";"Fontainebleau";"2024-05-12 13:18:00";5;5;;0;0;0;;;;;"Estimées";;"Involontaire (particulier)";"Non";;;;""
2024;27012;"40";"40227";"Pissos";"2024-05-12 15:34:00";50;50;;0;0;0;;;;;"Estimées";;"Naturelle";"Non";0;0;0;""
2024;27013;"40";"40182";"Mézos";"2024-05-12 16:35:00";1;1;;0;0;0;;;;;"Estimées";;;"Non";0;0;0;""
2024;29559;"25";"25417";"Naisey-les-Granges";"2024-05-12 17:11:00";100;100;;0;0;0;;;;;"Estimées";;;"Non";;;;""
2024;20130;"13";"13005";"Aubagne";"2024-05-12 18:46:00";5;5;0;0;0;0;;;;;"Estimées";"1";"Accidentelle";"Non";;;;""
2024;25818;"72";"72058";"Changé";"2024-05-13 00:06:00";100;100;;0;0;0;;;;;"Estimées";;;"Non";;;;""
2024;19552;"2B";"2B229";"Pietroso";"2024-05-13 15:22:00";4000;0;4000;0;0;0;;;;;"Estimées";;"Malveillance";"Non";;;;""
2024;20131;"13";"13072";"Peynier";"2024-05-14 00:44:00";20;20;0;0;0;0;;;;;"Estimées";"1";;"Non";;;;""
2024;27226;"2A";"2A114";"Figari";"2024-05-14 16:52:00";200;0;200;0;0;0;;;;;"Mesurées";;"Involontaire (particulier)";"Non";;;;""
2024;20106;"56";"56081";"Guiscriff";"2024-05-16 15:53:00";20;20;;0;0;0;;;;;"Estimées";;;"Non";;;;""
2024;27014;"40";"40065";"Capbreton";"2024-05-17 15:57:00";53;50;;0;3;0;;;;;"Estimées";;"Accidentelle";"Non";0;0;0;""
2024;27228;"2A";"2A104";"Eccica-Suarella";"2024-05-18 11:11:00";40;0;40;0;0;0;;;;;"Estimées";;;"Non";;;;""
2024;19556;"2B";"2B179";"Novale";"2024-05-18 11:33:00";5000;0;5000;0;0;0;;;;;"Estimées";"1";;"Non";;;;""
2024;27227;"2A";"2A006";"Alata";"2024-05-18 16:57:00";30;0;30;0;0;0;;;;;"Estimées";;;"Non";;;;""
2024;20757;"11";"11161";"Gardie";"2024-05-19 12:02:00";50;50;0;0;0;0;;;;;"Mesurées";;;"Non";;;;""
2024;19560;"2B";"2B020";"Aregno";"2024-05-22 14:13:00";5500;0;5500;0;0;0;;;;;"Estimées";"1";"Involontaire (particulier)";"Non";;;;""
2024;20761;"11";"11188";"La Palme";"2024-05-24 12:17:00";100;0;100;0;0;0;;;;;"Mesurées";"1";"Accidentelle";"Non";;;;""
2024;25820;"72";"72221";"Nogent-sur-Loir";"2024-05-25 19:01:00";1;1;;0;0;0;;;;;"Estimées";;;"Non";;;;""
2024;27229;"2A";"2A032";"Bastelicaccia";"2024-05-26 14:03:00";20;0;20;0;0;0;;;;;"Estimées";;;"Non";;;;""
2024;28370;"30";"30052";"Bréau-Mars";"2024-05-26 16:01:00";1000;1000;;;;;;;;;"Estimées";;;"Non";;;;""
2024;20768;"11";"11262";"Narbonne";"2024-05-26 23:13:00";2000;0;2000;0;0;0;;;;;"Mesurées";;;"Non";;;;""
2024;19657;"2B";"2B034";"Belgodère";"2024-05-27 11:12:00";3000;0;3000;0;0;0;;;;;"Estimées";;"Malveillance";"Non";;;;""
2024;27232;"2A";"2A103";"Cuttoli-Corticchiato";"2024-05-27 14:08:00";50;0;50;0;0;0;;;;;"Estimées";;"Involontaire (particulier)";"Non";;;;""
2024;27231;"2A";"2A065";"Cargèse";"2024-05-27 16:03:00";50;0;50;0;0;0;;;;;"Estimées";;"Involontaire (travaux)";"Non";;;;""
2024;27230;"2A";"2A272";"Sartène";"2024-05-27 18:14:00";3000;0;3000;0;0;0;;;;;"Estimées";;"Involontaire (travaux)";"Non";;;;""
2024;20133;"13";"13059";"Meyrargues";"2024-05-27 18:55:00";20;20;0;0;0;0;;;;;"Estimées";"1";"Accidentelle";"Non";;;;""
2024;27234;"2A";"2A247";"Porto-Vecchio";"2024-05-28 13:14:00";500;0;500;0;0;0;;;;;"Estimées";;"Involontaire (particulier)";"Non";;;;""
2024;27235;"2A";"2A310";"Santa-Maria-Figaniella";"2024-05-28 17:20:00";150;0;150;0;0;0;;;;;"Estimées";;"Involontaire (particulier)";"Non";;;;""
2024;27233;"2A";"2A114";"Figari";"2024-05-28 17:20:00";15;0;15;0;0;0;;;;;"Estimées";;;"Non";;;;""
2024;20134;"13";"13002";"Allauch";"2024-05-28 18:54:00";20;20;0;0;0;0;;;;;"Estimées";"1";"Involontaire (particulier)";"Non";;;;""
2024;20135;"13";"13028";"La Ciotat";"2024-05-29 06:11:00";2;2;0;0;0;0;;;;;"Estimées";"1";"Involontaire (particulier)";"Non";;;;""
2024;27236;"2A";"2A130";"Grosseto-Prugna";"2024-05-30 12:35:00";10;0;10;0;0;0;;;;;"Estimées";;;"Non";;;;""
2024;27237;"2A";"2A288";"Sotta";"2024-05-30 12:44:00";50;0;50;0;0;0;;;;;"Estimées";;;"Non";;;;""
2024;20771;"11";"11116";"Cuxac-d'Aude";"2024-05-30 14:22:00";200;0;200;0;0;0;;;;;"Mesurées";"1";"Involontaire (travaux)";"Non";;;;""
2024;28374;"30";"30346";"Vers-Pont-du-Gard";"2024-05-30 16:32:00";1000;1000;;;;;;;;;"Estimées";;;"Non";;;;""
2024;26712;"33";"33466";"Saint-Quentin-de-Baron";"2024-05-30 17:48:24";1;1;;0;0;0;;;;;"Estimées";;;"Non";0;0;0;""
2024;29553;"25";"25258";"Franois";"2024-05-31 09:12:47";100;100;;0;0;0;;;;;"Estimées";;;"Non";0;0;0;""
2024;20136;"13";"13039";"Fos-sur-Mer";"2024-05-31 13:45:00";100;100;0;0;0;0;;;;;"Estimées";"1";;"Non";;;;""
2024;19617;"34";"34165";"Montbazin";"2024-05-31 16:51:00";394;0;394;0;0;0;;;;;"Mesurées";;"Involontaire (travaux)";"Non";;;;""
2024;27239;"2A";"2A254";"Quenza";"2024-05-31 22:00:00";80;0;80;0;0;0;;;;;"Estimées";;;"Non";;;;""
2024;27238;"2A";"2A189";"Olmeto";"2024-05-31 22:22:00";20;0;20;0;0;0;;;;;"Estimées";;;"Non";;;;""
2024;19660;"2B";"2B185";"Oletta";"2024-06-01 11:19:00";10000;0;10000;0;0;0;;;;;"Estimées";"1";;"Non";;;;""
2024;20781;"11";"11185";"Lagrasse";"2024-06-03 10:42:00";40;40;0;0;0;0;;;;;"Mesurées";;"Accidentelle";"Non";;;;""
2024;20783;"11";"11341";"Saint-Ferriol";"2024-06-03 15:06:00";230;0;230;0;0;0;;;;;"Mesurées";;"Accidentelle";"Non";;;;""
2024;27016;"40";"40123";"Herm";"2024-06-03 16:17:00";118;118;;0;0;0;;;;;"Estimées";;;"Non";0;0;0;""
2024;20784;"11";"11202";"Leucate";"2024-06-04 01:10:00";100;100;0;0;0;0;;;;;"Mesurées";"4";"Malveillance";"Non";;;;""
2024;20788;"11";"11296";"Pouzols-Minervois";"2024-06-04 16:52:51";350;350;;;;;;;;;"Mesurées";;;"Non";0;0;0;""
2024;26499;"17";"17074";"Bussac-Forêt";"2024-06-05 02:29:00";200;200;;0;0;0;;;;;"Estimées";;;"Non";0;0;0;""
2024;26715;"33";"33239";"Lerm-et-Musset";"2024-06-05 11:29:34";200;200;;0;0;0;;;;;"Estimées";;;"Non";0;0;0;""
2024;20791;"11";"11379";"Sigean";"2024-06-05 15:38:00";200;0;200;0;0;0;;;;;"Mesurées";;;"Non";;;;""
2024;20138;"13";"13056";"Martigues";"2024-06-07 12:15:00";150;150;0;0;0;0;;;;;"Estimées";"1";"Involontaire (particulier)";"Non";;;;""
2024;20137;"13";"13113";"Venelles";"2024-06-07 12:15:00";5;5;0;0;0;0;;;;;"Estimées";"1";"Involontaire (particulier)";"Non";;;;""
2024;20107;"56";"56122";"Loyat";"2024-06-07 14:23:00";500;500;;0;0;0;;;;;"Estimées";;;"Non";;;;""
2024;19712;"2B";"2B123";"Ghisonaccia";"2024-06-07 16:50:00";30000;0;30000;0;0;0;;;;;"Estimées";"1";"Involontaire (travaux)";"Non";;;;""
2024;27240;"2A";"2A362";"Zonza";"2024-06-07 18:05:00";633;0;633;0;0;0;;;;;"Mesurées";;"Involontaire (particulier)";"Non";;;;""
2024;20139;"13";"13033";"Ensuès-la-Redonne";"2024-06-07 19:44:00";200;200;0;0;0;0;;;;;"Estimées";"1";;"Non";;;;""
2024;20140;"13";"13056";"Martigues";"2024-06-08 16:55:00";1000;1000;0;0;0;0;;;;;"Estimées";"1";"Malveillance";"Non";;;;""
2024;20203;"89";"89083";"Charbuy";"2024-06-08 17:36:00";4;4;;0;0;0;;;;;"Mesurées";;"Malveillance";"Non";;;;""
2024;20260;"56";"56122";"Loyat";"2024-06-08 19:18:00";10;10;;0;0;0;;;;;"Estimées";;;"Non";;;;""
2024;19680;"13";"13055";"Marseille";"2024-06-08 21:13:00";40;0;40;0;0;0;;;;;"Estimées";"1";"Involontaire (particulier)";"Non";;;;""
2024;27938;"84";"84083";"Mornas";"2024-06-09 01:31:41";2000;2000;;;;;;;;;"Mesurées";;;"Non";;;;""
2024;27241;"2A";"2A359";"Zicavo";"2024-06-09 21:54:00";50;0;50;0;0;0;;;;;"Estimées";;;"Non";;;;""
2024;27939;"84";"84078";"Mondragon";"2024-06-10 07:32:38";1;1;;;;;;;;;"Estimées";;;"Non";;;;""
2024;20141;"13";"13001";"Aix-en-Provence";"2024-06-10 16:14:00";130;130;0;0;0;0;;;;;"Estimées";"1";"Involontaire (travaux)";"Non";;;;""
2024;25823;"72";"72260";"Ruaudin";"2024-06-10 23:51:00";50;50;;0;0;0;;;;;"Estimées";;;"Non";;;;""
2024;29808;"83";"83148";"Vidauban";"2024-06-11 00:00:00";3006900;2796900;164600;0;0;45400;;;;;"Mesurées";;;;;;;"Données partielles ou non valides"
2024;20142;"13";"13010";"Barbentane";"2024-06-11 06:03:00";50;50;0;0;0;0;;;;;"Estimées";"1";"Involontaire (travaux)";"Non";;;;""
2024;20799;"11";"11013";"Argens-Minervois";"2024-06-11 12:59:00";10000;0;10000;0;0;0;;;;;"Mesurées";;"Involontaire (travaux)";"Non";;;;""
2024;27941;"84";"84078";"Mondragon";"2024-06-11 15:30:54";50;50;;;;;;;;;"Estimées";;;"Non";;;;""
2024;27942;"84";"84140";"Vaugines";"2024-06-11 15:47:00";700;450;0;0;0;250;;;;;"Mesurées";"4";;"Non";;;;""
2024;20261;"56";"56203";"Saint-Aignan";"2024-06-11 16:59:00";100;100;;0;0;0;;;;;"Estimées";;;"Non";;;;""
2024;20143;"13";"13059";"Meyrargues";"2024-06-12 10:57:00";200;200;0;0;0;0;;;;;"Estimées";"1";"Involontaire (travaux)";"Non";;;;""
2024;19716;"2B";"2B143";"Linguizzetta";"2024-06-12 14:14:00";1500;0;1500;0;0;0;;;;;"Estimées";;;"Non";;;;""
2024;20803;"11";"11416";"Villarzel-Cabardès";"2024-06-12 16:22:00";5000;0;5000;0;0;0;;;;;"Mesurées";;;"Non";;;;""
2024;29658;"78";"78590";"Senlisse";"2024-06-12 17:49:00";5;5;;0;0;0;;;;;"Estimées";;;"Non";;;;""
2024;27946;"84";"84140";"Vaugines";"2024-06-12 19:32:32";1;1;;;;;;;;;"Estimées";;;"Non";;;;""
2024;19719;"06";"06079";"Mandelieu-la-Napoule";"2024-06-12 20:37:00";1000;0;1000;0;0;0;;;;;"Estimées";;"Accidentelle";"Non";;;;""
2024;19921;"74";"74078";"Clermont";"2024-06-13 02:24:00";5;5;;0;0;0;;;;;"Mesurées";;"Involontaire (travaux)";"Non";;;;""
2024;26850;"33";"33540";"Vendays-Montalivet";"2024-06-13 06:24:00";15000;15000;;0;0;0;;;;;"Estimées";;"Involontaire (particulier)";"Non";;;;""
2024;27242;"2A";"2A132";"Guargualé";"2024-06-13 13:00:00";800;0;800;0;0;0;;;;;"Estimées";;;"Non";;;;""
2024;19922;"74";"74043";"Bons-en-Chablais";"2024-06-13 13:33:00";1;1;;0;0;0;;;;;"Mesurées";;"Involontaire (travaux)";"Non";;;;""
2024;26851;"33";"33284";"Mios";"2024-06-13 14:37:37";10000;10000;;0;0;0;;;;;"Estimées";;;"Non";0;0;0;""
2024;27243;"2A";"2A114";"Figari";"2024-06-13 15:19:00";800;0;800;0;0;0;;;;;"Estimées";;;"Non";;;;""
2024;19749;"66";"66205";"Tautavel";"2024-06-13 15:45:00";500;0;500;0;0;0;;;;;"Estimées";;"Involontaire (travaux)";"Non";;;;""
2024;20806;"11";"11179";"Labastide-en-Val";"2024-06-13 16:36:00";200;0;200;0;0;0;;;;;"Mesurées";;;"Non";;;;""
2024;27624;"2A";"2A174";"Murzo";"2024-06-14 14:35:00";150;0;150;0;0;0;;;;;"Mesurées";;"Involontaire (travaux)";"Non";;;;""
2024;19833;"2B";"2B143";"Linguizzetta";"2024-06-14 14:55:00";200;0;200;0;0;0;;;;;"Estimées";;;"Non";;;;""
2024;20144;"13";"13091";"Saint-Cannat";"2024-06-14 19:13:00";300;300;0;0;0;0;;;;;"Estimées";"1";;"Non";;;;""
2024;20145;"13";"13038";"Fontvieille";"2024-06-16 16:55:00";20;20;0;0;0;0;;;;;"Estimées";"1";"Involontaire (particulier)";"Non";;;;""
2024;19834;"2B";"2B143";"Linguizzetta";"2024-06-17 12:03:00";1000;0;1000;0;0;0;;;;;"Estimées";;;"Non";;;;""
2024;27019;"40";"40179";"Mées";"2024-06-17 15:07:00";101;1;;100;0;0;;;;;"Estimées";;;"Non";0;0;0;""
2024;20147;"13";"13028";"La Ciotat";"2024-06-17 16:55:00";2500;2500;0;0;0;0;;;;;"Mesurées";"1";"Accidentelle";"Non";;;;""
2024;20146;"13";"13056";"Martigues";"2024-06-17 16:55:00";1000;1000;0;0;0;0;;;;;"Estimées";"1";"Involontaire (particulier)";"Non";;;;""
2024;28739;"07";"07143";"Limony";"2024-06-17 18:34:00";4;0;4;0;0;0;;;;;"Estimées";"5";"Involontaire (travaux)";"Non";;;;""
2024;20148;"13";"13005";"Aubagne";"2024-06-18 16:50:00";3495;3495;0;0;0;0;;;;;"Mesurées";"1";"Involontaire (travaux)";"Non";;;;""
2024;19836;"2B";"2B009";"Aléria";"2024-06-18 16:51:00";3000;0;3000;0;0;0;;;;;"Mesurées";;;"Non";;;;""
2024;20132;"13";"13066";"Noves";"2024-06-20 13:31:00";200;200;0;0;0;0;;;;;"Estimées";"1";;"Non";;;;""
2024;27625;"2A";"2A061";"Carbini";"2024-06-21 10:53:00";10;0;10;0;0;0;;;;;"Mesurées";;"Involontaire (travaux)";"Non";;;;""
2024;19853;"34";"34237";"Roujan";"2024-06-21 14:22:00";10474;10474;0;0;0;0;;;;;"Mesurées";"1";"Involontaire (travaux)";"Non";;;;""
2024;20207;"13";"13117";"Vitrolles";"2024-06-21 14:23:00";300;300;0;0;0;0;;;;;"Estimées";"1";"Involontaire (particulier)";"Non";;;;""
2024;20208;"13";"13073";"Peypin";"2024-06-21 15:35:00";5;5;0;0;0;0;;;;;"Mesurées";"1";"Malveillance";"Non";;;;""
2024;20210;"13";"13060";"Meyreuil";"2024-06-22 17:54:00";4;4;0;0;0;0;;;;;"Estimées";"1";;"Non";;;;""
2024;20821;"11";"11145";"Fleury";"2024-06-23 10:24:00";10;0;10;0;0;0;;;;;"Mesurées";;;"Non";;;;""
2024;20209;"13";"13056";"Martigues";"2024-06-23 16:14:00";30;30;0;0;0;0;;;;;"Estimées";"1";"Malveillance";"Non";;;;""
2024;20383;"13";"13040";"Fuveau";"2024-06-23 17:16:00";3000;3000;0;0;0;0;;;;;"Estimées";"1";"Accidentelle";"Non";;;;""
2024;27021;"40";"40200";"Moustey";"2024-06-24 15:38:00";3000;3000;;0;0;0;;;;;"Estimées";;;"Non";0;0;0;""
2024;20384;"13";"13100";"Saint-Rémy-de-Provence";"2024-06-24 23:58:00";1;1;0;0;0;0;;;;;"Estimées";"1";;"Non";;;;""
2024;21196;"13";"13028";"La Ciotat";"2024-06-25 00:20:00";24;24;0;0;0;0;;;;;"Mesurées";"1";;"Non";;;;""
2024;20385;"13";"13102";"Saint-Victoret";"2024-06-25 09:48:00";50;50;0;0;0;0;;;;;"Estimées";"1";;"Non";;;;""
2024;20825;"11";"11014";"Armissan";"2024-06-25 11:45:00";200;0;200;0;0;0;;;;;"Mesurées";;"Malveillance";"Non";;;;""
2024;20827;"11";"11433";"Villeneuve-Minervois";"2024-06-25 21:53:00";200;0;200;0;0;0;;;;;"Mesurées";;;"Non";;;;""
2024;20828;"11";"11431";"Villeneuve-les-Corbières";"2024-06-26 01:57:00";50;0;50;0;0;0;;;;;"Mesurées";;;"Non";;;;""
2024;21199;"13";"13039";"Fos-sur-Mer";"2024-06-26 15:15:00";2;2;0;0;0;0;;;;;"Estimées";"1";"Involontaire (particulier)";"Non";;;;""
2024;21201;"13";"13028";"La Ciotat";"2024-06-26 15:19:00";2;2;0;0;0;0;;;;;"Estimées";"1";;"Non";;;;""
2024;21200;"13";"13092";"Saint-Chamas";"2024-06-26 15:41:00";100;100;0;0;0;0;;;;;"Estimées";"1";;"Non";;;;""
2024;21198;"13";"13067";"Orgon";"2024-06-26 17:30:00";4;4;0;0;0;0;;;;;"Estimées";"1";"Accidentelle";"Non";;;;""
2024;27626;"2A";"2A004";"Ajaccio";"2024-06-26 17:30:00";1200;0;1200;0;0;0;;;;;"Mesurées";;"Involontaire (particulier)";"Non";;;;""
2024;21197;"13";"13060";"Meyreuil";"2024-06-26 18:40:00";5;5;0;0;0;0;;;;;"Estimées";"1";;"Non";;;;""
2024;21203;"13";"13112";"Velaux";"2024-06-27 09:25:00";2;2;0;0;0;0;;;;;"Estimées";"1";;"Non";;;;""
2024;20264;"56";"56167";"Plougoumelen";"2024-06-27 13:25:00";10;10;;0;0;0;;;;;"Estimées";;;"Non";;;;""
2024;20830;"11";"11421";"Villedaigne";"2024-06-27 13:50:00";50;0;50;0;0;0;;;;;"Mesurées";;;"Non";;;;""
2024;20265;"56";"56070";"Guégon";"2024-06-28 10:16:00";30;30;;0;0;0;;;;;"Estimées";;;"Non";;;;""
2024;26729;"33";"33284";"Mios";"2024-06-28 11:56:47";2500;2500;;0;0;0;;;;;"Estimées";;;"Non";0;0;0;""
2024;20836;"11";"11392";"Tournissan";"2024-06-28 22:50:00";1700;0;100;0;1600;0;;;;;"Mesurées";;;"Non";;;;""
2024;26541;"17";"17118";"Corignac";"2024-06-29 00:36:00";5400;5400;;0;0;0;;;;;"Mesurées";;"Malveillance";"Non";;;;""
2024;27627;"2A";"2A098";"Coti-Chiavari";"2024-06-29 14:15:00";37000;0;37000;0;0;0;;;;;"Mesurées";;"Accidentelle";"Non";;;;""
2024;21212;"13";"13001";"Aix-en-Provence";"2024-06-30 13:06:00";5000;5000;0;0;0;0;;;;;"Estimées";"1";"Accidentelle";"Non";;;;""
2024;21210;"13";"13062";"Mimet";"2024-06-30 13:42:00";10;10;0;0;0;0;;;;;"Estimées";"1";"Malveillance";"Non";;;;""
2024;26730;"33";"33057";"Blasimon";"2024-07-01 13:11:00";200;200;;0;0;0;;;;;"Estimées";;;"Non";0;0;0;""
2024;21213;"13";"13097";"Saint-Martin-de-Crau";"2024-07-01 16:20:00";14441;0;14441;0;0;0;;;;;"Mesurées";"1";"Involontaire (travaux)";"Non";;;;""
2024;28428;"30";"30093";"Conqueyrac";"2024-07-01 16:20:00";139;139;;;;;;;;;"Mesurées";;"Malveillance";"Non";;;;""
2024;28427;"30";"30093";"Conqueyrac";"2024-07-01 16:30:00";118;118;;;;;;;;;"Mesurées";;"Malveillance";"Non";;;;""
2024;20266;"56";"56070";"Guégon";"2024-07-01 17:29:00";50;50;;0;0;0;;;;;"Estimées";;;"Non";;;;""
2024;20185;"34";"34332";"Vias";"2024-07-01 18:50:00";51436;0;51436;0;0;0;;;;;"Mesurées";"1";"Malveillance";"Non";;;;""
2024;24359;"08";"08302";"Monthermé";"2024-07-01 21:36:00";150;150;;0;0;0;;;;;"Estimées";;"Involontaire (travaux)";"Non";;;;""
2024;21217;"13";"13077";"Port-de-Bouc";"2024-07-02 11:43:00";2;2;0;0;0;0;;;;;"Mesurées";"1";;"Non";;;;""
2024;20838;"11";"11379";"Sigean";"2024-07-02 13:48:00";290900;35000;255900;0;0;0;;;;;"Mesurées";;"Malveillance";"Non";;;;""
2024;20030;"66";"66106";"Maureillas-las-Illas";"2024-07-02 16:05:00";35;35;0;0;0;0;;;;;"Estimées";;"Malveillance";"Non";;;;""
2024;21219;"13";"13001";"Aix-en-Provence";"2024-07-03 10:44:00";10;10;0;0;0;0;;;;;"Mesurées";"1";"Accidentelle";"Non";;;;""
2024;27061;"40";"40327";"Vielle-Soubiran";"2024-07-03 12:19:00";8000;8000;;0;0;0;;;;;"Mesurées";;"Accidentelle";"Non";0;0;0;""
2024;28700;"07";"07200";"Le Roux";"2024-07-03 15:00:00";1;0;1;0;0;0;;;;;"Estimées";"5";"Involontaire (travaux)";"Non";;;;""
2024;27473;"16";"16119";"Dignac";"2024-07-03 15:21:26";2720;2720;;0;0;0;;;;;"Mesurées";;"Involontaire (travaux)";"Non";0;0;0;""
2024;26731;"33";"33450";"Saint-Michel-de-Castelnau";"2024-07-03 15:24:50";1000;1000;;0;0;0;;;;;"Estimées";;;"Non";0;0;0;""
2024;20175;"34";"34217";"Prades-le-Lez";"2024-07-03 16:41:00";7526;7526;0;0;0;0;;;;;"Mesurées";"1";"Malveillance";"Non";;;;""
2024;25039;"85";"85213";"Rives de l'Yon";"2024-07-03 17:09:00";1;1;;0;0;0;;;;;"Estimées";;"Malveillance";"Non";;;;""
2024;20841;"11";"11037";"Berriac";"2024-07-03 19:07:00";200;0;200;0;0;0;;;;;"Mesurées";;;"Non";;;;""
2024;21223;"13";"13056";"Martigues";"2024-07-03 21:51:00";2;2;0;0;0;0;;;;;"Mesurées";"1";"Involontaire (particulier)";"Non";;;;""
2024;27629;"2A";"2A271";"Sarrola-Carcopino";"2024-07-04 10:09:00";158;0;158;0;0;0;;;;;"Mesurées";;;"Non";;;;""
2024;20050;"04";"04070";"Digne-les-Bains";"2024-07-04 14:03:00";400;60;0;340;0;0;;;;;"Mesurées";;;"Non";;;;""
2024;20051;"04";"04166";"Riez";"2024-07-04 14:52:00";110;110;0;0;0;0;;;;;"Mesurées";"5";;"Non";;;;""
2024;20270;"56";"56013";"Belz";"2024-07-04 15:52:00";200;200;;0;0;0;;;;;"Estimées";;;"Non";;;;""
2024;20844;"11";"11144";"Fitou";"2024-07-04 15:57:00";500;0;500;0;0;0;;;;;"Mesurées";;;"Non";;;;""
2024;20045;"66";"66190";"Salses-le-Château";"2024-07-04 15:59:00";500;0;500;0;0;0;;;;;"Estimées";;"Accidentelle";"Non";;;;""
2024;20043;"66";"66190";"Salses-le-Château";"2024-07-04 15:59:00";30;0;30;0;0;0;;;;;"Estimées";;"Accidentelle";"Non";;;;""
2024;20044;"66";"66190";"Salses-le-Château";"2024-07-04 15:59:00";3000;0;3000;0;0;0;;;;;"Estimées";;"Accidentelle";"Non";;;;""
2024;27474;"16";"16119";"Dignac";"2024-07-04 17:40:05";10;10;;0;0;0;;;;;"Estimées";;;"Non";0;0;0;""
2024;21226;"13";"13085";"Roquefort-la-Bédoule";"2024-07-04 18:21:00";60;60;0;0;0;0;;;;;"Mesurées";"1";"Malveillance";"Non";;;;""
2024;20267;"56";"56096";"Landaul";"2024-07-04 19:04:00";10;10;;0;0;0;;;;;"Estimées";;;"Non";;;;""
2024;20161;"34";"34242";"Saint-Bauzille-de-Montmel";"2024-07-04 21:28:00";140;140;0;0;0;0;;;;;"Mesurées";"4";"Malveillance";"Non";;;;""
2024;20160;"34";"34061";"Causses-et-Veyran";"2024-07-04 21:32:00";1621;1621;0;0;0;0;;;;;"Mesurées";"1";;"Non";;;;""
2024;21225;"13";"13002";"Allauch";"2024-07-04 23:02:00";200;200;0;0;0;0;;;;;"Estimées";"1";"Involontaire (particulier)";"Non";;;;""
2024;27628;"2A";"2A070";"Casaglione";"2024-07-04 23:33:00";20;0;20;0;0;0;;;;;"Mesurées";;"Accidentelle";"Non";;;;""
2024;27631;"2A";"2A181";"Ocana";"2024-07-05 14:45:00";20;0;20;0;0;0;;;;;"Mesurées";;;"Non";;;;""
2024;20271;"56";"56171";"Pluherlin";"2024-07-05 15:52:00";1000;1000;;0;0;0;;;;;"Estimées";;;"Non";;;;""
2024;27630;"2A";"2A189";"Olmeto";"2024-07-05 18:05:00";150;0;150;0;0;0;;;;;"Mesurées";;"Accidentelle";"Non";;;;""
2024;25831;"72";"72260";"Ruaudin";"2024-07-06 17:23:00";60;60;;0;0;0;;;;;"Estimées";;;"Non";;;;""
2024;20151;"34";"34028";"Bédarieux";"2024-07-06 21:33:00";15;15;0;0;0;0;;;;;"Estimées";;;"Non";;;;""
2024;26736;"33";"33056";"Blanquefort";"2024-07-07 18:30:00";100;100;;0;0;0;;;;;"Estimées";;"Malveillance";"Non";0;0;0;""
2024;20269;"56";"56243";"Séné";"2024-07-07 18:31:00";10;10;;0;0;0;;;;;"Estimées";;;"Non";;;;""
2024;23938;"59";"59491";"Raismes";"2024-07-07 19:25:00";100;100;;0;0;0;;;;;"Estimées";;;"Non";;;;""
2024;27632;"2A";"2A247";"Porto-Vecchio";"2024-07-07 22:56:00";20;0;20;0;0;0;;;;;"Mesurées";;;"Non";;;;""
2024;26737;"33";"33214";"Lacanau";"2024-07-08 12:24:00";2000;2000;;0;0;0;;;;;"Estimées";;"Involontaire (particulier)";"Non";;;;""
2024;21228;"13";"13077";"Port-de-Bouc";"2024-07-08 13:09:00";80;80;0;0;0;0;;;;;"Estimées";"1";;"Non";;;;""
2024;27634;"2A";"2A345";"Vero";"2024-07-08 13:49:00";25;0;25;0;0;0;;;;;"Mesurées";;"Involontaire (particulier)";"Non";;;;""
2024;21230;"13";"13074";"Peyrolles-en-Provence";"2024-07-08 15:25:00";802;802;0;0;0;0;;;;;"Mesurées";"1";;"Non";;;;""
2024;27633;"2A";"2A004";"Ajaccio";"2024-07-08 16:10:00";25;0;25;0;0;0;;;;;"Estimées";;;"Non";;;;""
2024;21229;"13";"13073";"Peypin";"2024-07-08 18:44:00";70;70;0;0;0;0;;;;;"Mesurées";"1";"Malveillance";"Non";;;;""
2024;20853;"11";"11395";"Trassanel";"2024-07-08 19:13:00";4030;0;4030;0;0;0;;;;;"Mesurées";;"Malveillance";"Non";;;;""
2024;21231;"13";"13001";"Aix-en-Provence";"2024-07-08 20:10:00";10;10;0;0;0;0;;;;;"Mesurées";"1";"Involontaire (particulier)";"Non";;;;""
2024;20239;"06";"06120";"Saint-Étienne-de-Tinée";"2024-07-09 10:11:00";25;0;25;0;0;0;;;;;"Estimées";;"Malveillance";"Non";;;;""
2024;21232;"13";"13028";"La Ciotat";"2024-07-09 12:07:00";330;330;0;0;0;0;;;;;"Mesurées";"1";"Involontaire (travaux)";"Non";;;;""
2024;20282;"13";"13055";"Marseille";"2024-07-09 12:55:00";50;0;50;0;0;0;;;;;"Estimées";"2";;"Non";;;;""
2024;23244;"38";"38149";"Domarin";"2024-07-09 13:29:00";3;3;;0;0;0;;;;;"Estimées";;;"Non";;;;""
2024;21235;"13";"13048";"Jouques";"2024-07-09 14:57:00";10;10;0;0;0;0;;;;;"Mesurées";"1";"Malveillance";"Non";;;;""
2024;21233;"13";"13048";"Jouques";"2024-07-09 15:40:00";10;10;0;0;0;0;;;;;"Mesurées";"1";"Malveillance";"Non";;;;""
2024;27635;"2A";"2A198";"Ota";"2024-07-09 15:49:00";2500;0;2500;0;0;0;;;;;"Mesurées";;"Involontaire (particulier)";"Non";;;;""
2024;21234;"13";"13001";"Aix-en-Provence";"2024-07-09 18:38:00";500;500;0;0;0;0;;;;;"Mesurées";"1";"Involontaire (travaux)";"Non";;;;""
2024;20206;"46";"46312";"Strenquels";"2024-07-09 21:19:00";100;100;;0;0;0;;;;;"Estimées";;;"Non";;;;""
2024;27379;"77";"77442";"Samoreau";"2024-07-10 12:47:00";3;3;;0;0;0;;;;;"Estimées";;;"Non";;;;""
2024;21236;"13";"13100";"Saint-Rémy-de-Provence";"2024-07-10 15:20:00";50;50;0;0;0;0;;;;;"Mesurées";"1";"Involontaire (particulier)";"Non";;;;""
2024;20242;"06";"06154";"Valderoure";"2024-07-10 18:20:00";25;0;25;0;0;0;;;;;"Estimées";;"Involontaire (particulier)";"Non";;;;""
2024;20360;"2B";"2B079";"Castello-di-Rostino";"2024-07-11 10:57:00";70300;0;70300;0;0;0;;;;;"Estimées";"1";"Malveillance";"Non";;;;""
2024;20273;"66";"66137";"Le Perthus";"2024-07-11 14:33:00";50;50;0;0;0;0;;;;;"Estimées";;"Malveillance";"Non";;;;""
2024;20302;"34";"34031";"Bessan";"2024-07-11 17:32:00";21746;0;21746;0;0;0;;;;;"Mesurées";"1";"Accidentelle";"Non";;;;""
2024;24757;"07";"07024";"Banne";"2024-07-11 23:16:00";3000;0;3000;0;0;0;;;;;"Estimées";"1";"Naturelle";"Non";;;;""
2024;28007;"84";"84017";"Bédoin";"2024-07-12 12:15:00";2;2;0;0;0;0;;;;;"Mesurées";"5";"Involontaire (particulier)";"Non";;;;""
2024;27380;"77";"77006";"Arbonne-la-Forêt";"2024-07-12 13:16:00";2000;2000;;0;0;0;;;;;"Estimées";;;"Non";;;;""
2024;28443;"30";"30159";"Le Martinet";"2024-07-12 16:10:00";136;136;;;;;;;;;"Mesurées";;;"Non";;;;""
2024;21237;"13";"13071";"Les Pennes-Mirabeau";"2024-07-12 18:46:00";600;600;0;0;0;0;;;;;"Mesurées";"1";;"Non";;;;""
2024;21499;"04";"04236";"Vergons";"2024-07-12 20:47:00";26700;26700;0;0;0;0;;;;;"Mesurées";"4";"Naturelle";"Non";;;;""
2024;21240;"13";"13044";"Grans";"2024-07-13 10:03:00";300;300;0;0;0;0;;;;;"Estimées";"1";"Accidentelle";"Non";;;;""
2024;21238;"13";"13071";"Les Pennes-Mirabeau";"2024-07-13 15:27:00";50;50;0;0;0;0;;;;;"Mesurées";"1";"Accidentelle";"Non";;;;""
2024;20298;"34";"34147";"Magalas";"2024-07-13 17:24:00";988;988;0;0;0;0;;;;;"Mesurées";"3";"Involontaire (travaux)";"Non";;;;""
2024;26741;"33";"33417";"Sainte-Hélène";"2024-07-13 17:58:00";1500;1500;;0;0;0;;;;;"Estimées";;;"Non";0;0;0;""
2024;20891;"34";"34095";"Fabrègues";"2024-07-13 18:48:00";173;0;173;0;0;0;;;;;"Mesurées";"1";;"Non";;;;""
2024;21243;"13";"13063";"Miramas";"2024-07-13 20:25:00";100;100;0;0;0;0;;;;;"Estimées";"1";"Malveillance";"Non";;;;""
2024;20296;"34";"34116";"Grabels";"2024-07-13 23:16:00";217;0;217;0;0;0;;;;;"Mesurées";"1";"Malveillance";"Non";;;;""
2024;26742;"33";"33376";"Saint-Aubin-de-Médoc";"2024-07-14 00:58:45";40;20;;20;0;0;;;;;"Estimées";;"Malveillance";"Non";0;0;0;""
2024;20294;"34";"34281";"Saint-Pargoire";"2024-07-14 08:25:00";212;0;212;0;0;0;;;;;"Mesurées";"1";"Involontaire (travaux)";"Non";;;;""
2024;29536;"25";"25056";"Besançon";"2024-07-14 08:55:26";100;100;;0;0;0;;;;;"Estimées";;;"Non";0;0;0;""
2024;21248;"13";"13059";"Meyrargues";"2024-07-14 11:19:00";300;300;0;0;0;0;;;;;"Mesurées";"1";"Malveillance";"Non";;;;""
2024;20381;"56";"56180";"Porcaro";"2024-07-14 12:08:00";1500;1500;;0;0;0;;;;;"Estimées";;"Accidentelle";"Non";;;;""
2024;21245;"13";"13047";"Istres";"2024-07-14 12:37:00";500;500;0;0;0;0;;;;;"Mesurées";"1";;"Non";;;;""
2024;20275;"06";"06132";"Saorge";"2024-07-14 14:14:00";500;0;500;0;0;0;;;;;"Estimées";;"Involontaire (particulier)";"Non";;;;""
2024;20288;"34";"34312";"La Tour-sur-Orb";"2024-07-14 16:08:00";12328;0;12328;0;0;0;;;;;"Mesurées";"1";"Accidentelle";"Non";;;;""
2024;23001;"74";"74273";"Sixt-Fer-à-Cheval";"2024-07-14 17:48:00";1;1;;0;0;0;;;;;"Estimées";;"Involontaire (travaux)";"Non";;;;""
2024;23002;"74";"74185";"Monnetier-Mornex";"2024-07-14 21:17:00";1;1;;0;0;0;;;;;"Estimées";;"Accidentelle";"Non";;;;""
2024;20276;"06";"06092";"Peillon";"2024-07-15 00:42:00";24900;24900;0;0;0;0;;;;;"Mesurées";"4";"Involontaire (particulier)";"Non";;;;""
2024;21251;"13";"13106";"Septèmes-les-Vallons";"2024-07-15 02:31:00";10;10;0;0;0;0;;;;;"Estimées";"1";"Involontaire (particulier)";"Non";;;;""
2024;27636;"2A";"2A006";"Alata";"2024-07-15 08:51:00";1000;0;1000;0;0;0;;;;;"Estimées";;;"Non";;;;""
2024;27637;"2A";"2A247";"Porto-Vecchio";"2024-07-15 13:11:00";30;0;30;0;0;0;;;;;"Mesurées";;"Involontaire (particulier)";"Non";;;;""
2024;21253;"13";"13043";"Gignac-la-Nerthe";"2024-07-15 15:36:00";20;20;0;0;0;0;;;;;"Estimées";"1";"Involontaire (particulier)";"Non";;;;""
2024;21505;"04";"04106";"Lurs";"2024-07-15 21:13:00";20;20;0;0;0;0;;;;;"Estimées";;"Accidentelle";"Non";;;;""
2024;21254;"13";"13072";"Peynier";"2024-07-15 23:17:00";142;142;0;0;0;0;;;;;"Mesurées";"1";"Malveillance";"Non";;;;""
2024;27639;"2A";"2A181";"Ocana";"2024-07-16 09:55:00";500;0;500;0;0;0;;;;;"Mesurées";;"Involontaire (particulier)";"Non";;;;""
2024;20870;"11";"11015";"Arques";"2024-07-16 11:32:00";1500;1500;0;0;0;0;;;;;"Mesurées";;"Accidentelle";"Non";;;;""
2024;20463;"05";"05174";"Val-des-Prés";"2024-07-16 12:34:00";4;4;0;0;0;0;;;;;"Mesurées";"4";"Malveillance";"Non";;;;""
2024;27638;"2A";"2A359";"Zicavo";"2024-07-16 12:35:00";3000;0;3000;0;0;0;;;;;"Mesurées";;"Accidentelle";"Non";;;;""
2024;21255;"13";"13071";"Les Pennes-Mirabeau";"2024-07-16 13:51:00";10400;10400;0;0;0;0;;;;;"Mesurées";"1";"Accidentelle";"Non";;;;""
2024;25050;"85";"85035";"Bretignolles-sur-Mer";"2024-07-16 14:42:00";20;20;;0;0;0;;;;;"Estimées";;;"Non";;;;""
2024;27640;"2A";"2A247";"Porto-Vecchio";"2024-07-16 18:16:00";40;0;40;0;0;0;;;;;"Estimées";;;"Non";;;;""
2024;27641;"2A";"2A300";"San-Gavino-di-Carbini";"2024-07-17 05:10:00";1;0;1;0;0;0;;;;;"Estimées";;"Accidentelle";"Non";;;;""
2024;21258;"13";"13099";"Saint-Paul-lès-Durance";"2024-07-17 10:45:00";300;300;0;0;0;0;;;;;"Estimées";"1";"Involontaire (particulier)";"Non";;;;""
2024;21256;"13";"13019";"Cabriès";"2024-07-17 12:14:00";100;100;0;0;0;0;;;;;"Estimées";"1";"Involontaire (travaux)";"Non";;;;""
2024;20465;"05";"05023";"Briançon";"2024-07-17 14:06:00";6;6;0;0;0;0;;;;;"Mesurées";;;"Non";;;;""
2024;25232;"27";"27118";"Brosville";"2024-07-17 14:29:00";5;5;;0;0;0;;;;;"Estimées";;"Involontaire (particulier)";"Non";;;;""
2024;29532;"25";"25377";"Mésandans";"2024-07-17 16:26:21";100;100;;0;0;0;;;;;"Estimées";;;"Non";0;0;0;""
2024;20464;"05";"05151";"Saint-Martin-de-Queyrières";"2024-07-17 18:02:00";3;0;3;0;0;0;;;;;"Estimées";;"Accidentelle";"Non";;;;""
2024;20962;"66";"66063";"Les Cluses";"2024-07-17 19:24:00";1000;1000;0;0;0;0;;;;;"Estimées";;"Accidentelle";"Non";;;;""
2024;20431;"06";"06105";"Roquefort-les-Pins";"2024-07-17 20:50:00";10;0;10;0;0;0;;;;;"Estimées";;"Involontaire (particulier)";"Non";;;;""
2024;28296;"2A";"2A024";"Aullène";"2024-07-17 21:59:00";30;0;30;0;0;0;;;;;"Mesurées";;"Accidentelle";"Non";;;;""
2024;20955;"06";"06152";"Valbonne";"2024-07-18 04:04:00";50;0;50;0;0;0;;;;;"Estimées";;;"Non";;;;""
2024;28452;"30";"30028";"Bagnols-sur-Cèze";"2024-07-18 10:41:00";166;166;;;;;;;;;"Mesurées";;;"Non";;;;""
2024;21262;"13";"13030";"Cuges-les-Pins";"2024-07-18 12:35:00";50;50;0;0;0;0;;;;;"Mesurées";"1";"Involontaire (particulier)";"Non";;;;""
2024;29531;"25";"25124";"Charmauvillers";"2024-07-18 12:37:14";100;100;;0;0;0;;;;;"Estimées";;;"Non";0;0;0;""
2024;21799;"04";"04172";"Roumoules";"2024-07-18 13:36:00";12700;2100;0;0;10600;0;;;;;"Mesurées";"2";"Involontaire (particulier)";"Oui";0;0;1;""
2024;21259;"13";"13051";"Lançon-Provence";"2024-07-18 14:11:00";10;10;0;0;0;0;;;;;"Estimées";"1";"Involontaire (travaux)";"Non";;;;""
2024;21509;"04";"04094";"Gréoux-les-Bains";"2024-07-18 14:25:00";6600;4800;1800;0;0;0;;;;;"Mesurées";;"Accidentelle";"Non";;;;""
2024;29530;"25";"25612";"Vieilley";"2024-07-18 14:54:00";100;100;;0;0;0;;;;;"Estimées";;;"Non";;;;""
2024;21260;"13";"13113";"Venelles";"2024-07-18 15:31:00";50;50;0;0;0;0;;;;;"Estimées";"1";"Involontaire (particulier)";"Non";;;;""
2024;28454;"30";"30174";"Montaren-et-Saint-Médiers";"2024-07-18 15:45:00";3437;3437;;;;;;;;;"Mesurées";;"Involontaire (particulier)";"Non";;;;""
2024;20924;"34";"34213";"Poussan";"2024-07-18 16:19:00";14358;14358;0;0;0;0;;;;;"Mesurées";"1";"Accidentelle";"Non";;;;""
2024;21261;"13";"13005";"Aubagne";"2024-07-18 16:32:00";200;200;0;0;0;0;;;;;"Mesurées";"1";"Malveillance";"Non";;;;""
2024;20889;"46";"46318";"Thémines";"2024-07-18 18:43:00";1500;1500;;0;0;0;;;;;"Estimées";;;"Non";;;;""
2024;28021;"84";"84088";"Pernes-les-Fontaines";"2024-07-18 21:25:00";20;20;0;0;0;0;;;;;"Estimées";;;"Non";;;;""
2024;27643;"2A";"2A089";"Ciamannacce";"2024-07-19 01:02:00";1500;0;1500;0;0;0;;;;;"Mesurées";;"Malveillance";"Non";;;;""
2024;28022;"84";"84140";"Vaugines";"2024-07-19 01:22:00";250;250;0;0;0;0;;;;;"Mesurées";"4";"Malveillance";"Non";;;;""
2024;20916;"34";"34070";"Cébazan";"2024-07-19 08:54:00";2636;2636;0;0;0;0;;;;;"Mesurées";"1";"Malveillance";"Non";;;;""
2024;23004;"74";"74080";"La Clusaz";"2024-07-19 09:27:00";50;50;;0;0;0;;;;;"Estimées";;;"Non";;;;""
2024;23005;"74";"74249";"Saint-Paul-en-Chablais";"2024-07-19 10:24:00";1;1;;0;0;0;;;;;"Estimées";;;"Non";;;;""
2024;28024;"84";"84140";"Vaugines";"2024-07-19 11:13:00";200;200;0;0;0;0;;;;;"Estimées";;;"Non";;;;""
2024;21155;"66";"66108";"Millas";"2024-07-19 21:20:00";20;0;20;0;0;0;;;;;"Estimées";;"Accidentelle";"Non";;;;""
2024;20882;"11";"11203";"Lézignan-Corbières";"2024-07-19 22:17:22";5;5;;;;;;;;;"Mesurées";;;"Non";0;0;0;""
2024;25951;"73";"73004";"Aillon-le-Jeune";"2024-07-20 12:12:00";20;20;;0;0;0;;;;;"Mesurées";;;;;;;"Données partielles ou non valides"
2024;20988;"34";"34042";"Brissac";"2024-07-20 13:03:00";383;383;0;0;0;0;;;;;"Mesurées";"2";"Accidentelle";"Non";;;;""
2024;21264;"13";"13045";"Graveson";"2024-07-20 14:09:00";5000;5000;0;0;0;0;;;;;"Mesurées";"1";"Accidentelle";"Non";;;;""
2024;28895;"19";"19193";"Saint-Cirgues-la-Loutre";"2024-07-20 14:34:00";30;30;;0;0;0;;;;;"Estimées";;"Involontaire (travaux)";"Non";0;0;0;""
2024;23011;"74";"74211";"Pers-Jussy";"2024-07-20 15:52:00";1;1;;0;0;0;;;;;"Estimées";;;"Non";;;;""
2024;28029;"84";"84026";"Cadenet";"2024-07-20 15:55:00";10;10;0;0;0;0;;;;;"Mesurées";"5";;"Non";;;;""
2024;20903;"34";"34251";"Saint-Étienne-de-Gourgas";"2024-07-20 16:55:00";182;182;0;0;0;0;;;;;"Mesurées";"2";"Involontaire (particulier)";"Non";;;;""
2024;27969;"60";"60084";"Bonnières";"2024-07-20 17:15:00";500;10;;0;490;0;;;;;"Estimées";;;"Non";;;;""
2024;21263;"13";"13099";"Saint-Paul-lès-Durance";"2024-07-20 20:00:00";15000;0;2000;0;13000;0;;;;;"Mesurées";"1";"Accidentelle";"Non";;;;""
2024;21268;"13";"13088";"Le Rove";"2024-07-21 00:03:00";10;10;0;0;0;0;;;;;"Mesurées";"1";;"Non";;;;""
2024;20885;"11";"11372";"Salsigne";"2024-07-21 06:35:00";150;0;150;0;0;0;;;;;"Mesurées";;;"Non";;;;""
2024;20899;"34";"34019";"Avène";"2024-07-21 08:32:00";678;678;0;0;0;0;;;;;"Mesurées";"2";"Naturelle";"Non";;;;""
2024;20470;"26";"26181";"Mévouillon";"2024-07-21 08:40:00";10;10;0;0;0;0;;;;;"Estimées";;"Naturelle";"Non";;;;""
2024;20886;"11";"11024";"Bages";"2024-07-21 09:29:00";50;0;50;0;0;0;;;;;"Mesurées";;;"Non";;;;""
2024;20471;"05";"05073";"Lazer";"2024-07-21 09:45:00";80;80;0;0;0;0;;;;;"Estimées";;"Naturelle";"Non";;;;""
2024;20898;"34";"34225";"Puisserguier";"2024-07-21 09:46:00";22;22;0;0;0;0;;;;;"Mesurées";"4";"Naturelle";"Non";;;;""
2024;21265;"13";"13066";"Noves";"2024-07-21 09:52:00";6;6;0;0;0;0;;;;;"Mesurées";"1";"Naturelle";"Non";;;;""
2024;21267;"13";"13001";"Aix-en-Provence";"2024-07-21 13:24:00";2;2;0;0;0;0;;;;;"Mesurées";"1";"Naturelle";"Non";;;;""
2024;22263;"11";"11069";"Carcassonne";"2024-07-21 14:21:00";1;1;;;;;;;;;"Mesurées";;;"Non";0;0;0;""
2024;20897;"34";"34228";"Rieussec";"2024-07-21 14:27:00";13733;13733;0;0;0;0;;;;;"Mesurées";"3";"Naturelle";"Non";;;;""
2024;20896;"34";"34226";"Quarante";"2024-07-21 14:33:00";1022;1022;0;0;0;0;;;;;"Mesurées";"4";"Accidentelle";"Non";;;;""
2024;21269;"13";"13101";"Saint-Savournin";"2024-07-21 15:28:00";5;5;0;0;0;0;;;;;"Mesurées";"1";"Naturelle";"Non";;;;""
2024;27644;"2A";"2A247";"Porto-Vecchio";"2024-07-21 16:30:00";50;0;50;0;0;0;;;;;"Mesurées";;"Involontaire (particulier)";"Non";;;;""
2024;28297;"2A";"2A322";"Tasso";"2024-07-21 17:44:00";200;0;200;0;0;0;;;;;"Mesurées";;"Accidentelle";"Non";;;;""
2024;21266;"13";"13074";"Peyrolles-en-Provence";"2024-07-21 18:33:00";20;20;0;0;0;0;;;;;"Mesurées";"1";"Naturelle";"Non";;;;""
2024;21102;"34";"34335";"Villemagne-l'Argentière";"2024-07-22 01:43:00";2952;2952;0;0;0;0;;;;;"Mesurées";"1";"Accidentelle";"Non";;;;""
2024;28298;"2A";"2A362";"Zonza";"2024-07-22 06:10:00";1;0;1;0;0;0;;;;;"Estimées";;"Malveillance";"Non";;;;""
2024;28468;"30";"30087";"Colognac";"2024-07-22 07:32:00";5402;5402;0;0;0;0;;;;;"Mesurées";;"Naturelle";"Non";;;;""
2024;20979;"2B";"2B124";"Ghisoni";"2024-07-22 10:41:00";85000;0;85000;0;0;0;;;;;"Estimées";"1";"Naturelle";"Non";;;;""
2024;20968;"48";"48148";"Saint-Étienne-Vallée-Française";"2024-07-22 12:06:00";471;470;1;0;0;0;;;;;"Mesurées";"4";"Naturelle";"Non";;;;""
2024;21018;"06";"06079";"Mandelieu-la-Napoule";"2024-07-22 14:05:00";3600;2600;1000;0;0;0;;;;;"Mesurées";"3";"Malveillance";"Oui";0;0;1;""
2024;21270;"13";"13092";"Saint-Chamas";"2024-07-22 15:49:00";20;20;0;0;0;0;;;;;"Mesurées";"1";"Naturelle";"Non";;;;""
2024;28040;"84";"84130";"Suzette";"2024-07-22 16:41:00";20;20;0;0;0;0;;;;;"Estimées";;"Naturelle";"Non";;;;""
2024;28470;"30";"30116";"Fournès";"2024-07-22 16:43:00";9532;9532;0;0;0;0;;;;;"Mesurées";;"Malveillance";"Non";;;;""
2024;21113;"13";"13055";"Marseille";"2024-07-22 23:45:00";20;0;20;0;0;0;;;;;"Estimées";"1";"Accidentelle";"Non";;;;""
2024;21271;"13";"13099";"Saint-Paul-lès-Durance";"2024-07-23 11:50:00";280;280;0;0;0;0;;;;;"Mesurées";"1";"Naturelle";"Non";;;;""
2024;21514;"04";"04200";"Salignac";"2024-07-23 11:52:00";120;120;0;0;0;0;;;;;"Mesurées";;"Malveillance";"Non";;;;""
2024;22266;"11";"11132";"Fabrezan";"2024-07-23 13:25:00";150;0;150;0;0;0;;;;;"Mesurées";;;"Non";;;;""
2024;21094;"34";"34202";"Pignan";"2024-07-23 14:43:00";5024;0;5024;0;0;0;;;;;"Mesurées";"1";"Accidentelle";"Non";;;;""
2024;21274;"13";"13004";"Arles";"2024-07-23 18:10:00";200;200;0;0;0;0;;;;;"Mesurées";"1";"Malveillance";"Non";;;;""
2024;29329;"25";"25228";"Étupes";"2024-07-23 19:02:46";100;100;;0;0;0;;;;;"Estimées";;;"Non";0;0;0;""
2024;21168;"66";"66122";"Nohèdes";"2024-07-23 19:17:00";250;250;0;0;0;0;;;;;"Estimées";;"Naturelle";"Non";;;;""
2024;22270;"11";"11146";"Floure";"2024-07-23 20:54:00";3000;0;3000;0;0;0;;;;;"Mesurées";;;"Non";;;;""
2024;21272;"13";"13039";"Fos-sur-Mer";"2024-07-23 21:30:00";100;100;0;0;0;0;;;;;"Mesurées";"1";"Involontaire (particulier)";"Non";;;;""
2024;22271;"11";"11202";"Leucate";"2024-07-24 03:08:00";300;0;300;0;0;0;;;;;"Mesurées";;;"Non";;;;""
2024;21517;"04";"04108";"Malijai";"2024-07-24 11:55:00";220;150;0;0;70;0;;;;;"Mesurées";"2";"Involontaire (particulier)";"Non";;;;""
2024;21275;"13";"13103";"Salon-de-Provence";"2024-07-24 13:49:00";20;20;0;0;0;0;;;;;"Estimées";"1";"Involontaire (particulier)";"Non";;;;""
2024;25837;"72";"72213";"Mulsanne";"2024-07-24 15:36:00";100;100;;0;0;0;;;;;"Estimées";;;"Non";;;;""
2024;25838;"72";"72191";"Mayet";"2024-07-24 19:35:00";200;200;;0;0;0;;;;;"Estimées";;;"Non";;;;""
2024;22760;"13";"13106";"Septèmes-les-Vallons";"2024-07-24 23:30:00";100;100;0;0;0;0;;;;;"Mesurées";"1";"Malveillance";"Non";;;;""
2024;22491;"88";"88412";"Saint-Benoît-la-Chipotte";"2024-07-25 10:35:00";3;3;;0;0;0;;;;;"Estimées";;;"Non";;;;""
2024;21068;"34";"34119";"Hérépian";"2024-07-25 11:15:00";4;4;0;0;0;0;;;;;"Mesurées";"2";"Accidentelle";"Non";;;;""
2024;21193;"2B";"2B039";"Bisinchi";"2024-07-25 13:48:00";10;0;10;0;0;0;;;;;"Estimées";;;"Non";;;;""
2024;22763;"13";"13103";"Salon-de-Provence";"2024-07-25 13:53:00";30;30;0;0;0;0;;;;;"Mesurées";"1";;"Non";;;;""
2024;22492;"88";"88412";"Saint-Benoît-la-Chipotte";"2024-07-25 16:40:00";3;3;;0;0;0;;;;;"Estimées";;;"Non";;;;""
2024;22761;"13";"13056";"Martigues";"2024-07-25 17:12:00";25;25;0;0;0;0;;;;;"Mesurées";"1";"Involontaire (particulier)";"Non";;;;""
2024;21060;"34";"34239";"Saint-André-de-Sangonis";"2024-07-25 17:17:00";11826;0;11826;0;0;0;;;;;"Mesurées";"1";"Accidentelle";"Non";;;;""
2024;21058;"34";"34202";"Pignan";"2024-07-25 19:25:00";52;52;0;0;0;0;;;;;"Mesurées";"5";"Malveillance";"Non";;;;""
2024;22762;"13";"13002";"Allauch";"2024-07-25 21:00:00";2;2;0;0;0;0;;;;;"Mesurées";"1";"Malveillance";"Non";;;;""
2024;27647;"2A";"2A119";"Frasseto";"2024-07-26 00:18:00";50;0;50;0;0;0;;;;;"Mesurées";;"Malveillance";"Non";;;;""
2024;26925;"24";"24137";"Coulaures";"2024-07-26 09:09:00";100;100;;0;0;0;;;;;"Estimées";;"Accidentelle";"Non";0;0;0;""
2024;27498;"16";"16279";"Rioux-Martin";"2024-07-26 09:31:58";50;50;;0;0;0;;;;;"Estimées";;"Involontaire (particulier)";"Non";0;0;0;""
2024;26754;"33";"33203";"Hourtin";"2024-07-26 10:59:37";100;100;;0;0;0;;;;;"Estimées";;"Accidentelle";"Non";0;0;0;""
2024;21506;"05";"05045";"Crots";"2024-07-26 12:10:00";12;12;0;0;0;0;;;;;"Estimées";"4";"Malveillance";"Non";;;;""
2024;21051;"34";"34178";"Murviel-lès-Béziers";"2024-07-26 12:30:00";21710;0;21710;0;0;0;;;;;"Mesurées";"1";"Involontaire (particulier)";"Non";;;;""
2024;22283;"11";"11325";"Rouffiac-d'Aude";"2024-07-26 18:12:00";150;150;;;;;;;;;"Mesurées";;;"Non";0;0;0;""
2024;22284;"11";"11325";"Rouffiac-d'Aude";"2024-07-26 18:12:00";1050;1050;0;0;0;0;;;;;"Mesurées";;"Malveillance";"Non";;;;""
2024;22805;"13";"13039";"Fos-sur-Mer";"2024-07-27 01:09:00";20;20;0;0;0;0;;;;;"Mesurées";"1";;"Non";;;;""
2024;22287;"11";"11257";"Monze";"2024-07-27 05:23:00";30;0;30;0;0;0;;;;;"Mesurées";;;"Non";;;;""
2024;23016;"74";"74209";"Peillonnex";"2024-07-27 09:42:00";1;1;;0;0;0;;;;;"Estimées";;;"Non";;;;""
2024;28054;"84";"84054";"L'Isle-sur-la-Sorgue";"2024-07-27 13:41:00";4400;4400;0;0;0;0;;;;;"Mesurées";;"Involontaire (particulier)";"Non";;;;""
2024;22764;"13";"13001";"Aix-en-Provence";"2024-07-27 13:51:00";500;500;0;0;0;0;;;;;"Mesurées";"1";"Involontaire (particulier)";"Non";;;;""
2024;21194;"2B";"2B009";"Aléria";"2024-07-27 15:00:00";5000;0;5000;0;0;0;;;;;"Estimées";"1";;"Non";;;;""
2024;27648;"2A";"2A099";"Cozzano";"2024-07-27 15:20:00";500;0;500;0;0;0;;;;;"Mesurées";;"Involontaire (particulier)";"Non";;;;""
2024;21207;"2B";"2B009";"Aléria";"2024-07-27 15:20:00";30000;0;30000;0;0;0;;;;;"Estimées";"1";"Malveillance";"Non";;;;""
2024;28056;"84";"84054";"L'Isle-sur-la-Sorgue";"2024-07-27 18:20:00";1;1;0;0;0;0;;;;;"Estimées";;;"Non";;;;""
2024;22288;"11";"11102";"Couffoulens";"2024-07-27 19:42:00";800;0;800;0;0;0;;;;;"Mesurées";;;"Non";;;;""
2024;22804;"13";"13046";"Gréasque";"2024-07-27 21:18:00";20;20;0;0;0;0;;;;;"Mesurées";"1";"Involontaire (particulier)";"Non";;;;""
2024;22765;"13";"13035";"Eyguières";"2024-07-27 21:22:00";10;10;0;0;0;0;;;;;"Mesurées";"1";"Accidentelle";"Non";;;;""
2024;21042;"48";"48097";"Moissac-Vallée-Française";"2024-07-28 00:05:00";2100;1600;500;0;0;0;;;;;"Mesurées";"5";"Involontaire (particulier)";"Non";;;;""
2024;27033;"40";"40295";"Saugnac-et-Muret";"2024-07-28 09:09:00";102;100;;2;0;0;;;;;"Estimées";;"Naturelle";"Non";0;0;0;""
2024;24175;"56";"56075";"Guer";"2024-07-28 12:46:00";300;300;;0;0;0;;;;;"Estimées";;;"Non";;;;""
2024;22291;"11";"11215";"Malves-en-Minervois";"2024-07-28 15:46:00";2500;2500;0;0;0;0;;;;;"Mesurées";;;"Non";;;;""
2024;21278;"13";"13055";"Marseille";"2024-07-28 18:10:00";30;0;30;0;0;0;;;;;"Estimées";"1";"Malveillance";"Non";;;;""
2024;21279;"13";"13055";"Marseille";"2024-07-28 21:37:00";500;0;500;0;0;0;;;;;"Estimées";"1";"Malveillance";"Non";;;;""
2024;21422;"34";"34170";"Montouliers";"2024-07-29 13:00:00";532407;532407;0;0;0;0;;;;;"Mesurées";"4";"Malveillance";"Non";;;;""
2024;22295;"11";"11286";"Peyriac-Minervois";"2024-07-29 13:04:00";46294;0;6294;0;40000;0;;;;;"Mesurées";;;"Non";;;;""
2024;28483;"30";"30172";"Monoblet";"2024-07-29 14:00:00";196;196;;;;;;;;;"Mesurées";;"Involontaire (particulier)";"Non";;;;""
2024;26757;"33";"33177";"Gaillan-en-Médoc";"2024-07-29 14:50:20";2000;2000;;0;0;0;;;;;"Estimées";;;"Non";0;0;0;""
2024;21147;"06";"06025";"Le Broc";"2024-07-29 15:38:00";900;0;900;0;0;0;;;;;"Mesurées";"3";;"Non";;;;""
2024;27034;"40";"40310";"Soustons";"2024-07-29 16:02:00";4109;4104;;0;5;0;;;;;"Estimées";;;"Non";0;0;0;""
2024;27393;"77";"77305";"Montereau-Fault-Yonne";"2024-07-29 18:14:00";1;1;;0;0;0;;;;;"Estimées";;;"Non";;;;""
2024;22806;"13";"13041";"Gardanne";"2024-07-29 19:50:00";10;10;0;0;0;0;;;;;"Mesurées";"1";"Malveillance";"Non";;;;""
2024;22808;"13";"13041";"Gardanne";"2024-07-30 12:49:00";3;3;0;0;0;0;;;;;"Mesurées";"1";"Involontaire (particulier)";"Non";;;;""
2024;22809;"13";"13103";"Salon-de-Provence";"2024-07-30 14:42:00";30;30;0;0;0;0;;;;;"Mesurées";"1";"Involontaire (particulier)";"Non";;;;""
2024;27649;"2A";"2A131";"Guagno";"2024-07-30 17:17:00";30;0;30;0;0;0;;;;;"Mesurées";;"Naturelle";"Non";;;;""
2024;25245;"27";"27116";"Brionne";"2024-07-30 17:55:00";20;20;;0;0;0;;;;;"Estimées";;"Malveillance";"Non";;;;""
2024;22807;"13";"13087";"Rousset";"2024-07-30 18:45:00";100;100;0;0;0;0;;;;;"Mesurées";"1";"Accidentelle";"Non";;;;""
2024;28299;"2A";"2A204";"Pastricciola";"2024-07-30 19:30:00";734;0;734;0;0;0;;;;;"Mesurées";;"Naturelle";"Non";;;;""
2024;29320;"25";"25304";"Hérimoncourt";"2024-07-30 20:18:58";100;100;;0;0;0;;;;;"Estimées";;;"Non";0;0;0;""
2024;22895;"13";"13055";"Marseille";"2024-07-30 20:46:00";50;0;50;0;0;0;;;;;"Estimées";"1";"Malveillance";"Non";;;;""
2024;22304;"11";"11436";"Villesèque-des-Corbières";"2024-07-30 21:18:00";300;300;;;;;;;;;"Mesurées";;;"Non";0;0;0;""
2024;23037;"74";"74276";"Taninges";"2024-07-31 11:57:00";200;200;;0;0;0;;;;;"Estimées";;"Involontaire (travaux)";"Non";;;;""
2024;26930;"24";"24376";"Saint Aulaye-Puymangou";"2024-07-31 12:19:00";500;500;;0;0;0;;;;;"Estimées";;"Accidentelle";"Non";0;0;0;""
2024;27651;"2A";"2A204";"Pastricciola";"2024-07-31 12:31:00";40;0;40;0;0;0;;;;;"Mesurées";;"Naturelle";"Non";;;;""
2024;28300;"2A";"2A006";"Alata";"2024-07-31 15:11:00";100;0;100;0;0;0;;;;;"Mesurées";;"Involontaire (particulier)";"Non";;;;""
2024;22810;"13";"13002";"Allauch";"2024-07-31 17:11:00";50;50;0;0;0;0;;;;;"Mesurées";"1";"Malveillance";"Non";;;;""
2024;27509;"16";"16347";"Saint-Romain";"2024-07-31 17:48:45";2030;30;;0;2000;0;;;;;"Estimées";;;"Non";0;0;0;""
2024;21403;"34";"34134";"Lavérune";"2024-07-31 19:46:00";806;0;806;0;0;0;;;;;"Mesurées";;"Malveillance";"Non";;;;""
2024;21680;"13";"13055";"Marseille";"2024-07-31 20:07:00";50;0;50;0;0;0;;;;;"Estimées";"1";;"Non";;;;""
2024;21681;"13";"13055";"Marseille";"2024-07-31 22:41:00";150;0;150;0;0;0;;;;;"Estimées";"2";"Accidentelle";"Non";;;;""
2024;21457;"2B";"2B350";"Vignale";"2024-08-01 01:22:00";250;0;250;0;0;0;;;;;"Estimées";;;"Non";;;;""
2024;28248;"2A";"2A092";"Conca";"2024-08-01 03:42:00";500;0;500;0;0;0;;;;;"Mesurées";;"Malveillance";"Non";;;;""
2024;28485;"30";"30080";"Chamborigaud";"2024-08-01 14:40:00";450;450;;;;;;;;;"Mesurées";;"Accidentelle";"Non";;;;""
2024;24176;"56";"56186";"Quiberon";"2024-08-01 14:49:00";20;20;;0;0;0;;;;;"Estimées";;;"Non";;;;""
2024;28249;"2A";"2A004";"Ajaccio";"2024-08-01 15:05:00";24000;0;24000;0;0;0;;;;;"Mesurées";;"Involontaire (particulier)";"Non";;;;""
2024;27038;"40";"40111";"Geloux";"2024-08-01 16:35:00";1100;1100;;0;0;0;;;;;"Estimées";;;"Non";0;0;0;""
2024;24760;"49";"49369";"Vernoil-le-Fourrier";"2024-08-01 17:12:00";800;800;;0;0;0;;;;;"Estimées";;"Accidentelle";"Non";;;;""
2024;22309;"11";"11116";"Cuxac-d'Aude";"2024-08-01 18:13:00";49966;0;49966;0;0;0;;;;;"Mesurées";;;"Non";;;;""
2024;28821;"07";"07209";"Saint-Andéol-de-Fourchades";"2024-08-01 18:35:00";600;600;0;0;0;0;;;;;"Estimées";"3";"Accidentelle";"Non";;;;""
2024;22828;"13";"13040";"Fuveau";"2024-08-01 20:57:00";5;5;0;0;0;0;;;;;"Mesurées";"1";;"Non";;;;""
2024;28250;"2A";"2A092";"Conca";"2024-08-02 00:05:00";1020;0;1020;0;0;0;;;;;"Mesurées";;"Malveillance";"Non";;;;""
2024;22310;"11";"11122";"Douzens";"2024-08-02 02:23:00";10000;0;10000;0;0;0;;;;;"Mesurées";;"Accidentelle";"Non";;;;""
2024;22311;"11";"11330";"Rustiques";"2024-08-02 10:00:00";325;325;0;0;0;0;;;;;"Mesurées";;"Malveillance";"Non";;;;""
2024;26767;"33";"33199";"Gujan-Mestras";"2024-08-02 10:49:06";10;10;;0;0;0;;;;;"Estimées";;;"Non";0;0;0;""
2024;22312;"11";"11248";"Montirat";"2024-08-02 14:17:00";30;0;30;0;0;0;;;;;"Mesurées";;;"Non";;;;""
2024;22313;"11";"11146";"Floure";"2024-08-02 15:10:00";42731;7731;35000;0;0;0;;;;;"Mesurées";;"Accidentelle";"Non";;;;""
2024;21392;"34";"34095";"Fabrègues";"2024-08-02 15:18:00";511500;511500;0;0;0;0;;;;;"Mesurées";"3";"Malveillance";"Non";;;;""
2024;22861;"13";"13044";"Grans";"2024-08-02 16:46:00";10;10;0;0;0;0;;;;;"Mesurées";"1";"Accidentelle";"Non";;;;""
2024;25065;"85";"85194";"Les Sables-d'Olonne";"2024-08-02 16:58:00";100;100;;0;0;0;;;;;"Estimées";;"Naturelle";"Non";;;;""
2024;21431;"66";"66093";"Laroque-des-Albères";"2024-08-02 17:08:00";2;2;0;0;0;0;;;;;"Estimées";;;"Non";;;;""
2024;21432;"66";"66093";"Laroque-des-Albères";"2024-08-02 17:08:00";8;8;0;0;0;0;;;;;"Estimées";;;"Non";;;;""
2024;22314;"11";"11272";"Palaja";"2024-08-02 17:29:00";30;30;0;0;0;0;;;;;"Mesurées";;;"Non";;;;""
2024;22315;"11";"11396";"Trausse";"2024-08-02 17:58:00";20;20;;;;;;;;;"Mesurées";;;"Non";0;0;0;""
2024;21389;"34";"34188";"Olmet-et-Villecun";"2024-08-02 19:00:00";3834;3834;0;0;0;0;;;;;"Mesurées";"3";"Naturelle";"Non";;;;""
2024;21388;"34";"34144";"Lunas";"2024-08-02 19:16:00";2580;2580;0;0;0;0;;;;;"Mesurées";"3";"Naturelle";"Non";;;;""
2024;21387;"34";"34341";"Villeveyrac";"2024-08-02 19:25:00";319;319;0;0;0;0;;;;;"Mesurées";"4";"Naturelle";"Non";;;;""
2024;21682;"13";"13055";"Marseille";"2024-08-02 19:45:00";50;0;50;0;0;0;;;;;"Estimées";"1";;"Non";;;;""
2024;21462;"2B";"2B346";"Vescovato";"2024-08-02 20:09:00";12300;0;12300;0;0;0;;;;;"Estimées";"1";;"Non";;;;""
2024;28070;"84";"84009";"La Bastide-des-Jourdans";"2024-08-02 22:54:00";2440;1000;0;0;0;1440;;;;;"Mesurées";;"Accidentelle";"Non";;;;""
2024;22863;"13";"13034";"Eygalières";"2024-08-03 08:33:00";1300;1300;0;0;0;0;;;;;"Mesurées";"1";"Naturelle";"Non";;;;""
2024;21384;"34";"34277";"Saint-Maurice-Navacelles";"2024-08-03 09:22:00";667;667;0;0;0;0;;;;;"Estimées";"1";"Accidentelle";"Non";;;;""
2024;28252;"2A";"2A041";"Bonifacio";"2024-08-03 11:30:00";3800;0;3800;0;0;0;;;;;"Mesurées";;"Accidentelle";"Non";;;;""
2024;28251;"2A";"2A041";"Bonifacio";"2024-08-03 11:30:00";900;0;900;0;0;0;;;;;"Mesurées";;"Accidentelle";"Non";;;;""
2024;22866;"13";"13015";"Bouc-Bel-Air";"2024-08-03 15:10:00";60;60;0;0;0;0;;;;;"Mesurées";"1";"Malveillance";"Non";;;;""
2024;22868;"13";"13015";"Bouc-Bel-Air";"2024-08-03 15:10:00";1750;1750;0;0;0;0;;;;;"Mesurées";"1";"Malveillance";"Non";;;;""
2024;22869;"13";"13015";"Bouc-Bel-Air";"2024-08-03 15:15:00";2;2;0;0;0;0;;;;;"Mesurées";"1";"Malveillance";"Non";;;;""
2024;22867;"13";"13015";"Bouc-Bel-Air";"2024-08-03 15:15:00";2;2;0;0;0;0;;;;;"Mesurées";"1";"Malveillance";"Non";;;;""
2024;22865;"13";"13041";"Gardanne";"2024-08-03 15:29:00";1500;1500;0;0;0;0;;;;;"Mesurées";"1";"Malveillance";"Non";;;;""
2024;22864;"13";"13001";"Aix-en-Provence";"2024-08-03 15:30:00";10;10;0;0;0;0;;;;;"Mesurées";"1";"Malveillance";"Non";;;;""
2024;22862;"13";"13041";"Gardanne";"2024-08-03 16:01:00";14000;14000;0;0;0;0;;;;;"Mesurées";"1";"Malveillance";"Non";;;;""
2024;21380;"34";"34069";"Cazouls-lès-Béziers";"2024-08-03 17:35:00";5148;5148;0;0;0;0;;;;;"Mesurées";"1";"Involontaire (particulier)";"Non";;;;""
2024;25913;"11";"11370";"Salles-d'Aude";"2024-08-03 20:50:00";450;450;0;0;0;0;;;;;"Mesurées";;;"Non";;;;""
2024;22317;"11";"11037";"Berriac";"2024-08-04 00:18:00";8700;1000;0;0;7700;0;;;;;"Mesurées";;;"Non";;;;""
2024;22318;"11";"11170";"Gruissan";"2024-08-04 01:57:00";50;0;50;0;0;0;;;;;"Mesurées";;;"Non";;;;""
2024;21372;"34";"34031";"Bessan";"2024-08-04 06:03:00";1823;1823;0;0;0;0;;;;;"Mesurées";"4";"Malveillance";"Non";;;;""
2024;28812;"07";"07209";"Saint-Andéol-de-Fourchades";"2024-08-04 08:48:00";200;200;0;0;0;0;;;;;"Estimées";"3";"Involontaire (travaux)";"Non";;;;""
2024;28734;"07";"07295";"Saint-Sauveur-de-Montagut";"2024-08-04 12:47:00";2;2;0;0;0;0;;;;;"Estimées";"3";"Malveillance";"Non";;;;""
2024;21370;"34";"34032";"Béziers";"2024-08-04 12:59:00";17950;17950;0;0;0;0;;;;;"Mesurées";"1";;"Non";;;;""
2024;22320;"11";"11330";"Rustiques";"2024-08-04 13:06:00";235;235;0;0;0;0;;;;;"Mesurées";;;"Non";;;;""
2024;22871;"13";"13056";"Martigues";"2024-08-04 13:48:00";7500;7500;0;0;0;0;;;;;"Mesurées";"1";"Malveillance";"Non";;;;""
2024;22321;"11";"11436";"Villesèque-des-Corbières";"2024-08-04 14:13:00";500;0;500;0;0;0;;;;;"Mesurées";;;"Non";;;;""
2024;21683;"13";"13055";"Marseille";"2024-08-04 15:22:00";10000;5000;3000;0;2000;0;;;;;"Estimées";"1";"Malveillance";"Non";;;;""
2024;28254;"2A";"2A040";"Bocognano";"2024-08-04 15:45:00";150;0;150;0;0;0;;;;;"Mesurées";;"Naturelle";"Non";;;;""
2024;22322;"11";"11369";"Sallèles-d'Aude";"2024-08-04 17:19:00";30;0;30;0;0;0;;;;;"Mesurées";;;"Non";;;;""
2024;22323;"11";"11025";"Bagnoles";"2024-08-04 17:54:00";39900;39900;0;0;0;0;;;;;"Mesurées";;"Malveillance";"Non";;;;""
2024;21364;"34";"34188";"Olmet-et-Villecun";"2024-08-04 18:09:00";7333;7333;0;0;0;0;;;;;"Mesurées";"3";"Malveillance";"Non";;;;""
2024;22870;"13";"13063";"Miramas";"2024-08-04 18:53:00";20;20;0;0;0;0;;;;;"Mesurées";"1";"Involontaire (particulier)";"Non";;;;""
2024;28253;"2A";"2A031";"Bastelica";"2024-08-04 19:15:00";187000;7000;180000;0;0;0;;;;;"Mesurées";;"Naturelle";"Non";;;;""
2024;22324;"11";"11040";"Bizanet";"2024-08-04 20:23:00";5000;0;5000;0;0;0;;;;;"Mesurées";;;"Non";;;;""
2024;22325;"11";"11069";"Carcassonne";"2024-08-04 22:12:00";3000;0;3000;0;0;0;;;;;"Mesurées";;;"Non";;;;""
2024;22011;"04";"04039";"Castellane";"2024-08-05 07:34:00";2;2;0;0;0;0;;;;;"Mesurées";;"Involontaire (particulier)";"Non";;;;""
2024;22873;"13";"13039";"Fos-sur-Mer";"2024-08-05 12:09:00";150;150;0;0;0;0;;;;;"Mesurées";"1";;"Non";;;;""
2024;28818;"07";"07232";"Saint-Étienne-de-Lugdarès";"2024-08-05 14:30:00";500;500;0;0;0;0;;;;;"Estimées";"4";"Naturelle";"Non";;;;""
2024;21453;"06";"06158";"Villars-sur-Var";"2024-08-05 15:44:00";500;0;500;0;0;0;;;;;"Estimées";;"Naturelle";"Non";;;;""
2024;21529;"48";"48127";"Monts-de-Randon";"2024-08-05 16:35:00";600;0;600;0;0;0;;;;;"Mesurées";"1";"Involontaire (travaux)";"Non";;;;""
2024;22872;"13";"13097";"Saint-Martin-de-Crau";"2024-08-05 16:54:00";12000;12000;0;0;0;0;;;;;"Mesurées";"1";"Accidentelle";"Non";;;;""
2024;21659;"34";"34170";"Montouliers";"2024-08-05 17:42:00";474300;474300;0;0;0;0;;;;;"Mesurées";"1";"Involontaire (travaux)";"Non";;;;""
2024;21656;"34";"34016";"Aumelas";"2024-08-05 21:04:00";788;0;788;0;0;0;;;;;"Mesurées";"1";"Accidentelle";"Non";;;;""
2024;28256;"2A";"2A189";"Olmeto";"2024-08-05 21:15:00";20;0;20;0;0;0;;;;;"Mesurées";;"Involontaire (particulier)";"Non";;;;""
2024;21464;"2B";"2B236";"Poggio-di-Nazza";"2024-08-05 21:18:00";1;0;1;0;0;0;;;;;"Estimées";;"Naturelle";"Non";;;;""
2024;28255;"2A";"2A247";"Porto-Vecchio";"2024-08-05 22:30:00";20;0;20;0;0;0;;;;;"Mesurées";;"Involontaire (particulier)";"Non";;;;""
2024;22896;"13";"13055";"Marseille";"2024-08-06 07:22:00";2000;0;2000;0;0;0;;;;;"Estimées";"1";"Malveillance";"Non";;;;""
2024;22874;"13";"13026";"Châteauneuf-les-Martigues";"2024-08-06 10:50:00";20;20;0;0;0;0;;;;;"Mesurées";"1";"Involontaire (particulier)";"Non";;;;""
2024;28078;"84";"84078";"Mondragon";"2024-08-06 11:29:00";2;2;0;0;0;0;;;;;"Estimées";;;"Non";;;;""
2024;22331;"11";"11435";"Villerouge-Termenès";"2024-08-06 15:02:00";600;0;600;0;0;0;;;;;"Mesurées";;"Malveillance";"Non";;;;""
2024;26987;"24";"24292";"Montpeyroux";"2024-08-06 17:00:00";8000;8000;;0;0;0;;;;;"Estimées";;"Malveillance";"Non";;;;""
2024;26774;"33";"33144";"Cudos";"2024-08-06 19:42:14";150;150;;0;0;0;;;;;"Estimées";;;"Non";0;0;0;""
2024;22332;"11";"11397";"Trèbes";"2024-08-06 21:35:00";3323;0;3323;0;0;0;;;;;"Mesurées";;"Malveillance";"Non";;;;""
2024;22876;"13";"13051";"Lançon-Provence";"2024-08-07 00:16:00";20;20;0;0;0;0;;;;;"Mesurées";"1";"Involontaire (particulier)";"Non";;;;""
2024;21648;"34";"34010";"Aniane";"2024-08-07 00:42:00";946;946;0;0;0;0;;;;;"Mesurées";"1";"Malveillance";"Non";;;;""
2024;22139;"26";"26249";"Pont-de-Barret";"2024-08-07 11:07:29";5;5;0;0;0;0;;;;;"Estimées";;;"Non";;;;""
2024;21710;"2B";"2B102";"Crocicchia";"2024-08-07 11:39:00";7000;0;7000;0;0;0;;;;;"Estimées";"1";;"Non";;;;""
2024;21642;"34";"34092";"Cruzy";"2024-08-07 12:59:00";255600;255600;0;0;0;0;;;;;"Mesurées";"1";"Involontaire (travaux)";"Non";;;;""
2024;21639;"34";"34051";"Canet";"2024-08-07 15:17:00";75;75;0;0;0;0;;;;;"Mesurées";"1";"Accidentelle";"Non";;;;""
2024;22336;"11";"11025";"Bagnoles";"2024-08-07 15:26:00";500;500;;;;;;;;;"Mesurées";;;"Non";0;0;0;""
2024;22877;"13";"13044";"Grans";"2024-08-07 15:50:00";800;800;0;0;0;0;;;;;"Mesurées";"1";;"Non";;;;""
2024;28802;"07";"07209";"Saint-Andéol-de-Fourchades";"2024-08-07 16:35:00";100;100;0;0;0;0;;;;;"Estimées";"3";"Involontaire (travaux)";"Non";;;;""
2024;22337;"11";"11069";"Carcassonne";"2024-08-07 18:09:00";4000;0;4000;0;0;0;;;;;"Mesurées";;;"Non";;;;""
2024;28507;"30";"30062";"Calvisson";"2024-08-07 18:10:00";717;717;;;;;;;;;"Mesurées";;"Involontaire (particulier)";"Non";;;;""
2024;21998;"04";"04023";"Bayons";"2024-08-07 21:30:00";26500;26500;0;0;0;0;;;;;"Mesurées";"5";"Naturelle";"Non";;;;""
2024;28508;"30";"30138";"Langlade";"2024-08-08 03:27:00";198;198;;;;;;;;;"Mesurées";;"Involontaire (particulier)";"Non";;;;""
2024;22899;"13";"13055";"Marseille";"2024-08-08 05:37:00";200;0;200;0;0;0;;;;;"Estimées";"1";"Malveillance";"Non";;;;""
2024;21814;"05";"05026";"Ceillac";"2024-08-08 06:58:00";50;50;0;0;0;0;;;;;"Estimées";;"Involontaire (particulier)";"Non";;;;""
2024;25932;"73";"73232";"Sainte-Foy-Tarentaise";"2024-08-08 12:23:00";10;10;;0;0;0;;;;;"Mesurées";;;"Non";;;;""
2024;22879;"13";"13056";"Martigues";"2024-08-08 12:51:00";50;50;0;0;0;0;;;;;"Mesurées";"1";"Involontaire (particulier)";"Non";;;;""
2024;21879;"58";"58160";"Marzy";"2024-08-08 15:02:00";250;250;;0;0;0;;;;;"Estimées";;;"Non";;;;""
2024;22339;"11";"11063";"Campagne-sur-Aude";"2024-08-08 16:19:00";9000;0;9000;0;0;0;;;;;"Mesurées";;"Accidentelle";"Non";;;;""
2024;22340;"11";"11435";"Villerouge-Termenès";"2024-08-08 17:16:00";300;300;0;0;0;0;;;;;"Mesurées";;"Malveillance";"Non";;;;""
2024;22880;"13";"13079";"Puyloubier";"2024-08-08 17:28:00";2000;2000;0;0;0;0;;;;;"Mesurées";"1";;"Non";;;;""
2024;26933;"24";"24272";"Minzac";"2024-08-08 17:39:00";1000;1000;;0;0;0;;;;;"Estimées";;"Involontaire (particulier)";"Non";0;0;0;""
2024;22341;"11";"11299";"Preixan";"2024-08-08 18:42:00";650;100;;;550;;;;;;"Mesurées";;;"Non";0;0;0;""
2024;22878;"13";"13019";"Cabriès";"2024-08-08 19:27:00";2000;2000;0;0;0;0;;;;;"Mesurées";"1";"Involontaire (particulier)";"Non";;;;""
2024;28084;"84";"84026";"Cadenet";"2024-08-09 01:56:00";1600;1600;0;0;0;0;;;;;"Mesurées";"5";;"Non";;;;""
2024;21579;"66";"66222";"Vernet-les-Bains";"2024-08-09 12:10:00";20;20;0;0;0;0;;;;;"Estimées";;"Naturelle";"Non";;;;""
2024;21979;"63";"63463";"Viscomtat";"2024-08-09 13:27:00";100;100;;0;0;0;;;;;"Estimées";;;"Non";;;;""
2024;21980;"63";"63463";"Viscomtat";"2024-08-09 13:27:00";500;500;;0;0;0;;;;;"Estimées";;;"Non";;;;""
2024;26528;"17";"17241";"Montguyon";"2024-08-09 14:44:00";300;300;;0;0;0;;;;;"Estimées";;"Accidentelle";"Non";0;0;0;""
2024;22882;"13";"13081";"Rognac";"2024-08-09 15:05:00";2000;2000;0;0;0;0;;;;;"Mesurées";"1";"Involontaire (particulier)";"Non";;;;""
2024;28257;"2A";"2A089";"Ciamannacce";"2024-08-09 16:31:00";10;0;10;0;0;0;;;;;"Mesurées";;"Naturelle";"Non";;;;""
2024;23047;"74";"74235";"Saint-Germain-sur-Rhône";"2024-08-09 18:53:00";1;1;;0;0;0;;;;;"Estimées";;;"Non";;;;""
2024;22892;"13";"13055";"Marseille";"2024-08-09 21:19:00";300;0;300;0;0;0;;;;;"Estimées";"6";"Malveillance";"Non";;;;""
2024;22898;"13";"13055";"Marseille";"2024-08-09 23:09:00";500;100;400;0;0;0;;;;;"Estimées";"2";"Accidentelle";"Non";;;;""
2024;22881;"13";"13110";"Trets";"2024-08-09 23:12:00";5;5;0;0;0;0;;;;;"Mesurées";"1";;"Non";;;;""
2024;22811;"13";"13071";"Les Pennes-Mirabeau";"2024-08-10 00:33:00";30;30;0;0;0;0;;;;;"Mesurées";"1";"Involontaire (particulier)";"Non";;;;""
2024;21718;"2B";"2B095";"Corscia";"2024-08-10 03:21:00";3000;0;3000;0;0;0;;;;;"Estimées";;;"Non";;;;""
2024;22813;"13";"13047";"Istres";"2024-08-10 04:13:00";30;30;0;0;0;0;;;;;"Mesurées";"1";"Malveillance";"Non";;;;""
2024;24180;"56";"56172";"Plumelec";"2024-08-10 10:26:00";10;10;;0;0;0;;;;;"Estimées";;;"Non";;;;""
2024;22902;"13";"13055";"Marseille";"2024-08-10 11:43:00";25;0;25;0;0;0;;;;;"Estimées";"5";;"Non";;;;""
2024;25314;"27";"27116";"Brionne";"2024-08-10 11:46:00";22000;22000;;0;0;0;;;;;"Mesurées";;"Malveillance";"Non";;;;""
2024;22822;"13";"13001";"Aix-en-Provence";"2024-08-10 13:24:00";5;5;0;0;0;0;;;;;"Mesurées";"1";"Involontaire (particulier)";"Non";;;;""
2024;21821;"06";"06058";"Escragnolles";"2024-08-10 14:47:00";300;0;300;0;0;0;;;;;"Estimées";;"Involontaire (particulier)";"Non";;;;""
2024;22345;"11";"11094";"Clermont-sur-Lauquet";"2024-08-10 15:24:00";600;600;0;0;0;0;;;;;"Mesurées";;"Accidentelle";"Non";;;;""
2024;24190;"56";"56169";"Plouhinec";"2024-08-10 15:25:00";250;250;;0;0;0;;;;;"Estimées";;;"Non";;;;""
2024;21892;"44";"44001";"Abbaretz";"2024-08-10 15:45:00";70;70;;0;0;0;;;;;"Estimées";;;"Non";;;;""
2024;24182;"56";"56172";"Plumelec";"2024-08-10 15:56:00";300;300;;0;0;0;;;;;"Estimées";;;"Non";;;;""
2024;27063;"40";"40123";"Herm";"2024-08-10 16:16:00";76196;76196;;0;0;0;;;;;"Mesurées";;"Involontaire (travaux)";"Non";0;0;0;""
2024;22812;"13";"13071";"Les Pennes-Mirabeau";"2024-08-10 16:40:00";250;250;0;0;0;0;;;;;"Mesurées";"1";"Involontaire (particulier)";"Non";;;;""
2024;22346;"11";"11251";"Val-de-Dagne";"2024-08-10 17:22:00";150;0;150;0;0;0;;;;;"Mesurées";;"Malveillance";"Non";;;;""
2024;24779;"49";"49369";"Vernoil-le-Fourrier";"2024-08-10 18:36:00";4;4;;0;0;0;;;;;"Estimées";;"Accidentelle";"Non";;;;""
2024;28710;"07";"07209";"Saint-Andéol-de-Fourchades";"2024-08-10 19:15:00";1;1;0;0;0;0;;;;;"Estimées";"3";"Involontaire (travaux)";"Non";;;;""
2024;21605;"34";"34129";"Lattes";"2024-08-10 19:36:00";72;0;72;0;0;0;;;;;"Estimées";"1";"Involontaire (particulier)";"Non";;;;""
2024;21602;"34";"34276";"Saint-Mathieu-de-Tréviers";"2024-08-11 11:01:00";270;270;0;0;0;0;;;;;"Mesurées";"2";"Accidentelle";"Non";;;;""
2024;26369;"47";"47021";"Barbaste";"2024-08-11 14:47:00";364600;364600;;0;0;0;;;;;"Mesurées";;"Malveillance";"Non";;;;""
2024;23923;"59";"59045";"Baives";"2024-08-11 14:58:00";50;50;;0;0;0;;;;;"Estimées";;"Involontaire (travaux)";"Non";;;;""
2024;23325;"35";"35236";"Redon";"2024-08-11 15:56:00";1500;1500;;0;0;0;;;;;"Estimées";;;"Non";;;;""
2024;22348;"11";"11248";"Montirat";"2024-08-11 16:29:00";1;1;0;0;0;0;;;;;"Mesurées";;;"Non";;;;""
2024;24391;"12";"12300";"Villefranche-de-Rouergue";"2024-08-11 17:53:00";25000;25000;;0;0;0;;;;;"Mesurées";;;"Non";;;;""
2024;22145;"26";"26149";"Hostun";"2024-08-11 19:06:00";2000;0;2000;0;0;0;;;;;"Estimées";;"Involontaire (particulier)";"Non";;;;""
2024;23055;"74";"74135";"Giez";"2024-08-11 20:18:00";1;1;;0;0;0;;;;;"Estimées";;;"Non";;;;""
2024;22500;"88";"88302";"Le Ménil";"2024-08-12 06:01:00";1;1;;0;0;0;;;;;"Estimées";;"Naturelle";"Non";;;;""
2024;23058;"74";"74010";"Annecy";"2024-08-12 09:03:00";1;1;;0;0;0;;;;;"Estimées";;;"Non";;;;""
2024;22818;"13";"13079";"Puyloubier";"2024-08-12 09:51:00";200;200;0;0;0;0;;;;;"Mesurées";"1";"Accidentelle";"Non";;;;""
2024;21739;"48";"48009";"Peyre en Aubrac";"2024-08-12 13:00:00";20;0;20;0;0;0;;;;;"Estimées";"1";"Accidentelle";"Non";;;;""
2024;22821;"13";"13005";"Aubagne";"2024-08-12 15:36:00";100;100;0;0;0;0;;;;;"Mesurées";"1";"Involontaire (particulier)";"Non";;;;""
2024;22820;"13";"13015";"Bouc-Bel-Air";"2024-08-12 15:43:00";34;34;0;0;0;0;;;;;"Mesurées";"1";;"Non";;;;""
2024;28519;"30";"30147";"Lézan";"2024-08-12 15:59:00";9550;9550;0;0;0;0;;;;;"Mesurées";;"Involontaire (travaux)";"Non";;;;""
2024;21724;"2B";"2B320";"Tallone";"2024-08-12 16:02:00";130000;0;130000;0;0;0;;;;;"Estimées";"1";;"Non";;;;""
2024;22819;"13";"13040";"Fuveau";"2024-08-12 19:28:00";50;50;0;0;0;0;;;;;"Estimées";"1";"Malveillance";"Non";;;;""
2024;28258;"2A";"2A017";"Appietto";"2024-08-12 22:18:00";1000;0;1000;0;0;0;;;;;"Mesurées";;"Malveillance";"Non";;;;""
2024;28772;"07";"07196";"Rocles";"2024-08-13 00:16:00";20;20;0;0;0;0;;;;;"Estimées";"3";;"Non";;;;""
2024;28261;"2A";"2A048";"Calcatoggio";"2024-08-13 01:24:00";10000;0;10000;0;0;0;;;;;"Mesurées";;"Malveillance";"Non";;;;""
2024;28260;"2A";"2A048";"Calcatoggio";"2024-08-13 01:24:00";20000;0;20000;0;0;0;;;;;"Mesurées";;"Malveillance";"Non";;;;""
2024;28263;"2A";"2A017";"Appietto";"2024-08-13 01:24:00";38000;0;38000;0;0;0;;;;;"Mesurées";;"Malveillance";"Non";;;;""
2024;28266;"2A";"2A017";"Appietto";"2024-08-13 01:24:00";10000;0;10000;0;0;0;;;;;"Mesurées";;"Malveillance";"Non";;;;""
2024;26795;"33";"33236";"Lège-Cap-Ferret";"2024-08-13 02:17:05";100;100;;0;0;0;;;;;"Estimées";;;"Non";0;0;0;""
2024;21915;"2B";"2B039";"Bisinchi";"2024-08-13 11:40:00";80000;0;80000;0;0;0;;;;;"Estimées";"1";;"Non";;;;""
2024;28096;"84";"84020";"Bonnieux";"2024-08-13 11:55:00";100;100;0;0;0;0;;;;;"Mesurées";;"Involontaire (particulier)";"Non";;;;""
2024;28265;"2A";"2A103";"Cuttoli-Corticchiato";"2024-08-13 13:02:00";150;0;150;0;0;0;;;;;"Mesurées";;;"Non";;;;""
2024;28264;"2A";"2A268";"Sampolo";"2024-08-13 14:17:00";500;0;500;0;0;0;;;;;"Mesurées";;"Malveillance";"Non";;;;""
2024;23060;"74";"74102";"Dingy-Saint-Clair";"2024-08-13 16:00:00";1;1;;0;0;0;;;;;"Estimées";;;"Non";;;;""
2024;22349;"11";"11012";"Argeliers";"2024-08-13 16:42:00";80;0;80;0;0;0;;;;;"Mesurées";;;"Non";;;;""
2024;26529;"17";"17452";"La Tremblade";"2024-08-13 17:00:00";50;50;;0;0;0;;;;;"Estimées";;;"Non";0;0;0;""
2024;28262;"2A";"2A247";"Porto-Vecchio";"2024-08-13 17:52:00";663;0;663;0;0;0;;;;;"Mesurées";;"Malveillance";"Non";;;;""
2024;21751;"01";"01419";"Thoiry";"2024-08-13 18:00:00";20000;10000;;10000;0;0;;;;;"Estimées";;"Naturelle";"Non";;;;""
2024;21740;"48";"48088";"La Malène";"2024-08-13 19:00:00";20;0;20;0;0;0;;;;;"Estimées";;"Naturelle";"Non";;;;""
2024;21862;"34";"34035";"La Boissière";"2024-08-13 19:15:00";68270;0;68270;0;0;0;;;;;"Mesurées";"1";"Involontaire (travaux)";"Non";;;;""
2024;22004;"04";"04024";"Beaujeu";"2024-08-13 19:23:00";3900;3900;0;0;0;0;;;;;"Mesurées";"5";"Naturelle";"Non";;;;""
2024;28524;"30";"30045";"Bordezac";"2024-08-13 19:57:00";27;27;;;;;;;;;"Mesurées";;"Naturelle";"Non";;;;""
2024;28259;"2A";"2A017";"Appietto";"2024-08-13 20:25:00";30;0;30;0;0;0;;;;;"Mesurées";;"Malveillance";"Non";;;;""
2024;21817;"05";"05124";"La Rochette";"2024-08-13 22:10:00";340;340;0;0;0;0;;;;;"Mesurées";;"Naturelle";"Non";;;;""
2024;26952;"24";"24183";"Fleurac";"2024-08-14 00:46:00";70;70;;0;0;0;;;;;"Estimées";;"Malveillance";"Non";0;0;0;""
2024;28098;"84";"84144";"Viens";"2024-08-14 12:40:00";400;400;0;0;0;0;;;;;"Estimées";;"Accidentelle";"Non";;;;""
2024;21921;"2B";"2B185";"Oletta";"2024-08-14 12:42:00";169600;0;169600;0;0;0;;;;;"Mesurées";"1";"Malveillance";"Non";;;;""
2024;21919;"2B";"2B354";"Vivario";"2024-08-14 13:43:00";10;0;10;0;0;0;;;;;"Estimées";;;"Non";;;;""
2024;21822;"06";"06163";"Tende";"2024-08-14 15:16:00";1000;0;1000;0;0;0;;;;;"Estimées";;"Naturelle";"Non";;;;""
2024;21920;"2B";"2B023";"Asco";"2024-08-14 16:46:00";10000;0;10000;0;0;0;;;;;"Estimées";"1";"Naturelle";"Non";;;;""
2024;25343;"85";"85012";"La Barre-de-Monts";"2024-08-14 18:45:00";20;20;;0;0;0;;;;;"Estimées";;"Naturelle";"Non";;;;""
2024;21808;"48";"48152";"Ventalon en Cévennes";"2024-08-14 19:00:00";1000;1000;0;0;0;0;;;;;"Mesurées";"1";"Naturelle";;;;;"Données partielles ou non valides"
2024;22007;"04";"04039";"Castellane";"2024-08-14 19:06:00";600;600;0;0;0;0;;;;;"Estimées";;"Naturelle";"Non";;;;""
2024;26859;"33";"33454";"Saint-Morillon";"2024-08-15 03:15:14";15000;15000;;0;0;0;;;;;"Estimées";;;"Non";0;0;0;""
2024;21828;"06";"06112";"Le Rouret";"2024-08-15 06:57:00";20;0;20;0;0;0;;;;;"Estimées";;"Naturelle";"Non";;;;""
2024;21824;"06";"06015";"Berre-les-Alpes";"2024-08-15 07:55:00";700;0;700;0;0;0;;;;;"Estimées";;"Naturelle";"Non";;;;""
2024;22008;"04";"04053";"Châteauneuf-Val-Saint-Donat";"2024-08-15 08:36:00";20;20;0;0;0;0;;;;;"Estimées";;"Naturelle";;;;;"Données partielles ou non valides"
2024;21826;"06";"06035";"Castellar";"2024-08-15 08:39:00";150;0;150;0;0;0;;;;;"Estimées";;"Naturelle";"Non";;;;""
2024;21825;"06";"06023";"Breil-sur-Roya";"2024-08-15 08:46:00";10;0;10;0;0;0;;;;;"Estimées";;"Naturelle";"Non";;;;""
2024;21827;"06";"06069";"Grasse";"2024-08-15 08:50:00";50;0;50;0;0;0;;;;;"Estimées";;"Naturelle";"Non";;;;""
2024;21809;"48";"48096";"Meyrueis";"2024-08-15 10:05:00";5;0;5;0;0;0;;;;;"Estimées";"1";"Naturelle";"Non";;;;"Données partielles ou non valides"
2024;22110;"06";"06083";"Menton";"2024-08-15 10:48:00";10;0;10;0;0;0;;;;;"Estimées";;;"Non";;;;""
2024;21829;"06";"06057";"L'Escarène";"2024-08-15 10:56:00";30;0;30;0;0;0;;;;;"Estimées";;"Naturelle";"Non";;;;""
2024;22816;"13";"13051";"Lançon-Provence";"2024-08-15 11:29:00";300;300;0;0;0;0;;;;;"Mesurées";"1";"Accidentelle";"Non";;;;""
2024;22009;"04";"04171";"Rougon";"2024-08-15 12:14:00";50;50;0;0;0;0;;;;;"Estimées";;"Naturelle";"Non";;;;""
2024;21830;"06";"06034";"Castagniers";"2024-08-15 12:14:00";2800;2800;0;0;0;0;;;;;"Mesurées";"3";"Naturelle";"Non";;;;""
2024;28267;"2A";"2A004";"Ajaccio";"2024-08-15 12:23:00";10;0;10;0;0;0;;;;;"Mesurées";;"Accidentelle";"Non";;;;""
2024;28268;"2A";"2A004";"Ajaccio";"2024-08-15 12:23:00";20;0;20;0;0;0;;;;;"Mesurées";;"Accidentelle";"Non";;;;""
2024;21823;"06";"06079";"Mandelieu-la-Napoule";"2024-08-15 13:04:00";20;0;20;0;0;0;;;;;"Estimées";;"Naturelle";"Non";;;;""
2024;22817;"13";"13056";"Martigues";"2024-08-15 15:22:00";6;6;0;0;0;0;;;;;"Mesurées";"1";"Involontaire (particulier)";"Non";;;;""
2024;22108;"06";"06003";"Andon";"2024-08-15 15:44:00";200;200;0;0;0;0;;;;;"Estimées";"4";"Naturelle";"Non";;;;""
2024;21810;"26";"26321";"Saint-Nazaire-le-Désert";"2024-08-15 16:18:00";20;0;20;0;0;0;;;;;"Estimées";"4";"Naturelle";"Non";;;;""
2024;21847;"34";"34299";"Sérignan";"2024-08-15 16:58:00";39777;0;39777;0;0;0;;;;;"Mesurées";"1";"Malveillance";"Oui";0;4;0;""
2024;25345;"85";"85012";"La Barre-de-Monts";"2024-08-15 17:20:00";1000;1000;;0;0;0;;;;;"Estimées";;"Naturelle";"Non";;;;""
2024;22815;"13";"13026";"Châteauneuf-les-Martigues";"2024-08-16 13:31:00";255;255;0;0;0;0;;;;;"Mesurées";"1";"Accidentelle";"Non";;;;""
2024;23068;"74";"74001";"Abondance";"2024-08-16 15:34:00";4;4;;0;0;0;;;;;"Estimées";;;"Non";;;;""
2024;22356;"11";"11043";"Bouilhonnac";"2024-08-16 15:43:00";547776;12500;408776;0;126500;0;;;;;"Mesurées";;"Malveillance";"Non";;;;""
2024;28271;"2A";"2A114";"Figari";"2024-08-16 17:47:00";3;0;3;0;0;0;;;;;"Mesurées";;"Naturelle";"Non";;;;""
2024;28272;"2A";"2A247";"Porto-Vecchio";"2024-08-16 18:31:00";1756;1756;0;0;0;0;;;;;"Mesurées";;"Naturelle";"Non";;;;""
2024;28269;"2A";"2A247";"Porto-Vecchio";"2024-08-16 18:31:00";80;0;80;0;0;0;;;;;"Mesurées";;"Naturelle";"Non";;;;""
2024;28270;"2A";"2A247";"Porto-Vecchio";"2024-08-16 18:31:00";3;0;3;0;0;0;;;;;"Mesurées";;"Naturelle";"Non";;;;""
2024;26800;"33";"33499";"Les Salles-de-Castillon";"2024-08-16 20:40:29";300;300;;0;0;0;;;;;"Estimées";;;"Non";0;0;0;""
2024;28274;"2A";"2A300";"San-Gavino-di-Carbini";"2024-08-17 09:16:00";80;80;0;0;0;0;;;;;"Mesurées";;"Naturelle";"Non";;;;""
2024;22111;"06";"06136";"Sospel";"2024-08-17 11:55:00";10;0;10;0;0;0;;;;;"Estimées";;;"Non";;;;""
2024;22800;"13";"13001";"Aix-en-Provence";"2024-08-17 12:20:00";560;560;0;0;0;0;;;;;"Mesurées";"1";"Accidentelle";"Non";;;;""
2024;22814;"13";"13047";"Istres";"2024-08-17 13:29:00";110;110;0;0;0;0;;;;;"Mesurées";"1";;"Non";;;;""
2024;28823;"07";"07330";"Vallon-Pont-d'Arc";"2024-08-17 13:58:00";1000;0;1000;0;0;0;;;;;"Estimées";"5";"Involontaire (particulier)";"Non";;;;""
2024;28273;"2A";"2A288";"Sotta";"2024-08-17 15:00:00";50;50;0;0;0;0;;;;;"Mesurées";;"Naturelle";"Non";;;;""
2024;21835;"34";"34113";"Gigean";"2024-08-18 15:11:00";3099500;3099500;0;0;0;0;;;;;"Mesurées";"4";"Malveillance";"Non";;;;""
2024;21926;"2B";"2B156";"Mausoléo";"2024-08-18 15:26:00";5000;0;5000;0;0;0;;;;;"Estimées";"1";;"Non";;;;""
2024;26989;"24";"24587";"Vitrac";"2024-08-18 15:40:00";10100;100;;10000;0;0;;;;;"Estimées";;"Involontaire (particulier)";"Non";;;;""
2024;22801;"13";"13039";"Fos-sur-Mer";"2024-08-18 16:51:00";200;200;0;0;0;0;;;;;"Mesurées";"1";"Accidentelle";"Non";;;;""
2024;21890;"44";"44103";"Montoir-de-Bretagne";"2024-08-18 18:00:00";10;10;;0;0;0;;;;;"Estimées";;;"Non";;;;""
2024;28102;"84";"84026";"Cadenet";"2024-08-18 21:13:00";600;600;0;0;0;0;;;;;"Mesurées";;"Malveillance";"Non";;;;""
2024;21833;"34";"34183";"Nissan-lez-Enserune";"2024-08-18 21:25:00";391100;391100;0;0;0;0;;;;;"Mesurées";"1";"Malveillance";"Non";;;;""
2024;28275;"2A";"2A362";"Zonza";"2024-08-18 22:37:00";1242;0;1242;0;0;0;;;;;"Mesurées";;"Malveillance";"Non";;;;""
2024;22803;"13";"13081";"Rognac";"2024-08-19 01:09:00";500;500;0;0;0;0;;;;;"Mesurées";"1";;"Non";;;;""
2024;22922;"29";"29012";"Bolazec";"2024-08-19 12:25:00";150;150;;0;0;0;;;;;"Estimées";;"Malveillance";"Non";;;;""
2024;28106;"84";"84129";"Sorgues";"2024-08-19 12:46:00";29000;1700;0;27300;0;0;;;;;"Mesurées";;;"Non";;;;""
2024;22097;"34";"34213";"Poussan";"2024-08-19 13:46:00";512;0;512;0;0;0;;;;;"Mesurées";"1";"Malveillance";"Non";;;;""
2024;22096;"34";"34194";"Paulhan";"2024-08-19 14:48:00";7986;0;7986;0;0;0;;;;;"Mesurées";"1";"Malveillance";"Non";;;;""
2024;22095;"34";"34235";"Rosis";"2024-08-19 14:52:00";158;158;0;0;0;0;;;;;"Mesurées";"4";"Involontaire (particulier)";"Non";;;;""
2024;28529;"30";"30344";"Vergèze";"2024-08-19 16:45:00";1303;1303;;;;;;;;;"Mesurées";;;"Non";;;;""
2024;28278;"2A";"2A254";"Quenza";"2024-08-19 17:05:00";112000;2000;110000;0;0;0;;;;;"Mesurées";;"Naturelle";"Non";;;;""
2024;22106;"05";"05046";"Embrun";"2024-08-19 17:48:00";300;300;0;0;0;0;;;;;"Estimées";;;"Non";;;;""
2024;28277;"2A";"2A103";"Cuttoli-Corticchiato";"2024-08-19 17:58:00";20;0;20;0;0;0;;;;;"Mesurées";;;"Non";;;;""
2024;27044;"40";"40310";"Soustons";"2024-08-19 18:53:00";2000;2000;;0;0;0;;;;;"Estimées";;;"Non";0;0;0;""
2024;28276;"2A";"2A160";"Moca-Croce";"2024-08-19 19:45:00";10;0;10;0;0;0;;;;;"Mesurées";;"Naturelle";"Non";;;;""
2024;22361;"11";"11325";"Rouffiac-d'Aude";"2024-08-19 21:46:00";1500;0;1500;0;0;0;;;;;"Mesurées";;;"Non";;;;""
2024;22189;"66";"66069";"Espira-de-l'Agly";"2024-08-20 03:37:00";45000;0;45000;0;0;0;;;;;"Mesurées";;"Malveillance";"Non";;;;""
2024;22363;"11";"11116";"Cuxac-d'Aude";"2024-08-20 05:14:00";500;0;500;0;0;0;;;;;"Mesurées";;;"Non";;;;""
2024;21927;"26";"26188";"Mollans-sur-Ouvèze";"2024-08-20 12:22:00";10;10;0;0;0;0;;;;;"Estimées";;"Accidentelle";"Non";;;;""
2024;26534;"17";"17230";"Meschers-sur-Gironde";"2024-08-20 12:49:00";300;300;;0;0;0;;;;;"Estimées";;;"Non";0;0;0;""
2024;22087;"34";"34032";"Béziers";"2024-08-20 14:26:00";26873;26873;0;0;0;0;;;;;"Mesurées";"2";"Accidentelle";"Non";;;;""
2024;21929;"81";"81249";"Sainte-Gemme";"2024-08-20 14:56:00";100;100;;0;0;0;;;;;"Estimées";;"Accidentelle";"Non";;;;""
2024;21939;"26";"26191";"Montboucher-sur-Jabron";"2024-08-20 16:18:00";300;300;0;0;0;0;;;;;"Estimées";;;"Non";;;;""
2024;21945;"26";"26026";"Barret-de-Lioure";"2024-08-20 20:02:00";2500;2500;0;0;0;0;;;;;"Estimées";;;"Non";;;;""
2024;22364;"11";"11069";"Carcassonne";"2024-08-20 21:00:00";200;0;200;0;0;0;;;;;"Mesurées";;;"Non";;;;""
2024;22365;"11";"11132";"Fabrezan";"2024-08-20 23:28:00";7433;0;7433;0;0;0;;;;;"Mesurées";;"Malveillance";"Non";;;;""
2024;28847;"07";"07115";"Labeaume";"2024-08-21 12:03:00";20000;5000;15000;0;0;0;;;;;"Estimées";"5";;"Non";;;;""
2024;21952;"26";"26324";"Saint-Paul-Trois-Châteaux";"2024-08-21 14:16:00";20000;20000;0;0;0;0;;;;;"Estimées";;;"Non";;;;""
2024;22368;"11";"11266";"Port-la-Nouvelle";"2024-08-21 14:24:00";10;0;10;0;0;0;;;;;"Mesurées";;;"Non";;;;""
2024;22191;"66";"66115";"Montesquieu-des-Albères";"2024-08-21 14:30:00";3140;0;3140;0;0;0;;;;;"Mesurées";;"Malveillance";"Non";;;;""
2024;22192;"66";"66115";"Montesquieu-des-Albères";"2024-08-21 14:31:00";10;0;10;0;0;0;;;;;"Estimées";;"Malveillance";"Non";;;;""
2024;28835;"07";"07210";"Saint-Andéol-de-Vals";"2024-08-21 15:56:00";5000;5000;0;0;0;0;;;;;"Estimées";"3";"Malveillance";"Non";;;;""
2024;22369;"11";"11293";"Pomas";"2024-08-21 16:04:00";1967;0;1967;0;0;0;;;;;"Mesurées";;"Malveillance";"Non";;;;""
2024;22889;"34";"34183";"Nissan-lez-Enserune";"2024-08-21 16:17:00";5500;5500;0;0;0;0;;;;;"Mesurées";"1";"Involontaire (travaux)";"Non";;;;""
2024;22371;"11";"11146";"Floure";"2024-08-21 17:04:00";350;0;350;0;0;0;;;;;"Mesurées";;;"Non";;;;""
2024;22073;"34";"34038";"Le Bousquet-d'Orb";"2024-08-21 17:07:00";2025;2025;0;0;0;0;;;;;"Mesurées";"3";;"Non";;;;""
2024;22071;"34";"34286";"Saint-Privat";"2024-08-21 18:11:00";103393;0;103393;0;0;0;;;;;"Mesurées";"1";"Malveillance";"Non";;;;""
2024;22374;"11";"11248";"Montirat";"2024-08-22 00:53:00";1750;1750;0;0;0;0;;;;;"Mesurées";;"Malveillance";"Non";;;;""
2024;22198;"66";"66046";"Caudiès-de-Fenouillèdes";"2024-08-22 01:20:00";6800;0;6800;0;0;0;;;;;"Mesurées";;"Malveillance";"Non";;;;""
2024;22065;"34";"34144";"Lunas";"2024-08-22 01:23:00";198;198;0;0;0;0;;;;;"Mesurées";"3";;"Non";;;;""
2024;22109;"05";"05061";"Gap";"2024-08-22 08:00:00";20;20;0;0;0;0;;;;;"Estimées";;"Involontaire (particulier)";"Non";;;;""
2024;28536;"30";"30106";"Durfort-et-Saint-Martin-de-Sossenac";"2024-08-22 11:31:00";179;179;;;;;;;;;"Mesurées";;"Involontaire (particulier)";"Non";;;;""
2024;22799;"13";"13099";"Saint-Paul-lès-Durance";"2024-08-22 13:28:00";40;40;0;0;0;0;;;;;"Mesurées";"1";"Accidentelle";"Oui";0;1;1;""
2024;28826;"07";"07281";"Saint-Péray";"2024-08-22 15:13:00";1500;1500;0;0;0;0;;;;;"Estimées";"3";;"Non";;;;""
2024;28117;"84";"84068";"Lourmarin";"2024-08-22 16:34:00";500;500;0;0;0;0;;;;;"Mesurées";"2";"Malveillance";"Non";;;;""
2024;28539;"30";"30093";"Conqueyrac";"2024-08-22 16:45:00";197;197;;;;;;;;;"Mesurées";;"Involontaire (particulier)";"Non";;;;""
2024;27064;"40";"40310";"Soustons";"2024-08-22 16:52:00";7094;7094;;0;0;0;;;;;"Mesurées";;"Malveillance";"Non";;;;""
2024;22376;"11";"11043";"Bouilhonnac";"2024-08-22 16:55:00";65700;0;65700;0;0;0;;;;;"Mesurées";;"Malveillance";"Non";;;;""
2024;28279;"2A";"2A247";"Porto-Vecchio";"2024-08-22 17:13:00";20;0;20;0;0;0;;;;;"Mesurées";;"Accidentelle";"Non";;;;""
2024;22058;"34";"34038";"Le Bousquet-d'Orb";"2024-08-22 17:48:00";4083;4083;0;0;0;0;;;;;"Mesurées";"3";"Involontaire (travaux)";"Non";;;;""
2024;28540;"30";"30217";"Rochefort-du-Gard";"2024-08-22 19:06:00";30;30;;;;;;;;;"Mesurées";;"Involontaire (particulier)";"Non";;;;""
2024;28832;"07";"07058";"Chassiers";"2024-08-22 20:51:00";5000;5000;0;0;0;0;;;;;"Estimées";"4";;"Non";;;;""
2024;22205;"66";"66004";"Les Angles";"2024-08-23 11:26:00";15;15;0;0;0;0;;;;;"Estimées";;;"Non";;;;""
2024;22112;"06";"06129";"Saint-Sauveur-sur-Tinée";"2024-08-23 13:47:00";200;200;0;0;0;0;;;;;"Estimées";"4";"Naturelle";"Non";;;;""
2024;28816;"07";"07139";"Laviolle";"2024-08-23 14:01:00";500;500;0;0;0;0;;;;;"Estimées";"3";"Accidentelle";"Non";;;;""
2024;22798;"13";"13047";"Istres";"2024-08-23 14:02:00";10000;10000;0;0;0;0;;;;;"Mesurées";"1";"Accidentelle";"Non";;;;""
2024;22055;"34";"34274";"Saint-Martin-de-Londres";"2024-08-23 14:54:00";21581;0;21581;0;0;0;;;;;"Mesurées";"1";"Involontaire (travaux)";"Non";;;;""
2024;22504;"88";"88098";"Chaumousey";"2024-08-23 15:33:00";4;4;;0;0;0;;;;;"Estimées";;;"Non";;;;""
2024;22207;"66";"66175";"Saint-Génis-des-Fontaines";"2024-08-23 16:44:00";100;0;100;0;0;0;;;;;"Mesurées";;"Malveillance";"Non";;;;""
2024;22206;"66";"66175";"Saint-Génis-des-Fontaines";"2024-08-23 16:44:00";140;0;140;0;0;0;;;;;"Mesurées";;"Malveillance";"Non";;;;""
2024;22051;"34";"34017";"Aumes";"2024-08-23 16:47:00";442;442;0;0;0;0;;;;;"Mesurées";"4";"Malveillance";"Non";;;;""
2024;28121;"84";"84068";"Lourmarin";"2024-08-23 18:27:00";310;310;0;0;0;0;;;;;"Mesurées";;"Malveillance";"Non";;;;""
2024;22797;"13";"13034";"Eygalières";"2024-08-23 19:02:00";100;100;0;0;0;0;;;;;"Mesurées";"1";;"Non";;;;""
2024;26813;"33";"33029";"Le Barp";"2024-08-24 10:05:59";100;100;;0;0;0;;;;;"Estimées";;;"Non";0;0;0;""
2024;22131;"2B";"2B185";"Oletta";"2024-08-24 11:30:00";200;0;200;0;0;0;;;;;"Estimées";;;"Non";;;;""
2024;26863;"33";"33151";"Donnezac";"2024-08-24 13:36:57";20000;20000;;0;0;0;;;;;"Estimées";;"Accidentelle";"Non";0;0;0;""
2024;22209;"66";"66107";"Maury";"2024-08-24 13:44:00";12000;0;12000;0;0;0;;;;;"Mesurées";;"Involontaire (particulier)";"Non";;;;""
2024;27049;"40";"40287";"Sanguinet";"2024-08-24 13:48:00";1;1;;0;0;0;;;;;"Estimées";;;"Non";0;0;0;""
2024;22120;"69";"69255";"Vaugneray";"2024-08-24 14:01:00";76700;23400;;0;53300;0;;;;;"Mesurées";;"Involontaire (particulier)";"Oui";0;1;0;""
2024;22037;"26";"26271";"La Roche-de-Glun";"2024-08-24 14:08:00";2000;2000;0;0;0;0;;;;;"Estimées";;;"Non";;;;""
2024;22121;"69";"69050";"Châtillon";"2024-08-24 14:11:00";35024;1024;;0;34000;0;;;;;"Mesurées";;"Accidentelle";"Non";;;;""
2024;23070;"74";"74096";"Cruseilles";"2024-08-24 14:43:00";30;30;;0;0;0;;;;;"Estimées";;"Involontaire (travaux)";"Non";;;;""
2024;28542;"30";"30136";"Junas";"2024-08-24 16:15:00";262;262;;;;;;;;;"Mesurées";;"Malveillance";"Non";;;;""
2024;28543;"30";"30136";"Junas";"2024-08-24 16:15:00";183;183;;;;;;;;;"Mesurées";;"Malveillance";"Non";;;;""
2024;27065;"40";"40317";"Tosse";"2024-08-24 16:47:00";27300;27300;;0;0;0;;;;;"Mesurées";;;"Non";;;;""
2024;22211;"66";"66225";"Villelongue-dels-Monts";"2024-08-24 17:16:00";283800;48000;0;0;0;235800;;;;;"Mesurées";;"Malveillance";"Oui";0;0;1;""
2024;26864;"33";"33205";"Illats";"2024-08-24 17:54:14";12000;12000;;0;0;0;;;;;"Estimées";;"Accidentelle";"Non";0;0;0;""
2024;29293;"25";"25371";"Mazerolles-le-Salin";"2024-08-24 21:23:59";100;100;;0;0;0;;;;;"Estimées";;;"Non";0;0;0;""
2024;26554;"17";"17118";"Corignac";"2024-08-24 21:28:00";20000;20000;;0;0;0;;;;;"Estimées";;"Malveillance";"Non";;;;""
2024;26814;"33";"33333";"Le Porge";"2024-08-25 03:11:00";1500;1500;;0;0;0;;;;;"Estimées";;"Malveillance";"Non";0;0;0;""
2024;22796;"13";"13103";"Salon-de-Provence";"2024-08-25 11:27:00";20000;20000;0;0;0;0;;;;;"Mesurées";"1";"Malveillance";"Non";;;;""
2024;22041;"34";"34024";"Balaruc-le-Vieux";"2024-08-25 14:05:00";165;0;165;0;0;0;;;;;"Mesurées";"1";"Malveillance";"Non";;;;""
2024;22776;"13";"13041";"Gardanne";"2024-08-25 18:41:00";100;100;0;0;0;0;;;;;"Mesurées";"1";"Malveillance";"Non";;;;""
2024;28850;"07";"07339";"Vesseaux";"2024-08-25 22:41:00";20000;20000;0;0;0;0;;;;;"Estimées";"4";"Malveillance";"Non";;;;""
2024;22773;"13";"13056";"Martigues";"2024-08-26 00:46:00";300;300;0;0;0;0;;;;;"Mesurées";"1";"Malveillance";"Non";;;;""
2024;27050;"40";"40060";"Callen";"2024-08-26 11:24:00";1000;1000;;0;0;0;;;;;"Estimées";;"Involontaire (particulier)";"Non";0;0;0;""
2024;22383;"11";"11043";"Bouilhonnac";"2024-08-26 11:32:00";2000;0;2000;0;0;0;;;;;"Mesurées";;"Malveillance";"Non";;;;""
2024;22382;"11";"11183";"Ladern-sur-Lauquet";"2024-08-26 11:35:00";5000;0;4000;0;1000;0;;;;;"Mesurées";;"Involontaire (travaux)";"Non";;;;""
2024;22459;"46";"46212";"Orniac";"2024-08-26 14:41:00";130000;5000;;5000;120000;0;;;;;"Mesurées";;"Involontaire (travaux)";"Non";;;;""
2024;22774;"13";"13069";"Pélissanne";"2024-08-26 14:57:00";10;10;0;0;0;0;;;;;"Mesurées";"1";"Accidentelle";"Non";;;;""
2024;26991;"24";"24540";"Sorges et Ligueux en Périgord";"2024-08-26 15:24:00";10000;10000;;0;0;0;;;;;"Estimées";;"Accidentelle";"Non";;;;""
2024;26866;"33";"33142";"Cubnezais";"2024-08-26 15:43:50";15000;5000;;10000;0;0;;;;;"Estimées";;;"Non";0;0;0;""
2024;22125;"06";"06019";"Blausasc";"2024-08-26 16:27:00";50;50;0;0;0;0;;;;;"Estimées";"4";;"Non";;;;""
2024;27183;"86";"86281";"Saint-Martin-la-Pallu";"2024-08-26 16:38:53";30;30;;0;0;0;;;;;"Estimées";;;"Non";0;0;0;""
2024;22775;"13";"13002";"Allauch";"2024-08-26 17:47:00";44;44;0;0;0;0;;;;;"Mesurées";"1";"Involontaire (particulier)";"Non";;;;""
2024;28127;"84";"84026";"Cadenet";"2024-08-26 18:16:00";310;310;0;0;0;0;;;;;"Mesurées";;"Malveillance";"Non";;;;""
2024;22240;"04";"04111";"Mane";"2024-08-26 19:08:00";410;410;0;0;0;0;;;;;"Mesurées";"3";"Accidentelle";"Non";;;;""
2024;28759;"07";"07161";"Montpezat-sous-Bauzon";"2024-08-26 21:27:00";10;0;10;0;0;0;;;;;"Estimées";"5";;"Non";;;;""
2024;28848;"07";"07118";"Laboule";"2024-08-26 21:34:00";20000;20000;0;0;0;0;;;;;"Estimées";"3";;"Non";;;;""
2024;22904;"13";"13055";"Marseille";"2024-08-26 21:51:00";300;0;300;0;0;0;;;;;"Estimées";"1";"Malveillance";"Non";;;;""
2024;22784;"66";"66207";"Terrats";"2024-08-26 22:25:00";500;0;500;0;0;0;;;;;"Estimées";;"Malveillance";"Non";;;;""
2024;22785;"66";"66207";"Terrats";"2024-08-26 22:26:00";10000;0;10000;0;0;0;;;;;"Estimées";;"Malveillance";"Non";;;;""
2024;28544;"30";"30278";"Saint-Laurent-des-Arbres";"2024-08-26 23:01:00";386;386;;;;;;;;;"Mesurées";;"Accidentelle";"Non";;;;""
2024;22387;"11";"11146";"Floure";"2024-08-27 06:08:00";30;0;30;0;0;0;;;;;"Mesurées";;"Malveillance";"Non";;;;""
2024;28131;"84";"84019";"Bollène";"2024-08-27 10:55:51";1;1;;;;;;;;;"Estimées";;;"Non";;;;""
2024;22440;"34";"34033";"Boisseron";"2024-08-27 11:28:00";335;335;0;0;0;0;;;;;"Mesurées";"1";"Involontaire (particulier)";"Non";;;;""
2024;22560;"2B";"2B156";"Mausoléo";"2024-08-27 15:21:00";1;0;1;0;0;0;;;;;"Estimées";;"Naturelle";"Non";;;;""
2024;28280;"2A";"2A032";"Bastelicaccia";"2024-08-27 15:57:00";15;0;15;0;0;0;;;;;"Mesurées";;"Involontaire (particulier)";"Non";;;;""
2024;28757;"07";"07119";"Le Lac-d'Issarlès";"2024-08-27 16:35:00";10;10;0;0;0;0;;;;;"Estimées";"4";"Involontaire (particulier)";"Non";;;;""
2024;28545;"30";"30338";"Vallérargues";"2024-08-27 16:40:00";26339;26339;0;0;0;0;;;;;"Mesurées";;"Involontaire (particulier)";"Non";;;;""
2024;22435;"34";"34087";"Cournonsec";"2024-08-27 16:51:00";6273;0;6273;0;0;0;;;;;"Mesurées";"1";"Malveillance";"Non";;;;""
2024;23094;"05";"05046";"Embrun";"2024-08-27 17:26:00";1020;20;0;1000;0;0;;;;;"Estimées";;"Malveillance";"Non";;;;""
2024;22603;"48";"48061";"Florac Trois Rivières";"2024-08-27 18:00:00";80;80;0;0;0;0;;;;;"Mesurées";"4";;"Non";;;;""
2024;22225;"06";"06144";"La Tour";"2024-08-27 18:31:00";200;200;0;0;0;0;;;;;"Estimées";"4";"Naturelle";"Non";;;;""
2024;22224;"06";"06156";"Venanson";"2024-08-27 18:47:00";200;0;200;0;0;0;;;;;"Estimées";"1";"Naturelle";"Non";;;;""
2024;25857;"72";"72058";"Changé";"2024-08-28 10:41:00";10;10;;0;0;0;;;;;"Estimées";;;"Non";;;;""
2024;22451;"06";"06003";"Andon";"2024-08-28 15:24:00";4500;4200;300;0;0;0;;;;;"Mesurées";"5";;"Non";;;;""
2024;27195;"86";"86009";"Archigny";"2024-08-28 15:31:00";150000;50000;;100000;0;0;;;;;"Estimées";;;"Non";;;;""
2024;22454;"06";"06077";"Lucéram";"2024-08-28 15:32:00";700;700;0;0;0;0;;;;;"Estimées";;"Naturelle";"Non";;;;""
2024;23097;"37";"37210";"Saint-Benoît-la-Forêt";"2024-08-28 16:20:00";220;220;;0;0;0;;;;;"Mesurées";;"Involontaire (travaux)";"Non";;;;""
2024;28281;"2A";"2A204";"Pastricciola";"2024-08-28 16:33:00";5;5;0;0;0;0;;;;;"Mesurées";;"Naturelle";"Non";;;;""
2024;28284;"2A";"2A024";"Aullène";"2024-08-28 17:02:00";5;0;5;0;0;0;;;;;"Mesurées";;"Naturelle";"Non";;;;""
2024;22561;"2B";"2B354";"Vivario";"2024-08-28 17:10:00";200;0;200;0;0;0;;;;;"Estimées";;"Naturelle";"Non";;;;""
2024;28282;"2A";"2A108";"Évisa";"2024-08-28 17:19:00";10;0;10;0;0;0;;;;;"Mesurées";;"Naturelle";"Non";;;;""
2024;28283;"2A";"2A198";"Ota";"2024-08-28 18:03:00";1;1;0;0;0;0;;;;;"Estimées";;"Naturelle";"Non";;;;""
2024;22236;"26";"26167";"Luc-en-Diois";"2024-08-28 18:33:55";3;3;0;0;0;0;;;;;"Estimées";;;"Non";;;;""
2024;23071;"74";"74213";"Poisy";"2024-08-28 18:34:00";10;10;;0;0;0;;;;;"Estimées";;"Involontaire (travaux)";"Non";;;;""
2024;26376;"47";"47179";"Monsempron-Libos";"2024-08-28 18:36:00";15000;1000;;14000;0;0;;;;;"Estimées";;;"Non";;;;""
2024;26868;"33";"33284";"Mios";"2024-08-28 18:58:00";20000;20000;;0;0;0;;;;;"Estimées";;"Malveillance";"Non";;;;""
2024;22381;"11";"11095";"Comigne";"2024-08-28 23:29:00";1;0;1;0;0;0;;;;;"Mesurées";;;"Non";;;;""
2024;27052;"40";"40167";"Luxey";"2024-08-29 09:50:00";5;5;;0;0;0;;;;;"Estimées";;;"Non";0;0;0;""
2024;24184;"56";"56221";"Saint-Jacut-les-Pins";"2024-08-29 10:35:00";200;200;;0;0;0;;;;;"Estimées";;;"Non";;;;""
2024;22426;"34";"34146";"Lunel-Viel";"2024-08-29 12:14:00";176;176;0;0;0;0;;;;;"Mesurées";"2";"Malveillance";"Non";;;;""
2024;28316;"2A";"2A247";"Porto-Vecchio";"2024-08-29 13:17:00";383000;1000;380000;0;2000;0;;;;;"Mesurées";"1";"Involontaire (particulier)";"Oui";0;0;1;""
2024;28285;"2A";"2A032";"Bastelicaccia";"2024-08-29 15:00:00";2500;0;2500;0;0;0;;;;;"Mesurées";;"Involontaire (particulier)";"Non";;;;""
2024;22421;"34";"34079";"Clermont-l'Hérault";"2024-08-29 15:22:00";8927;8927;0;0;0;0;;;;;"Mesurées";"1";"Involontaire (particulier)";"Oui";0;1;1;""
2024;22772;"13";"13106";"Septèmes-les-Vallons";"2024-08-29 15:29:00";230;230;0;0;0;0;;;;;"Mesurées";"1";"Malveillance";"Non";;;;""
2024;22419;"34";"34095";"Fabrègues";"2024-08-29 16:03:00";536;536;0;0;0;0;;;;;"Mesurées";"4";"Malveillance";"Non";;;;""
2024;22563;"2B";"2B190";"Olmi-Cappella";"2024-08-29 16:16:00";200;0;200;0;0;0;;;;;"Estimées";;"Naturelle";"Non";;;;""
2024;29288;"25";"25370";"Mathay";"2024-08-29 16:40:20";100;100;;0;0;0;;;;;"Estimées";;;"Non";0;0;0;""
2024;22417;"34";"34113";"Gigean";"2024-08-29 17:10:00";547;547;0;0;0;0;;;;;"Mesurées";"4";"Malveillance";"Non";;;;""
2024;22562;"2B";"2B235";"Pioggiola";"2024-08-29 17:51:00";180000;0;180000;0;0;0;;;;;"Estimées";"1";"Naturelle";"Non";;;;""
2024;29287;"25";"25434";"Ornans";"2024-08-29 19:21:23";100;100;;0;0;0;;;;;"Estimées";;;"Non";0;0;0;""
2024;28813;"07";"07111";"Juvinas";"2024-08-29 20:25:00";400;400;0;0;0;0;;;;;"Estimées";"3";"Malveillance";"Non";;;;""
2024;22379;"11";"11170";"Gruissan";"2024-08-29 20:58:00";2;0;2;0;0;0;;;;;"Mesurées";;;"Non";;;;""
2024;27417;"77";"77490";"Vendrest";"2024-08-29 21:55:00";1;1;;0;0;0;;;;;"Estimées";;;"Non";;;;""
2024;22564;"2B";"2B124";"Ghisoni";"2024-08-30 07:30:00";20;0;20;0;0;0;;;;;"Estimées";;;"Non";;;;""
2024;26668;"87";"87161";"Saint-Léonard-de-Noblat";"2024-08-30 10:36:49";2;2;;0;0;0;;;;;"Mesurées";;;"Non";0;0;0;""
2024;22452;"06";"06085";"Mougins";"2024-08-30 11:53:00";500;0;500;0;0;0;;;;;"Estimées";;;"Non";;;;""
2024;24873;"11";"11397";"Trèbes";"2024-08-30 14:38:00";1000;0;1000;0;0;0;;;;;"Mesurées";;"Malveillance";"Non";;;;""
2024;22453;"06";"06065";"La Gaude";"2024-08-30 14:41:00";10;0;10;0;0;0;;;;;"Estimées";;"Involontaire (particulier)";"Non";;;;""
2024;22412;"34";"34265";"Saint-Jean-de-Cornies";"2024-08-30 14:51:00";266;266;0;0;0;0;;;;;"Mesurées";"2";"Malveillance";"Non";;;;""
2024;26669;"87";"87153";"Saint-Julien-le-Petit";"2024-08-30 14:53:11";200;200;;0;0;0;;;;;"Mesurées";;;"Non";0;0;0;""
2024;22410;"34";"34263";"Saint-Hilaire-de-Beauvoir";"2024-08-30 15:32:00";11323;11323;0;0;0;0;;;;;"Mesurées";"4";"Malveillance";"Non";;;;""
2024;25154;"50";"50002";"Agneaux";"2024-08-30 16:05:00";1200;1200;;0;0;0;;;;;"Mesurées";;"Malveillance";"Non";;;;""
2024;22259;"81";"81192";"Murat-sur-Vèbre";"2024-08-30 17:49:00";200;200;;0;0;0;;;;;"Estimées";;"Accidentelle";"Non";;;;""
2024;22587;"34";"34284";"Saint-Pons-de-Thomières";"2024-08-30 17:55:00";210;210;0;0;0;0;;;;;"Mesurées";"2";"Accidentelle";"Non";;;;""
2024;28806;"07";"07066";"Chomérac";"2024-08-31 02:59:00";200;0;200;0;0;0;;;;;"Estimées";"5";;"Non";;;;""
2024;27054;"40";"40304";"Soorts-Hossegor";"2024-08-31 05:02:00";10;10;;0;0;0;;;;;"Estimées";;;"Non";0;0;0;""
2024;22566;"2B";"2B305";"San-Martino-di-Lota";"2024-08-31 12:35:00";100;0;100;0;0;0;;;;;"Estimées";;;"Non";;;;""
2024;22402;"34";"34116";"Grabels";"2024-08-31 12:43:00";176;176;0;0;0;0;;;;;"Mesurées";"4";"Malveillance";"Non";;;;""
2024;22261;"43";"43121";"Léotoing";"2024-08-31 16:19:00";13500;13500;;0;0;0;;;;;"Estimées";;;"Non";;;;""
2024;28844;"07";"07257";"Saint-Julien-le-Roux";"2024-08-31 17:13:00";10000;0;10000;0;0;0;;;;;"Estimées";"5";"Involontaire (particulier)";"Non";;;;""
2024;22401;"34";"34139";"Lieuran-lès-Béziers";"2024-08-31 18:53:00";1030;1030;0;0;0;0;;;;;"Mesurées";"3";;"Non";;;;""
2024;27066;"40";"40287";"Sanguinet";"2024-08-31 18:58:00";8750;8750;;0;0;0;;;;;"Estimées";;"Naturelle";"Non";0;0;0;""
2024;28815;"07";"07296";"Saint-Sernin";"2024-08-31 19:42:00";400;0;400;0;0;0;;;;;"Estimées";"5";"Involontaire (particulier)";"Non";;;;""
2024;27196;"2A";"2A119";"Frasseto";"2024-09-01 03:04:00";150;0;150;0;0;0;;;;;"Estimées";;"Malveillance";"Non";;;;""
2024;23073;"74";"74104";"Doussard";"2024-09-01 06:22:00";30;30;;0;0;0;;;;;"Estimées";;;"Non";;;;""
2024;29283;"25";"25539";"Seloncourt";"2024-09-01 08:32:55";100;50;;0;50;0;;;;;"Estimées";;;"Non";0;0;0;""
2024;22570;"2B";"2B007";"Albertacce";"2024-09-01 16:00:00";1600;0;1600;0;0;0;;;;;"Estimées";;"Naturelle";"Non";;;;""
2024;22771;"13";"13050";"Lambesc";"2024-09-01 16:54:00";80;80;0;0;0;0;;;;;"Mesurées";"1";;"Non";;;;""
2024;22396;"34";"34066";"Cazevieille";"2024-09-01 20:33:00";138;0;138;0;0;0;;;;;"Mesurées";"1";"Malveillance";"Non";;;;""
2024;22598;"06";"06079";"Mandelieu-la-Napoule";"2024-09-02 11:25:00";2000;0;2000;0;0;0;;;;;"Estimées";;;"Non";;;;""
2024;22894;"13";"13055";"Marseille";"2024-09-02 14:45:00";2000;0;2000;0;0;0;;;;;"Estimées";"1";;"Non";;;;""
2024;28143;"84";"84078";"Mondragon";"2024-09-02 15:45:00";2600;2600;0;0;0;0;;;;;"Mesurées";"4";"Naturelle";"Non";;;;""
2024;22599;"06";"06007";"Auribeau-sur-Siagne";"2024-09-02 16:18:00";50;0;50;0;0;0;;;;;"Estimées";;"Naturelle";"Non";;;;""
2024;22858;"34";"34016";"Aumelas";"2024-09-02 17:11:00";11484;11484;0;0;0;0;;;;;"Mesurées";"1";"Malveillance";"Non";;;;""
2024;26555;"17";"17077";"Cercoux";"2024-09-02 17:16:00";10000;10000;;0;0;0;;;;;"Estimées";;"Naturelle";"Non";;;;""
2024;28555;"30";"30349";"Vic-le-Fesq";"2024-09-02 17:24:00";3777;3777;;;;;;;;;"Mesurées";;"Involontaire (particulier)";"Non";;;;""
2024;22600;"06";"06064";"Gattières";"2024-09-02 17:31:00";2;0;2;0;0;0;;;;;"Estimées";;"Naturelle";"Non";;;;""
2024;22601;"06";"06032";"Cap-d'Ail";"2024-09-02 17:47:00";11400;0;11400;0;0;0;;;;;"Estimées";;"Naturelle";"Non";;;;""
2024;22668;"18";"18285";"Villeneuve-sur-Cher";"2024-09-02 18:55:00";4000;4000;;0;0;0;;;;;"Estimées";;;"Non";;;;""
2024;24879;"11";"11069";"Carcassonne";"2024-09-02 20:24:00";300;0;300;0;0;0;;;;;"Mesurées";;;"Non";;;;""
2024;28827;"07";"07254";"Saint-Julien-du-Serre";"2024-09-02 23:34:00";2000;2000;0;0;0;0;;;;;"Estimées";"4";;"Non";;;;""
2024;22855;"34";"34341";"Villeveyrac";"2024-09-03 02:11:00";154;0;154;0;0;0;;;;;"Mesurées";"1";"Malveillance";"Non";;;;""
2024;22602;"06";"06147";"Tourrette-Levens";"2024-09-03 12:15:00";700;700;0;0;0;0;;;;;"Estimées";;"Naturelle";"Non";;;;""
2024;22769;"13";"13101";"Saint-Savournin";"2024-09-03 14:40:00";200;200;0;0;0;0;;;;;"Mesurées";"1";"Naturelle";"Non";;;;""
2024;28246;"84";"84038";"Cheval-Blanc";"2024-09-03 17:09:00";2400;200;2200;0;0;0;;;;;"Mesurées";"1";"Naturelle";"Non";;;;""
2024;22770;"13";"13066";"Noves";"2024-09-03 19:02:00";10;10;0;0;0;0;;;;;"Mesurées";"1";"Accidentelle";"Non";;;;""
2024;23075;"74";"74161";"Marcellaz-Albanais";"2024-09-03 19:09:00";20;20;;0;0;0;;;;;"Estimées";;"Accidentelle";"Non";;;;""
2024;22768;"13";"13011";"Les Baux-de-Provence";"2024-09-03 19:29:00";300;300;0;0;0;0;;;;;"Mesurées";"1";"Naturelle";"Non";;;;""
2024;22823;"04";"04086";"Faucon-de-Barcelonnette";"2024-09-03 19:38:00";6;6;0;0;0;0;;;;;"Mesurées";"4";;"Non";;;;""
2024;28146;"84";"84050";"Gordes";"2024-09-04 10:10:00";2;2;0;0;0;0;;;;;"Estimées";;;"Non";;;;""
2024;22766;"13";"13005";"Aubagne";"2024-09-04 14:02:00";2;2;0;0;0;0;;;;;"Mesurées";"1";"Naturelle";"Non";;;;""
2024;22767;"13";"13051";"Lançon-Provence";"2024-09-04 15:27:00";20;20;0;0;0;0;;;;;"Mesurées";"1";"Naturelle";"Non";;;;""
2024;27200;"2A";"2A198";"Ota";"2024-09-05 07:49:00";800;0;800;0;0;0;;;;;"Estimées";;"Naturelle";"Non";;;;""
2024;27201;"2A";"2A254";"Quenza";"2024-09-05 09:56:00";10;0;10;0;0;0;;;;;"Estimées";;"Naturelle";"Non";;;;""
2024;29279;"25";"25564";"Torpes";"2024-09-05 13:09:38";100;100;;0;0;0;;;;;"Estimées";;;"Non";0;0;0;""
2024;22836;"34";"34032";"Béziers";"2024-09-06 13:36:00";491;0;491;0;0;0;;;;;"Mesurées";"1";"Involontaire (travaux)";"Non";;;;""
2024;28154;"84";"84040";"Crestet";"2024-09-07 14:25:00";5;5;0;0;0;0;;;;;"Estimées";;;"Non";;;;""
2024;28799;"07";"07102";"Guilherand-Granges";"2024-09-07 15:47:00";100;0;100;0;0;0;;;;;"Estimées";"5";"Malveillance";"Non";;;;""
2024;24883;"11";"11069";"Carcassonne";"2024-09-07 16:35:00";5000;0;5000;0;0;0;;;;;"Mesurées";;;"Non";;;;""
2024;28566;"30";"30209";"Pujaut";"2024-09-07 16:51:00";2806;2806;;;;;;;;;"Mesurées";;;"Non";;;;""
2024;22827;"26";"26278";"La Roche-sur-le-Buis";"2024-09-07 17:29:00";10000;10000;0;0;0;0;;;;;"Estimées";;;"Non";;;;""
2024;24884;"11";"11310";"Rennes-les-Bains";"2024-09-07 17:55:00";5;5;;;;;;;;;"Mesurées";;;"Non";0;0;0;""
2024;28155;"84";"84091";"Piolenc";"2024-09-07 18:07:00";1;1;0;0;0;0;;;;;"Estimées";;;"Non";;;;""
2024;24885;"11";"11117";"Davejean";"2024-09-07 22:06:00";30;30;;;;;;;;;"Mesurées";;;"Non";0;0;0;""
2024;24886;"11";"11053";"Brugairolles";"2024-09-07 22:44:00";1000;0;1000;0;0;0;;;;;"Mesurées";;;"Non";;;;""
2024;27202;"2A";"2A089";"Ciamannacce";"2024-09-08 13:42:00";10;0;10;0;0;0;;;;;"Estimées";;"Malveillance";"Non";;;;""
2024;22961;"66";"66010";"Ayguatébia-Talau";"2024-09-09 13:38:00";20;20;0;0;0;0;;;;;"Estimées";;"Accidentelle";"Non";;;;""
2024;22965;"66";"66046";"Caudiès-de-Fenouillèdes";"2024-09-09 23:34:00";80000;0;80000;0;0;0;;;;;"Estimées";;"Malveillance";"Non";;;;""
2024;22966;"66";"66014";"Baixas";"2024-09-10 05:16:00";17200;0;17200;0;0;0;;;;;"Mesurées";;"Malveillance";"Non";;;;""
2024;24890;"11";"11262";"Narbonne";"2024-09-10 15:26:00";751162;0;751162;0;0;0;;;;;"Mesurées";;"Malveillance";"Non";;;;""
2024;29278;"25";"25258";"Franois";"2024-09-10 15:38:56";100;100;;0;0;0;;;;;"Estimées";;;"Non";0;0;0;""
2024;24891;"11";"11099";"Conques-sur-Orbiel";"2024-09-10 17:09:00";16;0;16;0;0;0;;;;;"Mesurées";;;"Non";;;;""
2024;23890;"13";"13056";"Martigues";"2024-09-10 20:39:00";500;500;0;0;0;0;;;;;"Mesurées";"1";"Malveillance";"Non";;;;""
2024;24892;"11";"11257";"Monze";"2024-09-10 22:49:00";30;0;30;0;0;0;;;;;"Mesurées";;;"Non";;;;""
2024;22915;"06";"06049";"Courmes";"2024-09-11 14:51:00";400;0;400;0;0;0;;;;;"Estimées";"1";;"Non";;;;""
2024;24897;"11";"11441";"Vinassan";"2024-09-11 21:03:00";950;950;0;0;0;0;;;;;"Mesurées";"3";"Malveillance";"Non";;;;""
2024;22974;"66";"66033";"Camélas";"2024-09-12 14:38:00";2310700;0;1548800;628700;0;133200;;;;;"Mesurées";;"Accidentelle";"Oui";0;0;1;""
2024;23079;"2B";"2B039";"Bisinchi";"2024-09-12 18:57:00";10700;0;10700;0;0;0;;;;;"Estimées";"1";"Malveillance";"Non";;;;""
2024;23138;"34";"34311";"Tourbes";"2024-09-13 17:54:00";24;0;24;0;0;0;;;;;"Mesurées";"1";"Involontaire (travaux)";"Non";;;;""
2024;23892;"13";"13056";"Martigues";"2024-09-13 21:42:00";100;100;0;0;0;0;;;;;"Mesurées";"1";"Malveillance";"Non";;;;""
2024;22979;"66";"66060";"Corsavy";"2024-09-13 23:29:00";100;100;0;0;0;0;;;;;"Estimées";;"Accidentelle";"Non";;;;""
2024;23136;"34";"34184";"Nizas";"2024-09-14 09:45:00";67303;20000;47303;0;0;0;;;;;"Mesurées";"1";"Malveillance";"Non";;;;""
2024;23893;"13";"13039";"Fos-sur-Mer";"2024-09-14 13:53:00";50;50;0;0;0;0;;;;;"Mesurées";"1";"Involontaire (particulier)";"Non";;;;""
2024;23132;"34";"34334";"Vieussan";"2024-09-14 14:26:00";78;0;78;0;0;0;;;;;"Mesurées";"1";"Involontaire (particulier)";"Non";;;;""
2024;28833;"07";"07072";"Coux";"2024-09-14 15:43:00";5000;0;5000;0;0;0;;;;;"Estimées";"5";;"Non";;;;""
2024;23128;"34";"34334";"Vieussan";"2024-09-14 18:17:00";768;768;0;0;0;0;;;;;"Mesurées";"4";"Malveillance";"Non";;;;""
2024;23121;"34";"34158";"Minerve";"2024-09-15 12:37:00";512700;0;512700;0;0;0;;;;;"Mesurées";"1";"Malveillance";"Non";;;;""
2024;26838;"33";"33383";"Saint-Christoly-Médoc";"2024-09-15 13:51:06";30;30;;0;0;0;;;;;"Estimées";;;"Non";0;0;0;""
2024;23895;"13";"13063";"Miramas";"2024-09-15 14:40:00";1500;1500;0;0;0;0;;;;;"Mesurées";"1";"Malveillance";"Non";;;;""
2024;24433;"12";"12232";"Saint-Jean-et-Saint-Paul";"2024-09-15 16:52:00";5;5;;0;0;0;;;;;"Estimées";;;"Non";;;;""
2024;23111;"34";"34023";"Balaruc-les-Bains";"2024-09-15 17:32:00";9891;0;9891;0;0;0;;;;;"Mesurées";"1";"Malveillance";"Non";;;;""
2024;28583;"30";"30135";"Jonquières-Saint-Vincent";"2024-09-15 18:06:00";58732;58732;0;0;0;0;;;;;"Mesurées";;"Malveillance";"Non";;;;""
2024;24909;"11";"11069";"Carcassonne";"2024-09-15 20:27:00";6833;6833;0;0;0;0;;;;;"Mesurées";;;"Non";;;;""
2024;23897;"13";"13056";"Martigues";"2024-09-16 03:22:00";300;300;0;0;0;0;;;;;"Mesurées";"1";"Malveillance";"Non";;;;""
2024;27057;"40";"40157";"Lit-et-Mixe";"2024-09-16 05:06:00";600;600;;0;0;0;;;;;"Estimées";;"Involontaire (travaux)";"Non";0;0;0;""
2024;23093;"48";"48173";"Saint-Michel-de-Dèze";"2024-09-16 12:32:00";2600;2600;0;0;0;0;;;;;"Mesurées";"1";;;;;;"Données partielles ou non valides"
2024;23401;"34";"34162";"Montagnac";"2024-09-16 17:18:00";114215;0;114215;0;0;0;;;;;"Mesurées";"1";"Malveillance";"Non";;;;""
2024;23898;"13";"13056";"Martigues";"2024-09-16 19:00:00";300;300;0;0;0;0;;;;;"Mesurées";"1";"Malveillance";"Non";;;;""
2024;23333;"66";"66136";"Perpignan";"2024-09-16 19:11:00";20000;0;20000;0;0;0;;;;;"Estimées";;"Malveillance";"Non";;;;""
2024;24911;"11";"11397";"Trèbes";"2024-09-16 19:22:00";62476;0;62476;0;0;0;;;;;"Mesurées";;"Malveillance";"Non";;;;""
2024;23896;"13";"13039";"Fos-sur-Mer";"2024-09-16 23:40:00";50;50;0;0;0;0;;;;;"Mesurées";"1";"Malveillance";"Non";;;;""
2024;24913;"11";"11206";"Limoux";"2024-09-17 16:31:00";3000;0;1000;0;2000;0;;;;;"Mesurées";;;"Non";;;;""
2024;24915;"11";"11293";"Pomas";"2024-09-18 00:48:00";1;1;0;0;0;0;;;;;"Mesurées";;;"Non";;;;""
2024;24917;"11";"11397";"Trèbes";"2024-09-18 09:28:00";30;0;30;0;0;0;;;;;"Mesurées";;;"Non";;;;""
2024;24919;"11";"11363";"Saint-Pierre-des-Champs";"2024-09-18 16:45:00";100;0;100;0;0;0;;;;;"Mesurées";;;"Non";;;;""
2024;24920;"11";"11413";"Villardonnel";"2024-09-18 19:50:00";20;0;20;0;0;0;;;;;"Mesurées";;;"Non";;;;""
2024;24921;"11";"11146";"Floure";"2024-09-19 00:20:00";500;0;500;0;0;0;;;;;"Mesurées";;;"Non";;;;""
2024;25157;"50";"50002";"Agneaux";"2024-09-19 15:43:00";300;300;;0;0;0;;;;;"Estimées";;"Malveillance";"Non";;;;""
2024;23899;"13";"13080";"Le Puy-Sainte-Réparade";"2024-09-19 16:05:00";600;600;0;0;0;0;;;;;"Mesurées";"1";"Involontaire (particulier)";"Non";;;;""
2024;23303;"04";"04058";"Claret";"2024-09-19 17:07:00";300;300;0;0;0;0;;;;;"Estimées";;"Accidentelle";"Non";;;;""
2024;28834;"07";"07113";"Labastide-de-Virac";"2024-09-20 15:40:00";5000;0;5000;0;0;0;;;;;"Estimées";"5";;"Non";;;;""
2024;27423;"77";"77186";"Fontainebleau";"2024-09-20 16:00:00";500;500;;0;0;0;;;;;"Estimées";;;"Non";;;;""
2024;28762;"07";"07232";"Saint-Étienne-de-Lugdarès";"2024-09-20 16:04:00";10;0;10;0;0;0;;;;;"Estimées";"5";;"Non";;;;""
2024;24926;"11";"11071";"Cascastel-des-Corbières";"2024-09-21 11:58:00";2500;0;2500;0;0;0;;;;;"Mesurées";;"Malveillance";"Non";;;;""
2024;29226;"25";"25541";"Septfontaines";"2024-09-21 13:06:00";10000;10000;;0;0;0;;;;;"Estimées";;"Involontaire (travaux)";"Non";;;;""
2024;23378;"34";"34147";"Magalas";"2024-09-21 14:16:00";74246;0;74246;0;0;0;;;;;"Mesurées";"1";;"Non";;;;""
2024;28775;"07";"07281";"Saint-Péray";"2024-09-21 14:49:00";20;20;0;0;0;0;;;;;"Estimées";"3";"Malveillance";"Non";;;;""
2024;24093;"01";"01323";"Reyssouze";"2024-09-21 15:14:00";10250;250;;10000;0;0;;;;;"Estimées";;"Malveillance";"Non";;;;""
2024;28789;"07";"07281";"Saint-Péray";"2024-09-21 15:24:00";40;40;0;0;0;0;;;;;"Estimées";"3";"Malveillance";"Non";;;;""
2024;26844;"33";"33203";"Hourtin";"2024-09-21 17:01:12";2;2;;0;0;0;;;;;"Estimées";;"Naturelle";"Non";0;0;0;""
2024;23347;"66";"66069";"Espira-de-l'Agly";"2024-09-21 17:34:00";10000;10000;0;0;0;0;;;;;"Estimées";;"Involontaire (particulier)";"Non";;;;""
2024;27425;"77";"77186";"Fontainebleau";"2024-09-24 15:03:00";2;2;;0;0;0;;;;;"Estimées";;;"Non";;;;""
2024;24354;"53";"53219";"Saint-Georges-Buttavent";"2024-09-25 16:07:00";1000;500;;500;0;0;;;;;"Estimées";;"Accidentelle";"Non";;;;""
2024;23907;"34";"34284";"Saint-Pons-de-Thomières";"2024-09-28 09:09:00";627;627;0;0;0;0;;;;;"Mesurées";"4";"Involontaire (particulier)";"Non";;;;""
2024;24937;"11";"11069";"Carcassonne";"2024-09-28 11:47:00";1560;1560;;;;;;;;;"Mesurées";;;"Non";0;0;0;""
2024;24939;"11";"11043";"Bouilhonnac";"2024-09-28 14:39:00";4345;0;4345;0;0;0;;;;;"Mesurées";;;"Non";;;;""
2024;24940;"11";"11037";"Berriac";"2024-09-28 18:24:00";20000;5000;15000;0;0;0;;;;;"Mesurées";;;"Non";;;;""
2024;28608;"30";"30221";"Roquemaure";"2024-09-29 02:07:00";135;135;;;;;;;;;"Mesurées";"1";"Malveillance";"Non";;;;""
2024;28609;"30";"30221";"Roquemaure";"2024-09-29 02:07:00";190;190;;;;;;;;;"Mesurées";"2";"Malveillance";"Non";;;;""
2024;24942;"11";"11116";"Cuxac-d'Aude";"2024-09-29 19:03:00";500;500;0;0;0;0;;;;;"Mesurées";"3";"Malveillance";"Non";;;;""
2024;28177;"84";"84147";"Villelaure";"2024-09-30 02:34:00";500;500;0;0;0;0;;;;;"Estimées";;"Involontaire (particulier)";"Non";;;;""
2024;29809;"83";"83002";"Aiguines";"2024-10-01 00:00:00";714229;0;22900;691300;0;29;;;;;"Mesurées";;;;;;;"Données partielles ou non valides"
2024;23971;"2B";"2B039";"Bisinchi";"2024-10-02 16:26:00";2000;0;2000;0;0;0;;;;;"Estimées";;;"Non";;;;""
2024;24946;"11";"11227";"Mayronnes";"2024-10-03 06:48:00";10;10;0;0;0;0;;;;;"Mesurées";"2";"Accidentelle";"Non";;;;""
2024;25925;"13";"13016";"La Bouilladisse";"2024-10-03 09:16:00";20;20;0;0;0;0;;;;;"Estimées";"1";;"Non";;;;""
2024;24350;"53";"53162";"Moulay";"2024-10-03 13:17:00";100;100;;0;0;0;;;;;"Estimées";;"Involontaire (particulier)";"Non";;;;""
2024;24027;"34";"34186";"Octon";"2024-10-03 15:00:00";27053;27053;0;0;0;0;;;;;"Estimées";"1";"Malveillance";"Non";;;;""
2024;24026;"34";"34143";"Loupian";"2024-10-03 15:46:00";704;0;704;0;0;0;;;;;"Mesurées";;"Malveillance";"Non";;;;""
2024;24186;"56";"56130";"Merlevenez";"2024-10-04 09:08:00";300;300;;0;0;0;;;;;"Estimées";;;"Non";;;;""
2024;26845;"33";"33070";"Brach";"2024-10-04 22:53:39";20;20;;0;0;0;;;;;"Estimées";;"Malveillance";"Non";0;0;0;""
2024;24948;"11";"11043";"Bouilhonnac";"2024-10-05 16:55:00";4750;0;4750;0;0;0;;;;;"Mesurées";;;"Non";;;;""
2024;24011;"34";"34093";"Dio-et-Valquières";"2024-10-05 17:55:00";11391;11391;0;0;0;0;;;;;"Mesurées";"1";"Involontaire (travaux)";"Non";;;;""
2024;25935;"73";"73084";"Chignin";"2024-10-06 18:54:00";90;90;;0;0;0;;;;;"Mesurées";;;"Non";;;;""
2024;24952;"11";"11368";"Sallèles-Cabardès";"2024-10-09 18:05:00";100;0;100;0;0;0;;;;;"Mesurées";;;"Non";;;;""
2024;27204;"2A";"2A272";"Sartène";"2024-10-09 20:37:00";6;0;6;0;0;0;;;;;"Estimées";;"Involontaire (travaux)";"Non";;;;""
2024;28194;"84";"84034";"Caumont-sur-Durance";"2024-10-10 19:50:00";300;300;0;0;0;0;;;;;"Estimées";;;"Non";;;;""
2024;24957;"11";"11037";"Berriac";"2024-10-11 19:04:00";1500;0;1500;0;0;0;;;;;"Mesurées";"3";"Involontaire (travaux)";"Non";;;;""
2024;24088;"2B";"2B123";"Ghisonaccia";"2024-10-12 16:41:00";500;0;500;0;0;0;;;;;"Estimées";;;"Non";;;;""
2024;24275;"34";"34286";"Saint-Privat";"2024-10-15 12:14:00";188;0;188;0;0;0;;;;;"Mesurées";"1";"Malveillance";"Non";;;;""
2024;24962;"11";"11102";"Couffoulens";"2024-10-17 20:19:00";20;0;20;0;0;0;;;;;"Mesurées";"1";"Involontaire (travaux)";"Non";;;;""
2024;25926;"13";"13063";"Miramas";"2024-10-18 20:35:00";50;50;0;0;0;0;;;;;"Estimées";"1";"Malveillance";"Non";;;;""
2024;24286;"2B";"2B095";"Corscia";"2024-10-20 15:16:00";100;0;100;0;0;0;;;;;"Estimées";;;"Non";;;;""
2024;24964;"11";"11122";"Douzens";"2024-10-21 15:05:00";3000;0;3000;0;0;0;;;;;"Mesurées";"1";"Accidentelle";"Non";;;;""
2024;24965;"11";"11055";"Bugarach";"2024-10-21 18:54:00";30;0;30;0;0;0;;;;;"Mesurées";"1";"Involontaire (travaux)";"Non";;;;""
2024;29272;"25";"25285";"Grand'Combe-Châteleu";"2024-10-21 19:07:28";100;100;;0;0;0;;;;;"Estimées";;;"Non";0;0;0;""
2024;25223;"74";"74138";"Gruffy";"2024-10-27 01:33:00";1;1;;0;0;0;;;;;"Estimées";;;"Non";;;;""
2024;24645;"15";"15119";"Massiac";"2024-10-29 16:53:00";2;2;;0;0;0;;;;;"Estimées";;"Involontaire (travaux)";"Non";;;;""
2024;26609;"10";"10231";"Le Mériot";"2024-10-31 16:41:00";50;50;;0;0;0;;;;;"Estimées";;;"Non";;;;""
2024;27427;"77";"77186";"Fontainebleau";"2024-11-03 15:00:00";1;1;;0;0;0;;;;;"Estimées";;;"Non";;;;""
2024;24977;"11";"11411";"Villanière";"2024-11-04 20:53:00";100;0;100;0;0;0;;;;;"Mesurées";"1";"Accidentelle";"Non";;;;""
2024;25927;"13";"13044";"Grans";"2024-11-05 19:05:00";40;40;0;0;0;0;;;;;"Estimées";"1";;"Non";;;;""
2024;27206;"2A";"2A310";"Santa-Maria-Figaniella";"2024-11-06 17:14:00";10;0;10;0;0;0;;;;;"Estimées";;;"Non";;;;""
2024;24546;"34";"34237";"Roujan";"2024-11-07 19:05:00";7;0;7;0;0;0;;;;;"Mesurées";"1";"Malveillance";"Non";;;;""
2024;24551;"38";"38061";"La Buisse";"2024-11-08 17:30:00";50;50;;0;0;0;;;;;"Mesurées";;"Involontaire (particulier)";"Non";;;;""
2024;29225;"25";"25489";"Reugney";"2024-11-09 15:12:00";25000;25000;;0;0;0;;;;;"Estimées";;"Involontaire (travaux)";"Non";;;;""
2024;27207;"2A";"2A040";"Bocognano";"2024-11-11 11:32:00";200;0;200;0;0;0;;;;;"Estimées";;"Involontaire (particulier)";"Non";;;;""
2024;27067;"26";"26275";"Rochegude";"2024-11-15 14:39:00";10;0;10;0;0;0;;;;;"Estimées";;;"Non";;;;""
2024;27208;"2A";"2A017";"Appietto";"2024-11-17 14:00:00";1000;0;1000;0;0;0;;;;;"Estimées";;"Malveillance";"Non";;;;""
2024;28213;"84";"84135";"Uchaux";"2024-11-17 14:26:10";5;5;;;;;;;;;"Estimées";;;"Non";;;;""
2024;25014;"11";"11077";"Castelnau-d'Aude";"2024-11-19 14:01:00";6000;0;6000;0;0;0;;;;;"Mesurées";"1";"Involontaire (travaux)";"Non";;;;""
2024;25928;"13";"13063";"Miramas";"2024-11-19 16:04:00";600;600;0;0;0;0;;;;;"Mesurées";"1";"Accidentelle";"Oui";0;1;0;""
2024;25016;"11";"11202";"Leucate";"2024-11-19 23:10:00";10;10;0;0;0;0;;;;;"Mesurées";"1";"Accidentelle";"Non";;;;""
2024;27212;"2A";"2A092";"Conca";"2024-11-20 15:30:00";50;0;50;0;0;0;;;;;"Estimées";;;"Non";;;;""
2024;24733;"2B";"2B225";"Pietra-di-Verde";"2024-11-20 15:32:00";220000;0;220000;0;0;0;;;;;"Estimées";"1";"Accidentelle";"Non";;;;""
2024;27210;"2A";"2A288";"Sotta";"2024-11-20 17:07:00";100;0;100;0;0;0;;;;;"Estimées";;"Involontaire (particulier)";"Non";;;;""
2024;24736;"2B";"2B111";"Felce";"2024-11-22 02:28:00";1000;0;1000;0;0;0;;;;;"Estimées";;;"Non";;;;""
2024;24737;"2B";"2B334";"Valle-d'Alesani";"2024-11-22 02:30:00";6000;0;6000;0;0;0;;;;;"Estimées";"1";;"Non";;;;""
2024;25022;"11";"11262";"Narbonne";"2024-11-23 17:22:00";5;5;0;0;0;0;;;;;"Mesurées";"4";"Involontaire (particulier)";"Non";;;;""
2024;25023;"11";"11223";"Mas-des-Cours";"2024-11-23 19:55:00";15;0;15;0;0;0;;;;;"Mesurées";;"Involontaire (travaux)";"Non";;;;""
2024;24738;"2B";"2B309";"Santa-Maria-di-Lota";"2024-11-24 14:52:00";1050;0;1050;0;0;0;;;;;"Estimées";;;"Non";;;;""
2024;27068;"26";"26357";"Tulette";"2024-11-24 18:12:00";3000;0;3000;0;0;0;;;;;"Estimées";;;"Non";;;;""
2024;25737;"66";"66020";"Bolquère";"2024-11-27 09:27:00";16;16;0;0;0;0;;;;;"Estimées";;"Involontaire (particulier)";"Non";;;;""
2024;25740;"66";"66062";"Dorres";"2024-11-30 12:32:00";50;50;0;0;0;0;;;;;"Estimées";;"Involontaire (travaux)";"Non";;;;""
2024;25870;"11";"11004";"Alaigne";"2024-11-30 15:23:00";4200;200;0;0;4000;0;;;;;"Mesurées";"2";"Involontaire (particulier)";"Non";;;;""
2024;28867;"19";"19068";"Dampniat";"2024-11-30 17:53:31";4;4;;0;0;0;;;;;"Mesurées";;;"Non";0;0;0;""
2024;24859;"34";"34250";"Saint-Étienne-d'Albagnan";"2024-12-05 11:30:00";5922;5922;0;0;0;0;;;;;"Estimées";"3";"Involontaire (travaux)";"Non";;;;""
2024;28218;"84";"84078";"Mondragon";"2024-12-05 11:59:00";1;1;0;0;0;0;;;;;"Estimées";;;"Non";;;;""
2024;25887;"11";"11012";"Argeliers";"2024-12-06 17:22:00";5000;0;5000;0;0;0;;;;;"Mesurées";"1";"Involontaire (particulier)";"Non";;;;""
2024;24849;"34";"34337";"Villeneuve-lès-Maguelone";"2024-12-07 15:55:00";1391;0;1391;0;0;0;;;;;"Mesurées";"1";"Accidentelle";"Non";;;;""
2024;24846;"34";"34058";"Castries";"2024-12-07 17:55:00";60;0;60;0;0;0;;;;;"Mesurées";"1";"Involontaire (travaux)";"Non";;;;""
2024;25890;"11";"11262";"Narbonne";"2024-12-10 13:29:00";2000;0;2000;0;0;0;;;;;"Mesurées";;;"Non";;;;""
2024;29254;"25";"25056";"Besançon";"2024-12-10 16:48:00";100;100;;0;0;0;;;;;"Estimées";;;"Non";;;;""
2024;25226;"74";"74035";"Bloye";"2024-12-12 03:03:00";1;1;;0;0;0;;;;;"Estimées";;;"Non";;;;""
2024;25120;"34";"34109";"Gabian";"2024-12-14 18:38:00";132;132;0;0;0;0;;;;;"Mesurées";"2";"Involontaire (travaux)";"Non";;;;""
2024;25134;"06";"06030";"Le Cannet";"2024-12-15 04:21:00";50;0;50;0;0;0;;;;;"Mesurées";"1";;"Non";;;;""
2024;28225;"84";"84008";"Le Barroux";"2024-12-15 08:55:00";1;1;0;0;0;0;;;;;"Estimées";;;"Non";;;;""
2024;25119;"06";"06157";"Vence";"2024-12-15 15:37:00";100;100;0;0;0;0;;;;;"Estimées";"4";;"Non";;;;""
2024;25221;"06";"06148";"Tourrettes-sur-Loup";"2024-12-16 13:57:00";50;0;50;0;0;0;;;;;"Estimées";"1";;"Non";;;;""
2024;25370;"34";"34162";"Montagnac";"2024-12-20 17:55:00";3900;0;3900;0;0;0;;;;;"Mesurées";"1";"Malveillance";"Non";;;;""
2024;25899;"11";"11043";"Bouilhonnac";"2024-12-21 10:35:00";10;0;10;0;0;0;;;;;"Mesurées";;;"Non";;;;""
2024;25777;"06";"06074";"Lantosque";"2024-12-21 15:18:00";400;0;400;0;0;0;;;;;"Estimées";"1";;"Non";;;;""
2024;25778;"06";"06060";"Falicon";"2024-12-22 14:46:00";2000;0;2000;0;0;0;;;;;"Estimées";"1";;"Non";;;;""
2024;25476;"34";"34014";"Assas";"2024-12-24 15:33:00";1382;0;1382;0;0;0;;;;;"Mesurées";"1";"Involontaire (travaux)";"Non";;;;""
2024;27071;"26";"26170";"Malissard";"2024-12-24 17:01:00";2;0;2;0;0;0;;;;;"Estimées";;;"Non";;;;""
2024;25787;"2B";"2B340";"Velone-Orneto";"2024-12-26 13:44:00";30000;0;30000;0;0;0;;;;;"Estimées";"1";;"Non";;;;""
2024;25780;"06";"06104";"Roquebrune-Cap-Martin";"2024-12-27 13:21:00";1200;0;1200;0;0;0;;;;;"Estimées";"1";"Involontaire (travaux)";"Non";;;;""
2024;28238;"84";"84083";"Mornas";"2024-12-27 21:24:00";150;150;0;0;0;0;;;;;"Estimées";;;"Non";;;;""
2024;25781;"06";"06074";"Lantosque";"2024-12-28 19:24:00";500;0;500;0;0;0;;;;;"Estimées";"1";;"Non";;;;""
2024;25459;"34";"34040";"Brenas";"2024-12-29 12:51:00";285;0;285;0;0;0;;;;;"Mesurées";;"Malveillance";"Non";;;;""
2024;27169;"04";"04166";"Riez";"2024-12-29 15:15:00";2000;2000;0;0;0;0;;;;;"Estimées";;"Involontaire (particulier)";;;;;"Données partielles ou non valides"
